5603
131774 131776
131570 131572
131544 131546
131506 131508
131466 131468
131418 131420
131312 131314
131262 131264
131112 131114
131070 131072
130962 130964
130868 130870
130848 130850
130702 130704
130536 130538
130434 130436
130266 130268
130240 130242
130140 130142
130002 130004
129828 129830
129778 129780
129654 129656
129632 129634
129586 129588
129474 129476
129356 129358
129266 129268
129148 129150
129056 129058
128922 128924
128890 128892
128694 128696
128648 128650
128488 128490
128402 128404
128364 128366
128338 128340
128232 128234
128146 128148
128050 128052
127956 127958
127852 127854
127774 127776
127646 127648
127496 127498
127392 127394
127318 127320
127212 127214
127144 127146
126890 126892
126828 126830
126806 126808
126702 126704
126650 126652
126592 126594
126442 126444
126304 126306
126202 126204
126134 126136
126080 126082
125990 125992
125944 125946
125860 125862
125834 125836
125788 125790
125696 125698
125632 125634
125594 125596
125460 125462
125380 125382
125310 125312
125224 125226
125154 125156
125110 125112
125092 125094
124940 124942
124838 124840
124706 124708
124630 124632
124588 124590
124504 124506
124398 124400
124246 124248
124142 124144
124078 124080
123930 123932
123898 123900
123890 123892
123854 123856
123674 123676
123508 123510
123414 123416
123316 123318
123074 123076
122976 122978
122950 122952
122870 122872
122832 122834
122760 122762
122740 122742
122672 122674
122522 122524
122362 122364
122300 122302
122186 122188
122154 122156
122062 122064
121998 122000
121906 121908
121814 121816
121736 121738
121722 121724
121652 121654
121538 121540
121420 121422
121390 121392
121198 121200
121162 121164
121046 121048
120988 120990
120948 120950
120786 120788
120740 120742
120714 120716
120662 120664
120586 120588
120522 120524
120442 120444
120404 120406
120304 120306
120186 120188
120174 120176
120110 120112
119996 119998
119878 119880
119546 119548
119464 119466
119380 119382
119356 119358
119308 119310
119232 119234
119188 119190
119108 119110
118986 118988
118754 118756
118694 118696
118642 118644
118528 118530
118494 118496
118408 118410
118368 118370
118322 118324
118262 118264
118218 118220
118152 118154
118074 118076
117942 117944
117852 117854
117784 117786
117698 117700
117626 117628
117550 117552
117430 117432
117378 117380
117342 117344
117192 117194
117174 117176
117080 117082
116986 116988
116950 116952
116880 116882
116856 116858
116812 116814
116742 116744
116680 116682
116670 116672
116534 116536
116402 116404
116178 116180
116172 116174
116084 116086
116006 116008
115900 115902
115858 115860
115832 115834
115774 115776
115752 115754
115588 115590
115458 115460
115410 115412
115364 115366
115298 115300
115212 115214
115160 115162
115084 115086
115030 115032
114922 114924
114810 114812
114694 114696
114604 114606
114524 114526
114478 114480
114420 114422
114232 114234
114028 114030
114018 114020
113980 113982
113956 113958
113918 113920
113828 113830
113620 113622
113536 113538
113480 113482
113326 113328
113158 113160
112920 112922
112874 112876
112864 112866
112740 112742
112656 112658
112554 112556
112460 112462
112454 112456
112434 112436
112318 112320
112242 112244
112120 112122
112010 112012
111940 111942
111858 111860
111778 111780
111728 111730
111628 111630
111522 111524
111478 111480
111424 111426
111376 111378
111304 111306
111208 111210
111150 111152
111140 111142
110978 110980
110846 110848
110808 110810
110720 110722
110586 110588
110508 110510
110398 110400
110386 110388
110304 110306
110254 110256
110084 110086
110058 110060
109866 109868
109756 109758
109724 109726
109684 109686
109594 109596
109554 109556
109458 109460
109424 109426
109316 109318
109278 109280
109102 109104
109068 109070
108948 108950
108858 108860
108766 108768
108692 108694
108662 108664
108640 108642
108470 108472
108350 108352
108292 108294
108152 108154
108054 108056
107982 107984
107862 107864
107718 107720
107698 107700
107612 107614
107492 107494
107420 107422
107316 107318
107128 107130
107112 107114
106922 106924
106862 106864
106808 106810
106778 106780
106632 106634
106506 106508
106484 106486
106420 106422
106330 106332
106226 106228
106202 106204
106170 106172
106050 106052
105974 105976
105862 105864
105810 105812
105664 105666
105630 105632
105570 105572
105434 105436
105282 105284
105160 105162
105112 105114
104980 104982
104916 104918
104894 104896
104808 104810
104688 104690
104522 104524
104370 104372
104366 104368
104166 104168
104068 104070
103992 103994
103934 103936
103866 103868
103778 103780
103704 103706
103572 103574
103540 103542
103394 103396
103238 103240
103142 103144
103036 103038
102968 102970
102930 102932
102812 102814
102740 102742
102600 102602
102452 102454
102288 102290
102266 102268
102188 102190
102002 102004
101818 101820
101776 101778
101706 101708
101538 101540
101448 101450
101354 101356
101314 101316
101190 101192
101062 101064
101026 101028
101010 101012
100906 100908
100818 100820
100758 100760
100724 100726
100662 100664
100548 100550
100468 100470
100406 100408
100224 100226
99972 99974
99850 99852
99742 99744
99662 99664
99602 99604
99568 99570
99554 99556
99464 99466
99428 99430
99326 99328
99256 99258
99230 99232
99124 99126
99000 99002
98888 98890
98794 98796
98754 98756
98720 98722
98654 98656
98614 98616
98482 98484
98402 98404
98300 98302
98200 98202
98154 98156
98090 98092
97978 97980
97920 97922
97904 97906
97724 97726
97680 97682
97582 97584
97456 97458
97298 97300
97076 97078
97034 97036
96874 96876
96830 96832
96714 96716
96600 96602
96446 96448
96416 96418
96206 96208
96174 96176
96108 96110
96032 96034
96010 96012
95866 95868
95780 95782
95664 95666
95596 95598
95478 95480
95382 95384
95304 95306
95166 95168
95110 95112
95034 95036
94984 94986
94908 94910
94858 94860
94698 94700
94650 94652
94630 94632
94504 94506
94294 94296
94250 94252
94140 94142
94058 94060
93992 93994
93934 93936
93862 93864
93714 93716
93670 93672
93548 93550
93408 93410
93346 93348
93218 93220
93158 93160
93116 93118
93082 93084
93026 93028
93000 93002
92784 92786
92776 92778
92716 92718
92610 92612
92436 92438
92358 92360
92308 92310
92260 92262
92080 92082
92040 92042
92024 92026
91968 91970
91928 91930
91844 91846
91764 91766
91714 91716
91602 91604
91488 91490
91430 91432
91408 91410
91314 91316
91192 91194
91084 91086
91050 91052
90936 90938
90902 90904
90732 90734
90672 90674
90590 90592
90396 90398
90340 90342
90204 90206
90114 90116
90006 90008
89900 89902
89868 89870
89820 89822
89720 89722
89568 89570
89390 89392
89314 89316
89116 89118
89004 89006
88952 88954
88800 88802
88718 88720
88566 88568
88488 88490
88348 88350
88206 88208
88138 88140
87992 87994
87950 87952
87920 87922
87866 87868
87770 87772
87694 87696
87616 87618
87564 87566
87490 87492
87462 87464
87282 87284
87140 87142
87068 87070
86954 86956
86768 86770
86672 86674
86568 86570
86470 86472
86294 86296
86192 86194
86036 86038
85974 85976
85846 85848
85810 85812
85756 85758
85596 85598
85342 85344
85186 85188
85110 85112
85040 85042
85012 85014
84974 84976
84884 84886
84792 84794
84672 84674
84556 84558
84480 84482
84246 84248
84222 84224
84170 84172
84078 84080
83908 83910
83676 83678
83614 83616
83522 83524
83420 83422
83388 83390
83318 83320
83216 83218
83114 83116
82986 82988
82956 82958
82882 82884
82868 82870
82786 82788
82732 82734
82650 82652
82482 82484
82320 82322
82238 82240
82206 82208
82040 82042
82006 82008
81912 81914
81890 81892
81758 81760
81634 81636
81604 81606
81486 81488
81414 81416
81338 81340
81224 81226
81142 81144
80986 80988
80876 80878
80778 80780
80640 80642
80614 80616
80566 80568
80500 80502
80384 80386
80286 80288
80210 80212
80078 80080
80062 80064
79970 79972
79886 79888
79832 79834
79786 79788
79676 79678
79622 79624
79418 79420
79408 79410
79394 79396
79276 79278
79192 79194
79144 79146
78996 78998
78930 78932
78824 78826
78722 78724
78614 78616
78492 78494
78406 78408
78304 78306
78068 78070
78006 78008
77844 77846
77764 77766
77712 77714
77688 77690
77630 77632
77594 77596
77496 77498
77310 77312
77214 77216
77160 77162
77026 77028
76952 76954
76928 76930
76890 76892
76812 76814
76752 76754
76658 76660
76566 76568
76550 76552
76350 76352
76292 76294
76242 76244
76170 76172
75974 75976
75920 75922
75806 75808
75674 75676
75542 75544
75506 75508
75486 75488
75416 75418
75356 75358
75238 75240
75172 75174
75050 75052
74932 74934
74878 74880
74798 74800
74754 74756
74624 74626
74498 74500
74464 74466
74348 74350
74240 74242
74152 74154
74082 74084
73990 73992
73878 73880
73864 73866
73832 73834
73712 73714
73664 73666
73576 73578
73448 73450
73326 73328
73282 73284
73154 73156
73058 73060
72974 72976
72948 72950
72862 72864
72756 72758
72640 72642
72536 72538
72510 72512
72426 72428
72266 72268
72158 72160
72058 72060
71942 71944
71754 71756
71654 71656
71478 71480
71324 71326
71228 71230
71140 71142
71072 71074
70968 70970
70932 70934
70808 70810
70696 70698
70534 70536
70472 70474
70424 70426
70386 70388
70298 70300
70176 70178
70148 70150
70028 70030
69884 69886
69726 69728
69608 69610
69466 69468
69412 69414
69370 69372
69234 69236
69102 69104
68998 69000
68904 68906
68726 68728
68668 68670
68590 68592
68556 68558
68474 68476
68372 68374
68364 68366
68338 68340
68128 68130
67986 67988
67736 67738
67604 67606
67502 67504
67310 67312
67162 67164
67042 67044
67026 67028
66910 66912
66862 66864
66830 66832
66808 66810
66770 66772
66724 66726
66664 66666
66624 66626
66534 66536
66330 66332
66262 66264
66244 66246
66128 66130
65994 65996
65870 65872
65856 65858
65788 65790
65716 65718
65584 65586
65492 65494
65440 65442
65300 65302
65218 65220
65130 65132
65066 65068
65014 65016
64888 64890
64804 64806
64722 64724
64648 64650
64582 64584
64518 64520
64492 64494
64454 64456
64342 64344
64298 64300
64194 64196
64038 64040
64008 64010
63974 63976
63886 63888
63810 63812
63784 63786
63588 63590
63524 63526
63472 63474
63430 63432
63242 63244
63198 63200
63118 63120
62960 62962
62776 62778
62694 62696
62656 62658
62560 62562
62472 62474
62380 62382
62332 62334
62156 62158
62032 62034
61946 61948
61868 61870
61784 61786
61680 61682
61618 61620
61588 61590
61430 61432
61404 61406
61266 61268
61200 61202
61128 61130
61020 61022
60910 60912
60858 60860
60762 60764
60642 60644
60464 60466
60334 60336
60264 60266
60198 60200
60088 60090
60010 60012
59922 59924
59908 59910
59766 59768
59654 59656
59510 59512
59478 59480
59374 59376
59242 59244
59170 59172
59038 59040
58942 58944
58920 58922
58856 58858
58754 58756
58640 58642
58620 58622
58468 58470
58408 58410
58342 58344
58298 58300
58154 58156
58030 58032
57968 57970
57904 57906
57826 57828
57666 57668
57652 57654
57536 57538
57416 57418
57348 57350
57294 57296
57192 57194
57060 57062
56852 56854
56762 56764
56606 56608
56580 56582
56472 56474
56456 56458
56350 56352
56246 56248
56204 56206
56180 56182
56132 56134
56038 56040
55924 55926
55876 55878
55836 55838
55672 55674
55590 55592
55554 55556
55392 55394
55340 55342
55300 55302
55180 55182
55056 55058
55014 55016
54946 54948
54796 54798
54730 54732
54656 54658
54482 54484
54264 54266
54240 54242
54176 54178
54078 54080
54014 54016
53984 53986
53766 53768
53672 53674
53606 53608
53496 53498
53364 53366
53192 53194
53152 53154
53100 53102
53004 53006
52932 52934
52858 52860
52730 52732
52724 52726
52624 52626
52518 52520
52410 52412
52272 52274
52238 52240
52142 52144
52128 52130
52042 52044
51970 51972
51904 51906
51738 51740
51674 51676
51570 51572
51546 51548
51448 51450
51336 51338
51224 51226
51112 51114
50966 50968
50868 50870
50796 50798
50636 50638
50584 50586
50490 50492
50358 50360
50306 50308
50190 50192
50112 50114
49996 49998
49952 49954
49876 49878
49790 49792
49678 49680
49624 49626
49598 49600
49496 49498
49368 49370
49310 49312
49242 49244
49180 49182
49142 49144
49118 49120
48998 49000
48936 48938
48910 48912
48818 48820
48678 48680
48542 48544
48434 48436
48388 48390
48240 48242
48174 48176
48074 48076
47950 47952
47842 47844
47770 47772
47614 47616
47550 47552
47420 47422
47408 47410
47370 47372
47330 47332
47278 47280
47136 47138
47070 47072
47016 47018
46972 46974
46908 46910
46786 46788
46726 46728
46546 46548
46460 46462
46348 46350
46250 46252
46066 46068
46006 46008
45868 45870
45816 45818
45704 45706
45546 45548
45430 45432
45342 45344
45270 45272
45144 45146
45046 45048
44938 44940
44870 44872
44820 44822
44726 44728
44690 44692
44654 44656
44592 44594
44446 44448
44378 44380
44222 44224
44168 44170
44144 44146
44014 44016
43990 43992
43836 43838
43790 43792
43612 43614
43528 43530
43434 43436
43350 43352
43266 43268
43252 43254
43188 43190
43100 43102
43056 43058
42980 42982
42966 42968
42916 42918
42884 42886
42868 42870
42824 42826
42758 42760
42658 42660
42608 42610
42530 42532
42454 42456
42420 42422
42374 42376
42200 42202
42156 42158
42110 42112
41988 41990
41904 41906
41764 41766
41736 41738
41710 41712
41662 41664
41540 41542
41522 41524
41468 41470
41436 41438
41304 41306
41246 41248
41198 41200
41084 41086
41064 41066
40942 40944
40878 40880
40742 40744
40622 40624
40518 40520
40452 40454
40370 40372
40198 40200
40094 40096
40018 40020
39758 39760
39632 39634
39582 39584
39498 39500
39436 39438
39324 39326
39214 39216
39056 39058
38980 38982
38862 38864
38780 38782
38712 38714
38574 38576
38528 38530
38390 38392
38280 38282
38250 38252
38186 38188
38142 38144
38108 38110
38002 38004
37974 37976
37874 37876
37810 37812
37732 37734
37614 37616
37530 37532
37442 37444
37364 37366
37256 37258
37128 37130
37064 37066
36960 36962
36884 36886
36790 36792
36634 36636
36564 36566
36470 36472
36368 36370
36322 36324
36242 36244
36128 36130
36068 36070
35888 35890
35744 35746
35710 35712
35566 35568
35502 35504
35456 35458
35352 35354
35294 35296
35254 35256
35138 35140
35100 35102
34920 34922
34756 34758
34686 34688
34678 34680
34658 34660
34618 34620
34550 34552
34462 34464
34430 34432
34312 34314
34176 34178
34060 34062
34008 34010
33918 33920
33752 33754
33666 33668
33606 33608
33548 33550
33428 33430
33334 33336
33238 33240
33142 33144
33002 33004
32854 32856
32778 32780
32736 32738
32680 32682
32640 32642
32524 32526
32304 32306
32248 32250
32210 32212
32054 32056
31978 31980
31914 31916
31812 31814
31730 31732
31674 31676
31642 31644
31566 31568
31414 31416
31354 31356
31298 31300
31194 31196
31008 31010
30914 30916
30668 30670
30518 30520
30434 30436
30318 30320
30242 30244
30204 30206
30140 30142
30018 30020
29952 29954
29840 29842
29628 29630
29602 29604
29516 29518
29440 29442
29320 29322
29208 29210
29098 29100
29008 29010
28898 28900
28808 28810
28606 28608
28508 28510
28428 28430
28338 28340
28196 28198
28088 28090
27998 28000
27900 27902
27778 27780
27644 27646
27538 27540
27466 27468
27390 27392
27280 27282
27196 27198
27106 27108
27066 27068
26976 26978
26852 26854
26802 26804
26720 26722
26624 26626
26612 26614
26500 26502
26446 26448
26202 26204
26126 26128
25990 25992
25794 25796
25734 25736
25696 25698
25578 25580
25510 25512
25462 25464
25408 25410
25298 25300
25252 25254
25212 25214
25150 25152
25110 25112
25056 25058
25004 25006
24892 24894
24830 24832
24758 24760
24724 24726
24544 24546
24448 24450
24302 24304
24238 24240
24158 24160
24074 24076
23934 23936
23850 23852
23754 23756
23686 23688
23528 23530
23372 23374
23348 23350
23166 23168
23028 23030
22934 22936
22834 22836
22756 22758
22750 22752
22610 22612
22546 22548
22450 22452
22438 22440
22390 22392
22338 22340
22270 22272
22214 22216
22056 22058
22034 22036
22014 22016
21984 21986
21854 21856
21772 21774
21750 21752
21604 21606
21516 21518
21368 21370
21292 21294
21250 21252
21202 21204
21056 21058
20972 20974
20786 20788
20700 20702
20616 20618
20454 20456
20316 20318
20158 20160
20084 20086
20058 20060
20026 20028
19948 19950
19910 19912
19854 19856
19810 19812
19708 19710
19666 19668
19504 19506
19388 19390
19280 19282
19204 19206
19154 19156
19024 19026
18920 18922
18840 18842
18714 18716
18602 18604
18528 18530
18432 18434
18320 18322
18244 18246
18176 18178
18034 18036
17940 17942
17812 17814
17692 17694
17602 17604
17514 17516
17484 17486
17348 17350
17246 17248
17158 17160
17080 17082
16898 16900
16802 16804
16704 16706
16586 16588
16468 16470
16396 16398
16310 16312
16234 16236
16160 16162
16134 16136
16114 16116
16072 16074
15916 15918
15854 15856
15634 15636
15612 15614
15462 15464
15308 15310
15196 15198
15128 15130
15034 15036
14984 14986
14944 14946
14878 14880
14798 14800
14736 14738
14622 14624
14520 14522
14370 14372
14304 14306
14144 14146
14088 14090
13918 13920
13812 13814
13676 13678
13554 13556
13492 13494
13400 13402
13216 13218
13196 13198
13166 13168
13132 13134
13050 13052
12942 12944
12912 12914
12824 12826
12720 12722
12650 12652
12542 12544
12300 12302
12180 12182
12016 12018
11908 11910
11824 11826
11650 11652
11596 11598
11526 11528
11476 11478
11384 11386
11330 11332
11316 11318
11264 11266
11072 11074
11032 11034
10960 10962
10784 10786
10576 10578
10456 10458
10404 10406
10340 10342
10232 10234
10154 10156
10108 10110
10020 10022
9894 9896
9836 9838
9704 9706
9598 9600
9434 9436
9296 9298
9202 9204
9088 9090
8982 8984
8870 8872
8834 8836
8692 8694
8586 8588
8550 8552
8380 8382
8310 8312
8188 8190
8096 8098
8062 8064
7972 7974
7796 7798
7664 7666
7542 7544
7454 7456
7408 7410
7342 7344
7214 7216
7102 7104
6998 7000
6902 6904
6870 6872
6728 6730
6692 6694
6604 6606
6584 6586
6406 6408
6354 6356
6304 6306
6250 6252
6192 6194
6132 6134
6054 6056
5998 6000
5868 5870
5812 5814
5762 5764
5554 5556
5446 5448
5376 5378
5360 5362
5268 5270
5250 5252
5206 5208
5172 5174
5016 5018
4896 4898
4760 4762
4706 4708
4666 4668
4546 4548
4512 4514
4348 4350
4250 4252
4198 4200
4140 4142
3952 3954
3838 3840
3832 3834
3726 3728
3662 3664
3516 3518
3490 3492
3430 3432
3352 3354
3264 3266
3130 3132
3076 3078
2966 2968
2866 2868
2752 2754
2582 2584
2390 2392
2302 2304
2224 2226
2190 2192
2140 2142
1966 1968
1792 1794
1704 1706
1588 1590
1372 1374
1306 1308
1242 1244
1100 1102
970 972
922 924
890 892
724 726
670 672
606 608
546 548
446 448
440 442
384 386
296 298
244 246
210 212
130 132
98 100
131876 131878
131918 131920
132080 132082
132128 132130
132148 132150
132210 132212
132222 132224
132270 132272
132420 132422
132494 132496
132600 132602
132696 132698
132804 132806
132954 132956
133094 133096
133182 133184
133218 133220
133316 133318
133412 133414
133538 133540
133726 133728
133830 133832
133922 133924
134040 134042
134098 134100
134244 134246
134296 134298
134518 134520
134632 134634
134708 134710
134802 134804
134884 134886
134972 134974
135078 135080
135128 135130
135240 135242
135312 135314
135436 135438
135630 135632
135716 135718
135890 135892
135946 135948
135976 135978
136044 136046
136098 136100
136250 136252
136290 136292
136462 136464
136528 136530
136644 136646
136792 136794
136876 136878
136972 136974
137002 137004
137070 137072
137220 137222
137346 137348
137422 137424
137510 137512
137570 137572
137582 137584
137634 137636
137762 137764
137808 137810
137906 137908
137952 137954
138064 138066
138082 138084
138166 138168
138276 138278
138336 138338
138420 138422
138450 138452
138564 138566
138608 138610
138694 138696
138770 138772
138866 138868
138960 138962
139020 139022
139128 139130
139144 139146
139196 139198
139320 139322
139422 139424
139500 139502
139594 139596
139754 139756
139858 139860
139956 139958
140002 140004
140056 140058
140176 140178
140268 140270
140420 140422
140526 140528
140612 140614
140714 140716
140772 140774
140878 140880
140996 140998
141064 141066
141156 141158
141306 141308
141388 141390
141430 141432
141586 141588
141668 141670
141706 141708
141744 141746
141790 141792
141936 141938
142026 142028
142040 142042
142190 142192
142238 142240
142360 142362
142408 142410
142550 142552
142682 142684
142764 142766
142810 142812
143004 143006
143040 143042
143044 143046
143124 143126
143236 143238
143246 143248
143340 143342
143428 143430
143522 143524
143552 143554
143616 143618
143682 143684
143752 143754
143846 143848
143924 143926
144040 144042
144136 144138
144310 144312
144474 144476
144570 144572
144732 144734
144818 144820
144906 144908
144934 144936
145082 145084
145176 145178
145260 145262
145368 145370
145620 145622
145628 145630
145772 145774
145788 145790
145868 145870
146010 146012
146114 146116
146182 146184
146270 146272
146344 146346
146414 146416
146448 146450
146478 146480
146606 146608
146706 146708
146842 146844
146930 146932
146958 146960
146964 146966
147110 147112
147208 147210
147310 147312
147344 147346
147408 147410
147518 147520
147644 147646
147712 147714
147720 147722
147880 147882
147926 147928
148038 148040
148106 148108
148156 148158
148266 148268
148352 148354
148398 148400
148530 148532
148642 148644
148710 148712
148780 148782
148894 148896
148994 148996
149062 149064
149140 149142
149262 149264
149336 149338
149378 149380
149420 149422
149552 149554
149600 149602
149612 149614
149676 149678
149828 149830
149912 149914
150034 150036
150166 150168
150246 150248
150338 150340
150446 150448
150452 150454
150546 150548
150606 150608
150656 150658
150696 150698
150786 150788
150852 150854
150902 150904
151036 151038
151218 151220
151472 151474
151498 151500
151616 151618
151642 151644
151806 151808
151892 151894
152038 152040
152122 152124
152226 152228
152444 152446
152492 152494
152586 152588
152702 152704
152916 152918
153040 153042
153174 153176
153322 153324
153366 153368
153496 153498
153516 153518
153632 153634
153790 153792
153868 153870
153928 153930
154018 154020
154162 154164
154168 154170
154266 154268
154360 154362
154408 154410
154436 154438
154534 154536
154652 154654
154804 154806
154854 154856
154940 154942
155038 155040
155124 155126
155220 155222
155338 155340
155450 155452
155636 155638
155742 155744
155824 155826
156008 156010
156094 156096
156292 156294
156390 156392
156466 156468
156556 156558
156680 156682
156738 156740
156812 156814
157052 157054
157200 157202
157352 157354
157424 157426
157480 157482
157576 157578
157652 157654
157690 157692
157730 157732
157896 157898
157932 157934
157954 157956
158010 158012
158166 158168
158198 158200
158262 158264
158292 158294
158412 158414
158584 158586
158606 158608
158668 158670
158730 158732
158780 158782
158968 158970
159084 159086
159154 159156
159252 159254
159314 159316
159344 159346
159424 159426
159512 159514
159600 159602
159716 159718
159786 159788
159968 159970
160056 160058
160088 160090
160184 160186
160224 160226
160392 160394
160576 160578
160596 160598
160680 160682
160790 160792
160970 160972
161156 161158
161248 161250
161410 161412
161426 161428
161476 161478
161502 161504
161608 161610
161674 161676
161792 161794
161844 161846
161926 161928
162026 162028
162084 162086
162180 162182
162238 162240
162326 162328
162368 162370
162410 162412
162548 162550
162662 162664
162720 162722
162848 162850
162940 162942
162984 162986
163072 163074
163172 163174
163348 163350
163458 163460
163580 163582
163636 163638
163714 163716
163812 163814
163932 163934
163968 163970
164102 164104
164134 164136
164262 164264
164282 164284
164350 164352
164418 164420
164560 164562
164576 164578
164734 164736
164838 164840
164870 164872
164962 164964
165060 165062
165084 165086
165218 165220
165410 165412
165458 165460
165558 165560
165628 165630
165744 165746
165826 165828
165978 165980
166026 166028
166120 166122
166242 166244
166390 166392
166492 166494
166552 166554
166710 166712
166752 166754
166804 166806
166922 166924
167028 167030
167142 167144
167352 167354
167436 167438
167494 167496
167550 167552
167628 167630
167716 167718
167800 167802
167848 167850
167940 167942
168044 168046
168098 168100
168148 168150
168374 168376
168398 168400
168502 168504
168596 168598
168652 168654
168738 168740
168784 168786
168818 168820
168972 168974
169072 169074
169232 169234
169284 169286
169364 169366
169430 169432
169526 169528
169576 169578
169626 169628
169724 169726
169878 169880
170036 170038
170044 170046
170098 170100
170190 170192
170216 170218
170278 170280
170400 170402
170490 170492
170530 170532
170672 170674
170682 170684
170812 170814
170920 170922
170972 170974
171068 171070
171158 171160
171286 171288
171392 171394
171490 171492
171520 171522
171632 171634
171682 171684
171768 171770
171854 171856
171880 171882
171892 171894
171984 171986
172090 172092
172110 172112
172130 172132
172198 172200
172246 172248
172262 172264
172312 172314
172330 172332
172362 172364
172438 172440
172506 172508
172538 172540
172608 172610
172634 172636
172784 172786
172888 172890
172952 172954
173100 173102
173206 173208
173298 173300
173372 173374
173476 173478
173680 173682
173760 173762
173950 173952
174060 174062
174256 174258
174292 174294
174440 174442
174514 174516
174576 174578
174726 174728
174874 174876
174878 174880
174978 174980
175066 175068
175130 175132
175190 175192
175212 175214
175254 175256
175364 175366
175386 175388
175410 175412
175450 175452
175502 175504
175606 175608
175664 175666
175680 175682
175724 175726
175804 175806
175858 175860
175976 175978
176000 176002
176070 176072
176220 176222
176274 176276
176352 176354
176408 176410
176448 176450
176518 176520
176540 176542
176604 176606
176624 176626
176678 176680
176708 176710
176772 176774
176852 176854
177000 177002
177122 177124
177258 177260
177390 177392
177394 177396
177516 177518
177568 177570
177648 177650
177770 177772
177912 177914
178058 178060
178106 178108
178152 178154
178290 178292
178322 178324
178406 178408
178586 178588
178626 178628
178722 178724
178782 178784
178802 178804
178844 178846
178952 178954
179088 179090
179118 179120
179260 179262
179406 179408
179642 179644
179768 179770
179802 179804
179882 179884
179904 179906
180022 180024
180092 180094
180240 180242
180414 180416
180494 180496
180514 180516
180596 180598
180750 180752
180852 180854
180986 180988
181038 181040
181082 181084
181238 181240
181276 181278
181310 181312
181368 181370
181376 181378
181402 181404
181520 181522
181560 181562
181614 181616
181778 181780
181812 181814
181974 181976
182052 182054
182090 182092
182156 182158
182212 182214
182282 182284
182338 182340
182442 182444
182514 182516
182550 182552
182668 182670
182786 182788
182914 182916
183036 183038
183144 183146
183204 183206
183226 183228
183344 183346
183504 183506
183558 183560
183598 183600
183742 183744
183788 183790
183864 183866
183994 183996
184044 184046
184282 184284
184480 184482
184518 184520
184686 184688
184724 184726
184786 184788
184904 184906
185002 185004
185170 185172
185304 185306
185350 185352
185366 185368
185468 185470
185592 185594
185692 185694
185782 185784
185862 185864
185962 185964
186150 186152
186274 186276
186316 186318
186346 186348
186526 186528
186604 186606
186646 186648
186696 186698
186830 186832
186960 186962
186984 186986
187072 187074
187126 187128
187170 187172
187290 187292
187316 187318
187356 187358
187450 187452
187510 187512
187564 187566
187690 187692
187720 187722
187778 187780
187812 187814
187860 187862
187958 187960
188016 188018
188064 188066
188116 188118
188126 188128
188228 188230
188304 188306
188458 188460
188564 188566
188590 188592
188640 188642
188754 188756
188880 188882
188954 188956
189040 189042
189180 189182
189278 189280
189288 189290
189438 189440
189500 189502
189540 189542
189704 189706
189816 189818
189974 189976
190082 190084
190182 190184
190370 190372
190430 190432
190540 190542
190632 190634
190676 190678
190730 190732
190798 190800
190860 190862
191072 191074
191206 191208
191286 191288
191304 191306
191440 191442
191458 191460
191478 191480
191532 191534
191646 191648
191708 191710
191812 191814
191878 191880
191910 191912
191946 191948
192062 192064
192138 192140
192290 192292
192306 192308
192424 192426
192476 192478
192604 192606
192738 192740
192788 192790
192834 192836
192858 192860
192930 192932
193054 193056
193142 193144
193194 193196
193280 193282
193356 193358
193478 193480
193576 193578
193654 193656
193700 193702
193850 193852
193936 193938
193978 193980
194044 194046
194080 194082
194094 194096
194214 194216
194278 194280
194378 194380
194416 194418
194458 194460
194482 194484
194534 194536
194628 194630
194776 194778
194826 194828
194916 194918
195016 195018
195070 195072
195176 195178
195220 195222
195296 195298
195436 195438
195586 195588
195620 195622
195706 195708
195802 195804
195900 195902
195984 195986
196052 196054
196132 196134
196182 196184
196362 196364
196486 196488
196574 196576
196636 196638
196740 196742
196894 196896
196910 196912
197008 197010
197050 197052
197172 197174
197248 197250
197320 197322
197430 197432
197486 197488
197560 197562
197646 197648
197738 197740
197900 197902
197974 197976
198102 198104
198242 198244
198408 198410
198490 198492
198576 198578
198714 198716
198804 198806
198838 198840
198882 198884
199006 199008
199102 199104
199156 199158
199230 199232
199266 199268
199292 199294
199384 199386
199430 199432
199564 199566
199582 199584
199666 199668
199720 199722
199824 199826
199888 199890
199962 199964
200020 200022
200076 200078
200226 200228
200250 200252
200328 200330
200512 200514
200604 200606
200668 200670
200732 200734
200754 200756
200928 200930
201104 201106
201206 201208
201318 201320
201404 201406
201514 201516
201626 201628
201690 201692
201858 201860
201898 201900
201944 201946
202048 202050
202178 202180
202288 202290
202338 202340
202396 202398
202558 202560
202622 202624
202674 202676
202726 202728
202790 202792
203000 203002
203162 203164
203234 203236
203310 203312
203364 203366
203430 203432
203496 203498
203510 203512
203646 203648
203792 203794
203956 203958
204092 204094
204122 204124
204172 204174
204234 204236
204280 204282
204342 204344
204442 204444
204584 204586
204616 204618
204692 204694
204812 204814
204850 204852
204934 204936
205130 205132
205204 205206
205290 205292
205384 205386
205456 205458
205532 205534
205700 205702
205748 205750
205880 205882
205996 205998
206078 206080
206132 206134
206238 206240
206354 206356
206530 206532
206684 206686
206750 206752
206834 206836
206986 206988
207038 207040
207180 207182
207262 207264
207318 207320
207550 207552
207656 207658
207768 207770
207890 207892
207970 207972
208086 208088
208306 208308
208324 208326
208378 208380
208418 208420
208498 208500
208604 208606
208680 208682
208782 208784
208852 208854
208890 208892
209078 209080
209134 209136
209226 209228
209366 209368
209454 209456
209496 209498
209594 209596
209668 209670
209804 209806
209850 209852
209960 209962
210036 210038
210072 210074
210212 210214
210278 210280
210360 210362
210418 210420
210484 210486
210582 210584
210616 210618
210672 210674
210778 210780
210854 210856
210976 210978
211098 211100
211158 211160
211282 211284
211404 211406
211452 211454
211606 211608
211710 211712
211830 211832
211940 211942
212022 212024
212080 212082
212154 212156
212228 212230
212390 212392
212398 212400
212506 212508
212674 212676
212700 212702
212878 212880
212926 212928
213092 213094
213174 213176
213340 213342
213442 213444
213560 213562
213708 213710
213840 213842
213962 213964
214006 214008
214150 214152
214188 214190
214302 214304
214394 214396
214510 214512
214582 214584
214682 214684
214720 214722
214778 214780
214954 214956
215084 215086
215236 215238
215332 215334
215402 215404
215516 215518
215550 215552
215698 215700
215802 215804
215822 215824
215850 215852
215928 215930
216014 216016
216048 216050
216092 216094
216248 216250
216372 216374
216420 216422
216526 216528
216634 216636
216660 216662
216758 216760
216908 216910
216958 216960
217082 217084
217204 217206
217264 217266
217338 217340
217342 217344
217420 217422
217502 217504
217584 217586
217688 217690
217802 217804
217946 217948
218004 218006
218076 218078
218166 218168
218228 218230
218270 218272
218332 218334
218344 218346
218512 218514
218782 218784
218816 218818
218922 218924
219006 219008
219098 219100
219162 219164
219270 219272
219334 219336
219392 219394
219424 219426
219544 219546
219598 219600
219728 219730
219860 219862
219982 219984
220094 220096
220166 220168
220182 220184
220252 220254
220360 220362
220532 220534
220636 220638
220754 220756
220958 220960
221012 221014
221106 221108
221142 221144
221178 221180
221388 221390
221482 221484
221598 221600
221764 221766
221878 221880
221990 221992
222134 222136
222214 222216
222282 222284
222300 222302
222428 222430
222514 222516
222548 222550
222670 222672
222708 222710
222794 222796
222884 222886
223002 223004
223028 223030
223156 223158
223180 223182
223284 223286
223354 223356
223516 223518
223570 223572
223630 223632
223752 223754
223928 223930
224092 224094
224180 224182
224204 224206
224254 224256
224270 224272
224336 224338
224372 224374
224406 224408
224472 224474
224620 224622
224700 224702
224742 224744
224822 224824
224910 224912
225042 225044
225130 225132
225168 225170
225238 225240
225324 225326
225402 225404
225526 225528
225588 225590
225678 225680
225756 225758
225760 225762
225828 225830
225840 225842
225888 225890
225962 225964
226024 226026
226248 226250
226324 226326
226370 226372
226404 226406
226580 226582
226602 226604
226688 226690
226852 226854
226966 226968
227064 227066
227164 227166
227290 227292
227356 227358
227468 227470
227520 227522
227706 227708
227760 227762
227940 227942
228042 228044
228082 228084
228132 228134
228178 228180
228344 228346
228356 228358
228416 228418
228430 228432
228550 228552
228604 228606
228698 228700
228742 228744
228828 228830
228938 228940
229000 229002
229020 229022
229076 229078
229116 229118
229304 229306
229360 229362
229474 229476
229548 229550
229734 229736
229822 229824
229926 229928
230082 230084
230216 230218
230406 230408
230452 230454
230616 230618
230734 230736
230798 230800
230932 230934
230976 230978
231146 231148
231332 231334
231458 231460
231512 231514
231548 231550
231626 231628
231806 231808
231974 231976
232112 232114
232218 232220
232310 232312
232404 232406
232584 232586
232626 232628
232700 232702
232768 232770
232840 232842
232918 232920
233146 233148
233168 233170
233210 233212
233440 233442
233504 233506
233560 233562
233676 233678
233720 233722
233790 233792
233900 233902
233984 233986
234070 234072
234164 234166
234194 234196
234204 234206
234222 234224
234372 234374
234436 234438
234476 234478
234508 234510
234538 234540
234592 234594
234690 234692
234740 234742
234842 234844
234952 234954
235058 235060
235162 235164
235284 235286
235384 235386
235430 235432
235538 235540
235720 235722
235788 235790
235922 235924
235996 235998
236072 236074
236184 236186
236364 236366
236384 236386
236462 236464
236582 236584
236656 236658
236724 236726
236778 236780
236848 236850
236946 236948
237004 237006
237146 237148
237164 237166
237194 237196
237356 237358
237412 237414
237498 237500
237536 237538
237660 237662
237748 237750
237788 237790
237854 237856
237934 237936
238064 238066
238102 238104
238256 238258
238328 238330
238336 238338
238392 238394
238434 238436
238526 238528
238666 238668
238722 238724
238772 238774
238806 238808
238850 238852
239010 239012
239098 239100
239176 239178
239290 239292
239400 239402
239450 239452
239620 239622
239666 239668
239716 239718
239838 239840
239978 239980
240100 240102
240268 240270
240440 240442
240558 240560
240702 240704
240762 240764
240864 240866
240932 240934
240976 240978
241052 241054
241202 241204
241328 241330
241460 241462
241496 241498
241574 241576
241662 241664
241726 241728
241806 241808
241918 241920
241922 241924
241956 241958
242052 242054
242134 242136
242170 242172
242210 242212
242318 242320
242378 242380
242520 242522
242528 242530
242584 242586
242658 242660
242800 242802
242918 242920
243000 243002
243036 243038
243188 243190
243278 243280
243402 243404
243468 243470
243514 243516
243664 243666
243788 243790
243906 243908
243972 243974
244098 244100
244226 244228
244328 244330
244478 244480
244542 244544
244570 244572
244662 244664
244846 244848
245058 245060
245138 245140
245278 245280
245348 245350
245420 245422
245514 245516
245568 245570
245594 245596
245668 245670
245914 245916
246008 246010
246092 246094
246144 246146
246246 246248
246310 246312
246452 246454
246560 246562
246752 246754
246926 246928
247042 247044
247166 247168
247266 247268
247334 247336
247410 247412
247474 247476
247576 247578
247602 247604
247712 247714
247836 247838
247938 247940
247988 247990
248082 248084
248136 248138
248278 248280
248424 248426
248468 248470
248556 248558
248628 248630
248662 248664
248696 248698
248856 248858
248934 248936
248998 249000
249096 249098
249178 249180
249214 249216
249282 249284
249366 249368
249388 249390
249460 249462
249566 249568
249654 249656
249678 249680
249764 249766
249814 249816
249886 249888
249962 249964
131821 131823
131753 131755
131665 131667
131549 131551
131523 131525
131501 131503
131385 131387
131251 131253
131213 131215
131147 131149
131039 131041
130913 130915
130857 130859
130721 130723
130561 130563
130407 130409
130281 130283
130165 130167
130089 130091
129989 129991
129801 129803
129741 129743
129675 129677
129565 129567
129441 129443
129375 129377
129281 129283
129221 129223
129065 129067
128963 128965
128867 128869
128847 128849
128719 128721
128595 128597
128463 128465
128401 128403
128287 128289
128169 128171
127989 127991
127965 127967
127893 127895
127825 127827
127757 127759
127717 127719
127625 127627
127607 127609
127515 127517
127449 127451
127311 127313
127183 127185
127173 127175
127103 127105
127015 127017
126947 126949
126871 126873
126771 126773
126703 126705
126655 126657
126633 126635
126551 126553
126387 126389
126233 126235
126155 126157
126093 126095
126065 126067
125983 125985
125915 125917
125869 125871
125761 125763
125649 125651
125517 125519
125437 125439
125369 125371
125347 125349
125239 125241
125185 125187
125149 125151
124953 124955
124921 124923
124861 124863
124755 124757
124575 124577
124417 124419
124301 124303
124097 124099
123981 123983
123961 123963
123903 123905
123841 123843
123799 123801
123773 123775
123677 123679
123483 123485
123441 123443
123279 123281
123145 123147
123103 123105
123013 123015
122985 122987
122923 122925
122801 122803
122737 122739
122699 122701
122621 122623
122545 122547
122491 122493
122279 122281
122121 122123
121969 121971
121937 121939
121841 121843
121709 121711
121665 121667
121529 121531
121477 121479
121369 121371
121309 121311
121217 121219
121167 121169
121083 121085
121039 121041
120943 120945
120919 120921
120871 120873
120651 120653
120593 120595
120457 120459
120437 120439
120297 120299
120169 120171
120125 120127
120079 120081
120039 120041
119987 119989
119951 119953
119923 119925
119883 119885
119805 119807
119679 119681
119603 119605
119543 119545
119493 119495
119477 119479
119331 119333
119259 119261
119191 119193
119133 119135
119123 119125
118949 118951
118851 118853
118773 118775
118665 118667
118625 118627
118575 118577
118475 118477
118291 118293
118183 118185
117941 117943
117835 117837
117803 117805
117717 117719
117639 117641
117599 117601
117473 117475
117327 117329
117315 117317
117131 117133
117033 117035
116895 116897
116773 116775
116651 116653
116575 116577
116531 116533
116495 116497
116351 116353
116173 116175
116087 116089
116009 116011
115915 115917
115811 115813
115745 115747
115645 115647
115559 115561
115417 115419
115331 115333
115269 115271
115249 115251
115125 115127
115099 115101
115019 115021
114939 114941
114725 114727
114683 114685
114639 114641
114585 114587
114451 114453
114435 114437
114287 114289
114173 114175
114129 114131
114091 114093
114051 114053
113987 113989
113959 113961
113801 113803
113673 113675
113623 113625
113509 113511
113339 113341
113295 113297
113229 113231
113187 113189
113045 113047
112917 112919
112825 112827
112633 112635
112503 112505
112375 112377
112357 112359
112297 112299
112171 112173
112137 112139
112005 112007
111831 111833
111777 111779
111723 111725
111661 111663
111501 111503
111405 111407
111367 111369
111327 111329
111319 111321
111101 111103
111053 111055
110987 110989
110859 110861
110727 110729
110711 110713
110609 110611
110527 110529
110285 110287
110159 110161
109951 109953
109843 109845
109759 109761
109727 109729
109663 109665
109547 109549
109475 109477
109397 109399
109361 109363
109297 109299
109237 109239
109125 109127
109103 109105
109037 109039
109023 109025
108941 108943
108897 108899
108811 108813
108705 108707
108627 108629
108539 108541
108423 108425
108323 108325
108223 108225
108131 108133
108055 108057
107977 107979
107953 107955
107855 107857
107761 107763
107685 107687
107651 107653
107561 107563
107507 107509
107459 107461
107305 107307
107201 107203
107111 107113
106959 106961
106903 106905
106869 106871
106815 106817
106705 106707
106665 106667
106617 106619
106599 106601
106563 106565
106515 106517
106425 106427
106269 106271
106171 106173
106113 106115
106071 106073
106037 106039
105953 105955
105853 105855
105737 105739
105669 105671
105589 105591
105461 105463
105375 105377
105239 105241
105115 105117
105049 105051
104951 104953
104813 104815
104731 104733
104573 104575
104509 104511
104421 104423
104361 104363
104291 104293
104273 104275
104167 104169
104135 104137
103965 103967
103815 103817
103755 103757
103689 103691
103593 103595
103543 103545
103473 103475
103467 103469
103343 103345
103289 103291
103217 103219
103083 103085
102973 102975
102947 102949
102889 102891
102815 102817
102667 102669
102531 102533
102327 102329
102315 102317
102211 102213
102149 102151
102045 102047
101939 101941
101913 101915
101859 101861
101829 101831
101779 101781
101747 101749
101643 101645
101513 101515
101501 101503
101441 101443
101351 101353
101267 101269
101143 101145
100979 100981
100923 100925
100829 100831
100827 100829
100687 100689
100625 100627
100537 100539
100451 100453
100397 100399
100287 100289
100249 100251
100169 100171
100039 100041
99973 99975
99895 99897
99739 99741
99701 99703
99609 99611
99513 99515
99463 99465
99427 99429
99387 99389
99351 99353
99255 99257
99145 99147
99015 99017
98845 98847
98761 98763
98719 98721
98579 98581
98405 98407
98375 98377
98291 98293
98171 98173
98115 98117
98015 98017
97823 97825
97701 97703
97669 97671
97579 97581
97495 97497
97403 97405
97347 97349
97245 97247
97203 97205
97129 97131
97103 97105
96927 96929
96843 96845
96811 96813
96669 96671
96655 96657
96539 96541
96523 96525
96357 96359
96309 96311
96105 96107
95997 95999
95939 95941
95873 95875
95721 95723
95667 95669
95571 95573
95501 95503
95421 95423
95349 95351
95269 95271
95111 95113
95039 95041
94979 94981
94941 94943
94865 94867
94757 94759
94711 94713
94527 94529
94397 94399
94343 94345
94213 94215
94173 94175
94093 94095
94029 94031
93835 93837
93735 93737
93635 93637
93581 93583
93455 93457
93355 93357
93209 93211
92995 92997
92945 92947
92861 92863
92793 92795
92621 92623
92507 92509
92469 92471
92295 92297
92259 92261
92203 92205
92149 92151
92001 92003
91959 91961
91897 91899
91873 91875
91807 91809
91637 91639
91609 91611
91567 91569
91433 91435
91351 91353
91291 91293
91215 91217
91203 91205
91105 91107
91035 91037
90951 90953
90923 90925
90787 90789
90723 90725
90659 90661
90573 90575
90495 90497
90321 90323
90213 90215
90115 90117
89965 89967
89889 89891
89803 89805
89773 89775
89709 89711
89645 89647
89595 89597
89501 89503
89431 89433
89251 89253
89067 89069
88967 88969
88785 88787
88621 88623
88557 88559
88479 88481
88369 88371
88285 88287
88167 88169
88069 88071
88011 88013
87925 87927
87835 87837
87741 87743
87679 87681
87601 87603
87549 87551
87413 87415
87303 87305
87209 87211
87101 87103
87007 87009
86939 86941
86901 86903
86865 86867
86831 86833
86721 86723
86629 86631
86571 86573
86509 86511
86331 86333
86307 86309
86249 86251
86227 86229
86169 86171
86125 86127
86041 86043
85963 85965
85915 85917
85827 85829
85707 85709
85671 85673
85629 85631
85495 85497
85355 85357
85297 85299
85263 85265
85171 85173
85009 85011
84835 84837
84787 84789
84707 84709
84659 84661
84517 84519
84475 84477
84345 84347
84289 84291
84219 84221
84135 84137
84049 84051
83807 83809
83609 83611
83499 83501
83441 83443
83355 83357
83311 83313
83211 83213
83133 83135
82949 82951
82861 82863
82823 82825
82711 82713
82585 82587
82381 82383
82349 82351
82201 82203
82149 82151
82097 82099
82043 82045
81997 81999
81961 81963
81921 81923
81829 81831
81745 81747
81655 81657
81525 81527
81431 81433
81405 81407
81353 81355
81189 81191
81119 81121
81081 81083
81015 81017
80921 80923
80869 80871
80803 80805
80781 80783
80673 80675
80591 80593
80553 80555
80477 80479
80289 80291
80193 80195
80113 80115
80003 80005
79919 79921
79815 79817
79755 79757
79697 79699
79579 79581
79467 79469
79379 79381
79255 79257
79219 79221
79145 79147
79119 79121
78951 78953
78929 78931
78903 78905
78813 78815
78703 78705
78465 78467
78287 78289
78229 78231
78095 78097
77949 77951
77909 77911
77855 77857
77739 77741
77623 77625
77497 77499
77431 77433
77329 77331
77303 77305
77169 77171
77109 77111
77011 77013
76939 76941
76853 76855
76745 76747
76651 76653
76553 76555
76407 76409
76319 76321
76221 76223
76187 76189
76065 76067
75907 75909
75801 75803
75641 75643
75573 75575
75555 75557
75403 75405
75237 75239
75185 75187
75159 75161
75105 75107
74981 74983
74839 74841
74723 74725
74641 74643
74613 74615
74563 74565
74477 74479
74349 74351
74321 74323
74263 74265
74193 74195
74163 74165
73973 73975
73939 73941
73891 73893
73793 73795
73643 73645
73493 73495
73397 73399
73289 73291
73087 73089
73047 73049
72977 72979
72875 72877
72785 72787
72645 72647
72621 72623
72523 72525
72481 72483
72299 72301
72191 72193
72151 72153
72033 72035
71943 71945
71803 71805
71781 71783
71733 71735
71681 71683
71493 71495
71331 71333
71279 71281
71259 71261
71165 71167
71063 71065
71039 71041
70983 70985
70939 70941
70881 70883
70747 70749
70641 70643
70611 70613
70503 70505
70379 70381
70309 70311
70261 70263
70251 70253
70135 70137
70085 70087
69973 69975
69819 69821
69763 69765
69707 69709
69569 69571
69453 69455
69333 69335
69209 69211
69129 69131
68997 68999
68829 68831
68757 68759
68707 68709
68569 68571
68471 68473
68397 68399
68303 68305
68197 68199
68105 68107
68055 68057
67983 67985
67885 67887
67861 67863
67785 67787
67693 67695
67627 67629
67475 67477
67437 67439
67347 67349
67215 67217
67145 67147
66949 66951
66903 66905
66877 66879
66829 66831
66781 66783
66647 66649
66467 66469
66343 66345
66273 66275
66177 66179
66077 66079
66023 66025
65913 65915
65837 65839
65741 65743
65695 65697
65653 65655
65625 65627
65539 65541
65501 65503
65455 65457
65323 65325
65247 65249
65043 65045
64983 64985
64913 64915
64843 64845
64735 64737
64551 64553
64343 64345
64245 64247
64167 64169
64101 64103
64069 64071
63955 63957
63835 63837
63729 63731
63695 63697
63563 63565
63433 63435
63245 63247
63173 63175
63121 63123
63057 63059
62967 62969
62891 62893
62667 62669
62525 62527
62367 62369
62285 62287
62161 62163
62139 62141
62023 62025
61923 61925
61861 61863
61781 61783
61727 61729
61637 61639
61583 61585
61525 61527
61375 61377
61273 61275
61085 61087
60979 60981
60899 60901
60807 60809
60677 60679
60625 60627
60471 60473
60407 60409
60229 60231
60161 60163
60113 60115
60069 60071
59957 59959
59923 59925
59811 59813
59767 59769
59741 59743
59641 59643
59533 59535
59497 59499
59385 59387
59277 59279
59049 59051
58991 58993
58929 58931
58883 58885
58737 58739
58705 58707
58587 58589
58463 58465
58411 58413
58329 58331
58257 58259
58139 58141
58119 58121
57913 57915
57757 57759
57655 57657
57567 57569
57391 57393
57339 57341
57251 57253
57035 57037
57011 57013
56897 56899
56777 56779
56653 56655
56549 56551
56365 56367
56215 56217
56121 56123
55961 55963
55883 55885
55811 55813
55761 55763
55683 55685
55557 55559
55459 55461
55309 55311
55251 55253
55145 55147
55083 55085
55073 55075
55001 55003
54989 54991
54911 54913
54853 54855
54683 54685
54603 54605
54485 54487
54443 54445
54433 54435
54321 54323
54189 54191
54151 54153
54087 54089
54053 54055
54019 54021
53941 53943
53807 53809
53601 53603
53507 53509
53351 53353
53269 53271
53223 53225
53147 53149
53123 53125
53021 53023
52897 52899
52853 52855
52659 52661
52571 52573
52511 52513
52405 52407
52335 52337
52269 52271
52179 52181
52131 52133
52103 52105
51949 51951
51875 51877
51803 51805
51749 51751
51705 51707
51593 51595
51553 51555
51449 51451
51367 51369
51317 51319
51199 51201
51131 51133
51029 51031
50955 50957
50859 50861
50815 50817
50783 50785
50663 50665
50435 50437
50293 50295
50247 50249
50065 50067
50037 50039
49967 49969
49793 49795
49675 49677
49607 49609
49509 49511
49323 49325
49227 49229
49183 49185
49119 49121
49055 49057
48901 48903
48821 48823
48751 48753
48687 48689
48621 48623
48593 48595
48557 48559
48517 48519
48453 48455
48419 48421
48225 48227
48085 48087
47911 47913
47743 47745
47693 47695
47575 47577
47549 47551
47415 47417
47247 47249
47187 47189
47057 47059
46949 46951
46891 46893
46677 46679
46561 46563
46551 46553
46493 46495
46321 46323
46223 46225
46177 46179
46011 46013
45981 45983
45819 45821
45699 45701
45523 45525
45361 45363
45281 45283
45177 45179
45117 45119
45097 45099
44941 44943
44845 44847
44791 44793
44669 44671
44573 44575
44497 44499
44439 44441
44349 44351
44263 44265
44157 44159
43977 43979
43951 43953
43797 43799
43723 43725
43563 43565
43475 43477
43313 43315
43195 43197
43131 43133
43027 43029
42971 42973
42891 42893
42813 42815
42763 42765
42611 42613
42479 42481
42435 42437
42359 42361
42277 42279
42203 42205
42141 42143
42081 42083
42019 42021
41939 41941
41885 41887
41801 41803
41733 41735
41677 41679
41593 41595
41513 41515
41379 41381
41337 41339
41279 41281
41181 41183
40995 40997
40877 40879
40749 40751
40709 40711
40635 40637
40527 40529
40473 40475
40395 40397
40333 40335
40273 40275
40177 40179
40139 40141
40055 40057
39913 39915
39891 39893
39771 39773
39733 39735
39617 39619
39499 39501
39387 39389
39231 39233
39083 39085
38953 38955
38885 38887
38701 38703
38579 38581
38413 38415
38197 38199
38079 38081
38025 38027
37957 37959
37943 37945
37845 37847
37781 37783
37703 37705
37591 37593
37461 37463
37345 37347
37295 37297
37171 37173
37047 37049
36919 36921
36799 36801
36691 36693
36459 36461
36341 36343
36293 36295
36177 36179
36083 36085
35979 35981
35947 35949
35861 35863
35683 35685
35663 35665
35629 35631
35567 35569
35491 35493
35447 35449
35369 35371
35279 35281
35187 35189
35159 35161
35089 35091
34981 34983
34909 34911
34781 34783
34711 34713
34531 34533
34433 34435
34383 34385
34357 34359
34239 34241
34133 34135
34073 34075
33987 33989
33935 33937
33891 33893
33869 33871
33821 33823
33725 33727
33601 33603
33465 33467
33381 33383
33307 33309
33237 33239
33123 33125
33047 33049
32893 32895
32855 32857
32791 32793
32755 32757
32623 32625
32485 32487
32399 32401
32267 32269
32129 32131
32073 32075
31939 31941
31899 31901
31849 31851
31749 31751
31707 31709
31585 31587
31505 31507
31451 31453
31389 31391
31255 31257
31141 31143
30951 30953
30933 30935
30905 30907
30877 30879
30823 30825
30809 30811
30775 30777
30713 30715
30589 30591
30491 30493
30411 30413
30301 30303
30225 30227
30199 30201
30149 30151
30103 30105
30015 30017
29911 29913
29855 29857
29813 29815
29639 29641
29599 29601
29495 29497
29413 29415
29359 29361
29261 29263
29223 29225
29107 29109
29051 29053
28965 28967
28869 28871
28691 28693
28637 28639
28545 28547
28491 28493
28433 28435
28377 28379
28255 28257
28079 28081
28027 28029
27901 27903
27815 27817
27713 27715
27631 27633
27529 27531
27459 27461
27315 27317
27251 27253
27165 27167
27003 27005
26841 26843
26707 26709
26621 26623
26535 26537
26517 26519
26419 26421
26249 26251
26181 26183
26143 26145
26079 26081
26027 26029
25947 25949
25887 25889
25779 25781
25645 25647
25593 25595
25421 25423
25321 25323
25173 25175
25105 25107
25031 25033
24947 24949
24927 24929
24793 24795
24731 24733
24663 24665
24477 24479
24443 24445
24355 24357
24337 24339
24261 24263
24203 24205
24191 24193
24167 24169
24043 24045
23971 23973
23841 23843
23763 23765
23723 23725
23629 23631
23575 23577
23477 23479
23417 23419
23329 23331
23199 23201
23075 23077
23039 23041
22923 22925
22829 22831
22719 22721
22595 22597
22399 22401
22147 22149
22091 22093
22051 22053
21901 21903
21809 21811
21723 21725
21661 21663
21523 21525
21453 21455
21375 21377
21267 21269
21237 21239
21193 21195
21121 21123
21035 21037
20891 20893
20835 20837
20815 20817
20763 20765
20681 20683
20609 20611
20535 20537
20413 20415
20301 20303
20193 20195
20109 20111
20073 20075
19917 19919
19871 19873
19845 19847
19759 19761
19691 19693
19609 19611
19507 19509
19339 19341
19235 19237
19109 19111
19031 19033
18857 18859
18769 18771
18691 18693
18621 18623
18557 18559
18431 18433
18379 18381
18267 18269
18185 18187
18127 18129
18099 18101
18011 18013
17927 17929
17863 17865
17791 17793
17735 17737
17531 17533
17457 17459
17405 17407
17291 17293
17243 17245
17223 17225
17121 17123
16975 16977
16845 16847
16711 16713
16555 16557
16451 16453
16337 16339
16249 16251
16159 16161
16067 16069
15887 15889
15845 15847
15781 15783
15721 15723
15535 15537
15493 15495
15421 15423
15335 15337
15139 15141
14975 14977
14931 14933
14877 14879
14815 14817
14761 14763
14705 14707
14567 14569
14471 14473
14433 14435
14321 14323
14281 14283
14185 14187
14151 14153
14067 14069
13987 13989
13947 13949
13823 13825
13649 13651
13575 13577
13499 13501
13489 13491
13455 13457
13401 13403
13319 13321
13231 13233
13093 13095
13031 13033
12973 12975
12907 12909
12765 12767
12747 12749
12721 12723
12645 12647
12597 12599
12543 12545
12465 12467
12367 12369
12321 12323
12277 12279
12205 12207
12135 12137
12055 12057
11981 11983
11923 11925
11859 11861
11771 11773
11595 11597
11437 11439
11361 11363
11219 11221
11145 11147
11051 11053
10995 10997
10879 10881
10705 10707
10623 10625
10561 10563
10455 10457
10313 10315
10261 10263
10183 10185
10081 10083
10025 10027
9807 9809
9635 9637
9453 9455
9295 9297
9173 9175
9109 9111
9001 9003
8905 8907
8825 8827
8745 8747
8715 8717
8657 8659
8541 8543
8503 8505
8465 8467
8289 8291
8191 8193
8159 8161
8111 8113
8049 8051
7949 7951
7911 7913
7829 7831
7805 7807
7727 7729
7661 7663
7613 7615
7543 7545
7443 7445
7339 7341
7261 7263
7237 7239
7189 7191
7055 7057
6997 6999
6973 6975
6927 6929
6881 6883
6825 6827
6731 6733
6631 6633
6455 6457
6393 6395
6375 6377
6277 6279
6153 6155
6097 6099
6057 6059
6031 6033
5927 5929
5851 5853
5727 5729
5509 5511
5429 5431
5287 5289
5263 5265
5085 5087
5051 5053
4933 4935
4789 4791
4705 4707
4581 4583
4513 4515
4409 4411
4303 4305
4243 4245
4205 4207
4151 4153
4087 4089
4017 4019
3963 3965
3827 3829
3771 3773
3593 3595
3463 3465
3377 3379
3275 3277
3161 3163
3133 3135
3101 3103
2961 2963
2797 2799
2683 2685
2631 2633
2509 2511
2325 2327
2311 2313
2199 2201
2113 2115
2007 2009
1935 1937
1837 1839
1777 1779
1657 1659
1561 1563
1451 1453
1391 1393
1283 1285
1171 1173
1065 1067
981 983
837 839
721 723
505 507
437 439
371 373
269 271
189 191
167 169
85 87
33 35
131921 131923
132015 132017
132123 132125
132157 132159
132159 132161
132273 132275
132383 132385
132429 132431
132529 132531
132563 132565
132651 132653
132825 132827
132923 132925
133071 133073
133081 133083
133179 133181
133273 133275
133437 133439
133501 133503
133631 133633
133699 133701
133817 133819
133831 133833
133915 133917
133989 133991
134077 134079
134185 134187
134349 134351
134383 134385
134513 134515
134593 134595
134657 134659
134777 134779
134867 134869
134981 134983
135039 135041
135147 135149
135283 135285
135433 135435
135475 135477
135505 135507
135605 135607
135699 135701
135755 135757
135791 135793
135873 135875
135907 135909
135947 135949
136077 136079
136165 136167
136255 136257
136273 136275
136349 136351
136473 136475
136541 136543
136621 136623
136673 136675
136735 136737
136829 136831
136835 136837
136925 136927
137015 137017
137159 137161
137233 137235
137287 137289
137371 137373
137475 137477
137577 137579
137685 137687
137731 137733
137773 137775
137861 137863
137955 137957
138133 138135
138223 138225
138263 138265
138327 138329
138393 138395
138509 138511
138711 138713
138899 138901
138943 138945
139013 139015
139167 139169
139265 139267
139329 139331
139455 139457
139499 139501
139609 139611
139697 139699
139827 139829
139909 139911
139949 139951
140005 140007
140037 140039
140087 140089
140195 140197
140237 140239
140313 140315
140343 140345
140377 140379
140449 140451
140551 140553
140597 140599
140701 140703
140773 140775
140811 140813
140865 140867
140995 140997
141083 141085
141109 141111
141161 141163
141201 141203
141335 141337
141423 141425
141557 141559
141627 141629
141725 141727
141871 141873
141983 141985
142135 142137
142207 142209
142333 142335
142345 142347
142451 142453
142591 142593
142743 142745
142787 142789
142967 142969
143173 143175
143211 143213
143349 143351
143413 143415
143465 143467
143513 143515
143621 143623
143645 143647
143671 143673
143675 143677
143807 143809
143877 143879
143909 143911
143993 143995
144115 144117
144159 144161
144211 144213
144247 144249
144305 144307
144411 144413
144513 144515
144645 144647
144747 144749
144791 144793
144931 144933
145087 145089
145157 145159
145225 145227
145369 145371
145483 145485
145575 145577
145625 145627
145699 145701
145785 145787
145911 145913
146101 146103
146179 146181
146295 146297
146453 146455
146545 146547
146691 146693
146889 146891
146993 146995
147091 147093
147155 147157
147209 147211
147283 147285
147327 147329
147365 147367
147523 147525
147555 147557
147621 147623
147681 147683
147821 147823
147945 147947
147965 147967
148097 148099
148197 148199
148307 148309
148415 148417
148515 148517
148581 148583
148625 148627
148709 148711
148851 148853
148893 148895
148983 148985
149067 149069
149197 149199
149295 149297
149393 149395
149537 149539
149617 149619
149801 149803
149847 149849
149909 149911
150029 150031
150249 150251
150349 150351
150431 150433
150489 150491
150601 150603
150673 150675
150769 150771
150821 150823
150901 150903
150977 150979
151081 151083
151209 151211
151251 151253
151303 151305
151393 151395
151405 151407
151537 151539
151573 151575
151697 151699
151831 151833
151929 151931
152073 152075
152205 152207
152355 152357
152427 152429
152485 152487
152677 152679
152727 152729
152737 152739
152745 152747
152813 152815
153027 153029
153097 153099
153205 153207
153245 153247
153297 153299
153375 153377
153425 153427
153523 153525
153571 153573
153613 153615
153685 153687
153777 153779
153803 153805
153887 153889
154005 154007
154081 154083
154215 154217
154273 154275
154327 154329
154359 154361
154451 154453
154585 154587
154613 154615
154705 154707
154883 154885
154939 154941
155001 155003
155025 155027
155151 155153
155229 155231
155279 155281
155399 155401
155453 155455
155593 155595
155637 155639
155769 155771
155873 155875
155903 155905
155973 155975
156039 156041
156083 156085
156285 156287
156301 156303
156443 156445
156471 156473
156515 156517
156593 156595
156705 156707
156801 156803
156859 156861
156933 156935
157039 157041
157135 157137
157175 157177
157275 157277
157425 157427
157495 157497
157629 157631
157699 157701
157785 157787
157845 157847
157935 157937
157993 157995
158119 158121
158241 158243
158351 158353
158415 158417
158539 158541
158709 158711
158787 158789
158797 158799
158909 158911
158949 158951
159033 159035
159181 159183
159263 159265
159357 159359
159521 159523
159545 159547
159669 159671
159725 159727
159735 159737
159787 159789
159861 159863
159897 159899
159953 159955
160033 160035
160087 160089
160167 160169
160241 160243
160273 160275
160351 160353
160541 160543
160637 160639
160693 160695
160779 160781
160845 160847
160905 160907
161043 161045
161209 161211
161287 161289
161413 161415
161487 161489
161551 161553
161649 161651
161733 161735
161829 161831
161891 161893
161939 161941
162001 162003
162069 162071
162121 162123
162309 162311
162385 162387
162559 162561
162721 162723
162851 162853
162951 162953
162985 162987
163035 163037
163115 163117
163155 163157
163207 163209
163261 163263
163341 163343
163369 163371
163465 163467
163487 163489
163573 163575
163859 163861
163887 163889
163925 163927
163953 163955
164011 164013
164175 164177
164223 164225
164313 164315
164387 164389
164473 164475
164597 164599
164669 164671
164829 164831
164985 164987
165051 165053
165105 165107
165201 165203
165279 165281
165377 165379
165459 165461
165571 165573
165587 165589
165635 165637
165741 165743
165763 165765
165849 165851
165885 165887
166037 166039
166157 166159
166249 166251
166365 166367
166505 166507
166551 166553
166593 166595
166723 166725
166823 166825
166957 166959
167025 167027
167147 167149
167241 167243
167249 167251
167349 167351
167419 167421
167465 167467
167607 167609
167709 167711
167781 167783
167923 167925
168035 168037
168161 168163
168227 168229
168277 168279
168331 168333
168345 168347
168447 168449
168495 168497
168569 168571
168619 168621
168655 168657
168697 168699
168781 168783
168851 168853
168941 168943
169087 169089
169255 169257
169313 169315
169439 169441
169639 169641
169737 169739
169853 169855
169891 169893
169937 169939
170113 170115
170237 170239
170281 170283
170423 170425
170491 170493
170541 170543
170585 170587
170687 170689
170765 170767
170857 170859
170939 170941
171061 171063
171193 171195
171245 171247
171375 171377
171443 171445
171551 171553
171619 171621
171707 171709
171751 171753
171901 171903
171995 171997
172039 172041
172147 172149
172173 172175
172289 172291
172461 172463
172623 172625
172719 172721
172819 172821
172833 172835
172897 172899
173013 173015
173047 173049
173063 173065
173123 173125
173173 173175
173281 173283
173327 173329
173371 173373
173405 173407
173497 173499
173567 173569
173657 173659
173769 173771
173831 173833
173919 173921
174017 174019
174039 174041
174187 174189
174305 174307
174433 174435
174557 174559
174625 174627
174677 174679
174821 174823
174869 174871
174929 174931
175019 175021
175177 175179
175287 175289
175399 175401
175551 175553
175647 175649
175683 175685
175709 175711
175815 175817
175879 175881
175955 175957
176053 176055
176123 176125
176259 176261
176297 176299
176377 176379
176395 176397
176515 176517
176659 176661
176719 176721
176865 176867
177059 177061
177141 177143
177287 177289
177397 177399
177513 177515
177631 177633
177781 177783
177969 177971
178101 178103
178231 178233
178333 178335
178423 178425
178519 178521
178539 178541
178603 178605
178637 178639
178663 178665
178731 178733
178839 178841
178989 178991
179133 179135
179215 179217
179319 179321
179475 179477
179521 179523
179603 179605
179647 179649
179693 179695
179729 179731
179833 179835
179875 179877
179951 179953
179981 179983
180121 180123
180195 180197
180305 180307
180385 180387
180469 180471
180515 180517
180549 180551
180587 180589
180649 180651
180815 180817
180905 180907
180987 180989
181033 181035
181127 181129
181245 181247
181343 181345
181385 181387
181437 181439
181539 181541
181681 181683
181775 181777
181845 181847
181865 181867
181911 181913
181995 181997
182061 182063
182151 182153
182205 182207
182255 182257
182281 182283
182359 182361
182443 182445
182499 182501
182629 182631
182745 182747
182899 182901
182917 182919
183017 183019
183177 183179
183287 183289
183331 183333
183373 183375
183443 183445
183519 183521
183571 183573
183633 183635
183697 183699
183723 183725
183751 183753
183785 183787
183915 183917
184047 184049
184119 184121
184275 184277
184417 184419
184481 184483
184567 184569
184607 184609
184665 184667
184761 184763
184825 184827
185009 185011
185107 185109
185287 185289
185367 185369
185449 185451
185555 185557
185733 185735
185747 185749
185807 185809
185845 185847
185975 185977
186005 186007
186111 186113
186185 186187
186241 186243
186367 186369
186459 186461
186499 186501
186589 186591
186697 186699
186749 186751
186825 186827
186945 186947
187027 187029
187083 187085
187173 187175
187269 187271
187371 187373
187465 187467
187583 187585
187635 187637
187711 187713
187737 187739
187811 187813
187857 187859
187979 187981
188129 188131
188155 188157
188277 188279
188343 188345
188467 188469
188497 188499
188603 188605
188767 188769
188863 188865
188899 188901
188911 188913
189077 189079
189099 189101
189143 189145
189275 189277
189317 189319
189395 189397
189463 189465
189517 189519
189755 189757
189839 189841
190071 190073
190093 190095
190157 190159
190197 190199
190255 190257
190393 190395
190427 190429
190487 190489
190543 190545
190643 190645
190739 190741
190753 190755
190851 190853
191011 191013
191097 191099
191223 191225
191345 191347
191485 191487
191623 191625
191661 191663
191715 191717
191825 191827
191839 191841
191909 191911
191933 191935
191943 191945
192001 192003
192117 192119
192191 192193
192341 192343
192385 192387
192423 192425
192507 192509
192617 192619
192711 192713
192855 192857
192917 192919
193037 193039
193075 193077
193213 193215
193333 193335
193431 193433
193541 193543
193589 193591
193695 193697
193823 193825
194025 194027
194047 194049
194161 194163
194273 194275
194297 194299
194469 194471
194547 194549
194641 194643
194807 194809
194909 194911
194963 194965
195033 195035
195167 195169
195219 195221
195265 195267
195387 195389
195421 195423
195517 195519
195645 195647
195777 195779
195901 195903
196041 196043
196049 196051
196109 196111
196219 196221
196257 196259
196333 196335
196397 196399
196447 196449
196509 196511
196625 196627
196657 196659
196765 196767
196927 196929
196997 196999
197011 197013
197175 197177
197219 197221
197297 197299
197313 197315
197351 197353
197433 197435
197499 197501
197627 197629
197699 197701
197805 197807
197889 197891
197923 197925
198107 198109
198143 198145
198187 198189
198259 198261
198291 198293
198433 198435
198521 198523
198595 198597
198637 198639
198679 198681
198743 198745
198837 198839
198847 198849
198965 198967
199063 199065
199169 199171
199253 199255
199355 199357
199431 199433
199549 199551
199639 199641
199697 199699
199799 199801
199871 199873
199933 199935
200069 200071
200105 200107
200131 200133
200233 200235
200273 200275
200333 200335
200459 200461
200499 200501
200727 200729
200847 200849
200999 201001
201127 201129
201199 201201
201217 201219
201347 201349
201389 201391
201501 201503
201607 201609
201661 201663
201779 201781
201917 201919
201969 201971
202071 202073
202181 202183
202279 202281
202297 202299
202353 202355
202419 202421
202429 202431
202483 202485
202625 202627
202769 202771
202803 202805
202831 202833
202887 202889
202967 202969
203169 203171
203295 203297
203319 203321
203377 203379
203449 203451
203475 203477
203563 203565
203611 203613
203775 203777
203851 203853
203871 203873
203919 203921
204065 204067
204099 204101
204203 204205
204257 204259
204359 204361
204493 204495
204597 204599
204683 204685
204809 204811
204907 204909
204989 204991
205135 205137
205279 205281
205325 205327
205481 205483
205595 205597
205633 205635
205691 205693
205771 205773
205903 205905
205971 205973
206053 206055
206185 206187
206339 206341
206429 206431
206457 206459
206605 206607
206699 206701
206773 206775
206867 206869
207001 207003
207031 207033
207159 207161
207211 207213
207383 207385
207473 207475
207539 207541
207553 207555
207689 207691
207831 207833
207961 207963
208043 208045
208093 208095
208261 208263
208479 208481
208635 208637
208711 208713
208779 208781
208847 208849
208925 208927
208949 208951
209029 209031
209173 209175
209287 209289
209319 209321
209543 209545
209583 209585
209777 209779
209839 209841
209915 209917
209925 209927
210031 210033
210137 210139
210243 210245
210303 210305
210391 210393
210593 210595
210747 210749
210781 210783
210889 210891
211013 211015
211085 211087
211159 211161
211251 211253
211265 211267
211331 211333
211451 211453
211573 211575
211625 211627
211753 211755
211785 211787
211859 211861
211903 211905
211925 211927
212003 212005
212071 212073
212143 212145
212171 212173
212229 212231
212295 212297
212345 212347
212391 212393
212415 212417
212557 212559
212701 212703
212767 212769
212849 212851
212931 212933
212999 213001
213037 213039
213219 213221
213287 213289
213343 213345
213417 213419
213561 213563
213697 213699
213809 213811
213901 213903
213985 213987
214069 214071
214175 214177
214317 214319
214373 214375
214505 214507
214555 214557
214581 214583
214697 214699
214851 214853
214965 214967
215073 215075
215179 215181
215285 215287
215377 215379
215435 215437
215587 215589
215667 215669
215777 215779
215827 215829
215933 215935
216087 216089
216161 216163
216187 216189
216273 216275
216381 216383
216441 216443
216553 216555
216611 216613
216637 216639
216665 216667
216799 216801
216883 216885
216935 216937
217129 217131
217193 217195
217231 217233
217239 217241
217373 217375
217515 217517
217733 217735
217891 217893
217935 217937
217975 217977
218005 218007
218055 218057
218155 218157
218225 218227
218241 218243
218325 218327
218381 218383
218445 218447
218515 218517
218563 218565
218673 218675
218893 218895
219065 219067
219155 219157
219299 219301
219349 219351
219447 219449
219591 219593
219697 219699
219775 219777
219937 219939
220037 220039
220203 220205
220227 220229
220421 220423
220533 220535
220689 220691
220763 220765
220873 220875
220927 220929
221057 221059
221191 221193
221311 221313
221389 221391
221403 221405
221489 221491
221571 221573
221825 221827
221847 221849
221935 221937
222021 222023
222027 222029
222173 222175
222335 222337
222351 222353
222453 222455
222535 222537
222641 222643
222721 222723
222755 222757
222899 222901
222995 222997
223099 223101
223219 223221
223317 223319
223495 223497
223541 223543
223591 223593
223595 223597
223601 223603
223669 223671
223705 223707
223843 223845
223883 223885
223921 223923
223967 223969
224109 224111
224279 224281
224401 224403
224453 224455
224475 224477
224591 224593
224653 224655
224733 224735
224833 224835
225037 225039
225095 225097
225255 225257
225339 225341
225519 225521
225637 225639
225727 225729
225853 225855
225941 225943
226097 226099
226155 226157
226193 226195
226293 226295
226443 226445
226559 226561
226765 226767
226967 226969
227117 227119
227173 227175
227261 227263
227373 227375
227403 227405
227543 227545
227649 227651
227765 227767
227843 227845
227949 227951
227997 227999
228143 228145
228241 228243
228333 228335
228419 228421
228521 228523
228653 228655
228745 228747
228971 228973
229071 229073
229125 229127
229377 229379
229449 229451
229471 229473
229667 229669
229751 229753
229767 229769
229809 229811
229939 229941
230065 230067
230117 230119
230159 230161
230275 230277
230341 230343
230573 230575
230647 230649
230721 230723
230783 230785
230915 230917
231037 231039
231053 231055
231179 231181
231195 231197
231209 231211
231253 231255
231381 231383
231503 231505
231601 231603
231687 231689
231829 231831
231969 231971
232045 232047
232135 232137
232243 232245
232331 232333
232441 232443
232503 232505
232695 232697
232765 232767
232873 232875
232961 232963
233141 233143
233185 233187
233213 233215
233269 233271
233297 233299
233355 233357
233479 233481
233489 233491
233517 233519
233609 233611
233721 233723
233773 233775
233913 233915
234007 234009
234131 234133
234205 234207
234257 234259
234361 234363
234413 234415
234421 234423
234515 234517
234619 234621
234679 234681
234715 234717
234893 234895
235021 235023
235203 235205
235247 235249
235363 235365
235381 235383
235481 235483
235581 235583
235641 235643
235811 235813
235927 235929
236025 236027
236131 236133
236323 236325
236351 236353
236421 236423
236463 236465
236509 236511
236639 236641
236705 236707
236901 236903
237029 237031
237051 237053
237185 237187
237201 237203
237289 237291
237447 237449
237579 237581
237711 237713
237873 237875
237929 237931
238001 238003
238113 238115
238335 238337
238379 238381
238399 238401
238485 238487
238597 238599
238661 238663
238739 238741
238789 238791
238851 238853
238991 238993
239093 239095
239127 239129
239203 239205
239279 239281
239325 239327
239361 239363
239485 239487
239587 239589
239671 239673
239809 239811
239879 239881
239897 239899
239953 239955
240027 240029
240071 240073
240165 240167
240189 240191
240287 240289
240413 240415
240485 240487
240625 240627
240643 240645
240689 240691
240805 240807
240821 240823
240921 240923
241095 241097
241193 241195
241227 241229
241263 241265
241337 241339
241395 241397
241453 241455
241601 241603
241709 241711
241911 241913
241989 241991
242127 242129
242143 242145
242177 242179
242251 242253
242297 242299
242415 242417
242533 242535
242707 242709
242831 242833
242905 242907
242915 242917
242981 242983
243125 243127
243253 243255
243357 243359
243463 243465
243557 243559
243635 243637
243733 243735
243891 243893
244027 244029
244079 244081
244171 244173
244217 244219
244289 244291
244361 244363
244439 244441
244545 244547
244563 244565
244579 244581
244681 244683
244735 244737
244833 244835
244855 244857
244931 244933
245099 245101
245187 245189
245217 245219
245261 245263
245317 245319
245437 245439
245493 245495
245507 245509
245601 245603
245687 245689
245737 245739
245769 245771
245895 245897
245951 245953
245985 245987
246107 246109
246137 246139
246205 246207
246323 246325
246371 246373
246497 246499
246603 246605
246729 246731
246817 246819
246871 246873
246901 246903
246951 246953
247117 247119
247131 247133
247179 247181
247281 247283
247493 247495
247593 247595
247645 247647
247799 247801
247947 247949
248023 248025
248143 248145
248239 248241
248397 248399
248463 248465
248531 248533
248577 248579
248657 248659
248721 248723
248797 248799
248853 248855
248935 248937
249013 249015
249087 249089
249261 249263
249345 249347
249445 249447
249483 249485
249529 249531
249609 249611
249693 249695
249761 249763
249875 249877
249927 249929
249941 249943
