759
49704 49706
49040 49042
48134 48136
46920 46922
46418 46420
45976 45978
45408 45410
44384 44386
43134 43136
42576 42578
42510 42512
41834 41836
41050 41052
40824 40826
40232 40234
39060 39062
38470 38472
37656 37658
37084 37086
36756 36758
36136 36138
35028 35030
34744 34746
34078 34080
33204 33206
32976 32978
31716 31718
31196 31198
30434 30436
30000 30002
29452 29454
29052 29054
28530 28532
27710 27712
26660 26662
25908 25910
25180 25182
24186 24188
23582 23584
23124 23126
21764 21766
20554 20556
19810 19812
19656 19658
18558 18560
17582 17584
16876 16878
16514 16516
16114 16116
15750 15752
15220 15222
15002 15004
14308 14310
13802 13804
13474 13476
12972 12974
12146 12148
11896 11898
11388 11390
10432 10434
9678 9680
9514 9516
9130 9132
8510 8512
8046 8048
7172 7174
6608 6610
5440 5442
4934 4936
4558 4560
3836 3838
3266 3268
2508 2510
1550 1552
1308 1310
50252 50254
50514 50516
50904 50906
51630 51632
52194 52196
53206 53208
53998 54000
54456 54458
54780 54782
55688 55690
56398 56400
57620 57622
58520 58522
59362 59364
60172 60174
60778 60780
62014 62016
62674 62676
63380 63382
63960 63962
64544 64546
64882 64884
65224 65226
65908 65910
66164 66166
66608 66610
67600 67602
67812 67814
67846 67848
68266 68268
68470 68472
69724 69726
70866 70868
71600 71602
71928 71930
72348 72350
74170 74172
74676 74678
74952 74954
75948 75950
76280 76282
76612 76614
77684 77686
78904 78906
79796 79798
80258 80260
80896 80898
81412 81414
81734 81736
81916 81918
82554 82556
83452 83454
84232 84234
84664 84666
85304 85306
86048 86050
86424 86426
86786 86788
87558 87560
88550 88552
88732 88734
89666 89668
90102 90104
90176 90178
90376 90378
90882 90884
91170 91172
91700 91702
91870 91872
92368 92370
92612 92614
93534 93536
94018 94020
94714 94716
96340 96342
96640 96642
97504 97506
98502 98504
98716 98718
99286 99288
99712 99714
100114 100116
100372 100374
101330 101332
101758 101760
101980 101982
102558 102560
103384 103386
104114 104116
104518 104520
105382 105384
105808 105810
106638 106640
107660 107662
108422 108424
109814 109816
110188 110190
110508 110510
110958 110960
111454 111456
111798 111800
112252 112254
112574 112576
113734 113736
114972 114974
115904 115906
116390 116392
116790 116792
117366 117368
117866 117868
118328 118330
120172 120174
120542 120544
120878 120880
121346 121348
122636 122638
122814 122816
122860 122862
123522 123524
124026 124028
124578 124580
125056 125058
125294 125296
126434 126436
126534 126536
126786 126788
126916 126918
127424 127426
128212 128214
128394 128396
129630 129632
130398 130400
131476 131478
133106 133108
133486 133488
134566 134568
135346 135348
136594 136596
136978 136980
137906 137908
138940 138942
140156 140158
140232 140234
140720 140722
141096 141098
141824 141826
142324 142326
143078 143080
144268 144270
144676 144678
145418 145420
145980 145982
146592 146594
146878 146880
147664 147666
148208 148210
148258 148260
149170 149172
149766 149768
150572 150574
151286 151288
151618 151620
152134 152136
153322 153324
153768 153770
153840 153842
154360 154362
155028 155030
155610 155612
155896 155898
156684 156686
157106 157108
157548 157550
158252 158254
158904 158906
159592 159594
159990 159992
160630 160632
160894 160896
161708 161710
162150 162152
163258 163260
163546 163548
164156 164158
164564 164566
165958 165960
166864 166866
167642 167644
168086 168088
169184 169186
169914 169916
170596 170598
170832 170834
171520 171522
172174 172176
172576 172578
173392 173394
173904 173906
174636 174638
175148 175150
175922 175924
176180 176182
176554 176556
177166 177168
177916 177918
178826 178828
179020 179022
179312 179314
179500 179502
179868 179870
182100 182102
183212 183214
184062 184064
184352 184354
185372 185374
186624 186626
187008 187010
187736 187738
188656 188658
189310 189312
189818 189820
190544 190546
191828 191830
192684 192686
193248 193250
193572 193574
193858 193860
194276 194278
194382 194384
194682 194684
195062 195064
195612 195614
196374 196376
196726 196728
197122 197124
197670 197672
197948 197950
198468 198470
199074 199076
199586 199588
199778 199780
200832 200834
201006 201008
201534 201536
202654 202656
202846 202848
203178 203180
204092 204094
204754 204756
205494 205496
206760 206762
207172 207174
207552 207554
208222 208224
208392 208394
208682 208684
209548 209550
210076 210078
210514 210516
211698 211700
212758 212760
213358 213360
214580 214582
214794 214796
215124 215126
215892 215894
216188 216190
217130 217132
218354 218356
218956 218958
219830 219832
220354 220356
221234 221236
221784 221786
222656 222658
223350 223352
223502 223504
224372 224374
225904 225906
226512 226514
227502 227504
228132 228134
228824 228826
229072 229074
229730 229732
230192 230194
230522 230524
231090 231092
231352 231354
231948 231950
232274 232276
233168 233170
234030 234032
234558 234560
234992 234994
235764 235766
236084 236086
236826 236828
237430 237432
238076 238078
238474 238476
239174 239176
239854 239856
240336 240338
241206 241208
241904 241906
242128 242130
242212 242214
243024 243026
244078 244080
244386 244388
244964 244966
245916 245918
246764 246766
248078 248080
248160 248162
248926 248928
249798 249800
49721 49723
49167 49169
48703 48705
48085 48087
47385 47387
47131 47133
46605 46607
46333 46335
46087 46089
45319 45321
45115 45117
44871 44873
44103 44105
42251 42253
42031 42033
41049 41051
40119 40121
38921 38923
38445 38447
37971 37973
37617 37619
36439 36441
35967 35969
35595 35597
35247 35249
35189 35191
34919 34921
34295 34297
32987 32989
31935 31937
30909 30911
30413 30415
29941 29943
29565 29567
28625 28627
28043 28045
27615 27617
26885 26887
26799 26801
26441 26443
25825 25827
24849 24851
24347 24349
23997 23999
23153 23155
22559 22561
21819 21821
21587 21589
21177 21179
20051 20053
19897 19899
19671 19673
19147 19149
18349 18351
17427 17429
16241 16243
15469 15471
15167 15169
14455 14457
14167 14169
13605 13607
13087 13089
11643 11645
10869 10871
9695 9697
8869 8871
8763 8765
8035 8037
7719 7721
7301 7303
6593 6595
5667 5669
4985 4987
4189 4191
3003 3005
2539 2541
1953 1955
1477 1479
1053 1055
50527 50529
51439 51441
52285 52287
53599 53601
54163 54165
55401 55403
56313 56315
57181 57183
57215 57217
57695 57697
59089 59091
59791 59793
60191 60193
60489 60491
61203 61205
61883 61885
62413 62415
63023 63025
63507 63509
64031 64033
64481 64483
65391 65393
65601 65603
66135 66137
66963 66965
67495 67497
68005 68007
69037 69039
69567 69569
70215 70217
70761 70763
71375 71377
72181 72183
72555 72557
73583 73585
74691 74693
75199 75201
75675 75677
76335 76337
76513 76515
77227 77229
77303 77305
77425 77427
77727 77729
78577 78579
79369 79371
79855 79857
80419 80421
80893 80895
82019 82021
82633 82635
84007 84009
84985 84987
85615 85617
85881 85883
86093 86095
87259 87261
87729 87731
88173 88175
88811 88813
89001 89003
89571 89573
90343 90345
91435 91437
92229 92231
92577 92579
93211 93213
94083 94085
94581 94583
95387 95389
96045 96047
96735 96737
97337 97339
98157 98159
98427 98429
98939 98941
99483 99485
99779 99781
100379 100381
101409 101411
102037 102039
103191 103193
103731 103733
104223 104225
105007 105009
105537 105539
106031 106033
107271 107273
107771 107773
108257 108259
108723 108725
109919 109921
111361 111363
112829 112831
113461 113463
114071 114073
114841 114843
115665 115667
116529 116531
116969 116971
118349 118351
119079 119081
119863 119865
120327 120329
120387 120389
121849 121851
122573 122575
122733 122735
123209 123211
123943 123945
124543 124545
124851 124853
125121 125123
125855 125857
126711 126713
127175 127177
127955 127957
128387 128389
129609 129611
130777 130779
131047 131049
132027 132029
132651 132653
133397 133399
133929 133931
134337 134339
135243 135245
135983 135985
136621 136623
137155 137157
138153 138155
138417 138419
139231 139233
140661 140663
140913 140915
141531 141533
142275 142277
143773 143775
144115 144117
144789 144791
146013 146015
147097 147099
147901 147903
148607 148609
149151 149153
149551 149553
150431 150433
150745 150747
151977 151979
153053 153055
153797 153799
154263 154265
155227 155229
155609 155611
155947 155949
156965 156967
157511 157513
158133 158135
158315 158317
158841 158843
159235 159237
159839 159841
160335 160337
160885 160887
161545 161547
163431 163433
163791 163793
164627 164629
165255 165257
166099 166101
166933 166935
167365 167367
167975 167977
168865 168867
169839 169841
170287 170289
170519 170521
171087 171089
171531 171533
172399 172401
173223 173225
173439 173441
173579 173581
174763 174765
176579 176581
176875 176877
177713 177715
179165 179167
180093 180095
181223 181225
182371 182373
183073 183075
183879 183881
184587 184589
184897 184899
186251 186253
187039 187041
187665 187667
188465 188467
189167 189169
189817 189819
190051 190053
190279 190281
191021 191023
191585 191587
191817 191819
192003 192005
192407 192409
193351 193353
193435 193437
194711 194713
195185 195187
195495 195497
196019 196021
196853 196855
197341 197343
197547 197549
198033 198035
198901 198903
199791 199793
201443 201445
202333 202335
202549 202551
203567 203569
204175 204177
204969 204971
205693 205695
205879 205881
206323 206325
207529 207531
208819 208821
209253 209255
210055 210057
210827 210829
211663 211665
212299 212301
213511 213513
214137 214139
215703 215705
216699 216701
217241 217243
217365 217367
217783 217785
218435 218437
218663 218665
219035 219037
219953 219955
220497 220499
221363 221365
221725 221727
223457 223459
224305 224307
224751 224753
225441 225443
225753 225755
226093 226095
227201 227203
227295 227297
228047 228049
229283 229285
229621 229623
230665 230667
231143 231145
232057 232059
233713 233715
234115 234117
234699 234701
234963 234965
235569 235571
236825 236827
237623 237625
238219 238221
239345 239347
240613 240615
240891 240893
241857 241859
242479 242481
243129 243131
243675 243677
244781 244783
246007 246009
246217 246219
246839 246841
247285 247287
247907 247909
248587 248589
249691 249693
