2396 4895 1631 2299
1322 338
1009 79
171 1303
161 1975
221 643
2205 363
2281 715
933 123
743 1603
2369 2003
417 2059
1465 1
34 904
609 2377
441 105
1233 301
873 2015
2249 159
1909 493
959 2313
109 1175
1545 317
35 2291
97 1295
699 1913
105 1671
2349 961
675 2229
641 141
165 389
112 163 2299
103 1599
1969 956 2299
1086 362
2261 1965
147 1851
2313 625
1869 477
1801 385
1407 259
2135 775
173 2219
141 2253
2359 113
332 1712
1269 337
1395 101
1583 587
655 2299
2393 1851
411 2309
1423 251
231 1555
2105 989
2307 135
2387 2155
2165 1811
1454 600
2205 463
1137 103
1813 2151
513 1699
1884 1163 2299
713 1575
2049 581
2027 189
221 1825
1020 550
1297 37
447 2139
463 1817
2099 2383
547 1597
1095 2391
2019 201
2215 927
625 2113
1883 1491
1725 137
628 4
1557 1165
1603 315
1521 481
1977 157
2357 2129
2087 423
879 1959
1191 932 2299
1587 101
637 25
2049 717
439 1431
1209 2127
2347 882 1631
275 1339
311 1859
873 61
219 1403
169 1059
1721 2057
226 2261 1631
1625 105
793 65
2317 1069
899 2159
44 185 1631
2315 1915
1655 29
827 1981
1967 303
511 1567
221 1333
153 2135
2267 541
812 2244
1506 300
2317 1385
1211 277
1900 646
2263 1869
1187 373
1217 103
1999 1249
2019 395
1149 2361
109 1237
657 1849
1147 2011
1227 1305
1037 1939
1831 3
2345 1623
141 2213
1259 2233
611 2361
627 2041
617 1707
2137 183
499 2237
2373 7
1671 691
2281 621
101 1331
174 2080
2249 69
351 2211
329 2363
17 887
2181 1395
2379 149
2227 907
2319 1421
2129 401
2321 1925
416 1462
1791 765
130 115 1631
1813 211
899 37
2119 1089
1845 654 1631
2021 2395
985 1813
145 1963
969 2195
797 2339
429 2375
2391 5
2317 293
1705 2375
1871 743
111 501
1543 745
1379 2393
2133 843
1515 545
601 1779
2383 387
294 2370
963 41
345 1161
677 1029
1335 2269
29 1805
2343 2129
257 2151
35 1335
263 2103
703 2093
723 129
1595 725
241 1319
2340 56
1181 1655
1345 2319
2391 793
297 823
2365 2141
2257 735
1023 2157
635 1580 2299
1961 197
1103 2145
1573 27
1763 841
1925 39
741 1399
175 2003
2027 225
285 2199
2391 685
115 2243
785 69
528 294
452 1072
193 301
1333 1873
1221 3
1269 3
1955 751
397 1939
85 955
1409 449
137 887
279 81
71 1631
240 2107 1631
2367 157
1711 215
691 1429
1417 527
811 367
2215 2009
1503 1905
1939 330 1631
1423 2257
1120 1249 2299
247 1423
317 655
1123 319
637 537
1783 2127
1297 2249
2387 963
845 283
2385 2241
771 2039
91 2053
2301 539
225 1895
395 1801
36 1608
1483 2365
2069 337
385 1843
257 2277
947 31
1421 645
385 903
2034 66
1207 213
2323 1349
2203 91
633 2389
965 715
1907 229
1661 1505
2133 317
2163 671
2289 1619
431 1333
435 2307
127 111
1939 85
1401 177
1647 307
215 2311
485 563
1187 1607
803 1103
2219 1291
1155 249
1757 561
2355 835
2241 175
10 1400
133 2303
1536 36
707 2373
1311 2195
775 1971
2243 1511
213 531
1701 79
11 1523
1141 2091
2269 39
51 1621
1986 124
161 1907
2331 2237
1183 665
1215 732 1631
1249 241
209 2299
2299 61
2287 267
2161 341
2157 1237
751 2119
573 2003
999 601
2325 1195
1217 2283
963 2395
476 2232
1577 139
605 1537
2297 1169
173 987
1703 107
1603 919
2217 151
2045 2337
605 2071
809 1197
2227 127
31 1551
1717 375
2035 743
1893 111
1095 2111
1643 11
1957 2277
22 1544
1457 513
2393 627
1907 69
2347 113
1034 140
2019 97
553 1695
2353 773
85 918 1631
1699 69
477 1835
1103 129
1313 1745
2375 763
2257 451
2217 681
55 1063
75 1069
637 951
1549 2353
2211 1829
757 1777
507 902 1631
1149 2357
595 1299
357 1735
1177 2105
59 2175
1980 176
2029 2017
359 1937
1865 259
2205 1059
710 124
99 1871
949 13
165 1311
2365 1089
1939 511
1807 121
1794 798
206 732
2389 1113
673 2315
53 2167
2079 1501
179 187
1149 41
1845 2319
287 2251
388 1826
7 2169
85 2225
1721 2367
863 797
1007 2387
2157 687
233 1975
2057 15
2097 111
1396 24
49 499
1473 183
2327 285
2297 541
1275 2157
233 779
203 1015
2159 807
2191 199
1631 583
267 871
424 990
970 728
245 2105
2063 1113
1549 1013
1051 1663
2219 1061
5 2081
689 643
124 1792
2351 2155
877 2153
2297 515
193 2153
621 2361
323 2021
1985 11
939 145
1639 307
74 1482
1014 250
1229 2389
343 2247
1487 847
89 887
1421 2393
1081 2177
1767 121
2369 2259
797 2389
306 2021 1631
527 27
547 1521
357 1285
2135 547
1709 2135
1491 2373
1429 173
175 1521
61 577
1579 2395
2389 647
1321 889
1017 2109
2047 2291
19 1133
47 1273
2005 865
1261 2333
1309 2363
835 2313
2287 143
1583 2349
1701 2247
371 31
5 817
1703 2145
2217 113
1045 153
1953 985
2209 867
1412 310
2377 1491
2297 141
1805 2223
2129 1569
25 279
370 1318
565 7
1223 189
451 183
333 957
2013 89
1239 231
85 1919
1669 239
17 137
2379 1531
476 1054
985 249
673 2275
897 1453
1021 1769
1669 461
330 1508
1771 1338 2299
2069 369
1551 1101
211 2231
2081 1561
1151 5
110 948
919 2383
12 1814
587 111
626 540
1855 1421
137 1827
1381 2103
2204 270
949 1777
1151 2309
1037 2187
2329 161
363 763
2071 433
242 936
2327 683
195 787
2147 91
1729 447
2357 335
2349 957
1721 190 2299
2215 679
1859 417
373 1571
1487 1505
2301 1579
1337 671
651 2149
1767 1241
604 1900
1745 43
282 1804
1265 1275
649 233
693 165
1329 815
461 2279
723 1759
1847 2325
319 113
483 2047
1043 2161
890 48
1329 921
1497 245
1243 2263
83 837
2271 1139
2385 2135
33 1429
783 1067
1853 601
661 2293
2335 1967
1234 110
2167 931
1509 721
255 2385
433 2081
2167 883
1181 17
2165 557
2353 595
1231 125
915 183
1651 961
57 1743
179 1141
59 2393
691 2301
2121 1327
517 2139
2379 1223
842 1887 1631
2275 525
2255 1871
137 2287
917 1943
597 1465
705 725
467 1823
2117 2019
359 1583
137 811
317 1331
5 1009
2009 2291
2329 701
525 1831
1333 709
2361 795
555 2363
25 845
897 1690 2299
679 1963
1117 65
627 941
131 941
238 1082
1795 83
307 1497
1901 211
51 1259
2085 1811
2197 1641
897 1771
86 1338
901 2365
31 457
2379 2149
1869 85
565 1995
2081 969
569 2321
1859 1529
1529 965
1415 511
347 2347
813 659
2377 2257
2215 2391
98 1048
123 1183
2267 315
1995 1235
43 2203
1873 1215
49 973
1179 645
1984 250
1381 575
95 597
2199 833
2295 355
2349 511
1797 2313
2257 446 1631
2327 275
157 777
79 1183
167 699
1477 121
1215 177
223 1367
451 2253
785 29
2327 1377
2151 461
1545 179
2197 543
875 141
2259 45
2371 1179
1647 523
675 465
259 2093
2083 893
145 1551
986 100
1697 2361
200 110
169 773
221 1667
2125 1495
1645 2375
2103 1023
2353 231
1559 3
2117 389
2125 275
1863 1461
1 1993
2045 385
1629 251
1523 315
1543 2151
2197 2393
1383 2211
289 2035
253 1627
1163 127
100 1114
785 163
1668 304
2381 967
2315 1129
2389 763
187 1675
115 2375
2047 75
965 827
1960 4
165 783
823 2269
1671 2193
1293 2105
2061 199
1553 2395
1210 42
61 1033
55 1121
1371 149
845 193
263 1537
2351 2135
2127 381
379 1239
997 25
1449 756 2299
585 2171
2037 977
2113 259
781 769
629 2237
1481 625
1877 51
2389 749
1275 1281
689 1653
629 207
369 1989
727 467
2309 287
1325 15
1379 1383
289 2305
2259 287
1477 35
2339 1331
1167 617
1627 307
1643 319
2293 2112 2299
2095 1607
237 49
603 855
193 881
1519 143
518 1573 1631
185 1897
1769 5
283 1697
2265 429
1105 2361
103 2299
1823 2349
1693 2199
1103 177
2387 227
921 123
2035 5
403 2167
211 2161
2007 103
589 2081
90 652
2371 1413
1965 2293
2349 1837
2193 567
2067 451
1605 197
443 2187
319 2217
2151 63
108 2066
131 1667
787 2311
2087 41
1621 2029
2085 749
5 1059
1471 907
78 2234
1679 1739
1967 2343
613 1283
211 995
2327 117
49 1095
1153 2315
1275 167
1723 51
2373 1201
1823 2385
995 1940 2299
2377 41
14 434
1987 223
1904 128
2281 2029
2044 458
123 1505
1111 1381
1241 333
1927 213
550 2226
1145 1365
941 1475
2033 899
673 1275
2041 685
13 1107
1505 685
2163 23
2249 517
2247 2033
1787 547
53 1893
369 737
2247 507
1533 67
81 2325
1865 2321
2251 805
1519 2365
1779 2249
2215 163
2129 837
2233 597
571 1783
2135 1457
229 1181
1091 17
2075 1011
757 43
1635 2191
2109 543
1199 1725
1707 393
755 769
2305 1513
797 2147
37 1925
117 1621
1479 2263
747 1509
1813 2197
241 267
1709 113
677 1811
45 721
900 150
2173 1075
2193 1313
957 1933
2287 920 1631
1713 693
1825 427
801 33
104 2330
7 1279
969 2361
1927 755
155 2357
1229 2351
1575 939
123 183
869 1369
1817 907
445 1851
305 2157
2067 139
1839 1123
169 2057
1303 313
371 1533
1017 297
1765 227
1193 265
2167 1355
1071 1915
151 1114 2299
1345 2337
1717 525
239 1551
2395 587
2305 897
2291 1235
2315 293
361 69
585 2303
1683 417
731 11
1358 476
1541 1819
1923 867
211 1019
1569 61
449 1723
1653 13
2283 1197
1037 331
823 197
2235 1773
2065 179
393 919
1777 173
353 43
323 1693
1027 609
816 426
585 1567
2311 171
605 85
7 1507
549 1557
619 2335
615 1813
941 2129
985 2117
118 1408
463 1037
765 2001
1497 185
70 514
901 2049
1615 2245
775 1417
2139 131
1787 109
1699 947
1961 91
843 2183
2059 71
2355 397
1603 2381
2123 707
1767 645
1085 1851
1451 57
379 2231
1389 9
1163 1665
315 289
1767 2391
2361 519
205 1923
1459 1705
1135 1879
915 175
121 2227
1395 2359
793 185
189 1995
2247 319
283 2139
1083 2195
2261 611
1505 625
3 501
659 1393
1921 2049
2123 145
2091 468 1631
2381 1883
1437 203
2391 1523
2343 1373
123 715
399 1793
379 197
71 2255
2375 79
329 2295
377 2221
681 1781
645 1645
1308 98
2243 555
2285 1523
549 1545
2325 635
2309 1199
2223 43
2379 311
1077 868 2299
1531 1689
305 2205
2359 13
1935 221
211 1893
1723 2087
777 772 2299
329 2145
1059 1837
975 247
410 26
574 1846
231 1363
27 298 1631
2159 87
1617 2045
2111 1535
319 1797
325 2285
2261 215
2281 1097
2379 135
1461 2095
519 1299
601 1167
211 35
2291 401
53 527
1409 2379
73 1393
1739 203
585 2273
2383 1577
741 2035
2343 913
983 473
1597 63
2363 165
1431 2239
1129 513
143 1559
2391 1153
1413 157
1785 939
1663 19
1087 305
1535 1963
2089 1803
152 2002
1611 1029
1179 1611
523 957
1185 925
39 1559
1861 101
1393 53
823 1775
540 1896
2265 973
553 1599
2183 2264 2299
2259 587
2107 167
2193 725
317 2337
1129 2193
893 817
421 77
2298 338
2389 1227
81 1087
2073 155
33 1297
109 1095
2187 407
154 616
2309 1357
633 69
2193 27
2391 519
455 891
333 1475
2377 1809
1511 273
1935 151
153 2137
463 1409
1001 331
2383 1193
157 339
421 2029
2383 245
1391 539
705 17
2329 291
379 377
285 1815
343 999
1515 931
51 1969
368 2290
459 2369
2189 1455
600 224
69 1501
2316 495 2299
749 1715
206 2390
895 1721
1735 493
319 2251
39 919
213 999
285 867
1753 887
2307 1823
2053 1551
1097 837
2157 563
283 1389
590 6
1303 2103
2185 1857
253 1003
1023 1771
509 869
249 1453
933 2205
989 1031
1935 563
1406 846
1355 1973
1547 559
1761 259
2331 255
533 2261
73 903
929 1479
38 1680
2001 1111
2347 453
555 668 2299
226 2296
900 1423 2299
590 2
2225 2079
1097 1775
1757 557
1559 115
2309 1331
2191 1941
2183 1851
445 1613
987 2351
481 1971
379 2233
63 2277
1775 63
2383 69
2323 1617
2147 893
573 1819
375 2231
901 259
1065 2095
149 2361
67 507
1981 2325
777 609
1905 77
333 2113
1815 665
1743 1369
135 2261
1413 2321
1729 661
243 2261
1151 213
27 2151
397 1549
615 1709
525 2329
975 2367
2319 1055
2107 251
1681 661
321 315
851 371
175 2025
83 749
1673 305
215 1143
915 2335
419 1159
187 1659
2183 477
1939 2299
137 1349
2351 1417
2211 331
2099 543
39 2217
2269 1125
409 1657
2059 467
2049 271
2065 153
111 989
1687 703
1909 531
1621 2049
1449 2311
765 2373
839 2325
2201 877
2023 141
123 2125
183 1661
49 845
2197 1599
1933 993
1839 2227
2149 1183
2367 851
1935 1123
2013 79
1491 699
2177 427
1971 233
112 1986
433 153
2261 1747
2197 69
2183 341
2251 1179
1611 2093
2281 1113
481 1861
83 2185
1465 2379
346 2202
649 2385
1301 1581
2355 675
7 1285
2077 1055
1913 1155
2277 1745
2181 515
2355 579
2353 1375
83 1083
791 2383
1095 1139
11 597
2127 449
385 2131
325 2085
1241 1639
278 929 1631
934 2224
1779 409
447 1513
877 1575
296 606
2169 797
3 2115
419 2087
2029 2315
131 1251
277 951
1309 17
1349 2053
1533 563
1019 105
2217 69
2363 737
2073 931
2071 1009
580 1992
1299 513
342 2168
2297 941
1955 219
1979 55
2317 771
1589 263
123 529
2103 345
31 677
72 1366
943 245
1073 299
2129 779
1409 1195
933 369
1365 2299
1673 993
1889 1255
131 1755
2332 440
527 2147
1513 127
1213 2359
13 2317
25 1821
2095 289
103 1017
2387 41
1161 2141
131 1331
73 849
1238 80
2011 417
2015 273
1236 28
1005 2251
503 1277
75 1823
731 1549
725 1925
2343 271
1399 2018 2299
593 1835
1343 5
162 1974
51 2287
77 2259
1623 17
82 574
259 1247
853 1575
2197 1769
219 2017
1363 2371
327 1276 2299
561 1893
105 1613
1779 523
971 1943
1549 1331
2058 54
1729 851
1913 201
1677 2039
421 2229
1905 187
421 1531
635 1391
669 171
123 2339
1505 1507
407 1117
2375 651
1739 105
1271 1489
2005 337
1373 271
975 2101
189 1951
847 1507
25 1509
1643 2169
1603 1159
497 1653
1301 2329
1557 2345
240 2220
203 783
267 1915
1712 34
953 2383
1653 2363
1291 2313
301 27
2247 535
1645 567
1345 757
147 1089
1219 2217
239 49
997 115
2283 1235
2089 569
1995 1337
63 1193
193 2359
1761 2373
1721 727
845 2367
2001 285
833 2271
75 1183
313 2219
2239 161
959 455
111 9
1446 114
1959 191
2361 1837
1984 928
2111 2379
283 1723
2103 261
1209 693
604 268
511 1747
61 1089
79 1375
1859 599
777 2199
1050 386
1197 2395
1568 92
2305 489
1325 1457
1043 63
1469 1939
2131 763
2027 2199
639 2203
1055 231
705 1739
2251 1629
1241 1089
277 1815
2279 1239
61 551
13 2367
2033 959
857 2103
1725 179
2379 859
1035 1653
1423 197
1389 2073
67 1583
1255 1855
2229 973
1825 1057
2005 1107
1801 13
2283 1501
1527 317
1091 735
779 2271
603 1909
2273 1919
1591 2391
17 1877
821 2299
1987 209
2375 935
572 626
1885 177
1483 2151
681 2365
2359 27
2149 759
1767 1171
1415 115
402 1116
2223 441
2373 209
1417 429
1575 303
1727 2175
2389 171
1087 2059
426 2374
182 1420
479 2289
1543 931
2335 47
1951 2243
1644 360
537 1275
1499 77
209 2185
1279 1975
671 1711
193 949
603 2349
674 1166
2371 257
1139 1915
1436 68
659 251
137 2363
1719 2315
119 2365
1145 101
191 2239
2385 1835
153 1601
2335 1441
219 1861
453 2363
257 2171
15 2027
20 1828
949 979
243 1279
2291 1101
445 2391
1998 408
797 43
1961 225
2267 255
1065 943
2025 693
2323 555
253 1605
1957 105
195 1033
377 344 1631
2353 445
2293 1117
27 1879
349 1545
2351 133
1989 641
87 1423
921 2313
529 1835
2359 815
2145 737
2145 62 1631
1341 33
459 169
333 2189
1727 881
1906 214
469 143
2225 983
161 1955
2101 389
1683 1639
2227 1257
2171 275
3 941
2075 1103
2271 899
795 2279
65 1421
2123 21
2339 1389
191 97
1531 619
2209 771
397 2357
2351 1815
912 971 1631
289 1275
1513 21
55 2273
2251 2039
173 21
469 1307
623 1991
96 1906
1001 889
1308 306
23 1193
469 1085
2273 971
2041 466 2299
1677 595
2333 1227
243 1245
155 809
2305 937
1731 865
1367 2027
275 261
975 2341
2073 1711
1047 2061
479 1599
1423 2361
871 1837
1575 699
33 1577
2349 525
1531 41
806 1993 1631
655 2365
130 1356
235 1101
1049 5
107 909
2129 1437
2153 789
2365 1575
2276 24
171 1883
2353 1509
2387 913
2355 633
711 831
121 2393
2005 235
645 2029
779 47
1683 887
517 2077
1809 2297
850 1313 1631
1723 361
2229 1487
1999 865
197 851
949 569
2337 1417
340 68
2215 507
2127 1335
2127 645
1379 1531
1671 2369
1929 487
527 1549
2381 739
149 2163
2373 429
1775 2377
1173 359
1585 103
621 2333
2083 1579
95 1263
455 2359
15 1143
329 857
641 2365
2153 2009
347 1963
1873 281
315 2175
549 1689
1769 1375
309 2081
127 2283
2383 729
1899 59
1741 2301
1987 303
223 817
1345 1961
2351 839
2295 687
1685 2353
2003 771
121 939
95 411
1987 2385
2125 1925
425 2385
2153 365
1977 261
31 1289
27 845
1473 1129
388 869 1631
187 2361
1421 2183
343 311
1447 385
1929 191
2272 236
323 203
1687 2203
2127 257
351 2207
897 2085
2249 155
2237 107
1461 473
107 1771
1937 2111
1965 273
133 1409
983 1362 2299
843 1849
1519 323
753 2219
161 2173
2335 1907
2301 1441
2345 818 1631
1641 449
2289 789
53 699
373 2169
1001 39
231 1835
1281 286 1631
1599 485
391 137
1743 337
383 2369
251 1987
413 2135
2289 2305
403 2045
214 1406
1559 1507
221 909
35 339
1886 1917 2299
1135 2317
27 1419
2229 1171
473 2341
443 2271
123 2265
685 1847
401 191
317 1061
1683 2316 2299
111 1231
2041 81
2029 1409
2269 1381
1229 565
547 243
653 795
1981 983
1857 351
2121 177
719 2387
2269 793
339 1881
43 1523
1109 2291
2323 1695
1549 17
2069 431
511 2101
2027 921
225 2359
740 72
113 503
1387 2179
1509 409
1937 1311
735 79
2019 1015
1141 425
1897 39
1443 17
650 1403 1631
1899 99
2327 137
1041 2153
2195 323
1925 59
105 2147
153 2337
151 2299
113 1969
1148 638
2095 1619
253 1851
487 2339
2365 1195
2171 785
71 831
1371 161
75 2395
50 866
169 1839
551 2335
415 2163
2001 321
2309 1923
2395 1947
2285 429
99 2105
741 255
616 1898
179 961
450 306
677 2277
1689 63
415 689
2093 159
660 1831 1631
1997 1429
2189 35
495 53
2061 1156 2299
2349 1345
2091 751
215 2125
2201 397
919 2147
2303 1619
1103 2387
967 207
1917 1241
289 1917
2039 29
207 1423
1901 309
2337 533
2247 685
1387 859
1877 921
389 2251
1847 687
2069 289
2379 7
646 86
2187 1889
1445 619
1595 627
1699 77
787 2249
60 422
101 1639
1899 2337
227 2039
1054 100
1063 2381
775 1801
1913 129
1871 2385
2053 2065
1689 11
2391 1279
221 1389
1340 260
205 1401
2119 249
1228 348
2019 960 1631
41 2083
1343 2315
2303 1263
1656 94
1781 329
2109 649
171 1999
2283 693
313 2149
147 857
1128 126
2299 687
2383 765
17 1711
235 1509
1957 141
181 1585
1313 2181
1823 127
379 2205
1955 119
2167 521
2083 221
327 1575
981 1763
2391 1633
100 1736
333 1821
2047 445
2191 145
1079 2129
1693 75
597 2167
1801 797
609 1945
2311 191
2365 227
265 79
768 1375 1631
127 2295
2389 1807
1389 2065
1849 279
1969 2255
235 1933
2083 1791
583 2373
2251 649
1733 2153
2033 581
2077 1745
2267 1537
707 2265
311 1519
1999 1151
1327 2337
2375 89
1785 1149
1373 343
1356 386
759 1193
1713 207
193 1597
1675 53
2385 1657
1309 1913
410 1444
1273 2167
1065 2209
753 2263
1935 2369
1579 217
849 2097
1795 409
2205 1527
1371 418 2299
2021 289
45 1789
2131 897
717 1575
2107 333
253 2249
1863 121
111 577
1109 2387
1037 2127
85 1991
61 178 1631
2347 1621
2347 1229
1689 2387
295 2207
1171 983
2139 2295
453 2005
111 1547
2095 525
811 65
467 335
2257 1229
925 2169
1305 2393
1379 183
811 2233
751 1685
1623 1903
1985 957
97 1661
2243 423
472 1101 1631
448 9 1631
333 2303
2153 565
53 2171
247 2395
1413 353
1317 381
2213 883
993 265
487 2353
2281 683
2103 1569
2023 541
2389 1347
971 2379
2167 733
2265 847
2009 1893
1281 135
2179 753
255 1093
603 2279
463 2385
2391 509
2127 2363
343 2387
21 545
1093 119
2199 921
1891 1029
457 845
2395 709
368 2383 2299
1955 557
2265 1925
15 1929
195 1285
1595 739
537 449
1855 281
2145 531
2365 455
2307 375
33 505
2367 387
2071 641
2122 206
385 2185
2213 2347
2337 1569
1295 2287
1659 2257
561 2111
2233 1083
1549 85
1258 452
229 2205
747 2141
2025 763
2345 1717
272 1580
79 417
1173 1741
871 1919
2377 607
87 1461
22 1624
2019 73
59 1643
281 1487
1805 575
1503 1835
2 1302
385 467
2287 755
1167 2071
2299 1069
155 617
23 1153
1515 1609
2017 419
1697 901
1397 221
765 1783
1054 1817 2299
843 2371
129 731
400 272
2199 161
2327 25
2255 1049
275 1443
1699 1123
1195 2347
581 1963
179 1679
2053 157
463 1681
209 2305
1893 583
894 1811 1631
2171 889
1939 391
403 1493
2299 395
1701 2355
9 1991
2231 1437
213 2293
565 1685
21 995
2236 36
559 993
73 1007
2275 1105
2235 1821
15 407
869 1979
2105 107
1027 2079
2279 43
174 1074
2363 2021
157 2275
1161 2323
1805 543
481 2171
543 845
1175 177
1627 965
111 849
97 623
801 2359
71 2103
1797 325
1885 933
1251 105
1725 121
1861 2273
2093 1879
307 1937
374 1708
335 2193
289 1499
2291 1649
951 2117
2039 69
2003 2335
697 69
2003 289
64 1262
135 1309
19 1229
1377 375
1221 117
2209 15
1561 143
776 261 1631
2237 1277
2209 2109
1607 1555
1197 1
2351 651
675 1884 2299
43 1315
1303 295
1751 985
267 2257
1305 401
1595 2329
1753 379
2305 1113
1265 703
541 2131
1680 86
2193 83
169 1625
1029 983
979 2389
701 1485
763 1761
2197 73
1993 2375
733 1971
2051 217
935 1675
1111 443
2363 1117
1367 267
544 56
1997 145
1727 99
1466 74
1099 2377
1159 131
1875 1053
1481 2217
152 580
232 1622
1629 2341
219 535
1251 2391
1021 77
7 1839
2223 973
861 27
1647 181
2301 781
2365 1343
1267 2279
597 2165
2347 1545
1304 148
1345 2217
565 1761
2341 1569
2297 207
1779 387
1291 921
12 1374
1171 2391
1897 189
601 2385
5 937
313 2251
2129 1745
2197 1877
2039 179
2077 1751
1735 949
2193 61
1271 755
2235 295
255 1477
519 2223
409 1281
404 380
2223 651
843 1705
2343 579
2357 45
361 1865
289 285
1849 1
491 2075
705 1763
56 432
231 1005
285 1111
1303 2335
453 2153
1683 1905
1401 69
1731 165
2331 43
1437 2387
263 1843
445 115
2199 571
1926 12
1711 1811
657 2142 2299
894 102
1871 2123
779 1709
1661 235
441 2387
1765 373
1025 1387
1233 1845
205 791
1727 2287
43 1419
1305 2119
2047 2037
88 1242
981 1769
503 1915
2167 2001
92 2204
731 1409
2387 169
92 452
2065 397
2353 1735
2197 175
1934 911 2299
1213 2303
367 2131
243 9
799 2315
1915 289
1637 2369
577 2099
1056 46
2379 563
112 314
1945 2175
2209 127
2319 253
2202 238
1831 31
2357 763
3 1629
971 2085
1966 66
597 1457
2003 920 1631
1833 75
358 2038
1197 1617
36 1038
2361 1371
1479 35
93 1149
2315 827
7 1383
2301 1853
2291 621
329 1691
1895 2307
2359 257
485 2315
73 2377
467 1365
1499 1041
671 2025
2011 2249
79 2365
1788 432
341 2111
359 2219
1857 461
57 2167
1885 659
1363 59
1345 2243
2237 2019
169 745
2257 379
329 7
1640 52
1431 651
2119 2359
1704 30
299 925
1887 127
1627 299
839 1855
1196 438
133 157
289 1175
2027 652 1631
231 2367
485 1077
665 245
2091 2373
666 112
1528 66
1657 109
1283 155
2287 1247
2103 1517
1897 585
1951 2325
1595 731
2253 1511
1524 2193 2299
1431 2347
737 2185
575 2339
2207 739
1053 2187
19 2321
2373 1839
33 1565
51 403
1571 2371
1653 183
241 2367
2309 217
2365 629
2357 1007
1793 186 2299
395 189
25 2267
1593 355
2381 263
2076 31 2299
1149 2289
2393 195
1585 2383
2234 228
2171 183
1713 1069
971 241
149 2317
1557 729
2105 2205
987 157
953 193
833 67
1087 391
1949 481
913 1625
2147 1047
1975 533
521 2235
945 1541
1193 155
1667 2125
2303 299
1711 2327
777 1967
11 413
119 863
175 2143
1513 223
2323 487
879 2377
1473 2299
20 778
89 1155
859 1677
2267 2241
1733 2391
813 1117
373 321
1289 2351
1576 308
213 2309
1600 958
2113 661
763 121
335 1329
965 83
1321 103
2125 617
689 103
2123 1235
1781 449
1949 205
1137 2157
227 1819
17 2029
1601 995
2105 971
15 2025
2299 503
1643 2123
2071 403
486 1906
29 2361
1247 2353
799 499
1411 2183
1997 135
521 1367
2165 745
313 1557
2349 1987
2161 2393
418 82
2193 937
1133 2255
169 609
641 84 1631
520 252
199 1897
2307 737
2365 1671
245 551
426 728
1895 831
129 2127
50 1290
2359 1347
373 789
2147 611
330 892
1155 687
1091 2387
645 683
1815 779
147 1221
2205 61
1139 2149
77 2201
135 2395
1439 2269
1933 115
2047 1031
2121 111
707 1969
1599 2189
2363 2091
2385 1543
281 2231
1055 2213
2345 887
283 2357
357 1507
689 1667
2203 1547
1885 2349
892 380
123 1135
927 939
1779 285
1833 455
1003 1741
165 1775
2217 545
751 2139
603 2119
1647 175
1943 49
1187 133
2029 2381
633 2301
1727 887
167 1515
223 1769
1181 2361
1715 361
1786 414
683 2295
1429 1565
2233 179
1141 149
2121 977
1259 655
229 1541
965 1679
2379 151
1799 419
1043 1085
391 2019
441 2369
37 915
1115 2335
2113 2279
1735 287
521 2345
83 2391
2297 1131
123 1927
483 1721
243 1107
365 2301
2193 529
61 445
1225 1701
1837 981
226 1461 1631
514 1854
1999 2383
617 2023
777 1911
762 24
429 2347
1179 237
15 1779
1035 215
321 1029
823 98 1631
1457 2321
177 1079
587 1683
2071 1879
1991 647
1327 2299
2361 2313
293 819
159 2367
1879 2311
2289 2037
1387 485
347 1479
823 239
2125 347
1157 1753
691 2089
203 165
2245 895
2215 2345
481 2271
47 1773
843 1385
1275 323
95 1413
2171 1279
893 2019
101 2293
13 2153
2047 2237
2145 997
1893 951
11 1915
113 773
209 1765
1157 125
2113 1747
101 881
901 2145
2193 121
3 565
1245 135
2367 11
1691 561
1874 512
1099 307
197 1525
307 1803
412 946
1803 23
1017 2285
61 2031
274 1700
37 2391
1107 1275
1719 677
1827 2253
2087 1341
1375 1627
2235 1075
2325 287
583 1335
107 1547
1713 69
21 52 1631
2383 1111
1257 391
2339 569
2387 1183
2351 25
299 1967
2126 54
1391 1673
1949 707
2245 608 1631
2279 1799
261 245
1183 173
23 2335
1829 685
2379 2135
347 1409
1150 12
2327 5
177 1927
693 17
1385 673
131 2199
1783 2093
1041 1743
279 2391
337 2165
2165 125
31 1993
115 2259
2339 1207
1281 129
25 771
1251 2247
1730 736
743 1585
2157 1011
1973 1465
132 2380
747 2061
1813 2283
2319 1837
1365 113
131 2111
955 2229
2321 945
2021 2281
1207 83
2107 729
2395 1241
2314 376
39 2351
313 1641
107 2059
147 793
1063 1409
811 1764 2299
2119 649
443 2297
343 973
75 303
107 379
2253 1184 2299
153 1689
1151 243
1841 249
533 2183
2155 839
1417 767
1115 133
83 2267
265 2115
1231 1949
2393 913
2341 1133
1523 1659
1907 1703
213 85
2109 639
1461 73
239 2149
1693 815
2037 213
399 2371
353 1819
793 2049
2139 219
2275 749
2273 1427
121 1441
2327 111
2149 603
285 1461
165 829
1371 41
1793 5
2309 249
109 1939
547 1543
192 167 2299
2043 933
225 2329
2377 577
246 584
427 1729
2203 837
1487 1585
1281 1817
699 2383
223 575
1 1441
1241 2361
1683 2367
613 2231
961 1799
2321 1549
327 2363
2151 1347
263 1755
839 206 2299
1941 2221
77 1927
1539 181
789 1355
529 1179
1875 601
1493 431
77 1915
121 1839
2347 233
1853 1163
2117 1223
1013 1641
1939 1185
2125 31
1655 83
1283 251
1229 117
1859 277
151 2259
2293 787
1953 399
181 833
29 2151
425 2329
587 1645
107 1753
2165 1783
1767 1167
1669 829
59 2353
2363 603
111 1247
2211 249
1871 2351
100 1404
243 2193
15 1315
1321 117
1893 178 2299
1889 755
2128 224
1322 836
280 804
2339 1049
1807 1427
2269 2283
1867 2193
1081 2053
2081 2125
438 2050
17 1687
1603 2391
1087 87
2299 691
917 1813
2197 521
911 1873
625 323
147 1595
71 1003
357 2191
1160 1483 2299
657 937
257 1375
1857 119
1313 1997
283 2043
1947 161
1322 26
1611 311
291 1815
1383 31
223 1685
613 322 1631
9 1225
1187 1861
1903 573
175 1675
451 2225
1445 557
469 1985
657 27
1139 157
873 1947
45 429
2303 1607
1153 101
143 731
1915 377
1653 117
239 1883
423 2179
1291 1511
2379 1195
573 203
2385 955
1407 327
757 2365
2349 625
1115 1733
1393 241
19 2069
1749 365
1421 365
933 2273
1771 211
2291 1989
29 863
115 425
33 813
2183 517
2337 303
629 2307
1698 188
1415 2093
2313 519
2377 1209
698 1968
2143 831
1369 2351
599 2339
1249 191
255 2063
2189 451
969 710 2299
373 377
105 793
2341 493
373 2225
2331 511
1965 311
119 1745
520 2194
999 19
249 2063
1367 2069
1999 159
1443 1091
1603 479
1261 2237
117 2279
1739 329
1649 551
219 1543
221 831
135 457
27 1513
515 41
2313 1869
1437 51
2105 809
2149 1837
1615 2293
51 827
2287 1149
497 11
2311 495
325 2387
2015 219
1303 173
2141 465
1661 61
1785 631
247 1319
2359 243
793 2143
1669 765
349 2361
1355 981
2283 1905
345 1405
61 771
1965 439
1113 25
1856 158
1743 339
1896 658
421 1651
1985 287
676 150
227 1805
2185 203
2171 1629
245 2393
1851 271
1715 2287
1195 955
2215 721
831 1939
2314 236
1158 488
1951 813
159 1265
49 2041
755 2057
1359 481
2365 1339
2383 913
1265 211
1583 865
1723 129
563 1315
2149 569
737 2375
118 1478
185 1963
2163 2367
843 2231
443 1503
138 1250
1501 2367
295 2379
2229 459
61 765
775 1541
2367 1097
291 1153
2033 847
93 1057
2383 1933
1638 178
15 1123
831 1123
423 1789
1795 1369
1235 1957
1951 2259
635 2267
201 1587
101 2209
2237 603
2131 987
2049 1303
1781 15
2199 1373
2189 725
1855 345
2015 2359
2133 95
1359 57
2125 311
225 1849
2381 2119
217 1759
767 2019
388 1316
133 1135
1601 497
232 548
1372 72
950 1784
1453 2257
287 2071
2361 479
1179 253
155 1401
247 1849
1103 2205
790 406
163 2395
473 1549
1711 2201
359 997
699 23
753 1955
1305 137
536 1073 2299
2127 309
941 2269
2119 279
507 2297
993 37
1573 745
603 2031
2003 2179
11 1823
51 2351
1313 147
1951 931
234 1386
1413 399
309 2155
1867 2275
499 1271
513 2353
2231 547
1197 121
1251 1637
1109 559
2087 915
901 1969
1059 23
1893 313
2067 2079
1335 683
689 2309
563 2163
2285 999
5 2287
1606 686
545 1549
838 1807 1631
127 817
1799 489
1779 101
2387 677
2327 65
1717 369
1253 255
67 2047
773 2381
461 2185
987 979
59 1607
2063 2161
549 67
2261 861
1853 45
1247 33
1407 175
1171 2283
2209 181
73 1053
205 2071
1373 2191
2261 1387
851 2199
1715 571
711 1279
2279 437
460 2
2353 1227
33 1795
2283 727
179 1389
2265 1305
414 992
183 1193
33 1705
1213 397
269 519
1879 227
1963 2387
2163 363
797 1677
1958 602
221 2387
425 2225
1275 893
2389 69
1707 87
2393 1315
269 1687
847 2375
1777 133
1779 1739
2253 1753
1947 699
259 1623
1973 2305
281 1945
1569 2333
685 1431
1317 2217
1168 12
867 2069
1567 703
2211 2343
1522 120
312 1814
711 1709
2107 2307
287 2395
2149 67
2339 1017
2085 1387
1731 2147
1739 491
55 2387
1481 343
1359 2339
61 623
1967 181
125 1831
1631 1959
1123 273
239 1404 2299
2365 535
298 614
511 2025
109 743
2117 691
2177 447
2383 305
2043 613
2017 1493
2087 261
291 1215
974 792
2013 1633
1305 2245
25 2285
2175 1213
2101 1503
1851 1071
31 2271
401 319
2099 899
2067 305
2320 368
1811 938 2299
1363 2395
1607 29
307 1361
2187 1805
2203 697
331 1131
101 1647
1613 549
1967 111
2147 101
230 388
1745 639
1885 1639
1787 2127
477 3
147 499
149 1301
1739 1725
1443 127
143 2373
823 31
1061 71
595 1973
53 547
2147 1285
2233 335
1005 1713
2165 315
2259 767
2305 1223
185 2383
977 17
257 659
17 1529
911 1433
1337 353
1747 2203
1445 1137
1371 1369
1907 29
1939 2193
2259 2295
2365 955
2253 1741
1201 1247
239 1545
1631 723
995 1581
853 1961
1499 2393
9 2093
1961 3
37 2079
125 1451
941 2045
2275 1523
1047 215
667 2341
993 225
2383 127
927 2279
693 225
105 631
661 3
376 926
215 1799
491 2145
2299 2191
247 1279
1685 2383
2007 883
1577 353
2255 9
2117 923
2363 415
659 1417
774 807 1631
341 1453
1475 41
1011 2377
831 2249
1225 1697
297 187
1489 469
1265 2053
691 1295
2355 1941
37 619
1485 145
235 1753
1073 25
1283 1591
2057 33
1505 99
169 661
1675 689
135 2147
797 1823
2071 355
103 53
271 1987
601 823
2119 1801
175 2015
763 1745
47 1343
7 1351
261 695
41 1345
1145 2381
1741 829
1121 1577
961 2291
2165 807
2221 181
2009 725
2169 63
239 1971
989 2381
2177 853
1845 2165
2345 1919
2077 735
242 1974
1877 251
45 955
275 1599
163 1041
189 2029
49 1661
171 2327
1361 1847
1781 695
1087 753
2283 466 1631
303 2115
558 1146
499 2021
1623 519
36 1992
1025 181
2109 39
2329 1511
9 2167
919 235
469 1149
843 1767
1119 265
2163 45
2355 1757
2253 2269
115 461
331 2083
2377 1557
2231 1409
309 1687
1789 637
2057 596 1631
2267 1657
2393 2089
1095 2299
1641 2265
1793 2207
1383 2279
2255 523
357 1273
1323 1421
1669 233
211 449
1355 237
2143 297
641 203
11 1855
1541 23
935 2231
791 67
339 2179
95 2301
1597 1003
473 1751
2081 1293
1668 846
958 2089 2299
157 1957
439 1365
84 610
749 57
1647 675
1815 2137
29 2255
1259 745
1639 267
2093 153
613 177
1195 611
79 1777
1249 87
259 1551
771 1705
915 1921
47 797
435 1125
1836 84
89 1005
971 2123
1897 2375
273 1155
1221 2173
2365 1879
2078 681 2299
2283 241
251 1797
1751 2269
1830 124
851 2073
1599 2383
210 96
2369 645
2289 477
45 1645
2231 217
971 1533
189 2275
1489 2269
1935 985
783 33
1035 2255
1999 227
2351 179
657 2013
215 2279
141 799
1243 730 2299
1923 1255
2306 192
177 2355
1999 599
2393 1823
209 119
2351 399
2351 67
251 2207
561 2101
2387 1645
479 2333
1409 3
233 1993
557 2207
2101 45
1179 181
2045 2391
351 1007
925 2155
468 2224
2309 1081
1682 68
99 1007
50 1460
22 1316
581 1703
79 2175
2167 833
695 1203
39 543
517 157
561 1471
2279 191
1187 2221
2357 277
183 77
1983 917
97 1505
2349 851
2051 109
1993 27
2387 617
106 892
373 891
1495 92 2299
557 2267
521 1731
1495 279
1357 2281
277 2145
77 1407
2321 183
1361 2191
2231 775
2069 263
709 145
1213 2393
1019 79
133 2327
437 2333
2287 539
2250 14
129 1371
623 1225
419 1777
2371 11
1161 2173
185 1973
43 2395
2049 1163
1463 443
581 2129
201 1595
1731 33
527 1309
2371 443
237 877
223 342 1631
1643 853
2277 43
331 877
1549 1671
399 1595
1923 43
2047 717
2181 699
395 135
2235 225
1913 1277
1963 139
55 1887
2363 1643
41 1733
1107 1523
2335 1043
1489 1021
2187 489
54 1446
233 2269
2317 263
1285 1417
2077 1165
2241 283
2238 1773 2299
2149 2057
103 1867
917 2235
1257 2387
1829 937
1321 1078 2299
2050 256
521 1451
185 2091
79 2083
1593 69
377 2363
297 1963
2337 1485
2115 965
1515 2095
630 2120
1891 249
835 275
1717 577
2221 847
77 1909
1675 2165
2033 2037
1699 428 1631
644 1343 1631
641 2361
1821 1029
457 47
245 1979
19 2075
261 2293
2049 711
224 1576
237 1627
1560 478
139 807
63 2111
1927 2333
657 2241
1281 2203
97 643
1373 1727
701 783
3 1885
2279 2139
2149 2297
165 1497
12 1714
1697 999
597 1913
2347 1281
1425 33
1493 448 1631
1381 229
449 2359
335 1273
975 571
1869 579
1077 253
347 2267
521 2391
2349 727
2363 1625
1729 2237
5 1433
2137 581
2141 699
749 2147
794 1106
2277 1313
2387 2075
1443 151
369 1985
511 522 1631
2175 261
255 1809
1437 127
1561 2381
113 2353
457 2285
2323 425
901 1419
371 1553
385 2141
827 1075
2242 1775 2299
2197 1127
1531 497
131 1781
2117 1451
222 2223 1631
229 2387
1889 267
1741 2151
2201 2387
1099 369
465 1599
89 2089
71 987
2363 387
757 1505
775 1825
75 1673
2019 5
29 2299
823 535
731 201
1355 59
1003 833
2157 197
2237 359
1747 141
27 1139
1558 298
1299 433
743 2085
137 1333
1889 101
2079 283
129 1773
55 2171
1755 465
521 2323
212 1070
2299 1948 2299
1191 339
355 1673
1441 899
1729 209
651 97
2045 539
473 1183
1315 371
1779 325
1243 1933
218 2210
1229 273
229 847
373 1889
631 1177
77 1971
1937 1532 2299
37 857
1935 1647
286 1108
889 2301
685 1675
2243 715
216 768
407 2225
2143 1289
532 870
511 1955
557 93
453 2150 2299
2171 231
1819 1255
55 1437
1157 2081
1817 2393
2275 49
997 2064 2299
2207 895
2347 2141
1803 693
25 1287
1465 2309
219 1153
1051 1864 2299
2317 653
451 1655
1288 508
2137 1069
1061 1635
419 2105
1739 685
31 553
1547 401
1159 21
791 71
263 1573
819 193
1501 287
1865 1259
1283 147
1883 407
171 1755
2255 1533
1877 531
1441 135
2251 1281
2345 953
488 110
2265 2351
2277 2039
273 1961
231 1029
2073 273
2023 615
1735 501
2063 1671
105 197
1651 835
271 1761
187 2177
35 2265
2169 1331
2183 227
2157 119
1557 811
143 691
263 2329
1541 2133
2385 191
1147 95
1633 1139
1363 151
626 99 2299
1577 791
681 189
209 1865
2263 231
281 2331
1011 1793
2079 273
1315 411
2303 2233
217 1769
935 2025
1173 115
165 2291
691 1735
787 2145
2109 465
1173 2391
695 7
2257 57
1483 255
814 380
1011 675
584 2075 1631
2271 177
157 1349
7 2191
1703 667
1971 779
809 2351
1561 361
1049 101
843 65
2221 459
1235 923
2373 153
2277 1403
613 2339
194 1902
281 2035
1563 159
143 1685
1263 483
1221 2307
355 2365
2165 529
1977 2341
405 2335
1997 223
625 1941
85 943
935 2241
1805 415
707 911
402 1008
1291 315
1560 754
2241 1457
1525 237
963 1863
985 2321
2069 317
395 2389
1879 583
2371 375
1858 30
973 25
2097 1015
63 1941
2289 359
2087 543
979 1727
2281 91
229 2233
147 1391
371 2053
123 2199
1293 2353
2233 857
2309 159
279 2275
2363 179
2075 1269
1969 1085
2065 623
799 1703
1860 276
1351 956 1631
2173 273
2277 977
1541 1263
903 1891
1037 2279
115 1705
14 1106
1531 939
51 421
1184 2235 2299
601 1935
2299 1077
423 1537
1659 469
2179 993
2227 1657
1725 119
2187 917
37 933
2027 61
1703 177
117 2313
315 2143
967 381
1691 2137
1021 209
485 2375
763 97
2219 1789
687 2289
1903 1643
585 987
1231 895
2349 1415
2383 555
2345 2143
635 99
311 1345
2207 1339
75 2101
2353 601
39 1861
1838 895 2299
2387 213
1685 165
779 175
1073 1665
451 2325
143 139
159 3
223 1007
2331 123
2101 953
199 1016 2299
221 675
1619 325
1555 721
2087 1623
673 109
2339 1699
329 1713
928 2127 1631
2299 938 1631
345 1563
2383 535
2379 1651
141 909
2005 503
1383 2053
2037 63
1891 295
169 1527
1717 207
1830 904
1127 2149
12 1658
329 1081
393 1611
1475 2215
89 1719
1691 121
653 2327
263 1107
1961 919
597 1719
675 2353
2071 1497
1383 1387
1409 749
1187 195
1237 1717
215 1613
1441 2371
1914 308
503 1795
1207 1047
2029 551
2151 663
497 1827
1127 2213
2373 1409
262 2150
790 44
2343 1801
2321 673
1445 501
1711 213
348 1974
841 2251
2279 1459
85 843
105 1451
201 937
965 61
1703 873
1583 1163
405 155
1397 517
2009 81
513 2337
345 1969
1841 43
725 1405
2195 193
25 2011
79 516 2299
1729 107
977 2063
1299 15
1197 2191
2209 625
1239 1919
719 2115
1779 133
2237 1031
101 779
821 2319
605 2239
2357 1183
371 2349
417 1907
15 2217
1733 741
2369 1125
621 115
13 1187
2015 919
961 292 1631
187 903
785 2037
31 1357
821 605
2237 963
1895 1609
141 1127
635 1777
2293 615
239 1143
1903 1799
107 2359
2389 629
338 1582
2089 1755
384 1180
111 2203
2043 2253
2165 291
959 171
74 2256
2201 411
1077 2323
2179 1749
449 2143
301 2201
327 1311
2269 1711
2391 775
615 1829
1195 231
279 1261
389 1255
99 2299
79 1497
67 2319
9 1575
2149 891
2285 801
1821 1163
133 2371
485 1829
1537 459
1155 2377
1021 2023
223 1409
415 2373
269 1531
667 1991
1955 1327
1353 335
2173 33
45 1929
1611 661
2187 1473
2077 333
274 1250
1923 91
75 2113
1917 435
2363 965
648 2261 1631
513 2217
803 1661
2019 1093
106 1302
1207 23
757 2245
2311 871
396 980
157 1189
859 2249
1713 826 1631
301 1943
927 63
2267 2239
759 2197
771 1559
1627 767
1209 673
1091 2047
637 1839
17 2193
2201 321
175 2167
9 863
1461 1995
1279 241
167 855
185 2255
2055 787
619 1861
183 1941
1704 786
2007 503
1881 2213
1063 1627
675 1215
2313 1595
205 2053
477 1913
2337 895
551 1659
71 2259
1519 711
59 2169
2343 393
275 2279
97 2357
113 2367
182 1654
1369 1343
2201 79
1039 237
219 1673
1766 550
430 1329 2299
2212 894
2271 245
675 235
2185 1039
1459 2137
401 105
129 2179
882 256
46 506
2141 1289
169 2363
785 321
1101 2145
1945 1033
2275 843
1113 1933
2367 243
115 2293
2143 115
403 2215
559 175
1057 2201
2259 53
403 2237
81 403
140 1100
350 40
2347 531
1865 1243
858 2264
521 213
1140 82
41 1631
1183 2311
2385 679
1783 285
106 1522
275 1207
694 78
1727 2219
957 69
2213 615
442 35 1631
2143 2177
2225 617
381 1473
251 2231
233 2205
513 105
1821 479
61 879
2327 819
2195 45
380 2049 2299
369 1447
2279 179
57 2185
1969 2385
2221 169
143 2355
813 2285
407 1295
1671 2339
2193 521
491 533
1 1411
1347 109
279 2259
1270 352
1519 2271
2099 1271
2197 185
1721 669
19 2323
1844 938
729 1321
729 1967
1131 527
907 2103
255 723
2289 2283
649 100 1631
2193 267
201 377
33 1649
51 2095
1075 2297
2119 91
697 2125
467 153
467 1
1751 561
245 2049
805 2175
1297 141
743 2227
1481 17
1 1659
565 2229
1675 771
93 2041
637 2221
2183 763
77 1781
1073 2295
823 393
2213 1161
2333 53
1121 559
1967 23
933 39
783 2053
1773 363
2147 1299
1935 1481
1709 967
951 2341
823 2345
717 2027
2093 2161
2231 191
673 2319
2389 83
1195 2029
1095 307
2149 371
1853 771
1179 2243
1375 389
2351 2313
368 2184
2325 603
2060 78
1931 319
133 1801
15 943
2087 1365
2345 2145
2317 881
2205 877
2357 1761
1607 2395
1171 1675
487 2283
131 1413
2289 1269
453 2345
2277 1349
1877 1791
2383 1411
1831 1403
385 1513
13 537
2369 2029
597 225
543 2343
2373 1411
578 670
1927 107
1241 1266 2299
283 1619
299 2347
809 2395
2001 7
553 2329
1308 364
2241 421
1825 1221
1483 205
1657 631
2285 2159
1787 101
2239 733
2285 7
7 817
1983 185
255 2207
1116 358
73 1955
193 1921
581 1947
987 57
1973 279
955 173
1331 29
2157 1155
1755 53
2185 1221
161 403
2257 533
227 1571
43 1701
2325 668 1631
2223 965
2319 447
15 2207
1921 1331
269 1977
1015 2149
517 65
1857 681
103 1455
51 1133
618 1407 1631
55 2165
175 1119
1563 2383
1363 19
1603 361
223 1611
179 2131
2045 1477
1483 131
1531 153
509 1014 2299
2329 901
1267 291
1039 1999
1723 2281
1913 2373
165 1737
865 151
1369 176 1631
341 1559
719 2389
1275 2333
771 2121
1571 499
925 1865
2309 585
2373 375
2039 857
1727 229
205 1047
1989 231
745 1207
2009 25
2331 1335
41 1985
2193 597
1009 1867
2379 327
1639 71
71 359
2309 245
363 2327
373 1931
1086 179 2299
609 1909
1193 943
2193 371
815 487
989 1429
366 1330
2367 1147
1713 19
1241 2135
437 2289
1811 2149
2031 2029
145 2241
1677 2261
1 1707
2347 727
693 1963
275 1385
118 1114
1813 127
285 1110 2299
1429 343
8 31 2299
201 2395
368 1056
751 1967
793 1623
561 863
689 1975
1377 2117
2373 1449
1065 65
2393 15
1121 89
103 2375
2371 1023
1399 821
2107 439
2333 595
2205 1999
1882 32
527 2391
81 1645
31 1709
1438 394
1515 87
655 2257
1883 2349
2347 1409
1631 261
83 1423
881 1989
533 654 1631
717 1201
192 1184
105 2133
1549 13
2387 891
99 1197
65 1039
2221 1715
1601 17
2321 433
1311 2351
543 835
2369 1487
527 1603
1349 1767
289 1103
2289 2073
1607 75
1181 187
65 1533
1795 305
287 1635
275 1773
897 2243
2329 933
2141 239
881 2177
269 613
818 319 2299
693 1129
2387 897
267 59
2367 473
1499 429
2311 89
815 783
1391 219
1477 1141
1649 2241
1263 595
1675 2393
245 1019
76 2164
743 1445
2073 1657
443 849
1335 109
1705 279
377 1541
550 208
2199 2235
2045 657
973 1971
305 2227
741 1825
2357 23
151 1223
515 2349
13 2271
2191 1623
207 331
1173 2109
377 1785
51 2203
89 1145
2028 20
2263 1225
1573 131
1943 1183
17 2045
746 1070
1101 2185
1299 201
2313 1429
61 2139
1185 101
1945 225
57 387
2353 159
891 2341
1511 163
975 1677
414 854
551 2159
2315 1085
2364 250
897 1733
901 177
1357 171
2273 303
17 1571
51 883
2377 389
889 1941
1731 569
23 2057
2052 94
1997 167
357 2175
333 1451
2395 241
146 620
477 1837
93 1339
1301 2147
246 1292
537 2111
332 1274
196 1234
63 801
1401 2337
31 2029
2291 1251
2393 1443
531 1719
1829 2315
93 2329
1131 1803
952 1928
634 90
1678 1203 2299
1959 143
691 2113
1263 2363
403 1217
1637 2295
241 401
689 1587
125 863
763 2033
455 2263
1664 280
967 21
851 2327
405 2381
2335 177
2369 2383
563 1523
2179 441
2111 427
2375 456 1631
352 2042
2241 904 1631
1513 2275
326 870
2227 179
1449 1245
1747 853
2239 171
1711 483
2025 247
1225 2351
22 2090
1923 2213
2212 82
2369 697
2269 303
81 2109
306 357 2299
912 98
1351 759
2311 67
5 2079
2199 821
568 1802
841 2179
367 2223
2385 477
1767 591
1017 197
1193 2179
2254 2343 2299
2167 2305
1386 312
143 625
567 2273
1387 723
2299 1035
228 1572
281 1849
1025 311
1335 2389
311 2067
2391 1521
667 2253
1417 443
347 2367
2 2323 2299
2359 1775
2061 77
2297 583
1937 1375
2041 437
65 1847
221 1059
1991 905
725 743
2001 2043
1725 85
1049 347
1603 2369
223 1255
447 2123
2381 1519
233 1423
2375 773
217 1533
199 1659
865 2311
195 1907
341 631
993 2383
1945 2225
1187 127
7 1621
1773 2281
2225 955
689 1341
2301 1543
2349 979
2319 1719
1537 1747
1911 201
2349 1321
1281 1339
211 2371
245 1083
2023 1421
1769 565
1375 2307
2083 353
47 1877
1039 473
383 2107
1031 2299
1471 639
12 1756
1293 2329
1378 10
38 1858
2367 1247
2035 1019
1925 2255
15 195
67 2341
213 1791
860 158
114 1500
2263 691
2393 1083
675 147
325 1839
2361 1637
1851 69
11 1019
1815 221
375 1367
261 1441
801 2267
2241 845
965 726 1631
1397 305
925 1945
1235 2079
1981 1639
1160 454
281 2323
1843 23
1715 1827
2157 1189
519 1961
2205 209
20 562
227 1091
231 2041
2317 365
1219 17
1727 145
215 1989
1593 937
1955 761
2351 909
1145 241
7 1593
265 2297
567 1177
1753 2245
1711 173
1381 2337
797 1575
2281 557
817 1757
199 2359
487 2037
1108 222
393 873
493 23
367 1787
1947 801
1550 334
20 1088
1485 11
1631 1369
1991 1449
1565 519
1103 2365
901 2089
2082 1565 1631
481 1939
2019 2339
2337 47
2179 177
2349 831
1389 21
97 2049
2047 2053
151 1517
1621 2063
1353 969
1111 2345
1356 246
434 578
555 1647
2245 75
220 1389 1631
2031 2305
67 1615
1161 627
1293 449
854 222
1483 449
139 133
801 2333
1271 2347
1055 1863
863 25
2077 771
1963 955
228 1228
2057 823
979 471
889 2363
219 1573
937 1423
153 2283
849 2287
1803 11
723 2213
2315 1565
971 2369
2301 1255
329 153
341 2313
1981 381
1804 124
543 1391
567 2111
1805 1351
1625 45
2359 187
1319 2071
1377 2091
302 60
13 2177
1249 2023
2259 1757
1211 133
2381 337
1585 809
555 2013
61 2370 2299
1063 952 1631
609 2349
2181 51
394 415 2299
1939 2201
105 1385
688 92
301 1819
95 2349
696 160
47 1317
2187 1405
2305 675
2231 1187
2343 123
2127 2139
2127 153
2125 245
1639 125
669 1933
2316 378
1709 859
2239 679
1559 929
2353 1317
59 1557
249 1623
903 1465
2285 925
1081 77
1035 2081
1477 95
1143 261
1679 157
1210 12
1175 2353
203 939
1469 588 1631
2245 1633
1617 2213
181 321
155 1389
1899 3
319 1115
1879 1009
1735 7
2137 1673
2003 2371
875 2131
789 1583
70 1490
2331 829
2063 2361
2117 741
755 1663
85 1329
1951 2333
1645 49
1585 249
2205 977
2325 1701
131 1121
497 57
631 2297
1425 1889
227 477
352 776
1628 84
633 1567
105 1977
246 458
2345 1249
1737 2337
1387 331
2112 1881 2299
955 1463
1875 635
1188 756
2389 1379
2105 2347
762 701 2299
269 579
917 2173
15 1383
1211 2317
2349 36 1631
248 1860
529 1769
1927 1291
1981 781
1077 2375
1467 407
1579 2137
115 2255
2163 2379
49 553
2035 93
2355 21
2319 511
2044 82
520 276
1517 11
511 1793
1227 1977
607 1983
1157 2395
2323 403
957 253
637 928 1631
543 202 1631
1069 25
1891 2171
2125 1327
923 1993
1559 193
2089 1371
1487 75
1033 281
23 1643
83 579
673 53
559 11
2133 917
1285 2389
1947 331
649 325
893 1813
2201 241
2152 56
741 1655
415 1297
271 1869
885 1245
2389 25
496 1508
1579 47
1863 2167
2283 651
787 219
365 1235
1141 2055
1633 2181
1375 393
2137 527
2355 2319
89 1829
1089 2227
1667 1391
741 205
1851 897
1695 567
2053 887
1899 247
1203 80 1631
1367 65
1527 995
1221 2335
338 1616
819 153
2395 1847
931 1997
2305 127
1627 199
319 1249
1009 1937
1723 2219
2117 805
19 2119
627 985
73 1539
2345 1375
2191 1025
177 2247
2365 51
595 33
599 2259
481 2335
239 2157
1987 169
935 2371
1379 1621
1239 289
803 2339
2363 1113
705 179
2367 77
549 1597
2385 237
297 1385
2263 173
1113 2375
1303 2191
785 2201
1409 2143
1067 1211
2149 2275
85 1701
1905 2311
165 2389
377 2267
2387 118 1631
531 2329
615 2191
1109 2361
767 2163
2151 177
263 2255
443 2057
277 1849
2393 1131
1425 175
2383 1627
1693 2389
417 781
925 2115
2311 283
224 488
1847 73
2307 687
2297 397
1891 1
1667 923
248 1742
1813 1155
1975 1003
2373 1551
343 1771
