2396 4895 97 765
109 2129
2004 1981 97
105 1775
71 1793
733 2377
265 2011
774 2376
207 2361
1145 105
7 1599
1877 83
1115 2261
1283 2371
2239 2057
31 1715
1377 2385
1818 406
909 891
1771 83
1699 271
1282 1996
573 1929
1323 1862 97
1759 1445
2122 1878
183 1269
2280 9 765
229 1123
685 195
1023 2053
196 2160
2107 1157
2359 471
716 2330
25 2385
849 1837
49 1115
567 185
2361 919
135 2181
677 1799
1331 2331
2275 557
2149 1117
1205 2057
687 1429
164 2320
1781 205
943 2055
1613 343
2030 1342
3 897
1145 2291
2335 257
2281 463
499 2207
1673 2267
2381 1081
691 1553
609 269
1203 1453
1051 435
2163 425
1771 283
2213 259
623 2349
1124 2066
567 1459
2173 987
737 1845
360 2040
1139 169
1473 279
17 1833
2129 1525
1611 2327
2152 1042
2185 1377
85 2329
1967 979
2355 1051
1209 2269
1047 2239
1826 1772
539 2277
857 2215
2335 827
461 2245
79 2133
2211 13
107 1607
237 1845
575 1233
203 2369
1289 391
1583 111
1169 419
601 2313
502 1740
267 53
425 1617
2185 25
1345 733
1115 2267
1467 917
31 1307
2034 1090
1487 45
2269 959
85 517
993 119
2253 41
135 431
1157 477
1993 1179
2379 351
1495 2219
247 2025
581 2111
1861 149
2300 1486
1809 713
1957 1031
2109 145
195 2317
2362 790
1887 1384 97
1001 2295
967 831
1993 2235
669 2167
188 2180
331 1007
1977 309
1964 2384
2241 1007
1337 191
2281 137
701 1843
1319 1911
191 1419
231 1651
601 2091
2255 1099
1025 35
1603 773
817 2179
191 869
2139 119
367 81
173 591
73 1235
853 2177
33 771
2345 215
627 1415
681 175
1203 1637
1787 2227
1117 5
2161 463
1689 273
309 1481
2022 1472
1379 2293
2106 1435 765
572 2010
2251 273
2117 423
2085 1371
1939 2349
2347 1843
1463 2027
1631 727
665 249
853 11
2117 691
203 1083
1359 1933
919 2141
1161 113
427 11
719 1801
2275 1199
149 695
921 2355
511 2393
1175 89
1293 31
2302 2188
1160 2318
983 2239
1655 663
755 1383
1199 2395
179 2381
179 1883
49 1669
2286 2233 97
2231 2007
763 151
1611 2233
2253 109
635 2125
2327 199
2203 1443
393 1478 765
1639 891
559 77
333 235
122 2374
797 2121
1529 327
369 1475
2111 69
145 357
1999 331
2325 1409
2171 501
471 2357
1995 2291
1946 2306
723 2321
2090 822
2245 1033
1617 2349
1209 2023
1311 427
271 2121
2079 1335
2169 577
47 813
2053 967
2227 1337
1594 2118
2339 1899
2025 1081
1209 789
601 1893
1238 913 97
2353 173
1021 89
1357 2331
1531 813
557 2227
2205 1995
547 2149
1397 2053
1407 1365
1133 93
1481 2359
697 1883
82 1901 97
1839 951
2151 2135
9 2227
1049 37
357 2367
1787 451
334 1399 97
2141 11
1988 954
819 1605
73 779
1721 91
2235 67
141 1873
1033 2165
818 1761 97
2325 137
2395 737
281 2131
1697 2229
1333 1446 765
2381 1453
1009 135
1041 423
1971 73
1881 47
1589 231
2145 165
2331 863
141 863
1955 27
229 2387
1213 2317
613 303
301 1871
693 1729
373 1375
1367 785
1283 463
23 483
2031 79
1527 1887
1188 2386
1081 1985
407 2181
2141 913
359 349
1863 213
2083 503
905 23
751 2351
817 1
97 1460 765
375 115
2113 155
645 127
1755 2193
797 2293
979 1621
1850 2166
1754 1053 765
669 221
1005 2249
519 199
2384 148
519 2345
1061 2361
2371 387
2163 973
1735 2227
683 1572 765
339 2381
1477 2357
1841 73
2019 2017
2269 1233
2135 955
1947 615
615 2319
1487 2289
197 1023
2377 1263
463 1439
1471 111
883 2173
2053 2085
1966 610
27 1699
445 137
565 2271
813 2037
2233 181
2351 543
2143 1217
2231 899
1155 1
201 1085
1929 2011
411 2109
1655 279
113 1932 765
763 215
1211 1471
7 1169
1899 795
2353 1599
2189 973
375 2073
1411 2147
1642 947 97
1863 1744 765
2183 2311
1545 29
2217 1255
2325 141
2327 357
2381 467
1799 231
125 877
875 5
2039 661
873 5
2363 1613
1865 487
1917 797
1715 615
2387 1533
2297 291
1940 2152
2302 492
2245 179
2005 377
2327 489
57 697
1193 720 97
2349 59
2135 419
1183 221
2049 1347
2253 1705
1865 251
1381 299
2010 2168
19 839
1693 303
469 2289
103 431
97 1709
1337 2175
183 1235
23 1813
2289 625
1559 193
159 1993
63 1135
181 1889
2309 973
2316 1980
545 1499
2243 269
1450 2288
2323 1547
875 1849
31 1057
469 2219
133 527
2135 221
257 2113
1017 7
1403 1837
259 723
83 35
593 1703
1023 669
2355 765
1630 1021 765
1879 147
2309 1309
1529 187
2357 535
1927 1247
2057 2361
9 321
473 2305
1951 43
671 2275
1875 203
1941 563
1385 321
127 1061
2197 37
1201 2165
1187 19
1693 1131
35 333
11 1747
171 1441
1301 285
1515 79
503 1445
429 2093
1824 552
1575 97
101 1709
2207 369
471 1671
189 2141
1284 2280
2275 533
2007 1141
2117 547
1328 1652
1060 2312
205 1035
685 69
1707 421
2169 1305
987 367
2365 2390 97
433 2211
1027 1025
1295 251
2321 1213
403 21
783 1951
1164 2202
2376 1082
191 2163
1599 573
687 1537
1783 2076 765
987 17
2133 15
963 1485
1087 2261
545 3
1393 1563
347 1093
769 2089
1139 2005
1595 2363
433 1717
1401 815
1789 413
853 1465
1837 1275
43 2165
183 1781
1867 1217
239 1385
1438 377 765
1009 1911
1312 2036
1719 585
93 2263
1515 219
1063 1965
247 17
2343 1003
277 2117
318 2224
275 2285
1320 1075 97
125 1497
351 1993
883 1949
47 513
97 2367
1419 359
1315 2067
681 1647
711 2231
2283 2077
385 2371
694 2368
819 2257
1371 1009
173 2176 765
2312 1752
217 1955
256 1739 97
1383 847
498 1752
2159 1041
679 2027
567 1781
2120 1467 765
125 1563
79 1743
1851 179
2251 399
1773 331
161 2101
625 2185
1413 415
209 507
2148 414
2363 971
2112 1115 765
1977 291
1199 1587
705 2067
57 1783
153 1051
105 747
2235 449
67 1843
2347 1423
2319 469
35 2367
13 1477
1027 601
1289 1121
2203 2095
617 2111
1205 1466 97
531 2187
2203 243
2001 97
869 2227
1562 1076
1162 2370
1623 15
1617 581
1077 2155
2041 723
1457 2193
39 635
245 913
369 2335
2225 1039
321 1127
2193 1613
277 595
1919 483
33 1133
2383 1209
1553 165
1977 379
2363 1583
113 107
881 301
639 1839
2024 690
1732 2286
573 2385
2381 1071
195 2075
1031 1251
547 2115
455 205
441 2323
2173 627
173 1745
2353 1639
263 2079
2387 141
855 577
21 2281
1389 39
115 673
1917 63
1021 51
61 1353
2107 1121
1469 2333
2331 1029
435 1543
2300 1090
597 2181
239 1259
673 2035
2393 767
1257 2369
1760 1250
1282 2040
91 1459
2265 257
1697 215
1673 183
1639 1051
2281 1399
1515 669
1775 35
47 2025
1926 1295 765
83 1475
2351 1675
461 1833
156 621 97
2018 347 97
2099 1379
23 1631
395 2111
2333 285
77 2329
166 1922
2125 53
31 2169
1619 197
2243 23
2147 87
45 131
17 2085
1455 267
67 1463
1633 265
1553 2311
1999 847
1319 21
255 49
2335 1951
1085 2231
1523 2335
2329 55
241 2087
1795 11
2037 177
1505 1941
2279 775
457 2068 765
627 1375
1241 483
1425 123
348 1960
179 915
1615 1979
795 2243
1397 2377
2197 499
1243 2295
497 2337
1947 1103
2191 1605
2223 133
2219 61
189 603
135 2153
1853 287
1587 291
227 1471
2383 743
1221 43
1869 1265
1170 2050
1889 149
149 363
1285 395
2051 427
2051 541
217 1009
69 2121
1489 293
51 253
1873 1439
2331 1553
245 2333
85 491
2325 757
599 2071
779 183
2095 195
1435 745
17 285
2057 653
2359 1539
2153 2387
2143 77
69 2225
85 1609
1697 255
2053 9
269 2015
365 1793
1483 13
83 2279
2295 249
87 1315
2175 729
739 323
418 2222
1065 87
285 459
651 267
405 1749
2217 357
2113 699
1902 890
1599 821
1561 41
338 2320
531 2137
697 2319
2327 895
103 2135
2393 1127
485 2195
2229 399
923 97
2245 879
1011 1553
2175 999
2071 557
711 1831
2271 757
2185 583
1575 1791
1679 347
559 35
2092 1948
1603 127
51 1943
721 1225
2219 511
2003 1021
1997 603
647 217
319 1879
789 2337
827 267
1709 1241
315 835
2287 457
1135 2117
1741 97
1691 2217
113 1669
11 1971
1403 217
611 2019
461 1411
1413 1923
1541 2229
145 2083
65 2141
3 579
1981 1707
89 1767
2184 492
2343 1697
329 1945
2383 37
1960 1202
565 993
2046 1622
29 1249
1667 1075
429 1645
1813 99
1645 257
199 2323
2345 959
2290 332
691 2363
1387 2317
2011 351
2261 1
55 1729
1465 445
2119 1185
275 1069
2145 409
757 2129
51 1147
2057 217
693 1597
1691 2379
1037 2339
1599 2349
1099 2363
381 1477
13 797
473 2191
1593 735
367 1201
1343 521
177 673
203 529
1831 243
203 2129
1157 117
97 457
2192 1557 97
1723 77
1649 335
621 2231
27 13
393 27
643 1509
607 2351
117 1469
1287 1837
75 983
2183 1189
2164 1012
355 2165
2326 1026
1873 749
1751 975
2029 609
449 1595
1047 73
1669 47
1127 2059
165 2179
2341 1275
2131 99
1417 1447
1295 211
1769 355
41 1999
2165 1367
1017 2213
2237 87
911 2251
891 2299
245 2367
2281 153
1620 2378
1249 385
2381 369
623 2121
489 693
2345 1137
1479 583
2249 545
2311 1453
197 1563
1423 173
1279 1989
2157 845
1083 2249
862 2362
519 605
1831 1167
1976 2338
1581 1067
2195 1665
597 1977
99 1765
1915 425
211 539
2263 1261
1059 1725
2174 1910
1489 579
111 1939
473 87
829 1885
2279 743
1653 951
967 2363
2163 1617
1552 992
5 1301
2299 2205
2365 271
673 2113
37 2209
2387 2285
195 1611
2225 1437
499 2211
1619 2239
663 243
15 877
247 1505
141 2281
15 1333
1446 470
829 1693
313 605
395 2389
412 2286
1829 123
1863 421
1183 37
233 2351
2133 327
159 1135
187 2295
2379 1509
219 1543
1009 1537
2174 270
2249 1897
1201 1441
733 1641
107 1919
1411 443
21 2293
583 245
1991 61
1007 2375
1547 1953
1943 49
837 2203
1923 1357
2199 1545
1273 461
1951 545
43 661
59 827
317 895
1817 41
2335 1625
127 143
17 1425
699 1495
343 1013
2265 285
25 955
77 1341
1757 925
1203 2241
169 2091
21 1623
441 2235
215 1083
2175 1753
873 121
491 893
793 1237
2115 361
2345 673
1913 349
1156 2310
1561 83
83 2055
1242 335 97
1585 839
921 1455
231 1867
1633 2275
2215 175
1626 1619 97
101 1713
1861 1573
821 2069
85 2181
3 235
2119 1445
2143 1393
73 1319
1707 729
1427 35
1923 645
1539 163
1293 321
2393 2237
1853 199
977 2369
2371 129
2017 191
1333 987
277 1307
1681 2273
1608 1992
2123 381
1441 2351
35 2247
1702 2238
1919 2169
2035 531
217 2267
2205 1147
1479 161
1181 1721
1681 1431
657 1905
1809 2285
627 199
505 2395
9 1213
2393 281
1801 43
2159 1217
347 1685
2339 945
2181 1349
1111 7
907 1927
1121 2229
1417 47
165 2115
1273 2077
269 613
1701 2389
291 1407
2225 397
399 2261
1823 393
2303 355
1711 567
425 2157
2389 889
1101 1989
669 109
101 257
1225 1413
2033 69
1269 2255
1157 2017
1429 2375
1893 391
1155 629
1345 534 97
33 2217
1128 2046
1759 175
2261 1939
233 2373
1099 1981
1060 625 97
1833 1911
559 1525
775 367
377 1381
2315 2117
2017 2199
723 2177
25 1217
1975 745
1912 492
945 2291
1722 2248
43 2283
177 2083
1411 279
1097 1801
1389 2173
1827 75
11 525
2281 981
571 2175
1877 831
2287 1159
1435 597
643 143
1389 2045
1091 3
2331 975
979 1953
887 1675
717 657
193 1757
1884 544
1621 5
625 1499
2223 1441
2267 483
1784 2100
229 1663
2165 225
225 1611
1076 2060
259 937
2341 417
1361 315
1413 171
559 1919
2133 67
169 1307
2307 567
37 277
2206 92
2121 2135
119 1047
2153 1289
1663 157
1347 2295
1719 119
2207 445
1055 2363
229 1993
2309 1147
1671 1653
1641 109
2267 1025
2174 822
919 1255
333 775
1081 3
19 1517
1639 31
2339 2009
493 773
383 2307
1785 249
633 1555
789 301
67 801
1261 2273
1445 279
1485 523
1581 1613
1927 1089
1535 2369
1435 105
509 2269
1499 311
2199 2291
11 573
195 1519
95 1507
1469 1457
303 235
847 2379
807 2133
2365 1013
127 2093
1137 163
619 1977
1983 261
1189 2121
1621 261
157 965
246 2342
2285 193
430 1700
1957 289
2239 419
2117 121
2199 239
1353 2333
2267 623
1277 2221
1213 1731
2217 671
47 1435
2217 717
1657 15
1076 2372
2375 2346 765
1645 441
797 199
2039 221
935 301
775 1017
97 1893
349 1951
87 2151
1455 2393
1067 1968 97
1032 2326
2155 1
1801 63
2255 1487
25 1373
2121 117
677 2307
127 2163
1509 2259
1265 593
987 1201
538 2150
357 119
1427 201
1981 23
1121 63
472 2386
11 1933
2129 2155
2289 643
1378 1848
1735 2393
137 2245
267 1995
2301 919
1549 889
519 2145
1739 351
83 527
187 1331
1428 1670
193 2353
2285 1165
2129 2337
35 1755
2045 189
1283 33
277 2305
1 1033
2301 263
883 91
903 379
591 1981
97 2297
2183 1397
1025 1980 97
1435 2217
1360 2362
441 1635
1218 2014
343 349
863 2329
2067 33
1583 1279
1857 1005
1149 29
1619 429
2351 467
2061 1067
2137 845
1311 81
181 921
936 1982
1879 213
2143 791
1457 865
1125 1641
1 2109
323 1465
2021 1019
2239 2263
2321 349
1 2321
1020 2388
93 777
2363 831
621 2333
2092 2039 97
45 1409
755 199
5 805
37 2171
1425 863
917 2049
859 2133
531 75
1375 907
2396 73 97
2175 1007
1845 747
1463 191
523 2115
1519 191
2285 2269
1333 769
962 2330
245 2219
109 1857
99 247
2153 29
1587 811
1821 57
171 2311
2155 1251
1771 915
1939 2365
165 1849
2359 1497
2011 211
9 707
2287 739
1091 131
21 499
1629 979
95 1615
1213 39
233 2033
67 1865
859 129
1839 115
1496 1889 765
2239 1409
2135 309
99 1999
535 1777
2182 1630
245 1733
2056 230
2187 667
595 1599
125 2151
2176 1290
2283 179
1730 71 765
1187 269
1953 25
2141 333
461 1795
1175 2279
125 2365
1551 2203
1211 457
1441 31
2152 1106
2371 69
2235 489
2003 785
2221 875
777 2113
109 681
2241 39
2379 867
431 1957
19 1385
2385 879
2116 594
2167 489
243 1943
2063 575
225 1811
29 2155
1763 95
2053 1423
1611 2075
1781 583
2077 145
1311 1353
2307 1391
1799 931
1497 237
2085 329
1787 1369
729 1005
2249 1603
765 1673
998 2388
1201 17
2131 1403
167 1441
1795 1229
161 1214 97
81 831
1136 2334
2363 747
2061 163
403 1473
957 127
865 1899
2010 1527 765
1971 1255
1439 2327
765 437
965 49
1633 213
1777 865
459 2089
1179 2293
1055 1707
21 1911
629 1553
15 367
9 1499
57 1797
719 1421
117 1359
1005 723
1825 197
1209 2263
441 1885
659 2231
2235 1025
261 1849
259 705
619 1447
447 1165
1843 797
2279 1167
277 2377
495 2087
1643 1309
373 1779
1167 2377
1765 2291
2383 125
757 2089
105 2361
2391 317
2239 439
27 1751
927 457
91 1173
983 1997
177 1335
2269 91
1425 273
1477 2161
1080 2028
211 2339
677 81
493 597
2103 1577
1769 801
183 1513
1739 155
2169 357
865 2243
2135 765
361 1377
419 2291
1723 1121
2367 789
1217 1751
1387 325
1843 2365
1407 2285
1221 2107
1897 2347
1494 568
1931 1721
1289 2133
229 395
134 1540
2086 1012
2267 1665
237 1589
2328 908
895 113
1051 2085
569 681
1363 2115
107 1917
119 1083
517 1261
411 2355
1509 713
1681 115
75 2213
2362 47 765
1367 1413
2058 2330
2294 68
973 2149
615 2381
2371 1551
399 1465
105 1295
2007 1021
151 1639
2151 271
2365 565
77 1051
1943 248 97
2165 1157
2351 771
775 2389
500 1782
1951 5
1123 2039
899 2089
573 3
380 997 97
307 1025
2299 1773
773 2147
1504 2296
2143 147
1523 693
2221 229
121 1553
757 2295
2363 339
1419 119
1941 133
2283 29
1149 2285
125 1915
259 1815
703 2073
1747 2298 765
1429 2189
1181 2219
1257 247
45 1997
1401 795
83 967
2109 761
13 1403
721 1707
147 385
194 2128
2235 223
1095 67
1799 2385
1605 2325
1285 13
239 2277
108 2030
1533 2371
2313 129
1957 965
291 2151
859 1791
687 1781
819 1275
1117 2153
2253 1771
1797 397
1911 567
2271 945
655 1567
2190 1848
2051 833
1035 549
81 2103
1193 2318 765
1071 939
1931 797
1855 99
203 874 97
535 123
1011 1723
1403 463
2001 2207
2077 149
705 2275
279 1019
1287 105
2303 1339
53 144 97
1845 61
1549 363
65 1567
1741 2079
1799 163
2069 1085
57 1065
1407 967
1547 109
331 2243
459 866 97
959 9
77 41
129 2049
2289 159
503 2220 97
29 713
2381 1273
2233 1355
1587 1
2098 892
761 205
2375 1237
839 2337
1 2149
21 1967
612 1984
2171 1403
2151 1453
893 1953
425 1663
1645 305
2281 1935
2363 601
11 1717
1305 1661
287 1379
515 286 97
1433 533
1119 1893
261 11
2315 287
377 2391
2269 883
2065 1395
249 2291
335 2197
2196 1853 765
2131 2317
2335 28 97
985 2395
997 1655
2249 1539
2147 811
1431 717
2043 2353
197 369
61 429
1483 771
1979 489
137 2319
2253 835
2165 1341
793 15
593 2089
2379 825
45 1745
1755 2255
1755 325
371 1885
2249 801
2041 325
1637 247
1944 1238
2172 935 765
211 2187
2343 1849
501 787
2037 459
1382 2197 97
2291 1603
1519 821
339 675
1353 235
2315 387
333 1283
1075 47
917 133
1117 421
987 1947
1883 43
289 2063
1175 2393
1869 259
1885 65
1697 2373
1569 81
5 1243
1039 2365
2029 173
271 901
1133 1801
253 1947
47 409
1836 2378
2133 141
2127 1783
1007 2178 765
1763 829
599 83
1815 347
37 2289
2273 271
145 2007
349 2329
1113 805
2389 1013
2298 662
2137 635
289 2158 765
283 649
2053 149
757 1155
1593 57
2093 409
1891 2363
9 1505
401 935
727 2163
1556 509 765
2329 1847
537 2119
213 1919
29 895
23 2253
1350 2300
19 905
2393 837
2267 269
2366 516
2046 356
2333 799
1545 69
2251 155
753 2337
773 205
2219 693
1133 1913
1668 1153 97
293 2325
117 2353
325 517
111 873
2311 477
329 2091
2349 817
115 2305
1305 349
524 1886
681 2035
1989 209
1679 349
1799 2171
89 2261
965 1711
2021 165
1470 414
389 1893
2111 2107
1359 457
2206 2229 97
2022 84
1073 975
1257 125
1895 2285
2177 1243
271 471
513 1989
1636 1695 97
2341 225
2363 665
1473 1161
1607 2023
1955 9
143 1729
1377 2151
1933 579
1357 211
661 1705
1189 1651
147 2237
2085 537
177 1105
2163 403
161 2171
171 1989
2243 303
2298 1284
483 1697
1511 1151
1401 458 97
973 1459
317 1369
581 259
1745 21
93 1183
593 2373
1759 607
1657 189
1239 643
2181 685
1167 2123
97 1301
693 251
2219 217
1633 363
2379 367
91 229
322 2365 97
453 1213
1885 603
2117 5
661 1895
1275 2307
435 2123
519 1865
445 153
749 2089
1647 311
2379 915
191 1933
1597 2255
2355 1247
155 2221
343 1315
1713 1061
1899 743
955 2275
2266 18
1669 675
831 316 765
33 1659
944 1798
1460 554
1793 117
307 3
405 1491
847 43
49 851
1697 449
2109 895
1865 677
63 1169
1329 1185
1462 2156
1480 2311 765
1487 2175
2177 381
2385 1837
1213 2223
1761 619
409 2227
2312 718
1807 315
517 303
343 1047
2297 891
859 1937
37 1001
1883 1097
2343 225
1639 619
511 47
771 2227
247 2329
2246 1818
497 2149
1931 255
2231 1613
1712 792
1011 2291
1798 2174
1145 759
2241 1587
583 2269
308 2376
863 2179
255 31
1225 5
2337 221
31 1741
247 2157
2301 1985
1703 1267
1243 2105
309 1055
1858 1772
2095 577
2309 237
2393 1919
2035 835
591 1853
79 2247
2257 1589
1783 1113
1629 377
2389 1117
2203 37
723 1403
2053 625
295 1443
975 541
809 2195
459 1387
1811 829
9 1483
2299 1633
2133 553
1390 1996
2292 876
1955 2291
735 2161
2247 233
2243 1351
279 1173
549 1
101 759
1251 15
2280 990
167 1975
2265 1237
855 2167
1043 1427
1857 351
501 89
1783 353
701 73
1801 423
2260 1148
2085 271
469 63
603 1385
1011 79
1799 939
2396 1808
1431 33
303 2237
143 655
1281 2263
585 1460 97
859 649
1509 2307
1809 751
2319 989
747 155
1897 375
1837 2221
1298 2258
2394 1770
1079 2015
97 450 97
505 1493
2171 369
135 2261
1551 1853
2077 753
2210 700
1945 207
1869 2343
2107 361
319 1231
769 1629
1464 174
1501 560 97
539 2045
139 19
637 1673
1155 2063
2173 1141
225 1915
1529 473
343 1131
25 1997
599 2077
2243 1963
1829 1219
337 1309
61 955
2123 317
195 1339
1963 325
229 1875
1111 249
2124 698
47 1439
9 195
1309 2005
585 311
1655 361
2392 1808
2277 1303
823 1880 765
521 1761
1647 249
191 2187
1935 539
971 507
2211 199
2315 355
2195 377
317 2113
1053 1027
1701 1193
848 2064
233 1629
31 2041
565 1738 765
1747 2163
31 1053
2367 141
1417 669
1219 1765
2391 1459
1833 873
683 2189
407 2027
253 2099
735 2299
537 1797
437 2205
2252 1778
449 2065
1827 307
781 2329
2385 593
1431 1569
209 1907
1940 354
1719 9
2273 65
1794 2130
1745 247
2265 1455
559 47
1793 487
102 2172
139 1741
2283 37
2097 49
3 2275
2091 13
2146 1878
1315 2319
2321 151
1619 485
1313 2313
159 1793
2286 2084
261 2243
313 1503
1876 1885 765
33 2259
657 1691
1809 1
932 2324
69 1019
169 2269
405 2387
2253 1665
2217 2209
13 1861
165 2205
2151 1845
1253 2381
2319 335
117 1935
1707 2293
1485 1689
479 512 97
2017 163
2119 581
881 787
17 931
503 2343
339 1573
709 193
1731 2151
1685 877
743 33
1913 675
367 2207
2183 605
309 773
839 1231
2386 642
187 1771
737 873
1299 29
1913 685
1015 293
59 911
686 2364
847 1065
105 1161
9 1293
1027 653
17 261
1537 147
2023 2019
2145 599
1815 267
2012 1348
2347 1301
887 2371
2317 1021
515 2057
2323 1389
333 725
893 295
1737 1583
2222 1027 765
2220 760
713 757
2275 919
981 1885
501 1565
129 157
891 735
987 1647
2389 557
995 2191
1159 679
885 143
623 115
1041 2337
1421 295
1415 1041
2357 287
1479 209
1115 1057
2149 1077
1853 1561
1002 2374
2237 29
1621 855
1631 613
2179 637
1328 2186
2167 1015
137 2351
178 2158
2033 1633
821 31
679 1819
173 1431
361 2303
135 2172 765
427 1495
1065 227
1447 661
2351 39
331 343
1427 1688 97
2225 1093
575 1917
833 13
2075 1367
1515 407
2295 1251
2231 33
2011 595
2125 545
403 1592 765
1611 359
129 1761
1599 1533
179 2327
35 973
2060 100
2367 1533
400 1990
1759 1859
2060 782
2087 709
2348 938
361 1653
1036 1413 97
489 2201
1393 655
231 551
521 1795
2191 325
1115 579
1173 2245
1431 1672 765
913 2191
355 2347
1617 125
827 55
1641 469
58 2342
1249 2301
139 1945
2250 1094
649 1543
595 2001
1823 577
2191 1349
13 2030 97
549 2323
1125 907
1723 2343
753 227
1963 1097
2157 1253
1452 1986
2088 986
81 567
291 1425
309 1031
1495 31
1381 247
164 2170
1455 351
1107 2365
273 2375
481 1893
247 339
1257 2239
1164 2288
2173 1579
2283 1893
405 1773
2313 973
2273 1463
1848 632
2351 201
1239 1
909 2321
1065 2295
95 853
911 2385
1479 453
1931 287
2129 139
979 45
735 2347
799 1847
2094 730
2316 354
2309 935
355 1932 97
1653 169
1215 741
1495 251
19 2007
2317 21
211 1935
979 1111
797 1911
17 2069
1140 1946
1093 293
817 259
2332 870
13 1667
1685 687
105 2231
113 1745
231 2105
137 1809
407 105
891 1711
947 1151
1877 173
2065 1265
189 2381
1203 2333
2267 1293
1585 2331
2241 147
23 557
239 1207
303 2137
2155 113
75 2377
619 2263
2065 2189
1113 2145
2391 315
113 1225
13 711
43 1079
1655 571
1423 2371
2265 641
2071 311
2147 185
1709 239
1885 295
2259 1063
1625 357
1041 229
165 1783
359 107
59 1051
2295 617
2241 1113
1679 1195
1313 201
1695 911
2335 1517
45 1557
2327 147
1027 1527
2113 1007
33 1943
2321 703
1437 363
377 2299
2141 129
1659 2027
305 2211
1365 97
1253 2181
2274 1688
221 451
543 1795
2079 59
269 1751
1079 179
365 91
1021 43
21 691
2278 876
921 2063
1795 1573
2219 149
161 1321
2323 1493
1498 2248
225 767
1741 1137
2097 1323
409 2187
2081 1105
219 1315
1521 2255
495 2185
139 1661
1717 157
397 2237
2205 11
171 317
39 2373
1175 211
186 2316
1543 821
49 1125
2205 467
587 2141
793 1653
2155 1147
1811 1409
1213 2273
1321 99
141 1361
203 1459
1993 2345
309 1853
525 141
1597 1897
1215 2167
351 779
571 1339
11 409
2391 1245
321 2377
265 1499
1989 929
2211 899
2371 111
1857 95
2387 821
151 1091
1647 7
491 113
1915 61
1203 217
95 543
349 1365
435 2305
695 2311
1257 763
2277 651
105 387
1897 1125
697 1273
917 2361
545 1325
65 159
1090 2092
2393 1895
2037 107
199 1269
1773 1171
17 2261
2273 891
85 1531
2291 657
1665 987
677 1719
1137 1651
433 1441
2097 1471
525 1653
671 657
2353 1081
1267 1883
1745 965
29 2009
1624 1589 765
1727 2225
313 2355
339 2373
1497 363
1115 145
1003 1737
2314 1755 765
1791 157
145 1555
1214 2206
2097 93
1863 139
229 1465
2081 253
1007 323
2313 211
1703 433
259 1327
221 1591
2003 53
13 2269
33 1087
947 85
2213 1945
407 2165
305 1255
497 2393
2273 53
641 1931
2368 540
1327 683
1007 2387
2023 465
1879 257
2265 1275
775 49
427 2345
2387 303
1470 1759 765
209 591
155 939
1501 59
473 2353
2339 653
285 1859
1093 61
865 1017
505 1367
1213 1923
1344 579 97
2051 1235
2018 1506
2005 2259
977 1495
441 1643
1671 387
2301 983
1577 69
49 1516 765
319 1661
291 49
245 1935
1925 1417
253 219
33 2019
2217 331
1855 265
1061 2287
453 2095
1791 2311
1295 845
2379 953
1459 1739
898 2284
1173 17
301 2107
2079 869
1577 2203
2195 1097
2373 753
2377 73
987 2393
2118 734
129 155
803 2041
951 1895
1909 43
3 1769
481 2019
2257 2263
2012 1042
189 2101
2243 259
1421 29
249 2261
1067 1475
2357 45
511 757
2003 689
1389 9
1013 2381
2185 235
99 1227
1185 2263
1999 1183
267 959
1662 668
795 2379
2389 111
249 2305
2162 84
2353 65
667 2289
185 2065
1498 973 97
229 533
7 1677
2381 2201
1677 281
1167 45
1029 369
2353 977
35 2209
113 1703
345 2179
771 2291
559 1337
105 349
2151 347
1399 251
1651 823
897 1967
1735 667
3 2151
107 323
2089 1035
3 1483
769 2197
1851 847
561 11
769 2159
51 477
1937 175
1984 1544
1599 57
2383 219
2251 845
1397 699
1863 135
2175 313
1117 2155
2063 283
2033 623
847 2383
2281 1223
383 2317
583 113
191 291
451 171
591 2169
2273 1475
2319 897
671 2277
2159 871
1075 1507
1965 327
186 1504
2021 679
1683 821
1431 281
89 1961
2187 97
479 1155
475 2203
35 699
935 533
1599 227
203 2153
1947 913
505 2147
2321 2093
191 1293
2243 2067
989 2069
951 1259
1601 117
2285 429
875 1915
2104 28
297 1819
81 481
320 1715 97
2107 375
2265 615
2162 126
1171 2387
1687 1
1293 1593
697 1970 765
239 1159
2297 1199
299 2285
9 1287
1175 61
149 1711
763 5
597 1907
255 1107
27 1425
2369 37
243 2383
1903 55
496 2204
203 1867
154 1586
2362 406
2199 435
2069 1122 97
1707 1753
77 677
861 433
25 2139
1965 903
49 183
1671 207
1179 113
535 1915
617 2071
432 2332
1777 951
47 573
1331 1453
2325 2037
1145 149
2215 429
2137 1495
2255 143
1133 2301
7 1767
1501 675
1637 1045
1461 165
767 2145
2029 1585
2183 1875
357 1539
1552 730
789 2321
2193 211
2099 433
1869 2369
2203 799
35 1877
1289 873
5 663
2360 718
643 2017
2213 1203
1443 51
2109 87
1501 1165
2297 669
199 1637
1841 383
561 1803
1623 2227
249 1095
903 1993
1421 55
1121 1859
403 2365
1093 205
2315 1993
2291 1377
1961 1271
1173 2207
2313 1647
2221 393
1209 535
2029 265
225 2139
2323 1343
2347 751
2023 631
131 1967
663 1281
2013 27
2025 843
1065 2367
5 1711
2231 665
169 2275
1479 413
29 2385
95 817
479 1961
13 1841
2357 499
675 1727
1419 2379
159 667
1751 1713
2287 609
1645 711
2335 2220 765
2337 3
2274 568
943 139
343 2305
1519 2065
1580 51 765
377 159
2375 1401
231 1839
1561 745
109 2345
2081 231
2151 899
1703 1187
1417 7
21 1461
1393 2325
2171 451
2077 465
315 1427
23 305
175 1209
1973 309
2192 8
1737 2145
2048 2358
247 1213
1958 66
2059 15
253 2281
1903 2373
543 1233
1283 91
493 1823
793 2081
2344 272
1949 219
2249 1175
801 83
2283 1623
849 2289
1979 385
865 707
2208 675 97
1379 57
15 1407
364 2332
2085 431
671 2311
845 23
523 1063
935 1923
2285 1819
2383 79
249 1869
2113 353
381 2221
989 2137
1667 289
2011 949
561 2165
995 2327
2288 1910
1671 991
85 2307
145 1217
1809 813
1082 2010
2126 818
2243 113
285 1969
1361 2181
2131 1277
2061 1123
177 669
2281 2268 765
489 2367
1069 271
992 2184
1977 1237
1899 2385
3 1265
1709 89
789 93
1151 2261
115 1283
315 271
117 2279
2373 1337
137 1797
511 1737
91 2107
1425 2155
529 121
2147 333
253 987
514 1233 97
513 2225
403 2395
1724 1232
367 1845
651 2353
2112 1290
19 587
2391 603
1397 111
1175 571
1069 59
639 1835
1559 1299
2021 23
2124 1148
119 651
2345 1569
2303 1247
1267 203
183 2255
2148 1384
1915 1037
1580 2077 97
1845 2335
1463 353
1641 339
2295 535
2211 1603
457 195
381 1523
2335 1819
2383 1289
189 1057
71 415
843 1
217 1643
2009 617
2293 1075
1553 25
484 2090
2133 293
955 2261
741 2367
415 757
51 1573
1553 263
2141 1655
297 13
607 177
231 721
347 775
277 1645
1710 2306
877 2253
13 819
1673 1009
1749 7
535 2177
2209 2099
505 2101
1969 667
773 1877
31 1941
363 1815
589 7
721 1461
2268 1042
1847 783
1547 2285
1735 785
1833 233
595 1621
231 613
1606 1424
165 1209
1780 989 765
1121 1115
1247 107
983 2043
634 1585 97
275 1625
2113 39
1877 435
1515 2203
2293 97
55 419
1627 1615
2115 65
1045 2389
2141 1673
1873 617
2288 2198
2141 1143
2337 471
1751 629
1573 127
2073 201
571 1621
1975 2345
2217 265
2147 1241
475 1481
583 199
1361 743
2293 811
1841 1730 97
581 45
1021 769
9 433
1201 1785
1631 2335
1744 551 765
1866 1528
1811 87
1243 81
5 2313
695 1171
271 729
1955 173
287 1757
2259 1585
839 51
2343 229
2093 123
1907 91
2381 1989
1257 481
263 855
2283 49
1825 613
339 1802 765
2157 255
21 2307
2183 469
1987 887
2061 203
391 1943
1835 503
2331 69
7 2371
1447 2383
29 1923
2137 1149
2167 163
973 139
1327 2371
81 1267
1669 1929
1759 2371
2365 687
2379 773
415 2015
725 31
907 127
103 1781
443 1997
2289 693
1203 2131
983 25
2352 1342
2274 606
481 2107
655 245
999 1879
1271 27
1890 1110
727 1935
2193 657
569 2259
155 1975
1063 1687
1835 705
229 1799
241 45
203 1799
627 1021
887 2161
139 2017
1061 269
1411 583
1937 167
1769 1455
823 2369
1003 2323
1919 11
9 2355
375 33
2170 1170
267 39
1355 653
933 1441
133 1153
507 1141
251 51
2326 1658
915 2053
371 2221
947 23
1295 2161
91 2187
1922 1344
161 197
2018 1994
877 2073
2017 2289
889 2039
623 160 97
383 1739
293 2135
233 1725
131 2361
1093 2101
63 2343
131 2273
571 1969
2351 1967
945 1875
135 1785
1875 51
1703 2171
257 269
1105 83
29 2383
1199 205
765 2325
1579 2269
2177 993
41 455
1245 2183
883 2369
1848 172
793 1917
2191 343
1883 2291
1953 1285
2059 391
2217 163
1833 1081
2097 429
2345 301
457 1885
223 2363
1995 2155
361 2391
1287 35
283 1705
1869 847
223 1235
723 2091
2109 661
1433 159
819 2043
78 2030
2111 935
2315 751
85 2225
2169 397
487 1903
1909 359
1719 2365
1029 2173
497 59
1755 31
421 2235
2395 1929
2175 1063
2327 545
396 2246
1625 2371
1567 727
453 2347
1132 1155 97
2277 441
69 1743
2355 1025
769 13
3 2201
891 1771
355 1959
2315 71
2137 773
139 2339
283 1735
2354 1608
1835 645
241 9
952 2284
1831 2393
337 2289
2359 5
2321 1327
2011 553
359 2183
2077 179
744 2216
1671 801
2333 119
2249 1721
721 1625
2359 1777
21 1283
1377 2317
33 305
119 2353
1141 577
21 1549
2379 1215
1341 319
75 939
1359 209
1829 285
1096 2292
2117 2371
1299 621
401 1161
2041 101
1331 301
2316 1258
1820 1728
2143 769
2163 49
2381 187
33 753
171 1971
123 1811
2147 943
1301 2089
23 987
2357 127
2241 323
1323 2371
931 2395
481 2385
2335 191
937 691
147 1609
1705 95
1477 249
1005 2177
1363 451
101 137
2045 185
1831 635
77 1885
2379 203
41 639
643 2161
1909 1581
1440 798
855 1451
295 2321
1966 2342
2001 377
621 1573
881 1851
2221 749
867 537
1141 541
95 1141
1516 2142
1375 2319
1391 683
1499 943
469 2273
167 909
1065 475
409 2125
2375 2223
15 1429
1813 765
1723 2287
83 45
161 1875
1069 441
2068 890
341 1255
19 2323
2067 683
845 343
1053 2349
1210 1642
273 525
825 2023
2311 1441
307 2307
1707 809
2161 1721
2348 1532
665 1827
1605 13
5 1223
13 985
1309 2091
1188 2356
157 2225
1442 1045 765
423 91
1448 614
283 2137
741 2313
67 1695
71 1761
1609 103
2019 855
1885 47
987 49
1517 437
2135 1253
121 1647
2089 1297
617 1795
2243 1577
1243 2373
147 1099
811 13
43 2337
1625 837
1093 2083
1189 1349
187 2269
347 1495
735 2213
2107 327
1705 279
2151 417
1933 715
759 35
241 1471
2075 2215
1879 2331
923 2213
2223 685
2227 33
159 1365
2176 1544
1853 53
2375 1851
1636 2374
2189 1767
2345 1263
39 2061
1329 1613
591 2367
167 1225
629 2275
327 2079
377 1303
1075 2279
251 1905
441 1839
455 1771
1715 539
2239 121
463 1153
2301 1799
151 781
1169 43
227 2337
1689 23
2245 953
1433 1
321 1905
2291 725
935 2323
633 1415
1604 1292
367 1751
1991 2241
2373 1203
2343 641
1825 1421
107 1959
991 2051
758 2346
2059 231
2335 97
1963 75
2133 823
1096 2396
301 777
341 1609
2169 9
1905 1863
269 1947
729 2265
649 2255
1 1199
2177 379
115 1775
137 639
557 1273
837 2253
1849 609
2355 663
1584 2018
403 2369
19 1787
1607 813
2349 61
47 2301
29 233
2285 849
59 2093
2263 25
1681 153
2233 885
2077 1147
2259 2379
373 975
117 1129
1299 115
1651 2227
753 273
1201 71
179 2357
2093 281
2239 29
9 2071
111 2071
1549 131
2247 17
883 2011
203 2025
2385 541
411 1927
2170 826
1539 293
1685 1565
2369 517
1077 325
2023 1505
353 395
1971 67
2023 171
2341 123
107 777
729 1473
2117 901
595 2263
1209 2201
225 2121
1239 2271
412 2274
1219 291
2063 207
519 1475
711 2253
2395 689
1721 514 97
621 37
439 2255
393 25
651 1757
21 751
2291 263
279 2007
2269 113
221 2317
1721 1385
367 365
43 1623
1999 39
31 913
163 1585
103 781
2383 1859
2159 1357
613 2111
1882 2317 97
399 1083
135 719
813 2329
941 207
1995 849
411 1439
1871 67
1463 123
1499 708 97
69 2263
2147 277
1953 99
2175 461
7 2313
2377 327
25 2021
317 1161
683 1703
865 2355
99 587
2079 1065
27 759
641 2133
1494 155 765
775 2345
1815 693
1263 141
1155 35
1499 153
1240 1910
999 2091
1307 1155
2381 3
487 2319
1005 1853
459 1021
191 2033
749 1841
2197 205
1037 57
269 2087
1625 543
59 995
2060 816
1303 2141
2389 2067
45 2371
1439 2143
1867 561
1949 257
1273 1565
1387 529
1197 671
1015 59
165 987
1423 167
1335 2325
1855 373
1831 167
1619 1787
2324 142
1105 469
277 1091
2085 877
583 1241
1431 2313
1909 113
2327 1699
2019 175
2050 424
2011 255
2091 191
2336 251 765
797 207
1973 153
82 713 97
43 1149
830 2306
777 2071
381 37
2031 1161
1609 2177
1479 263
1105 885
41 1721
2185 1131
987 1933
821 1457
397 191
687 2283
127 113
2371 1109
219 2209
905 1697
2306 901 97
97 2245
141 471
2281 837
1953 125
517 1813
346 2304
709 2127
1121 1131
1881 2355
2359 317
1149 1195
129 1595
61 1777
251 1293
873 2081
2371 575
2308 1746
13 2151
47 1793
2261 2001
97 1069
1772 2297 97
2139 245
95 655
2221 253
1065 2265
229 2339
29 2165
1833 239
1867 627
2156 424
2255 99
2105 1129
1721 167
1379 2199
2387 1950 765
5 1869
2365 2025
2100 2369 765
1565 457
1787 487
2111 1529
2195 801
1373 625
427 1689
365 2335
25 1033
2373 855
1449 2365
111 1379
1217 2215
1687 2251
2169 631
2157 2347
205 2389
7 1283
35 1785
749 461
773 51
1401 2185
1139 9
423 931
1305 9
841 1675
1461 371
1567 2231
1815 449
2149 371
97 205
675 29
1735 715
1703 2379
1795 1397
1967 23
1321 223
1047 2259
1097 2381
2219 275
1952 139 765
1481 61
607 1973
249 1503
1479 223
2199 973
185 53
165 959
31 517
325 1229
1723 121
75 1411
2386 584
2081 2107
1972 1670
197 2265
1643 133
1043 2061
2359 1099
1979 337
3 721
959 2193
1486 1425 765
197 2111
2111 1288 97
2068 1506
1131 2237
2384 1292
85 1213
1901 85
960 2004
481 2129
1419 333
2308 1764
2287 1221
785 1217
1241 2123
593 307
793 1477
1773 2335
2201 1609
37 1595
1357 397
71 445
2327 697
323 685
2192 1666
2175 9
2047 35
291 1103
1849 853
103 2183
1839 129
1625 187
1215 2209
141 427
1810 927 765
1641 507
24 1972
2236 424
583 1503
2145 289
541 1557
389 1513
137 27
1731 581
1569 1321
2139 269
477 123
217 1973
975 213
2293 2343
1217 153
19 1297
1327 97
145 1591
694 1612
213 1553
87 931
837 889
2379 1305
1985 195
53 1817
103 1735
1247 611
45 2263
2225 641
429 53
2259 671
2357 1853
1615 415
754 2038
1389 2297
2083 755
2295 1617
197 1545
2063 1439
449 1523
1945 143
1713 115
327 1029
1495 307
109 2259
1695 1613
2119 39
283 117
169 2217
67 1495
1750 135 765
1631 13
277 1747
1045 591
423 2211
2351 295
1987 617
2023 227
2320 1704
2255 373
2096 2338
751 9
2389 23
2251 669
1892 2352
17 1537
21 1633
2391 109
1821 1015
1125 297
179 1715
2239 1207
289 2229
1723 81
1869 979
33 1793
1909 73
905 513
1997 801
9 1677
909 27
2328 1884
1565 2325
145 1391
2177 823
2139 1737
2052 196
615 2067
1979 2317
1 2195
549 1709
1257 1301
769 1431
141 1347
379 367
547 1739
2063 93
1779 1229
533 1341
2303 1057
2115 73
2275 203
1113 2249
1657 801
1068 2032
1545 667
687 1617
2231 1703
2249 1307
367 115
2372 1988
1835 1533
1471 531
707 2243
51 679
2381 617
421 1393
1883 939
2105 1181
359 2333
79 1625
2153 1151
2241 1779
2185 1947
1737 979
82 2020
2207 1715
825 1897
1499 663
455 1507
2121 1011
2293 529
1171 45
1919 561
695 2317
234 2322
1471 451
45 1027
433 2251
2059 327
2167 191
2001 7
1483 53
1653 311
131 755
253 1107
1359 269
1927 1311
1443 13
49 1167
854 2376
2257 329
545 213
261 939
2157 239
49 1967
2192 276
985 23
749 2215
1091 2259
2129 507
955 1497
1853 297
1705 725
627 1831
203 2313
251 1659
267 1317
2183 1865
685 585
1 375
665 1531
95 2031
233 1981
1761 2297
1233 347
281 1471
115 1039
3 975
555 2147
1027 765
783 2181
419 2127
651 1633
656 2150
547 2171
181 1469
1509 669
439 119
2219 1293
2363 819
237 111
491 2209
65 1061
685 2379
63 445
2109 137
2143 545
377 2323
597 117
1799 483
117 2217
2099 1011
1373 293
2271 231
1269 247
1183 3
761 1335
291 2289
838 1920
2279 69
1395 2357
2365 1573
325 899
1053 81
1091 1995
2341 959
2073 1771
323 2123
1079 2349
2283 427
1316 2160
2123 223
1387 2391
1508 2350
2075 2081
1293 2107
89 289
31 2317
1923 55
1395 1507
1455 127
1409 1417
169 557
813 1233
1765 611
2235 197
2319 425
371 1633
5 181
1549 2167
43 711
55 1445
313 2065
1061 1813
967 399
33 1981
2205 85
1953 339
25 1461
1817 2127
2333 227
881 1465
1229 629
1827 247
69 2285
1725 685
667 1949
1408 1974
2157 1573
498 1794
725 27
2201 1363
1829 701
2177 257
1922 1040
1871 565
2223 1093
251 2119
2148 34
2293 389
1721 749
1494 2364
531 1137
585 1504 765
1993 73
909 811
1887 5
851 2047
293 879
371 1725
1270 2272
2030 214
1839 2303
2353 873
1875 5
937 117
1543 753
285 861
1021 2139
717 2239
1823 2193
1641 1627
2179 627
847 1665
731 1233
47 1771
2055 285
1195 23
2075 395
1241 19
2344 952
387 243
1975 865
81 1911
1101 109
183 515
343 2239
2257 433
1825 681
885 153
55 1505
2345 1513
1409 2339
2325 337
2081 221
2175 1565
1442 427 97
1423 425
2043 313
2327 7
1667 429
437 2253
1519 243
2221 989
1765 739
347 1603
2136 248
2273 197
2085 785
1909 57
201 2203
1721 2175
295 2007
87 2179
1285 1015
1327 79
2009 33
2311 405
2245 1284 97
2277 31
503 2285
161 575
2166 776
9 1433
1103 43
2109 71
107 1709
1355 243
767 55
2219 1317
5 2391
1609 251
1999 195
1665 801
2183 685
1214 143 97
373 1147
2213 2319
1877 2127
53 1023
2195 1459
1761 1005
1425 311
279 1591
2383 595
2121 1561
2386 1248
1573 2003
1059 401
375 2092 765
2363 1801
643 151
2193 1381
13 1697
1478 109 765
1565 147
79 1261
75 471
2355 19
1779 271
923 1267
31 2345
1087 2379
479 2107
1993 325
511 1463
1899 569
2385 753
994 2157 97
1553 547
1087 1869
1871 121
1111 2039
1901 2343
2287 1049
2341 509
887 43
2386 1230
305 1019
377 279
1057 2121
1705 97
2287 1653
2335 735
2153 1245
585 231
1625 691
343 2025
2191 1655
2211 141
641 307
247 1793
2173 409
29 2319
869 1401
657 1711
749 2295
953 2269
347 475
1481 2213
1013 1017
2299 39
1945 171
661 2389
885 67
853 1651
873 2385
1563 229
1429 2015
63 827
1707 743
137 2343
1601 35
121 247
945 279
1409 265
1501 189
2207 401
175 455
249 1097
803 2389
57 1007
1748 993 765
2219 1221
2229 881
523 1181
2316 1824
17 233
464 1485 97
737 1927
537 1979
1871 679
137 2117
865 17
1671 1691
2341 1333
1343 209
2155 195
1313 163
47 1787
855 1133
2377 1033
1973 859
1359 2065
1875 1029
2315 1309
117 1959
41 2375
2021 89
2187 631
1971 2281
441 2177
915 461
503 2185
2237 43
1271 127
1103 315
2055 235
1263 55
1412 2298
355 1711
169 739
2298 1344
725 847
2225 7
2344 340
3 1313
203 725
27 793
2353 695
1691 633
1291 121
1506 2292
145 1747
2311 1067
783 2291
779 1199
2347 1551
581 2105
367 2365
45 525
293 827
2091 239
371 1703
2363 1149
225 505
840 2100
2169 825
187 287
1849 2153
215 1881
809 2295
2083 839
1031 97
2152 1814
763 383
311 1009
129 1855
1147 397
1391 2165
916 2324
2104 1870
1171 699
483 2195
31 877
2183 9
1827 1447
2317 1661
2077 1281
1946 1326
1705 133
1371 205
2037 1223
1763 7
387 181
2333 1595
1169 1091
33 1279
27 461
542 2240
683 2377
851 1847
9 1779
2259 69
1083 651
49 2049
1949 273
2233 1
2298 994
2205 117
11 739
81 1597
1644 838
213 2169
2051 293
925 1489
981 47
2394 438
1743 1601
2295 1211
2321 283
121 883
2031 647
2143 1319
319 1625
1979 713
181 1993
2207 121
2125 347
395 1631
2049 271
2005 457
1255 2247
99 1889
57 1347
2378 1310
2142 348
1463 2359
2389 1111
707 1847
865 2127
881 2309
1341 183
719 357
2149 1421
617 147
847 1923
61 393
159 1897
1399 2371
1611 2367
433 1815
1029 2021
139 1167
1259 2293
13 463
209 1953
1085 459
327 2027
2311 527
95 955
2386 740
1187 1723
337 1929
135 649
1775 2281
39 1247
359 363
2201 1111
2299 1753
287 1223
2263 987
1950 903 765
5 793
1355 897
673 2267
5 629
703 1581
2223 967
2087 315
1097 1877
2219 41
5 351
1835 285
1788 2314
1947 673
1633 39
2275 589
247 2083
591 1821
1569 415
2355 1433
2391 1337
481 2319
9 2341
1201 31
1324 2224
547 2119
1319 1530 97
2295 1515
2227 175
51 1285
549 2331
1161 439
2027 949
117 1013
1867 2273
2317 899
1861 2177
129 739
1415 559
139 737
1545 2025
181 1675
19 1789
2335 1307
841 2165
63 1595
117 2181
21 1659
1847 839
47 1545
2163 421
2212 603 97
171 1779
1235 1769
1527 417
971 2221
611 1457
277 15
247 585
2369 2095
2011 1493
2329 1563
313 817
199 2221
63 1775
1647 2339
835 15
679 2189
2300 1573 765
519 2349
845 2365
3 1017
87 1245
719 1537
837 1467
538 2122
1029 2129
1107 45
131 1423
1983 2385
1387 517
2253 1927
87 1707
2017 165
2063 945
1767 159
1371 2215
261 687
229 1513
51 181
1521 265
1607 1041
2173 785
1375 2187
413 2211
225 1117
2165 133
1459 803
2337 1033
429 2373
1659 211
177 1643
1975 367
2331 1603
589 969
57 2273
573 89
849 193
1549 175
213 134 97
1885 649
1621 165
1541 1793
745 17
2086 584
1363 2335
2217 1312 97
889 891
391 1531
59 1883
629 1805
193 1699
131 1689
455 2213
2244 1782
657 617
2209 737
99 1265
2043 577
1177 2379
1519 2159
143 353
2269 573
1595 111
1545 323
683 2327
2199 871
2281 691
1579 1503
213 985
2199 791
245 1049
1121 1503
2307 1251
2075 2023
9 2167
1655 741
2055 837
435 2393
393 2107
1781 373
1009 1013
909 2115
1840 1252
2173 2056 765
125 2219
2221 721
1127 107
1399 2037
1279 2331
1121 2073
721 1711
57 1189
2357 837
1693 709
1501 151
1565 253
2231 7
1175 223
507 2023
209 923
99 1881
37 1941
1059 2043
1115 193
753 493
1461 155
1829 751
2251 205
457 1999
893 561
79 2103
2093 821
239 1373
1947 755
2209 1493
1929 2243
2277 1533
909 1549
71 1945
2223 1409
277 1793
887 1649
2343 721
3 199
1685 1117
1854 2342
1503 377
1765 2055
913 2265
1013 185
2191 447
1814 321 765
1821 2173
137 1629
351 919
109 1149
2299 347
2361 2185
562 2314
435 1477
2145 973
2063 319
2109 325
1909 467
2065 1009
2303 67
737 2197
2306 194
1747 287
1987 1115
2113 85
1349 335
2321 573
481 1325
1930 174
245 853
2231 2193
955 2395
131 471
1095 815
241 1557
2389 1831
2353 1
1727 463
67 1103
2269 101
1 449
1972 1582
2373 1189
397 1245
2313 1189
709 2379
309 673
87 1039
2293 941
2123 431
7 1061
269 1470 765
547 2395
2235 157
309 2355
2002 1418
2281 1951
569 143
1819 19
204 1878
75 1451
105 1995
1930 305 765
1679 821
1481 2221
1431 2335
1547 299
975 2031
217 1555
2348 1108
1361 97
931 1493
2019 129
401 1831
657 2067
77 551
13 2327
77 1575
2347 2159
2171 435
1841 33
2187 23
1875 199
2209 721
387 503
1617 2221
2381 371
684 2386
77 975
343 1509
2239 1879
997 1575
1199 113
2215 811
397 13
1998 2126
2327 803
2059 653
1241 2307
2333 707
1475 1105
1603 253
513 15
213 2055
635 23
1305 953
623 161
1437 83
181 1717
923 2015
2373 61
489 61
1203 13
1215 35
2295 103
491 2319
227 2389
2391 627
2263 617
2019 2195
1889 2329
53 595
2314 770
440 1796
867 1431
1239 315
103 1279
473 1141
821 1697
405 1729
1001 215
179 1177
507 2295
57 725
399 2173
2079 851
1964 1820
445 1583
245 2369
1705 967
2213 2273
1489 169
307 1705
1051 47
1858 502
59 2243
43 1721
1419 275
1406 1984
1533 2271
741 1945
2247 1095
2357 1463
370 2378
2258 1364
1119 483
93 1811
553 2373
31 1861
1875 73
1437 1941
2135 1701
833 2237
1291 35
1633 7
1917 35
933 1953
377 57
59 1863
1347 2391
313 2317
35 1247
2283 1031
2187 2277
99 2189
1181 1666 765
2391 963
1937 27
2054 2019 765
2099 1573
1457 2251
271 2181
793 1869
2297 497
1557 71
2385 1665
2199 1573
1551 155
439 2291
525 2297
799 1393
581 2175
555 2353
2333 455
159 349
2035 793
2362 162
121 2347
1621 425
2274 594
1649 255
2396 1938
1763 41
1247 109
193 2305
1705 1101
1956 2361 765
1942 21 765
1659 89
1929 1031
1849 799
87 1197
473 183
1817 527
1830 596
2151 1313
219 1969
2354 2211 765
2389 1579
91 1499
1763 2327
111 1967
1163 2095
1991 15
1155 261
563 2321
477 1525
257 117
63 1959
1201 49
67 2171
93 163
255 1235
2241 995
1551 29
1281 61
205 1023
17 2389
1425 453
1811 499
127 685
1795 43
2157 851
1123 2349
2077 1995
2027 1297
135 1535
1579 2391
1509 51
1531 397
2067 1539
609 2295
2317 619
2329 1605
1007 2217
697 1449
75 1723
2123 1273
883 2375
1747 2071
897 2107
2115 541
1507 33
1653 811
1528 2072
7 1049
2304 742
1171 133
1185 79
2319 1975
1791 325
1963 315
151 1790 765
503 1813
2203 1447
1053 2391
1792 2102
1477 2003
1939 1551
329 317
1617 267
885 2123
1475 197
155 11
286 103 97
273 1161
1101 2299
1003 2155
925 1835
447 1689
686 2066
719 1599
2223 619
2359 1403
1278 1147 97
2341 231
651 319
2240 1538
2069 33
69 2391
2067 101
1779 689
549 71
2125 1023
45 261
751 1751
1024 2386
289 2013
1145 2265
2319 195
1587 45
393 217
707 2385
557 1759
209 991
2216 978
2227 1937
665 1875
2265 983
2157 727
5 1145
2378 570
953 2121
2379 519
407 1755
2245 17
37 2153
193 649
87 1985
2253 2257
97 1319
1871 47
239 1121
659 59
981 303
559 247
351 59
367 27
491 713
1877 5
19 621
2031 243
1165 2271
2157 513
107 91
1367 1719
249 1599
615 1701
25 825
47 1565
1323 101
531 1153
2323 857
1525 85
1903 661
2097 769
1087 483
2227 339
71 695
2113 1551
645 1411
45 1085
731 1323
37 1947
823 2265
369 1746 765
1827 57
995 2219
739 1987
1311 545
1025 2247
159 2037
629 1047
41 695
1531 2245
711 2173
1575 197
303 785
393 1625
863 2025
2081 129
1600 604
369 1679
1671 203
411 2027
2049 987
2009 13
267 1559
551 1163
575 1367
45 2217
2101 17
1915 457
2073 2193
1167 7
1523 2003
411 2385
1083 1548 765
1949 77
2345 45
37 2139
295 1835
99 1455
2287 1301
969 123
3 953
629 1225
203 457
2105 67
1560 589 765
345 2287
789 1
645 319
5 1603
165 2185
527 2125
703 197
127 1015
2111 1285
2049 29
1745 2299
703 7
839 1667
2270 494
947 405
1817 2313
1947 1859
2159 11
157 2205
2067 251
2275 1457
789 841
159 1119
2311 457
59 979
2335 203
2213 225
517 2169
1833 863
2281 103
225 1507
2161 391
1607 243
1441 11
847 75
239 1241
1783 2219
45 2329
307 1440 97
540 2360
1223 655
95 2301
2309 689
177 2223
1841 153
847 2311
1769 1411
2183 87
1551 2369
1768 278
1915 447
1919 527
1829 203
2280 920
2035 2327
1633 635
2393 565
2345 193
2135 1622 765
605 1631
1711 549
851 2217
601 1987
297 1497
2213 743
2061 1929
2215 1563
69 1713
37 1581
1739 2369
2049 433
205 2039
31 1767
33 269
1579 639
187 2215
1559 2313
1839 189
145 767
2145 189
1051 179
451 2115
249 1349
2138 1058
1865 49
