2396 4895 97 765
2222 990
1100 2360
110 1248
1862 150
616 2382
2325 1657
904 1994
974 2190
1496 2220
184 1342
562 894
1140 2006
12 428
642 1932
888 1650
1066 2368
1432 1682
446 72
284 1736
936 2310
2200 1574
1618 2164
1264 56
416 2016
2222 1278
996 2328
1046 592
2028 328
218 1010
1202 72
662 1904
508 2024
220 1316
2328 358
1558 2191 97
8 2372
50 184
1477 394 765
574 2322
1122 240
1668 430
108 1960
628 2174
1768 2190
1174 92
1340 572
195 2159
708 2334
160 2290
1088 484
2172 68
1116 2268
106 1296
510 2270
2394 436
1842 154
2221 417
2029 107
984 2266
1792 860
520 2350
1132 2186
1388 530
319 1716 97
446 64
1812 124
2186 584
680 2022
274 1426
872 2200
118 258
780 74
40 2000
670 2252
1581 1971
1249 1759
398 1246
2168 192
148 386
2214 1946
2108 328
1114 2242
1281 2039
2336 1432
570 144
370 2382
456 1508
1701 2237
2228 10
166 2146
2176 1754
1320 1529 97
1248 612
2386 912
504 2084
633 1586 97
62 1482
260 706
1102 110
1291 2383
1096 816
142 2326
230 1514
2252 912
102 2270
434 2252
802 1998
548 1554
122 1724
1792 2312
558 2072
1766 1220
2304 362
203 1877
2222 972
1608 814
2299 1485
2276 956
1484 772
1327 2185
88 2184
2172 502
396 230
1026 2268
762 206
399 1989
210 924
2 550
163 2169
1614 2232
1952 6
2033 1089
46 262
2146 1738
1994 1180
692 1626
2276 920
1100 2256
822 2388
682 2036
2222 876
1670 1930
334 726
566 2366
1941 22 765
34 1508
889 1901
1104 292
1256 342
630 1752
1620 198
1931 356 97
1861 1324 97
1440 2144
1796 1574
1006 1858
794 1478
18 866
114 1910
868 1432
1390 10
1268 1884
892 2300
304 1694
2268 674
168 1442
158 2206
1934 192
442 2178
642 2226
426 2320
1944 247 97
2194 1614
729 2093
1869 2103
164 1540
528 1920
797 1439
1886 650
1236 256
1932 798
2164 128
60 2350
1098 2382
1970 572
1212 2296
106 2232
814 1810
1692 634
1042 2160
1524 450
372 2382
2380 686
1952 546
2186 26
652 268
968 2364
1456 2266
218 2058
1405 1983
138 640
1028 1054
1945 1139
594 1704
984 26
576 1918
171 1847
1316 88
254 2282
880 2246
576 2064
1813 322 765
1700 272
614 232
1872 48
2064 922
1876 200
1928 738
34 270
424 2118
2183 491
1126 908
1756 2256
2138 636
144 644
1156 2
1112 2040
1712 722
1218 2216
1420 360
2157 177
110 2260
1898 1126
1014 1018
1586 2332
1983 611
142 2388
138 28
928 458
230 2344
400 968
28 1956
1828 76
1706 968
1034 26
1878 774
62 1992
2384 126
256 1650
2236 1026
226 2122
698 2320
46 2346
1830 1220
996 2242
78 678
2336 98
710 2380
1320 22
128 1456
1796 1230
786 304
2367 539
1868 2274
842 2166
924 98
314 2356
690 2310
280 1592
1454 2382
2224 620
1432 718
204 2370
1236 74
1118 226
2322 564
802 84
988 1648
202 2074
14 2270
78 2330
650 284
92 1722
1354 236
2114 40
2114 156
26 2022
2188 1376
482 2108
286 460
2082 2076
10 2184
1802 64
2012 884
2236 442
148 2328
1978 598
1310 1644
2358 128
2040 1124
142 1874
1635 2373
2309 1155
30 676
2282 1952
350 106
1400 2282
100 1766
678 2308
250 1504
330 2086
1298 2028
1124 230
4 1770
2358 1396
996 2220
386 1980
2132 100
1886 66
758 2272
198 1576
24 1982
1252 2156
1634 22
2374 1698
750 2216
618 2296
2156 1078
1530 474
252 1296
1802 1134
1059 626 97
1426 1485 765
1008 324
1768 160
450 1698
38 1948
1568 728
1078 326
292 192
484 1800
1779 990 765
1516 408
270 2140
1496 308
1792 158
2352 1676
2266 642
1106 470
1918 64
658 718
2080 870
1426 18
192 1338
62 2220
1028 766
286 18
622 1300
1736 786
148 1610
1876 946
360 364
1769 2393
292 2152
264 1480
1348 58
70 1744
1738 512
2198 336
258 2178
2130 204
794 2036
30 714
1824 494
544 1234
1360 210
2246 1034
1998 444
2176 1008
498 60
1654 170
20 1790
2089 821
2294 1260
2040 222
2154 204
312 2072
192 1294
2018 140
1700 2328
1398 2378
2082 130
2 2156
1088 2262
2070 1086
598 2182
1708 422
628 2392
2001 1417
384 1740
2140 26
434 862
42 1818
230 1042
692 2118
1916 876
1995 1281
164 2018
2126 1024
2 1810
538 2086
1172 700
1490 294
14 1286
234 2248
1121 2070 97
2376 1008
722 2344
162 1213 97
1764 96
1834 240
1394 656
810 2296
60 1502
2394 988
2174 1822
2024 826
316 1362
14 2010
352 1740
2037 753
270 2088
726 2292
2372 112
22 500
2390 1014
1496 348
66 2354
2366 1040
1066 228
30 2284
482 1894
280 1656
307 2375
2326 766
1607 2353
2240 1208
366 368
1420 192
162 1480
1506 1942
2290 626
2000 196
2288 1160
1670 676
288 1380
322 2378
2130 1030
1170 1092
956 62
660 60
1550 890
982 2282
2128 866
332 2000
934 1442
650 136
2190 100
138 1810
1186 80
2284 1624
2095 2337
2066 186
500 1812
2368 1534
114 1226
1080 44
1856 266
1086 202
1599 603
226 1508
88 1066
1412 646
528 134
1182 1722
4 2202
926 1758
2068 616
666 2364
966 158
2054 2086
1217 2013
2292 440
2354 696
2066 1010
1234 513 97
1383 2147
576 162
715 2329
2297 1748 765
1616 1628
2068 706
1742 140
32 1496
1784 58
2330 1848
1454 1332
1008 2242
1976 168
1286 2112
1646 278
1202 50
1866 252
568 82
2380 848
1240 316
1774 2300
142 2212
2244 866
1002 216
216 1698
1118 6
236 334
2262 18
2382 180
2148 812
2354 1600
282 2094
218 1404
2148 1412
822 32
2184 360
752 2352
194 2346
588 20
908 128
2380 204
1388 326
2372 388
1642 508
1848 800
2166 1034
1610 104
2274 470
468 2206
2078 754
2171 136 765
1358 2160
64 470
2168 670
130 1596
310 2136
2266 1146
512 1464
2294 22
1902 86
2310 238
1978 620
2192 996
1832 402
324 1466
188 2382
1210 166
268 40
738 2210
2224 1410
2220 1222
1082 2354
2192 448
1318 268
28 1752
484 1920
326 1756
1542 1794
2160 12
2374 340
2328 8
1416 560
1654 526
1146 150
2384 1860
1606 14
534 936
2348 1844
2254 42
898 2320
1148 2078
1204 1454
278 2148
2050 1348
556 2354
1722 1932
316 836
1920 108
114 1162
2158 1254
16 278
192 2188
2302 264
2181 1629
2388 304
1828 248
1635 1696 97
532 2188
2054 1424
2078 1579 97
2138 284
676 1502
70 2112
1934 1360
166 1850
280 378
1638 248
1436 746
278 1092
178 2084
512 2394
1798 58
402 1162
36 1292
1912 1320
2274 2214
36 1786
1014 2366
2328 1764
798 200
1498 2360
104 432
688 1430
2152 1454
684 2328
1672 204
1990 2382
476 2204
1516 220
132 2362
2108 1294
2165 775
2070 34
696 42
1574 2366
350 1952
1168 2280
2296 610
138 1798
134 1942
794 1238
2336 1518
138 102
248 18
2344 504
14 1862
70 2372
2147 413
228 1472
2280 1176
2390 396
2009 571
82 2104
696 2312
206 1024
124 536
84 1476
2174 400
874 1290
1870 260
144 1946
1756 2194
1936 246
824 1879 765
1672 802
1880 2332
230 2388
132 1968
324 1546
1884 44
2170 214
78 1342
2190 680
2341 1965
6 1302
1722 2162
2244 1578
1266 594
1472 112
1870 794
408 1756
2218 118
2366 404
2340 140
134 918
870 2228
244 388
368 988
2288 1222
2018 644
762 2110
1256 920
14 820
1604 2332
2018 192
184 516
1562 42
998 1656
200 2324
1122 64
2124 382
1882 216
214 1554
760 36
2320 30
214 1864
666 2232
24 1814
1072 2382
1400 333 97
796 2244
982 304
1834 462
1747 994 765
334 2148
1754 1708
1898 2348
1448 1828
1360 270
1026 2248
837 1643
602 1894
32 256
2364 1892
1752 1218
2234 1356
294 828
2208 370
404 1474
1086 2232
1876 6
874 2082
470 2320
2349 1507
2078 2284
116 376
2204 800
1497 2247
1890 182
1474 280
306 1929 765
654 1356
434 10
626 2054
532 76
10 1214
1981 935
842 790
854 246
2371 1075
904 1966
2306 116
2286 300
1748 288
504 2186
1503 185
2178 1244
1632 14
940 262
2312 1442
1894 98
1802 1098
830 1812
214 986
274 754
832 1878
60 2094
1288 106
2287 1909
2377 1309
2 2110
2026 204
1552 156
1836 926
714 1810
1594 1294
936 2171 765
290 2157 765
1946 742
2084 146
1242 1710
2314 204
1098 2196
434 2212
1530 188
1520 2160
1346 734
1848 784
2290 470
2364 1614
1578 70
1418 670
1086 460
2322 1214
1660 2028
1910 468
1081 2009
136 432
1234 348
1062 270
800 1850
270 258
1076 1319 97
951 2283
2300 736
1596 112
740 2288
1588 812
68 886
2282 104
67 2293
2192 326
2270 92
2062 1930
46 84
302 790
2382 1274
2341 1853
2 1200
394 218
310 1032
2270 1580
78 1576
84 1878
2074 1772
866 1900
1850 610
614 1632
20 1298
2396 1930
2260 1092
340 1574
14 298
1218 154
538 868
44 2238
58 1600
2366 1844
170 1490
58 2274
953 1987
290 2146
532 1138
562 1804
898 2108
32 1942
1075 2059
826 2170
776 2390
546 1312
2186 1948
100 1228
1368 786
2326 2038
1493 156 765
1894 390
1648 682
2022 1020
594 2374
434 2100
438 1518
2312 172
1169 2049
2208 402
834 2052
708 866
2152 1378
340 2364
2224 1442
2024 228
1038 2340
312 1426
698 1450
1328 2372
2140 226
32 2318
2218 718
1469 1760 765
1738 1004
122 248
246 656
832 968
90 1962
1870 980
678 1720
184 1514
2158 2348
48 410
12 526
754 1544
1884 2292
1410 266
1146 106
1402 870
338 1980
2003 959
1172 1774
2040 662
2272 946
418 2342
72 696
122 2240
2170 518
2320 616
1746 174
1398 112
776 1018
2036 674
1347 2011
624 2034
1290 392
720 358
490 2202
476 1066
1894 1120
2370 2096
1800 2386
1224 2282
188 2296
1789 152 765
116 1284
514 2158
40 2352
1788 20
794 1918
2022 24
968 2224
2334 286
2178 380
1584 1280
2394 2238
1800 230
1056 2364
1756 36
112 238
1478 2358
2 844
1658 190
754 2338
368 776
1214 2224
296 2352
580 1116
1872 566
1146 2292
804 2328
1118 1686
420 2136
692 1554
884 122
2042 804
993 2158 97
2180 88
1484 54
2320 196
2230 400
2236 490
128 1604
1484 14
58 1008
1362 98
1877 2121
1880 258
708 2386
1842 74
1994 230
2066 314
2394 1920
502 90
2162 464
1150 30
318 2360
754 228
2374 1190
292 2298
1886 442
90 2022
2026 844
2308 568
1618 2222
2266 730
966 1958
1763 2307
404 2396
1206 1465 97
1894 2284
540 1716
80 2104
1878 6
1368 2076
2032 976
2148 88
2272 232
1870 1266
1442 32
2248 80
156 2222
704 2074
146 1556
1288 1838
2024 1608
1668 290
2176 1000
2300 2206
42 2000
356 2166
2258 1590
2376 2224
2292 2200
294 1016
2370 884
2320 1976
491 1911
246 914
1248 36
1257 2315
352 2012
876 6
1839 1251
1122 1132
174 1432
994 2178
1876 230
128 1272
426 2164
300 1548
1972 74
308 1828
1868 204
2196 802
254 1566
2290 644
2222 372
62 2350
282 1472
104 782
1450 2366
2344 1724
314 2176
1882 48
2026 1082
121 2373
2218 1311 97
684 1571 765
324 2242
255 1740 97
2270 1234
1774 332
1654 952
852 2048
1500 546
950 2028
1094 62
376 2091 765
212 1358
1532 398
2091 1089
2296 536
2364 1100
2 2354
790 2322
20 140
46 1746
2118 138
1868 1218
2320 488
198 2274
160 1120
1314 2314
84 1106
778 302
312 1654
2080 852
230 92
1142 578
1296 846
836 2036
1537 2239
2067 1505
154 446
608 2352
1276 2266
1656 572
1646 430
184 474
1932 256
260 938
642 2134
1606 2326
54 268
128 646
1920 214
296 894
492 86
2228 558
60 912
2387 1019
968 1408
2130 2156
198 370
290 2064
610 2288
712 2174
62 2374
1296 1925 765
48 982
2208 500
2064 1156
1700 28
246 1734
345 2303
406 1492
218 1974
501 1857
2045 355
2120 252
982 1886
1186 2120
72 1946
2348 356
1724 82
1341 2029
240 1160
2344 1870
326 1964
462 1412
1590 1623 765
1797 2173
1039 1921
244 2032
1482 476
22 1746
120 652
2390 18
296 1444
2376 1852
1760 608
1772 916
1729 72 765
1012 2122
1718 158
1960 118
937 2347
661 2297
2134 294
482 2386
2218 1256
2313 1787
380 1978
112 874
84 1438
2295 1503
1080 2350
494 754
1210 2024
2134 16
378 2002
930 1990
2198 738
24 636
2311 717
2114 1008
960 268
14 986
846 2158
582 46
1112 8
2342 232
2200 240
1588 2242
160 1994
2336 1774
42 640
1916 126
1084 216
378 2300
1948 914
1582 1614
1210 790
236 2186
1706 96
1888 6
988 1666
1106 1476
162 1322
916 180
1488 2290
12 156
658 672
1940 2262
1686 878
2204 1444
2024 2076
722 4
902 2118
148 2238
82 1570
434 1704
670 222
951 2343
2106 232
176 1938
882 1466
1082 2382
2172 452
2392 362
321 2366 97
2080 1742
78 1052
998 379 97
1508 1076
2320 492
470 1642
2273 593
1341 2351
1148 1277 97
622 38
298 1820
402 936
48 1546
2125 817
2318 314
1840 442
14 1204
158 130
56 2330
1686 1566
2 1434
1560 268
1209 1641
1560 1300
2266 286
533 1346 97
2299 1349
1109 1889
50 852
2161 125
2226 1040
1718 182
36 2248
2316 288
1994 2316
1824 394
837 1919
138 2320
1928 1248
1544 822
2244 1964
6 664
384 764
136 1749 765
2256 100
2336 736
2122 2136
1813 2151
166 2018
2316 388
2084 248
204 1460
1022 1629 765
552 1743 765
1000 2092
570 1900
1036 550
384 2308
16 1252
2164 192
92 1460
1916 458
558 1760
140 1946
638 1674
1336 178
2270 188
2183 991
278 1794
1174 280
1426 2156
1412 1770
728 1936
2278 652
270 2244
306 1256
2148 556
328 1966
2317 1159
202 2352
2221 1028 765
1771 2298 97
2106 1182
10 960
2264 94
98 1742
116 1300
1374 240
1340 196
2244 708
1928 908
280 2008
2284 180
1988 740
48 560
1854 298
2356 310
2146 190
1743 1864 765
348 2300
1914 686
1644 178
1548 1954
774 2138
946 2340
2032 1162
1954 340
132 1550
1782 688
198 162
784 2182
2228 1624
370 2336
2195 1854 765
2364 1584
88 474
784 2292
192 2092
600 84
2118 2372
1291 1603
1744 1602
1130 2106
1124 2062
310 1056
500 2198
822 1684
528 2126
206 1372
2032 648
2394 1456
1032 1930
180 2078
272 316
700 36
2230 2205 97
1318 2220
10 1294
1792 326
2386 1838
1342 534
2 1034
2366 2026
134 1644
874 2386
56 420
2088 496
1420 334
2110 72
2370 978
560 78
6 1244
1570 1322
850 2286
22 2282
896 2110
2134 808
486 1620
1402 816
118 1602
898 4
1008 2177 765
136 2182
742 2368
1016 60
980 1968
34 1284
688 1538
1818 2314
2224 686
360 1612
230 2340
1772 84
2112 618
736 1594
1472 452
642 2344
1972 172
2220 512
320 1662
1564 230
1416 628
1652 2228
1636 442
852 2158
488 1794
33 2147
1582 38
1342 320
142 2368
2152 2136
2386 754
2188 632
974 1460
1540 358
756 1384
1830 286
2394 282
914 1237 97
1204 218
204 726
1480 414
416 1414
1350 2182
1168 50
2054 968
2042 102
1593 2117
960 166
1156 630
190 1502
541 2239
2166 408
758 2326
580 1343 97
1823 551
2388 2154
1551 991
2336 27 97
1838 2222
264 2080
82 1312
960 2270
534 2276
1555 510 765
32 1742
198 1826
604 1886
2050 434
2348 1424
774 52
1238 2266
2014 28
550 2332
44 1022
2350 1618
2230 1698
122 2118
1596 38
274 2252
548 2396
2078 1996
1886 78
1030 2022
894 492
908 1376
2028 408
612 1458
498 2298
924 2016
2027 1079
566 2394
2352 772
30 2154
142 2134
546 4
116 1714
1440 48
44 848
2290 850
96 1858
812 2294
30 2386
892 2298
1258 1302
820 2258
2096 2204
2244 1352
252 1400
92 1500
70 1714
2137 1057
108 2038
362 2108
2119 1468 765
630 1806
212 2012
1446 504
910 28
81 1902 97
336 1350
2165 1849
952 1778
398 1798
430 54
186 568
96 2302
1840 130
476 348
2308 1276
2328 14
508 2296
1434 2356
584 1504
144 128
566 994
348 2152
480 511 97
34 754
110 2254
1478 14
372 1886
140 1864
1398 2054
1540 2068
566 1737 765
1566 48
504 2286
14 834
2322 152
1950 884
1136 64
234 2034
464 1284
2360 1482
2168 490
114 2270
2297 1283
1728 464
1010 1372
32 1756
2343 271
2294 2344
1422 296
2308 1392
1122 1290
196 2156
910 2322
10 1720
12 1972
2030 174
94 2064
976 542
1164 552
1464 2358
434 1718
2089 483
1832 168
2191 1665
854 1850
860 1974
1552 2372
2390 112
602 1028
150 1712
140 944
1914 350
1558 46
2366 846
664 2356
538 1798
1809 928 765
2250 802
2383 147
50 1670
506 1368
2078 1282
1822 592
1680 822
676 1728
2017 1993
984 76
1390 2174
1312 1354
1464 354
438 2206
746 1976
1854 54
1242 584
1278 2132
240 1710
2385 739
1493 2363
248 2330
1239 1909
6 2360
182 6
2184 1190
1883 543
348 1604
70 1020
2163 1011
1188 1704
68 2236
48 574
848 1852
1283 2279
2332 864
2333 1135
2141 1515
2385 583
30 1300
374 1780
114 584
2074 376
514 2226
452 222
2084 1094
618 148
2274 54
2250 1084
650 194
1752 270
2058 1206
2184 470
2336 1308
2100 1574
1266 4
832 82
2254 838
1336 762
436 2172
1996 2206
774 310
308 594
66 1568
354 2114
2345 757
644 2162
464 1404
1954 1286
342 1610
156 130
1896 2286
482 2130
626 2186
84 36
640 1836
50 988
140 738
2268 1294
1930 574
14 1668
2370 1258
302 2108
1973 1407
676 1914
2216 1564
1052 48
94 164
990 2138
1372 2086
2272 1240
738 1846
862 286
14 1698
1422 1826
1394 422
1676 888
190 1058
10 1484
2386 574
2272 566
86 948
1621 2136 765
2364 1150
38 2210
1622 596
1816 694
124 2094
1084 1547 765
2354 1640
28 794
428 2052
2136 222
1784 1114
192 1464
2306 344
1866 678
1414 1924
72 416
868 2380
1456 352
986 2396
6 352
2142 130
155 622 97
432 2124
952 1260
1280 2332
574 2270
540 2278
328 2080
2130 758
824 1652
1480 584
694 1524
336 1241 97
2134 328
2124 318
134 2224
1296 212
2214 1018
798 2294
436 2306
2046 190
2060 232
548 2116
2299 1574 765
2045 1127
422 2164
2318 196
2218 358
204 1876
1886 458
904 380
316 1428
2273 411
958 128
446 138
1948 988
200 4
1938 2228
1116 1058
840 1848
56 1904
2373 1001
1704 684
140 974
1980 538
1163 2287
1752 368
1268 924
1500 154
1850 2154
1854 288
2362 920
1846 62
1336 2326
2200 1380
1822 58
1688 2252
1182 2220
92 424
84 1562
262 1984
2006 458
1910 74
2164 50
1068 1582
2123 1147
2250 1308
50 2098
2323 915
1578 2204
652 320
8 1600
2160 2348
1630 234
1874 1440
1832 636
1722 44
1720 586
1468 918
142 1362
1382 378
356 2316
758 416
70 686
977 2215
1469 413
2162 1478
2284 50
46 2330
2030 266
612 1766
1716 180
220 2384
726 32
1906 322
2056 214
608 1974
2232 622
598 494
1268 1704
44 1952
2264 988
46 1410
1554 1012
910 2116
68 1696
2306 278
1066 2266
1544 220
172 452
458 196
1698 906
1058 32
652 1634
36 2048
1270 200
429 1699
1696 912
248 586
954 2380
1709 2305
86 2182
1014 344
1426 124
1428 202
1016 2168
272 2152
1514 2346
330 2092
2108 1158
110 2392
1982 2003 97
1968 112
276 2286
2018 2020
358 2368
1736 716
288 2358
534 1434
2085 1011
1020 280
2124 1274
70 1546
186 1014
88 1708
892 736
668 1546
1632 2336
1862 1574
50 1116
2254 1666
76 940
1552 2114
462 2176
1350 1190
734 2378
2278 240
1598 2256
542 1558
1010 1538
2322 724
1006 2178
456 206
328 2060
1156 480
2204 1516
1420 2380
1384 848
780 184
874 2354
1760 1860
6 1622
734 1642
2376 2345 765
1200 1588
656 1568
1836 286
324 740
240 1386
1802 720
48 1788
1506 56
2238 834
1708 1982
2170 578
1378 362
456 2334
2234 182
2326 138
1070 272
2220 1294
2262 2002
2186 1378
1016 1822
2312 528
1432 1671 765
1084 400
714 492
420 2240
106 748
460 2038
584 1412
200 2222
2152 1846
2028 412
1690 448
246 2220
1132 344
408 2182
2050 50
36 1026
1812 1410
462 1796
1224 2038
128 1016
1328 98
1807 2391
838 2358
288 1932
366 2336
567 2273
1760 2372
692 22
668 2290
2366 2389 97
1654 794
954 1306
1140 170
218 1644
448 1166
2296 1002
514 1990
1364 2202
2302 984
130 860
92 366
86 2206
60 1070
1646 258
1768 32
508 972
2219 504 97
2228 1736
1308 170
148 1880
672 2218
2050 30
2370 1536
2251 1777
290 1958
294 1374
1972 68
2329 961
1456 1770
500 2358
1947 2091
2380 520
2230 882
1740 1460
2312 2184
449 98 97
2274 1476
248 1746
48 1886
194 1700
1792 1576
1612 2328
176 682
2 450
472 2358
2336 1626
24 558
1680 1196
1566 2176
1998 26
526 142
2058 654
1748 278
1514 390
344 1510
2292 1766
1912 22
42 456
1142 508
40 1248
2226 8
586 312
232 2082
2098 770
2318 696
680 1820
2246 18
600 2072
2066 450
1528 1888
38 1002
2262 1116
118 1014
2336 258
50 1515 765
438 2254
1692 2218
14 2029 97
2246 462
2166 1342
1608 244
1648 312
122 2348
354 396
1776 64
2317 1194 765
1772 284
8 1170
1334 16
1708 744
772 2292
2218 46
194 1758
1994 2346
2396 1200
2144 78
1604 2250
1904 488
76 1964
436 1478
1325 1945
828 60
839 2099
2276 1458
1040 116
1670 48
2268 484
1936 540
772 34
2173 1909
822 1698
769 2313
2340 2010
1018 4
150 2054
683 2385
1752 1714
366 1794
2222 382
340 1642
850 1838
1829 595
776 50
162 624
172 1946
1692 1672
1440 412
1950 258
770 2090
70 2122
596 2384
1552 2348
1760 1446
1022 460
2238 398
2388 2286
1698 484
76 2378
664 244
1718 12
229 2055
2179 187
2049 423
588 100
2024 2020
44 662
142 472
2299 1089
2152 1314
2392 1580
2359 539
693 1611
2274 132
2160 1218
2004 54
26 1374
818 314
1092 132
989 2279
1094 2226
847 2063
2050 272
88 1812
736 2162
316 1964
1832 2390
2366 688
2057 2329
14 1404
1948 1104
1605 1423
1338 2374
68 2106
1146 6
1838 1404
1698 2344
1284 22
394 2222
2267 2282 765
1891 2351
216 764
2118 6
990 2320
718 2240
152 764
544 2352
34 2232
2390 24
178 670
110 2346
698 2328
2116 362
948 1641 97
1583 2017
624 2350
2100 1012
2127 193
172 1442
1740 2370
518 304
2184 686
2244 262
2174 1030
68 1866
1262 2274
2156 1996
1801 340 765
58 378
2324 1344
1520 244
178 608
2280 118
1667 1154 97
344 2240
1634 40
1818 54
292 1426
548 1740
232 1652
2276 558
2368 246
242 10
2356 1026
82 1054
686 2182
1242 240
2386 1378
1854 1006
30 1250
2338 1034
423 2235
1022 628
206 1036
20 2356
318 1162
2152 126
454 2348
1434 160
689 2023
1802 44
1138 2346
2378 1034
1607 1991
1446 2120
660 2232
1116 146
2380 796
1308 278
944 2148
666 1876
58 1594
156 1976
140 1662
1868 232
411 2285
2144 148
2306 250
38 2140
648 218
4 1484
242 1558
1730 144
838 2282
2277 875
2 376
398 1148
2068 252
262 1156
1014 2382
2065 1123
1328 2322
2196 484
1528 2009 765
2304 68
234 2374
2130 2338
1274 698
248 2026
564 1942
224 2124
2280 84
776 348
2312 406
1306 10
324 2124
64 2344
1807 2395
1924 936
272 472
228 2334
1010 136
1975 2337
2224 178
2072 778
1580 640
198 2266
24 986
1626 320
2274 1214
490 2328
1931 114 765
210 508
1360 458
1134 1914
1496 700
1266 2066
1654 812
14 798
768 146
2342 1276
1980 1616
2271 1269
1106 2082
1464 124
314 606
1640 892
840 1668
364 1816
936 2112
542 2052
1232 320
798 1844
2242 1780
348 2017 97
578 856
1954 934
1482 2222
2287 2197
2282 154
2228 410
552 78
94 2098
2209 699
2201 1163
2266 616
2004 1478
1108 254
492 2210
2054 10
2364 224
1392 684
884 2270
1066 2296
430 2374
2203 495
1404 2360
2156 1004
2322 350
2358 180
1158 478
124 970
2082 254
44 2338
1996 268
316 1808
2260 70
1960 356
18 2102
1568 2232
154 1974
466 2078
1730 694
1488 46
38 382
2145 1877
2266 258
347 1959
1532 814
1543 2175
316 1104
1988 1116
1682 116
2116 166
48 2026
1910 360
672 1198
2332 70
856 2168
146 1748
1180 2294
112 2072
256 2012
2162 888
96 1616
1900 744
2316 72
118 2354
2020 34
2068 658
1404 2172
316 2088
717 2359
2000 848
1202 368
2084 756
360 108
1354 2334
778 2114
1150 1196
360 350
537 2121
1310 2316
792 2200
2034 70
2142 920
304 614
484 1242
1995 1389
2312 458
1408 2286
1978 1238
2390 558
1282 2264
428 1312
1152 2262
562 1868
874 122
356 1770
2122 1190
1396 2066
1670 114
1666 2268
2218 852
2058 2240
516 2058
2065 685
2372 576
1048 2260
270 1948
1494 2012
1502 1166
2312 1554
1738 980
430 62
160 1898
166 1554
430 2286
1602 36
1364 2116
298 1498
120 1720
1998 46
284 2322
1152 2154
1824 578
174 1956
2214 2320
66 2116
1978 310
1731 2285
1848 852
66 160
1330 1614
180 2246
42 2376
1929 173
884 2376
40 1214
1524 2336
1414 1368
848 2312
1864 1906
1870 250
70 2264
1018 866
54 2126
2393 437
1626 544
2116 452
506 226
1793 497
532 2036
1062 1714
2130 110
944 2056
206 2040
1830 124
1274 1566
712 2232
2222 722
48 1772
2232 1704
2297 1343
594 2090
2044 820
2294 98
1150 44
1732 582
1672 472
2244 24
1328 684
1024 670
940 1884
1242 20
2310 974
1852 882
114 1200
586 232
2396 956
344 1614
1472 532
226 1916
512 758
2052 992
1726 372
1064 2176
2150 1118
122 1872
641 2385
246 1050
1556 634
1778 536
368 82
1622 856
474 1142
2059 781
2262 400
1242 2124
1472 242
726 28
108 1710
2070 18
712 1646
680 1160
916 2380
822 1520
1688 1064
1994 2236
583 2085
410 12
26 1554
800 1394
96 656
2210 2218
2372 1626
1169 2169
1134 856
412 2386
1028 1528
74 1048
2366 1720
1256 1972
1708 2294
16 1992
260 2214
2301 491
794 6
2267 1041
1528 418
1736 668
932 1800
2390 1580
919 2279
1156 36
778 108
1258 2240
1680 350
2384 1290
658 1906
1230 326
2228 34
1592 222
1304 378
210 1344
1084 652
98 206
1474 730
254 1604
1464 2028
854 96
38 2370
2026 1546
2188 98
1028 1026
858 2324
190 2382
388 504
30 1924
2122 118
194 710
12 854
2260 672
226 2342
1610 252
2338 222
2356 412
1098 1884
1816 260
250 1098
2386 1666
1880 320
2311 1751
8 1678
1744 80
1204 2132
254 52
2340 1410
404 2370
30 896
1464 68
2222 230
1712 892
1984 2386
160 1136
1068 1967 97
1512 1152
1032 98
1924 1214
46 2264
1418 1926
2002 8
2068 102
456 1772
1674 2268
2262 90
100 248
344 1316
2194 212
2380 352
2178 1610
1772 2254
956 2136
8 2314
2142 334
985 2087
1400 2038
2192 1606
2310 882
2214 456
405 1817
1148 2206
2082 2108
572 2176
2102 190
2224 1094
2056 1766
1550 22
1930 2012
60 980
268 1456
2286 1548
1712 550
1692 2380
1520 192
2214 736
628 1868
1942 38
1108 46
2344 1004
1430 2376
34 1088
76 1724
86 2330
1876 1030
1661 667
326 1994
422 1864
98 1302
750 2090
174 2175 765
2312 672
412 1928
1004 2324
592 2170
1762 817 97
190 2142
1578 2104
184 2256
406 1730
398 14
1858 352
729 1551
2296 104
14 812
1459 586 97
1388 2318
938 118
1344 522
1522 266
2278 1304
1364 452
2244 304
2200 1546
1842 34
1052 436
2194 2232
142 1348
2110 412
1840 640
264 1554
1172 134
1382 300
980 46
1875 1886 765
2288 458
2256 374
104 2136
2164 1748
78 42
1788 488
1022 770
14 2152
1816 434
1394 2326
1880 2240
250 1786
52 1510
1200 2298
326 900
840 52
2335 252 765
1742 1138
122 2208
1441 1046 765
528 1818
2180 628
20 840
52 1444
188 1332
1604 774
1028 654
2247 1721
1214 86
550 1710
2370 1552
2210 1494
88 2110
166 2022
838 2204
18 932
138 2246
722 2210
98 1710
1176 224
2072 1748
250 2262
526 2298
1614 1696
2082 222
2370 2099 765
1830 702
306 2212
1964 1098
1618 582
2390 662
10 2072
14 1444
2230 1542
1620 1625 97
106 1996
1530 2112
676 2207 97
516 285 97
1060 402
2385 1247
2357 2047
2029 77
2354 978
1104 44
442 1070
4 2382
106 408
2384 80
414 2212
2220 276
1814 100
368 2380
2135 247
1690 24
988 2174
1865 1527
1246 88
2364 602
714 1980
2290 338
878 2074
748 2364
86 518
174 2354
252 52
382 2178
218 1956
420 1170
110 670
1036 2090
428 2284
256 1108
1404 2132
70 2286
1202 32
1824 2194
2272 1166
34 1432
2258 2254
358 2170
2170 32
2142 66
1562 1854
1990 1280
68 1844
704 1582
294 2052
486 2196
2142 1304
90 1022
178 1106
272 730
8 1284
180 1852
2282 692
740 12
974 36
14 1842
2392 1246
2302 1986
1527 2071
1182 524
719 1194 97
426 1664
892 2274
250 2292
948 1152
1128 108
152 1092
2228 772
460 2090
2268 270
624 116
1500 664
1482 2214
974 2200
1210 2270
8 1168
1546 30
2314 130
1170 44
1686 348
2076 2216
2166 1392
1118 2156
161 2361
956 2262
2136 294
2042 326
2332 976
2386 594
2260 1510
768 56
946 280
230 1664
2216 1372
24 948
140 1951 765
1820 2336
368 1846
1622 980
318 2392
2246 1532
58 1910
2341 57
2068 684
2278 2188
468 2352
1739 501
1588 2
216 2346
2394 1736
163 2319
674 116
206 1200
16 794
350 1366
2384 30
110 1642
1056 1708
2074 2194
744 34
1634 372
764 6
2356 1248
2320 1316
236 4
942 2294
134 1154
2364 972
578 2096
1971 23
1286 396
2090 1302
406 948
1460 2196
624 159 97
272 1780
134 1706
512 48
2026 344
1834 874
1390 2298
1470 1458
1466 400
150 2078
48 2302
2110 326
1612 196
1920 560
886 144
2112 582
56 1924
1414 1226
2354 2044
1426 28
1816 268
1032 1958
1582 1910
2092 170
890 2390
2305 1945
430 2216
2108 480
1358 2332
2292 658
2332 1332
802 68
1479 2312 765
554 2134
1026 308
688 2284
1478 382
2244 332
100 1890
1622 262
750 1874
1072 940
1466 446
1436 48
658 2194
2290 292
2226 398
1028 46
1048 120
1566 502
1190 58
74 2378
198 1546
830 1694
548 2150
22 1624
2088 710
1306 2170
1236 184
1898 376
220 1970
36 2368
2150 2
1724 1188
684 2378
1378 2292
1374 626
1494 932
8 1648
1704 2172
2327 907
2240 1048
1138 1652
860 2134
836 2254
102 760
156 1740
2313 1756 765
1198 88
2368 490
178 2038
2196 1666
1554 122
58 1038
1714 102
2380 2260
2238 30
2258 434
720 1600
980 1630
770 1432
848 2384
1860 1948
1782 206
2060 392
1796 522
630 1554
789 2361
1422 2150
1708 730
1232 840
1570 416
2390 1702
540 2046
974 2150
36 1918
605 2273
1702 616
818 2180
86 2308
484 24
2375 1081
600 2078
1180 114
1470 118
260 724
1090 1928
582 2120
272 2182
2323 931
173 1463
224 1480
1316 2068
272 2274
2304 1840
99 2059
2264 26
2008 146
960 2346
1054 2392
726 58
6 630
2240 30
1622 572
462 28
458 98
1934 988
1470 2334
88 932
1648 2340
88 2152
378 2392
815 2059
1158 2166
1338 2176
312 1010
2060 16
458 204
258 102
1832 1168
2319 1703
2308 1242
670 1510
1348 2296
2262 136
214 546
748 1846
770 1334
472 2338
1402 2376
2385 471
48 1418
1918 108
304 2138
1590 238
558 170
1794 118
664 1282
58 1066
493 2269
818 2
2117 733
2292 946
702 74
180 1884
12 1796
1418 1410
1386 20
1032 1252
1402 457 97
1212 458
1644 442
2380 1088
478 52
462 750
160 378
1024 54
1380 2100
2288 346
1116 2111 765
590 970
2072 618
96 2032
10 2279 765
1626 188
2318 2132
2336 828
2 1240
8 1418
598 1908
200 756
1687 2273
820 1276
2362 2186
2156 114
1788 1370
1006 730
1800 940
454 1214
889 2067
846 2252
686 128
2340 212
1881 2318 97
1596 450
1392 146
1188 20
1410 2240
1134 34
2080 1336
604 2211 97
232 1840
192 2336
2056 286
420 2128
372 2150
1438 1942
118 1130
44 2166
292 50
344 332
2008 2232
426 1622
1982 1100
304 2238
2184 606
918 2050
1618 268
1876 162
1634 636
1170 64
104 2184
1682 2274
340 676
2 2322
2318 1980
200 2328
2144 1394
328 1030
182 1676
10 708
876 1850
743 2215
2292 1012
82 1268
1064 524
106 1776
196 10
2361 1359
690 2396
1126 50
1526 2130
368 116
1020 306
674 2346
1819 1727
1270 248
1828 666
10 1956
2312 478
1244 2296
2350 1124
2372 1424
364 1438
2384 38
1208 240
792 2144
622 1574
1712 658
1493 567
1576 98
118 284
472 132
2248 1096
593 2115
1096 68
2346 1976
2310 1148
534 230
2380 1306
1222 2108
1886 830
1112 2390
1814 1062
2322 2094
1238 2376
2344 1902
252 694
2162 392
2353 2212 765
2158 1574
2112 614
1598 694
2372 130
2112 198
40 1390
156 2252
1690 428
752 1830
208 798
96 956
1580 2174
1062 66
2363 685
846 2138
1186 2264
2128 1784
198 704
2218 266
1095 2291
1716 616
344 2192
770 14
820 2364
470 2220
1998 984
50 256
1064 2260
358 1626
658 1692
2096 1164
890 2040
83 2021
1298 2090
2075 1784 765
1621 2045
1552 1854
2151 1105
2366 368
2256 1522
76 2214
166 1622
1008 332
1288 36
1496 978
2044 984
166 988
613 1447
1791 2101
92 884
1690 274
582 2106
378 1437 765
1068 2312
2340 1900
18 2086
2062 1044
386 1250
490 694
446 1584
832 2364
128 114
1638 1204
1411 2297
2338 1042
1386 322
326 518
1150 110
880 2386
602 2314
1432 1570
1376 628
1930 338
2274 1464
632 2170
2305 829
2148 1242
2200 2018
112 1584
1106 886
744 2214
1672 992
522 1762
98 2298
356 2304
560 248
428 1496
1452 76
1214 248
1408 292
900 2232
954 2270
50 966
1870 2370
1262 80
86 1532
1930 2244
1780 172
2372 888
1284 92
504 1814
786 2086
2172 162
1538 148
2375 853
220 2210
707 1500 97
1314 4
24 1632
1588 292
138 1630
2328 896
248 2158
2036 2328
236 304
1424 132
2377 369
258 2114
2315 185
1436 598
370 1030
1884 698
2210 2100
622 20
2292 420
776 2346
824 2370
250 2296
2182 1362
2034 1634
974 2146
254 988
856 2374
1812 226
1934 12
2129 1793
1363 2257
624 2268
168 1226
16 1624
2011 1041
60 352
98 1706
120 440
2276 590
414 1790
2360 472
1388 460
520 1476
6 806
2302 920
2008 296
1618 2296
2368 1612
1112 250
2254 878
1866 50
1110 2372
2118 2316
210 1480
1576 998
90 1768
10 1780
118 2182
2240 1620
353 1939
18 1538
492 114
54 186
78 976
1972 2282
180 1052
1416 1042
390 2294
204 2276
2372 1324
26 1954
200 1638
596 278
1990 172
1296 2162
1323 2223
1176 212
348 2126
10 1288
180 1080
1962 1272
160 1366
2176 10
1745 2307
728 2164
166 2180
1963 2383
308 642
2390 804
786 2004
2341 245
1006 2250
1526 478
1364 2336
98 2246
1070 98
758 2090
1459 553
2256 650
1054 32
1666 848
1196 24
204 530
38 2290
1781 2243
1482 310
752 2348
1246 2154
184 1270
1856 374
2392 70
2103 27
2182 1254
350 2330
960 2342
1950 78
1082 1986
1462 166
2044 578
584 200
604 190
1652 1190
1870 848
2168 164
198 1024
2252 400
112 1380
1464 2360
222 2318
1764 830
248 1382
826 2380
1182 1665 765
280 1446
1781 499
588 2142
1477 110 765
212 2314
38 2172
1132 1694
688 1618
1418 1448
1176 572
1297 2257
132 1690
2320 336
2186 496
1154 464
2008 1142
2206 118
1688 2
405 2361
1430 2016
746 1562
900 2318
2000 458
2190 2066
914 32
212 2188
1674 2142
1116 194
1722 42
440 2240
136 1786
974 2314
44 1910
282 1678
518 32
1920 562
886 2124
1322 224
596 2002
1052 1640
2324 1390
2352 1968
2108 394
124 478
1394 1564
8 1634
1496 68
2314 1648
10 2342
956 1498
2171 101
668 160
1908 210
1210 2384
1937 2395
1626 80
274 1950
1058 2122
698 58
988 18
2232 8
598 118
1088 1870
76 472
82 678
1940 112
2394 1832
1600 2350
2008 20
410 2174
250 666
2166 226
232 722
1976 866
2331 363
4 1082
358 120
674 310
1966 1064
1302 286
2302 1250
2394 768
176 2228
1102 1990
2196 378
1010 1674
2326 1410
1834 234
1172 696
2334 1596
1338 2228
16 368
700 1398
2034 192
10 322
96 818
1988 602
450 1816
1382 2194
2180 346
114 896
1150 2138
2377 1619
1134 94
1246 2184
891 2097
482 82
1468 838
1358 398
2226 86
2358 46
337 2319
174 1424
2010 34
2266 914
54 143 97
1068 1476
60 1052
12 574
840 1586
1970 668
350 1306
1162 1474
768 226
1800 2172
1274 558
4 574
1460 804
2186 166
138 2110
524 1486
2038 814
44 1624
2338 4
2392 1460
712 2254
846 24
80 1328
48 1076
1760 176
4 580
2080 60
1796 1398
2108 1122
394 62
1334 988
1154 532
1674 766
2220 1784
1440 2328
1448 2204
854 1652
1174 2246
250 1600
2111 1289
1244 82
910 168
752 1752
108 1608
824 2178
2062 164
1706 308
394 28
2248 1256
822 2094
20 1518
1476 198
1326 546
1213 144 97
586 686
160 2038
1642 1126
2315 353
2318 22
446 2208
1668 1076
950 2012
1376 374
914 2142
94 778
1388 518
74 2116
2268 218
1174 2208
2245 1817
814 2330
2386 542
1598 82
2 2234
1430 2190
2250 1722
2173 821
2318 1378
1600 228
524 2116
2184 1876
620 1640
1820 20
1476 370
1690 1486
1532 666
2020 2053 765
2258 330
16 1430
2384 1448
164 1138
1626 722
1782 584
170 2276
1162 440
1448 662
2056 84
2060 1128
182 1994
560 1526
1943 1237
430 1620
906 20
276 1420
2230 290
338 1310
1505 2017
182 388
1924 1358
2189 1847
2159 1315
686 196
2258 2264
508 2130
36 1878
1442 434
262 1850
662 1896
16 836
2142 1656
104 1782
1872 68
882 788
2154 38
1916 1038
2018 2290
2138 1496
395 2245
1356 244
106 1436
114 2244
1921 1343
1023 2385
1294 322
742 2314
2158 426
2330 1890
1928 1312
18 234
850 194
456 176
40 2300
204 2062
1764 42
1006 724
12 562
277 1767
1954 126
1156 1308
1778 866
798 1918
2356 766
1854 592
2344 1850
1996 850
1218 26
916 462
1794 48
182 52
213 2029
2386 26
1872 302
2030 610
1216 2380
1834 1082
650 1544
2108 376
750 2222
1980 490
2346 428
165 1921
2144 1320
652 1758
2226 1438
298 1126
204 1830
8 1050
140 1168
46 1168
706 2276
2394 1896
168 1424
1552 30
146 2078
260 1328
1134 2302
1104 68
294 880
1704 2380
2246 954
918 2362
2318 1214
40 2120
214 133 97
82 1912
2334 622
2374 754
1944 34
658 618
628 1832
428 142
12 1748
6 1870
2218 170
228 2390
2236 422
2146 1114
1780 1230
960 2194
246 584
2188 668
2152 418
1283 2246 97
2114 318
2148 186
570 2260
2208 1716
502 788
692 938
44 1796
1968 898
424 932
2156 1148
2150 1078
14 712
454 1426
24 2254
1274 462
2394 1128
130 1762
2297 993
154 1682
2204 202
1906 252
200 520
7 2191
192 398
352 920
1706 284
2388 1534
2140 1022
1498 238
1035 1414 97
1834 1912
740 1766
12 262
2374 1904
1880 214
638 2180
1948 674
900 2090
1010 1912
2378 1168
976 374
62 1354
372 1462
1122 2074
1814 518
1270 2256
394 1626
1284 2372
122 1292
694 2290
1427 1669
2125 1997
1604 2292
164 1314
888 44
580 1490
264 2292
1600 596
1500 10
590 1559 765
1886 296
2155 423
2390 2068
4 954
697 2123
614 1826
248 1794
1497 974 97
2264 620
2302 1800
126 1498
174 1878
1570 2346
152 1640
490 62
996 60
1802 2364
52 1579 765
1178 2380
81 2019
1458 2252
1216 2168
1231 1723
546 2250
2198 38
2264 2240
1786 1202
2346 1264
2324 1494
2320 1376
226 2214
1720 1368
218 2220
202 1314
1290 2134
1212 1472
314 2044
60 1864
1084 204
194 1560
1598 1898
2212 200
1580 1504
2141 347
28 14
1505 2291
252 1496
537 2149
2276 630
694 2220
270 2016
1388 2392
1118 2390
440 2256
52 1022
1146 760
460 865 97
142 864
32 2042
818 260
288 1224
2356 922
368 2208
1944 392
1836 646
8 1768
275 2191
768 2146
650 860
2020 176
166 2206
2140 120
290 90
2024 1506
308 2308
10 752
1592 146
72 1762
2068 34
544 96
34 1660
142 1264
2278 32
604 2392
110 1548
2328 180
654 2340
344 350
1878 1098
2086 432
2050 130
120 2334
30 2010
233 2321
1994 74
752 2316
2108 2112
1758 288
822 1458
2360 1540
32 878
1054 1753 765
206 1094
2076 196
1386 604
1094 2102
1596 2364
48 2361 765
2294 1380
90 1710
1466 854
900 2212
866 1458
2149 655
2188 92
370 2172
2058 2362
92 108
1412 444
2304 1248
2314 1432
708 1848
630 1226
824 2266
2355 1187
1031 2325
1252 2296
1840 952
2151 1939
1289 2175
1287 2112 97
236 2056
2060 654
1280 34
869 2331
1752 976
2082 794
310 1854
782 152
800 2334
158 1664
1946 208
1046 1638
480 1962
1178 180
1368 576
924 2214
1708 810
1400 2372
802 1666
1818 2128
873 204 97
1102 2300
2051 195
2205 1213
620 2318
1220 292
1916 426
744 2384
285 104 97
260 2244
384 1842
1500 944
126 1258
1452 856
94 1184
618 2382
1952 2336
712 44
32 1640
34 306
46 132
1732 2152
2020 130
2180 864
770 2144
424 1802
388 106
1107 2347
2285 2234 97
46 242
1176 2394
84 968
6 1226
1648 122
2169 825
780 352
1836 706
1048 344
22 404
2092 1310
204 2336
1142 96
2006 378
94 790
1530 328
52 1944
2116 542
1404 724
482 1326
2012 596
1616 416
2282 1776
2214 1204
1461 2155
1520 2066
64 1960
1654 362
878 2086
370 1680
1952 784
1510 2308
274 2376
1390 2046
1025 2325
854 2178
2067 458 765
1832 712
1074 976
1654 2288
1726 686
72 1558
606 1632
302 2346
672 2278
94 1812
132 756
34 376
2166 1202
2356 1052
848 1924
120 994
2284 1032
584 2270
2392 1348
646 1924
1062 2362
2236 198
1054 2350
1502 152
1836 1534
18 1174
1059 2311
2220 126
322 1128
1236 224
1944 50
1022 2004
536 2358
2300 1746
2282 464
406 1774
1166 2286
34 1794
14 2212
16 1408
262 688
2004 690
1176 2250
1402 796
720 136
2314 1560
220 1950
922 1456
81 714 97
806 1114
1606 2330
2315 1823
100 1456
2276 672
1730 56
52 1876
474 2306
2226 158
8 1750
436 2200
22 2308
568 1782
750 1722
288 188
364 1498
1916 448
952 1896
2330 864
2365 515
2354 474
4 2276
798 2122
2264 596
1428 1687 97
1524 2004
2042 724
1776 36
896 318
1469 270 765
8 1764
104 1736
2334 246
988 2050
606 520
1711 791
548 2172
814 1234
188 2216
380 368
2278 442
1838 1276
1648 250
28 760
430 2094
1102 1706
1979 2315
1996 2292
436 1544
910 1550
2288 1050
954 2122
2154 1290
2122 624
1454 2312
2030 1586
150 2220
2184 1866
2354 194
2378 328
1854 2358
2356 10
64 828
2280 1076
140 2130
1161 2369
150 696
1495 1890 765
1264 2378
1618 126
90 574
770 2198
222 1184
2064 320
644 1240
450 2236
726 848
116 1776
674 178
1194 1702
562 2166
1732 1214
878 126
1543 1983
30 234
274 526
1590 232
988 1202
1828 58
1630 770
1650 336
1656 742
310 1974
348 1094
1254 2136
2178 724
26 956
1900 2386
2178 1862
2236 224
1698 256
308 4
32 2346
146 358
1210 536
526 46
682 1826
812 910
8 590
228 2338
732 1324
156 940
2 2262
1716 32
106 1162
774 2380
1236 2052
36 1216
1662 1306
1502 559 97
1912 568
2070 822
636 2126
174 592
1632 396
96 1508
2296 1516
302 936
740 130
1172 2388
1866 520
52 1574
1712 966
774 494
822 1600
172 318
1386 1722
538 2120
68 2134
1548 2324
2354 120
24 906
1451 1985
1944 244
88 1986
690 1780
1745 370 765
308 1439 97
1062 128
875 2291
104 1280
722 1708
388 1672
2388 406
116 1840
272 2086
80 1516
1604 2212
2208 2002
2331 431
2368 790
406 1750
1184 38
776 2280
2096 454
2226 1728
2164 404
2174 2055 765
1847 631
410 2094
315 832 765
1118 422
692 2364
2282 138
1422 30
252 1294
2158 256
160 1794
1724 2288
354 1784
2154 1118
2140 246
2387 997
2188 24
2002 98
1800 164
188 1772
2322 704
966 1746
890 892
1486 964
2100 254
759 2219
2250 1114
1052 154
1008 2388
2054 916
2362 208
1968 50
2196 810
886 154
2000 100
6 1604
150 364
693 2367
62 1282
2342 510
2000 1184
636 40
678 1800
136 2154
1040 88
1356 898
1968 22
569 2377
2176 1722
2370 518
254 220
210 1990
40 2374
232 1800
1574 2004
1012 1724
108 1248
2138 532
469 1445
100 1882
1783 2099
26 394
1890 150
870 192
860 1938
1660 252
1832 244
1862 32
738 2396
1459 98 765
404 1591 765
2377 1835
52 680
146 2110
1842 1729 97
62 1176
2146 520
1490 926
2288 1062
318 1370
1847 1377
2204 38
2286 1820
1612 2234
1402 2186
2396 932
818 2350
232 552
670 1516
897 2283
212 1936
1060 1726
1310 2006
2080 1066
8 1062
1788 1620
506 2396
1940 2366
294 1540
2270 170
1441 428 97
1334 1445 765
1381 2198 97
1954 210
2286 194
1788 452
1442 1202
2150 498
278 2118
814 48
2024 632
1987 2371
513 1722 97
2056 838
208 2064
138 2344
2202 1610
1660 90
1634 2276
770 2160
1158 118
1218 786
574 1600
2152 4
1882 2356
182 1470
704 8
2260 34
2285 2083
18 746
2265 17
340 2228
1008 2218
1746 114
1272 28
334 1284
2152 900
2259 1147
156 1462
609 1965
28 1938
230 1466
148 1100
1340 2304
2388 1949 765
506 2102
1052 2086
776 334
500 2212
1086 46
2068 2244
550 72
596 54
756 1948
1122 2230
130 1856
234 1726
218 1556
2070 990
2176 1488
2287 1449
1584 1738
240 2092
1216 2210
1234 732
1612 226
2264 1262
2216 858
1658 802
1116 1122
6 2314
474 2192
2140 1738
1210 2264
626 1500
710 1694
359 2039
65 1957
10 2170
2378 278
1680 348
518 1262
2242 1204
2264 618
846 344
36 560
1842 750
1320 98
1669 1971
668 1950
1561 1075
902 272
774 206
2166 1368
10 1678
592 210
2313 561
1778 2360
506 1494
1176 90
680 1872
1814 766
426 1618
302 882
2332 1554
1436 2105 765
1566 148
1030 2332
1970 286
2176 730
2202 1112
2394 838
240 2158
1610 86
1630 378
634 1416
2294 1076
2294 530
2219 2336 765
196 1520
2296 750
2046 186
724 2092
2120 548
630 1048
2076 396
324 108
1857 1771
196 1986
1858 110
1408 1366
2188 410
2327 1883
2112 396
46 1172
410 2146
100 1856
70 2280
1442 12
866 2356
1122 1860
1660 212
2320 482
1095 2395
86 2114
838 1626
1024 2054
2324 20
1504 378
2205 91
1564 198
1634 266
546 2144
2009 2167
40 2242
2238 88
2206 12
38 2284
2300 1634
790 2338
2190 684
248 1258
410 2126
162 2102
120 1420
2024 172
274 1162
2142 12
1876 74
466 2024
741 2303
1186 1330
514 16
28 368
1704 114
424 1042
1940 2350
1067 2031
362 1656
2098 430
238 1846
2254 1928
30 2166
2282 142
504 1836
568 1712
1428 36
100 1954
2392 6
840 2084
894 1954
620 1762
2250 1898
2148 774
40 2062
748 156
330 1946
1772 892
2368 592
1646 442
282 2132
1144 2142
2174 1142
1462 22
2122 1562
2114 700
2134 80
2014 290
2252 206
698 1969 765
2151 1041
468 2382
2254 1706
1188 270
2016 1080
874 738
1898 826
2187 2301
1538 720
1770 802
2344 226
320 646
38 278
2144 1218
2202 2382
2304 1058
282 1432
2174 786
1226 722
1268 204
2288 1302
214 976
368 1976
1704 372
644 152
306 1646
1380 58
2322 296
102 1324
546 2328
2118 548
1968 24
2098 1324
864 2026
1434 10
1286 1016
354 144
604 1998
602 2092
2372 46
796 1900
52 1148
2298 670
194 2306
18 1834
1770 1236
1854 200
2212 424
200 628
1218 146
1308 32
340 2382
2020 612
86 1526
2010 618
1524 382
910 892
554 2012
842 1676
546 2126
773 2375
856 264
1426 864
2308 1252
662 2110
190 1840
560 1338
334 36
2194 1458
2384 244
1210 176
136 1864
2091 2040 97
1311 2035
122 530
38 1050
2173 269
540 212
1258 482
2136 1702
2094 128
758 1156
2324 442
126 1564
1634 214
1885 523
2346 520
2385 1229
280 1706
2276 1200
14 2092
2044 1060
74 2395 97
1566 458
48 514
438 766
133 1539
234 2352
260 582
722 1462
2260 1586
2240 984
2 2196
2272 1534
184 1674
884 2174
1486 463 97
1608 1042
172 1414
2334 360
2146 600
1014 1010
2218 1436
874 6
1834 864
1534 2278
1202 18
1320 74
1585 153
1866 488
1782 374
1784 166
618 1988
34 1982
2348 736
1596 64
248 1506
1816 348
614 270
1070 276
2170 1920
44 2284
1442 2352
2216 812
2305 902 97
56 828
936 2324
1472 2098
114 108
2385 1187
1216 742
1508 1396
2184 1398
4 976
1797 943
1500 312
268 828
2124 436
536 2178
2286 1150
24 306
78 1724
618 1796
176 2216
2256 1488
752 22
2134 824
618 1874
1634 364
1949 904 765
56 1446
1880 1000
340 248
286 1860
2088 242
1383 1888 97
1093 2249
2370 246
2223 317
72 1794
922 182
2326 1566
744 1362
134 2166
2218 164
1800 204
1026 1979 97
1531 2347
1360 118
1771 1825
1796 544
1504 314
1724 1122
798 1912
1706 662
1550 364
752 1810
2343 339
2318 384
350 160
1230 630
2260 2006
1588 46
2372 1534
586 1503 765
1959 1201
1782 184
1412 280
1948 616
164 1586
1955 2362 765
2314 1190
2368 98
942 208
8 1018
1440 2064
2158 728
2342 1334
2008 1022
1982 592
2156 30
1795 439
1706 726
1210 2202
110 682
210 992
83 2161
1660 22
2392 1338
946 2064
2168 10
758 2296
106 2362
26 826
988 24
2392 316
790 2
1762 1006
2204 244
744 2280
331 2289
497 1751
16 1658
1480 454
60 2244
80 1012
652 2354
498 2338
2020 482
141 2323
1958 432
2286 2270
758 714
2168 1550
1200 780
168 1938
2122 272
1552 2204
392 1532
254 1948
568 1460
1819 1963
2192 1656
36 2210
124 2342
26 1462
1156 1131 97
1626 276
716 1934
436 1878
92 2108
2012 266
1612 2076
250 1350
62 1778
284 2064
302 1332
2218 332
1094 294
1350 2192
2392 964
1140 10
1506 10
2256 144
1992 2242
1916 536
1651 1327
1686 688
514 906
196 2096
250 1096
1510 2380
1510 644
1844 702
720 1422
1936 118
2234 886
974 2164
2176 582
506 2148
1266 100
2390 1046
620 1448
318 330
1310 2310
2286 1810
250 1478
1988 888
2028 680
34 2218
2124 1168
2018 1158
2062 1068
6 1224
2300 1754
2305 193
1022 2318
2361 861
1894 392
980 1112
1552 1940
498 2394
656 144
542 1142
1412 76
2274 66
464 14
240 1260
2136 766
878 16
32 1294
2128 710
1878 2128
1204 2334
1422 56
42 2220
2326 294
2250 1540
128 1574
1710 102
686 324
1628 1642
92 1908
1712 356
2348 1302
1132 2238
62 1916
378 2324
208 1672
270 610
1836 296
158 2236
2160 872
528 84
18 2248
2374 554
1092 4
76 848
2020 856
2366 272
2114 674
170 740
168 1722
2366 1108
352 1994
728 1632
838 890
1471 2021
148 2242
1136 2118
1996 1092
2020 2196
2032 80
1934 580
1564 2330
4 1184
1254 2382
2078 1274
1440 464
206 2198
2192 914
2106 1244
374 1148
664 1656
570 682
1920 12
840 2338
782 2330
1762 2298
426 1424
1066 848
1712 6
2066 1360
2228 1788
2292 1956
1606 820
2326 338
764 1258
254 2222
1224 656
398 2170
1366 98
100 1322
1084 120
1244 2374
714 1510
234 1982
576 1234
1500 266
550 2324
2390 206
1954 980
138 2352
1504 1122
1600 1534
52 1286
2372 386
44 1222
2226 70
176 1550
2374 1204
262 18
126 2366
1536 136
1044 1428
1846 2336
1654 1672
484 1120
1978 292
1662 2318
2282 1936
1884 60
