68
315 317
1427 1429
1727 1729
1819 1821
2009 2011
2197 2199
76 78
26 28
98 100
112 114
126 128
142 144
196 198
252 254
268 270
314 316
328 330
342 344
348 350
358 360
362 364
366 368
378 380
502 504
604 606
656 658
670 672
756 758
838 840
890 892
892 894
1010 1012
1014 1016
1026 1028
1028 1030
1058 1060
1116 1118
1122 1124
1150 1152
1258 1260
1312 1314
1366 1368
1410 1412
1418 1420
1458 1460
1504 1506
1582 1584
1616 1618
1628 1630
1654 1656
1672 1674
1714 1716
1760 1762
1864 1866
1930 1932
2018 2020
2020 2022
2024 2026
2076 2078
2082 2084
2108 2110
2122 2124
2136 2138
2210 2212
2254 2256
2258 2260
2270 2272
2294 2296
