2396 4895 1631 2299
1962 1346
964 42
2238 1262
1740 492
1870 272
1256 224
2206 934
1282 285 1631
558 1446
2206 380
2202 1940
372 2150
1534 68
2250 254
564 486
2182 1314
2126 348
2072 404
312 1026
11 1657
1836 478
2065 107
1922 1332
2070 338
2376 774
2092 467 1631
2006 1108
276 1340
2138 582
204 940
1534 564
208 1424
1348 2360
2388 898
516 42
2140 284
974 2224
2028 651 1631
938 658
1395 23
903 33
1560 194
2362 970
2092 2374
2360 2016
650 234
34 1430
2382 338
216 2262
1228 2390
788 2056
910 142
76 1824
1166 2078
2148 798
2324 488
1812 2086
989 423
1290 32
2330 934
1484 1159 2299
2158 1238
1650 2242
332 1002
2243 811
2200 2236
2080 1236
46 2164
888 1728
966 716
850 2098
674 2322
1654 14
164 111 2299
32 824
1218 2284
196 16
26 864
1142 180
252 1284
572 2200
2000 866
432 2070
2280 192
2386 1544
1334 138
1882 2111 2299
2260 288
1970 52
2158 1156
1576 10
942 2270
2328 852
93 1655
1472 908
1722 2058
1248 2368
2392 1096
2242 2268
256 1094
658 2141 2299
402 1548
426 2324
136 458
2102 562
644 690
439 2331
281 1803
900 2034
2208 896
688 2158
2250 832
1550 1672
414 12
2128 1336
1291 245
2096 1608
1798 252
1106 2276
68 2312
1086 2316
290 2070
528 1550
110 1176
2218 546
1948 802
1700 2340
766 2384
86 1726
1908 2336
2102 76
192 2232
2210 182
614 2340
535 1074 2299
386 2132
1242 1768
206 792
2316 1344
2204 838
386 2046
1684 888
734 2168
216 1800
392 138
2022 2364
2144 2178
2374 1552
2370 1126
440 1432
140 134
792 1578
1918 1885 2299
37 1857
1140 158
372 2350
852 2368
1362 308
1988 210
1748 2262
800 142
1230 20
1642 314
866 152
80 1010
972 242
869 325
131 2379
136 2396
2374 1840
496 54
760 1352
1866 1244
2330 526
1214 2360
346 2104
948 1700
2172 1892
395 979
764 1746
116 2244
12 1524
1500 78
2260 46
850 444
1020 246
394 1376
2328 684
242 1146
630 2308
446 1614
388 2384
2082 310
1453 599
770 782
1000 214
1904 1644
164 1042
1180 254
1162 346
102 2210
732 202
1524 44
104 690
94 2036
1632 262
18 1688
1198 100
864 126
1038 2188
198 1962
1112 444
596 34
960 2314
316 2176
1403 99
210 2300
848 1488
1702 86
2236 296
662 1612
495 1507
2360 1776
1098 838
550 1546
450 1294
1572 374
622 2334
2174 918
2166 316
1794 1012
2262 862
1694 2390
1534 972
1366 440
448 1514
1570 2104
1996 190
2272 780
2088 42
642 2072
2154 2010
912 1434
866 1732
1676 690
2368 1722
136 1282
2216 722
2274 56
156 1194
1860 418
2050 582
2040 2278
742 206
258 2172
1829 123
764 2026
447 10 1631
700 168
462 116
813 379
2234 180
1124 832
4 2116
341 2167
1070 2300
1758 2260
2272 900
1544 932
1282 410
2346 1920
1998 224
1890 374
2134 318
30 1332
1962 920
46 1646
2313 375
1968 2344
1588 202
1940 110
1880 2366
2280 118
614 2232
21 1623
2124 448
52 422
38 916
358 1286
889 47
704 1266
1648 676
1280 1976
204 574
1084 2234
94 1340
2196 1312
1628 2384
148 1284
2318 264
1660 188
552 246
1835 83
1702 2248
180 2066
2230 460
320 1644
2338 1900
1554 2396
1318 382
2211 893
282 2036
2362 480
54 1894
1289 49
680 1964
2392 510
102 1186
2320 1056
26 846
360 2238
2150 240
1356 1974
112 502
2 1994
896 1232
134 2372
1726 138
2163 75
546 1516
1338 354
1076 2174
1914 598
1236 1996
2054 1552
1884 2350
2324 1350
1146 2382
1326 16
1321 835
1104 178
2354 60
678 1812
1542 776
119 1521
1890 756
40 1898
2104 264
1 459
1516 88
118 1322
894 2020
154 2284
2300 504
50 554
1532 2380
549 2225
434 154
2180 1750
1366 1146
1788 368
320 2248
212 1894
2024 542
1874 912
2154 566
392 1940
1627 83
96 1414
2212 2344
1132 1804
351 1269
8 1280
1320 248
724 130
1566 2081 1631
932 2168
940 122
1104 2206
1304 174
2198 186
418 1684
1361 984 2299
1898 190
2260 1952
2226 374
914 2388
552 1660
1521 105
976 2368
36 340
8 2286
1176 178
113 1445
2268 1658
1930 16
1516 168
64 1942
40 544
2266 2352
1316 564
2340 1208
874 1948
768 2260
2254 1828
354 1578
2204 92
1082 2054
2320 1846
1180 530
849 1314 1631
2100 578
282 1488
928 2280
550 1558
1992 10
1720 598
2230 422
1418 776
1230 2348
2318 366
2216 680
262 775 1631
2298 1810
301 59
634 2356
688 2308
665 111
986 628
290 2036
1432 2240
1872 2124
73 1481
790 2154
128 1814
562 864
1662 1506
1094 120
2270 40
2286 1524
324 2022
598 12
100 1506
894 1276
2090 1372
1520 2272
1226 2264
2124 1644
2106 1178
394 1612
777 19
136 2308
1508 848
1666 1164
38 2392
1392 148
810 2396
840 2326
48 798
2138 184
1894 112
1488 2370
2172 586
2384 128
1480 348
1780 524
2202 786
1722 670
1838 2362
176 2004
2158 1276
106 1672
1152 2310
930 277 1631
72 1062
2278 44
2338 2046
910 108
1660 470
1544 2302
573 81
1182 188
2394 628
94 2330
22 174
690 416
692 1296
114 504
28 846
108 1704
246 1084
1292 922
1380 2394
162 1908
304 2116
700 1948
66 1534
2386 650
1594 356
174 988
1038 2128
1840 638
54 700
822 1400
241 1973
428 1826
188 2360
2168 2002
1238 1718
1384 32
116 1934
2062 200
1599 957
2386 680
1670 234
2166 558
2172 1280
46 722
1838 982
508 2216
520 2362
83 642 1631
1418 660
596 2354
426 1142
2378 390
114 774
1256 1856
1940 86
48 1774
2336 482
16 944
872 268
68 1616
1462 88
1940 1470
2334 480
2313 235
2024 616
1932 320
412 2310
170 1840
2328 172
574 1904
2314 342
1214 2304
2256 1926
2058 16
646 2370
2342 1978
2336 48
2354 1550
2050 1164
1600 2190
1632 1370
1796 306
744 2086
130 1282
324 204
812 138
104 1018
336 1274
602 1000
957 2090 2299
2242 2386
1388 2180
271 1579
1678 976
522 2236
1104 2388
212 1020
346 1406
236 1754
274 1962
552 2030
2076 1012
168 1276
1086 470
548 1522
86 956
898 1734
2266 124
118 1654
113 1499
85 1337
178 902
2200 778
2002 2044
1560 40
305 449
610 1946
322 1030
276 836
2064 250
216 1712
58 498
83 609
62 874
888 18
1042 1744
780 176
1218 404
726 2194
2114 1748
24 1804
916 2336
2352 68
860 1678
561 19
1732 166
394 1708
494 24
94 558
682 190
892 374
1710 616
1856 346
2314 836
928 940
126 1640
1241 87
2034 582
776 2232
788 196
358 1736
2298 516
1008 74
1514 224
878 2202
44 2224
2374 766
2020 6
856 604
2166 338
2380 328
1824 2394
1584 360
1980 246
652 2284
1410 134
2130 942
126 1832
1053 475
1908 1704
798 1576
1422 2394
114 2368
554 1600
2346 954
432 1334
2366 456
154 1690
1332 1550
2142 466
2316 1720
2390 630
1266 212
1340 1282
1337 1772 2299
1729 735
52 2366
2300 2192
2344 544
36 441 1631
368 2132
786 2038
1346 2350
86 1550
334 2078
2201 345
1964 2388
796 654
824 298
88 1250
1578 1122
2292 2048
1853 513
1250 320
2380 152
726 1406
1306 2246
26 974
2366 1090
378 202
1492 2374
454 2006
2354 1376
658 2014
2178 428
2014 1634
2144 794
11 1167
1000 344
2074 274
922 2200
1276 1108
8 1622
1674 2138
1568 704
1746 2278
2358 764
632 342
288 2326
1784 766
278 952
1934 236
2308 2108
2212 332
2178 188
2364 378
1085 361
676 1883 2299
182 322
1824 2308
1990 2292
650 2110
2244 898
62 1090
212 2372
142 1748
1714 825 1631
1832 1404
299 1505
570 1732
2364 556
676 1012
96 1148
709 123
156 1284
1532 620
88 2160
572 1716
1574 220
754 1956
746 1544
1862 482
1056 232
1806 416
754 1088
998 116
1418 1286
2390 1114
2084 1580
276 1600
1924 868
2054 1384
1546 2348
2396 710
211 1069
2127 223
99 1113
1410 2232
1090 1242
2156 2352
2256 1036
216 2312
366 1236
48 780
272 1852
2386 426
1414 158
2380 1466
2124 708
2270 1126
1004 1598
1198 122
2110 544
2258 656
2348 728
956 2366
48 458
512 1416
226 1962
1970 1086
2390 84
286 2200
1422 2320
84 1796
32 2126
1906 1684
1836 1504
180 2364
2100 1272
1628 1064
960 456
270 1532
1728 146
1866 362
614 321 1631
2394 1316
2119 629
1408 617 1631
1780 286
1946 226
1136 124
1202 1248
2266 974
2232 380
1410 750
2274 1862
2254 1183 2299
1150 2362
300 1628
240 2158
2316 800
1784 2094
824 2058
383 1179
1730 428
40 2352
176 2198
209 95
1754 888
534 2338
754 2180
1344 1370
2054 1350
2092 186
656 1260
1170 2298
312 1860
1622 52
102 1146
1064 951 1631
1208 1048
1408 78
1690 64
1830 938
2362 1182
980 2350
854 1962
1314 148
297 1557
513 69
1256 390
1242 2136
336 1354
1966 312
1024 1772
1176 2354
1936 1648
986 2118
2218 16
6 1050
990 1430
564 2158
54 528
2164 564
1506 124
90 1830
676 466
234 1976
1286 2390
2168 1864
1222 2308
1913 307
1708 88
1160 420
690 1588
1602 996
934 38
242 2202
1638 2370
254 958
78 1022
1450 2312
2249 13
1156 1914
738 2308
417 1372 2299
166 830
280 1262
2348 2214
2192 1026
1968 2336
586 988
248 976
824 2270
1452 126
2214 616
116 2294
174 956
138 18
1220 2218
858 330
40 2110
822 2200
2374 154
580 2344
102 882
2324 556
2376 455 1631
614 1284
1007 401
956 1196
1844 264
1410 450
704 2094
1184 474
2320 674
184 124
1196 1410
222 1826
12 1020
2118 742
1940 1186
186 1974
618 2126
2194 244
1102 471 1631
1030 1612
2166 1784
2228 1090
816 2360
1150 1786
12 1856
1632 724
2376 430
1824 798
166 694
1055 45
2144 832
650 2120
602 1936
2328 276
1760 218
618 1708
1936 1482
760 1194
1904 1800
1860 1530
1430 692
2076 20
2206 2106
2184 534
1158 1754
2260 78
1004 1742
538 638
2226 408
1418 444
667 556 2299
114 1366
2328 6
866 2006
112 2122
2270 304
1112 286
1972 240
771 778 2299
556 2384
2354 774
2054 206
466 1600
1544 2152
2212 1384
602 824
360 2220
282 1856
830 1742
2028 16
354 2084
2384 70
892 2388
1586 250
2158 1012
162 1948
1364 2396
68 834
560 1548
72 832
2364 604
2338 1738
128 818
772 1560
2256 1134
2282 92
77 2059
1552 1102
1784 572
1077 1322 2299
374 2170
104 1218
2186 58
2152 664
50 1944
90 888
2312 1906
2162 2064
1997 407
228 2388
62 624
2364 454
1230 566
2236 1822
122 1808
404 2046
226 2236
1814 2198
2314 1870
430 2266
1064 1410
1762 260
1160 1604
1474 382
2194 938
2368 1502
1732 34
2356 2320
576 2340
1918 436
2290 2284
153 615
692 1672
1782 330
2228 1258
564 1936
64 1194
275 1859
116 2144
434 2322
2354 602
2305 191
1944 302
274 2174
2258 2378
560 12
2360 802
496 2312
1442 2336
1764 982
14 1188
311 1385
686 1432
1410 224
25 1321
2140 2296
588 2396
1957 601
58 388
106 2148
358 2192
278 2358
1586 2384
932 2074
864 30
2298 1076
1676 936
2348 1432
2368 388
1402 2338
1150 470
402 1306
2042 465 2299
1880 2094
1994 234
1740 330
1248 2354
1802 776
1764 842
828 1982
50 500
2170 60
1174 2110
106 198
2302 1442
1568 512
2386 956
1454 898
2226 1946
60 268
2054 2066
158 1350
2124 22
794 106
252 2232
2202 302
789 405
102 2294
2350 604
292 1216
186 1984
1862 102
1330 816
1338 1996
2324 404
393 1437
251 519
1410 732
222 1936
1688 310
2184 228
870 387 1631
1538 606
172 960
1827 19
1986 470
2094 1612
1312 166
1329 365
2252 806
2296 128
580 1870
2080 1502
112 990
2172 890
316 1524
1822 480
50 2276
2284 1906
1866 1260
494 2342
712 1710
2112 568
584 1336
508 2248
102 2148
1136 1880
784 34
1019 549
1102 2146
2356 1702
1524 1660
2032 62
902 2366
739 71
1700 514
6 1344
950 1778
2302 1256
1966 2262
2360 114
2290 480
80 1702
2386 192
2384 536
198 1526
44 1316
310 2156
530 124
1676 772
2112 562
1820 1256
70 1402
410 1780
2208 1794
1934 994
256 724
2070 868
2318 1212
1524 2392
52 884
1542 378
1634 2392
282 1874
2380 1410
270 614
574 1820
504 1796
1300 202
1844 386
1770 530
1850 280
1800 962
80 1184
748 2142
19 2027
1754 2246
2180 842
1142 2092
2164 768
1938 360
170 1988
239 2219
854 1748
64 802
2396 1198
244 1280
968 2382
1414 400
792 2384
2168 884
125 1127
2260 280
186 1898
1826 1058
798 2390
2002 286
308 1640
216 1036
1638 2296
2168 834
1336 2390
1110 2292
380 2234
1762 2374
2030 1622
178 2152
1722 728
2226 2080
2360 200
976 572
492 2076
1988 272
2374 1914
2206 364
1030 232
502 4
168 856
2382 2030
1676 176
2186 386
1746 2078
2328 654
138 1350
2338 1328
1866 260
1078 254
1912 202
194 2360
758 1506
2384 1686
1300 2148
1402 206
942 2046
1806 544
1282 1818
132 1484
884 2008
1107 285
244 1246
236 920
409 25
1326 1458
230 2388
1596 2314
2396 964
1152 6
8 1508
236 1662
406 2382
1550 546
818 8
1776 166
66 844
224 1988
630 2238
60 1558
1022 210
942 4
80 2366
2042 94
2358 284
566 1762
97 1047
1858 352
2082 1294
212 36
1972 234
2142 2366
105 1301
1330 429 2299
1899 603
80 515 2299
8 2380
284 1724
1018 2340
380 2258
306 2068
728 2350
2338 304
2232 218
1498 308
36 2190
144 2374
274 1124
746 1574
1222 118
93 2051
1970 708
358 2176
2088 1724
512 1748
2396 1242
487 1157
1800 420
1416 2094
980 2390
1926 2322
2288 268
1392 636
1368 376
530 2166
318 2338
911 972 1631
50 1646
322 316
1605 685
112 128
60 1926
792 68
404 162
926 1946
330 2364
1706 772
1956 762
102 1640
604 2238
1004 72
2040 2252
1286 196
90 1122
255 881
1586 1488
108 2238
1438 2232
1196 2326
974 50
2364 1114
347 1973
8 566
667 2326 1631
2262 647 1631
2306 938
2024 1022
73 1465
1504 444
2146 1704
92 2054
2288 756
1872 744
8 330
148 794
1312 1938
268 2258
2384 994
2092 2364
1816 286
38 1926
2066 154
96 1478
130 732
215 767
1444 128
219 1390 1631
1874 1216
1881 31
1788 2128
934 2044
2184 478
656 318
2336 178
1758 2356
2108 334
614 178
922 2314
1584 68
1374 344
902 1970
930 1480
2054 784
2382 740
978 2064
28 1140
922 2028
2164 2380
103 2329
52 2288
2330 702
1880 2312
156 1402
2152 258
2058 34
146 1486
1648 308
205 2121
451 1071
280 1974
364 2164
1044 2162
370 1448
1414 354
927 638 1631
2354 232
2272 246
2160 2286
758 2246
104 2008
186 1498
2232 212
1668 2126
230 1908
2150 892
1982 1640
280 2392
1348 2390
584 2374
1542 2134
2240 192
2194 1868
1014 1550
2192 1942
222 832
605 295
284 2312
1899 645
1435 67
1880 228
194 950
1407 117
2376 764
2352 2136
460 1538
58 1744
570 2340
158 2276
1336 36
1890 102
642 2362
1526 238
1100 2378
2214 1056
582 1964
386 1448
1098 1776
1276 2334
1846 653 1631
1900 4
872 1920
1194 184
1678 596
2122 978
796 2362
108 2360
955 1352 1631
272 1762
56 2388
521 512 1631
2368 1098
244 2360
2212 352
1085 180 2299
2244 1180
1160 22
38 994
678 2388
420 2106
1822 1030
8 1286
2358 398
1340 2366
1702 1226
147 1303
84 2268
1010 1880
2078 1056
2372 400
778 158
1704 582
220 1956
996 1528
1304 2050
2354 1318
126 1232
166 2364
1790 46
1700 1124
4 1410
1584 2350
1198 1618
1184 2312
899 149
2234 336
734 1972
2220 754
2206 1528
1430 2314
2260 2370
2350 1824
2144 1410
2316 674
1906 188
1936 152
1276 324
750 2390
1836 2386
129 116 1631
973 791
500 1572
1208 276
54 548
1532 1690
8 2002
246 2106
1950 708
334 2114
790 2290
13 1105
2166 746
1938 1376
2022 305 1631
34 1566
129 1355
2376 90
2014 556
2190 452
2234 230
1482 626
240 2142
1704 668
448 2140
53 1445
102 1396
157 1855
12 1916
1974 596
1280 242
2122 1328
2010 2216
50 1096
2026 936
1588 102
752 2092
68 2150
940 1786
358 1274
4 1962
918 2134
1892 904
632 2298
12 1518
1714 70
860 1388
1037 35
858 2040
1600 480
2390 1808
2080 6
8 1384
18 1624
14 950
1884 172
2352 1872
1756 2090
520 1624
6 1794
2280 1800
1386 674
1222 4
2260 54
726 1926
424 2180
1850 278
2372 1442
2186 462
2302 366
306 1674
286 290
20 1664
1508 1560
938 1594
172 2390
104 1868
1034 282
2244 1952
176 1120
170 1626
2102 512
448 2178
2058 2150
1686 2354
1824 468
2130 582
1742 1174
2394 2090
1780 602
866 2312
527 293
1816 222
726 744
1512 2254
564 2380
2050 246
1452 58
1260 746
204 1016
98 1296
14 2272
2376 1706
67 339
1826 742
220 1154
284 1698
2220 1724
2314 1798
1140 1096
2390 1380
972 2370
1106 2362
364 1774
511 1873
2072 1320
228 1572
226 2360
122 1864
282 2232
1901 193
1450 1992
2272 178
1104 2366
834 2272
2080 38
668 2342
522 2346
308 1096
2366 1672
101 893
2010 1894
2248 178
50 240
2282 622
202 938
1938 2112
2164 150
2096 1462
1640 72
2058 756
1315 387
2288 144
2126 124
56 1064
2154 878
2149 261
198 1424
1968 778
512 2332
587 1470 1631
338 2006
362 1716
902 2146
300 1968
858 38
2338 1418
730 1558
1252 106
1639 51
583 2076 1631
2280 2140
1336 110
240 1546
172 2240
1438 128
618 2388
1914 700
1559 477
694 1210
646 1180
10 2256
2300 822
1078 2376
264 2330
152 1224
1782 450
2268 2240
398 2298
720 2388
74 1848
1236 2292
1782 132
1156 274
342 2112
106 2134
1100 308
1380 184
156 2358
1998 146
228 1766
498 1532
1878 18
659 1832 1631
64 2112
2048 484
284 1390
2254 2044
2372 376
128 1164
1653 181
1770 2198
176 2026
2394 2162
764 2390
316 1604
1116 320
1990 642
314 1304
1104 2146
2034 2038
1576 714
266 994
708 2266
1926 40
2208 16
2128 646
1596 400
2320 1346
876 142
180 1390
90 1006
1459 49
2392 446
176 2144
1978 106
1954 986
1758 562
1748 1538
2332 1336
1346 758
122 2194
662 170
2154 1734
1610 1516
98 624
1204 696
244 10
610 170
634 1568
1160 132
918 1944
1424 2362
2032 2306
1882 2214
109 199
742 1400
332 208
2242 903 1631
2156 926
120 2366
832 1896
1506 1488
914 2344
1616 2246
2194 62
1128 2214
2324 1618
377 2315
452 2326
2344 1802
106 442
80 1778
280 1706
886 1246
908 1818
26 280
1496 280
402 106
1830 2316
2376 1114
1876 1054
55 543
110 1096
1230 2390
1233 195
10 2094
654 2318
1438 52
1265 1242 2299
146 2242
1736 288
1854 772
316 1292
134 1212
988 72
374 322
962 2350
1776 824
1928 1292
2206 230
2138 1580
21 2089
1724 2282
1275 328 2299
2388 1184
224 341 1631
1684 1640
458 846
116 1560
1492 2378
1132 528
158 2368
1398 222
1228 2334
1984 918
91 451
1414 2322
970 709 2299
268 2194
1304 2104
1820 228
76 304
306 2228
367 2183
102 1648
744 1586
640 1746
38 620
450 212
805 1994 1631
2306 898
302 194
2358 46
2008 504
70 2250
2000 228
2296 684
950 1736
1086 1044
2106 108
385 1355
549 1765
985 99
2252 650
1444 276
112 1248
2064 1672
1730 662
10 112
2168 404
1342 34
452 2226
340 1744
2104 858
772 2078
1234 1846
916 184
2382 1604
2260 152
1187 755
595 2058 1631
2214 1924
2152 1484
2362 1242
276 1774
2168 522
1107 221
1667 303
456 1834
66 812
1366 468
604 1910
76 1070
184 1662
91 2203
752 1686
2336 1116
1350 1768
1598 550
1302 2330
2080 1028
177 62 1631
2352 840
1642 1014
2244 556
260 1624
2276 526
2140 518
1967 697
1420 28
542 2298
2264 456
2072 1880
1310 18
1250 192
32 1994
2196 1084
1870 2264
936 2232
816 488
1036 2300
2312 192
926 2286
1514 22
1399 9
304 2274
2339 55
2168 58
548 1598
1394 660
1612 224
675 149
1984 608
514 1458
76 2396
586 1568
256 2332
858 2234
2270 234
1816 278
116 1174
22 2356
1282 1276
1008 100
1788 548
2125 53
598 226
177 1894 2299
1916 504
468 154
1086 1852
1648 182
996 1939 2299
2204 640
798 1678
2130 1746
841 1888 1631
1274 2168
1740 1780
1894 314
2363 249
498 1654
846 284
1412 2374
1948 582
2328 1712
1862 40
1886 1640
514 2338
328 1576
1510 236
458 32
1292 2314
2182 1396
2120 280
812 368
880 62
902 2330
1226 1698
1707 373
2300 100
2198 1600
694 1130
1622 118
2140 132
1442 2
1282 2348
802 2286
2390 26
616 1814
2218 40
346 1970
2350 958
1770 566
2084 332
2228 744
1307 97
2306 490
2188 1474
142 642
1115 357
2086 326
2352 134
1964 298
336 1330
2340 1050
2376 486
178 1928
80 266
790 1356
798 1802
11 1209
524 1648
848 2034
218 2310
2298 584
1728 980
1668 222
396 2020
326 1780
174 2220
2180 2004
824 2346
1780 388
106 632
20 1714
42 2084
84 1208
16 1124
52 1724
1312 328
376 1378
518 2250
540 2302
214 1712
2054 2048
2130 2344
782 1982
388 2364
698 2370
320 1124
242 268
144 140
168 1998
2290 688
2096 1620
2168 10
2297 337
34 2174
1142 1478
786 322
1182 18
468 336
2218 320
1480 2264
1334 710
2390 648
1920 2274
1607 35
1172 2230
2244 1512
394 824
386 904
766 1670
1252 1638
457 2043
37 1679
687 91
946 2322
2322 1458
1183 191
615 1897
2372 2004
2074 2290
956 2230
412 1316
378 2268
2392 2046
1114 2282
2318 14
1964 1536
370 1718
214 1208
474 2368
96 2302
1852 70
138 1306
2074 852
732 1596
1790 638
2394 1676
306 1088
767 1376 1631
2392 84
1803 123
2372 844
342 1454
100 625 2299
1456 104
903 1829
1112 1382
2298 2150
776 1826
624 1226
919 2004 1631
1646 588
362 1604
102 1780
70 698
2280 276
2170 64
290 316
26 1070
144 732
1660 2258
750 2148
1594 8
2388 2156
2220 1728
638 952
2234 2304
62 2028
2386 464
860 1710
376 2232
2178 14
1168 2072
606 822
2263 857
1804 2090
1936 1124
1230 274
934 40
2238 2020
376 1718
1388 2262
387 1825
2310 1924
764 1762
2200 2028
2342 976
224 1686
1048 2148
2262 225 1631
80 1376
1108 244
2202 398
1099 139
2186 84
212 1772
246 944
2072 606
1145 557
320 1798
92 1924
245 583
1092 2048
620 2336
2014 90
2088 1366
1724 130
252 1424
2162 212
610 2378
676 236
1264 96
2086 1388
238 1628
896 1837 2299
3 1959
2250 2012
2366 630
951 1927
246 2126
174 1430
2378 880
1699 273
108 1928
2326 1848
892 456
14 2360
318 1062
954 2102
291 962 1631
1928 756
1444 152
507 1287
2206 234
224 818
1120 266
1452 334
130 1104
1652 422
240 1670
10 864
1746 120
764 98
2302 782
410 1658
1422 2024
58 2258
52 1260
158 1680
702 784
790 1584
384 2108
1712 2270
532 214
1252 2248
2324 1696
1842 44
196 1034
120 864
2364 1310
2278 258
584 1632
408 1118
486 1388
170 774
2020 98
2076 1270
878 238
2394 1818
930 1560
2388 2202
142 2254
1356 238
586 1898
2364 1264
122 1442
1087 19
1802 134
254 2320
1716 2222
2362 30
35 2235
18 1530
918 2188
1370 1796
694 1964
802 34
2254 2270
1378 2092
1748 2204
2126 1328
738 2376
1092 736
1227 227
2368 160
1512 164
1656 452
932 1952
1024 2158
308 1804
2004 772
146 1964
520 270
18 978
127 1903
2276 2150
798 864
2278 978
2370 2384
504 1278
260 2094
272 2050
1774 2282
1968 112
72 360
1742 2254
1334 1874
526 2096
173 2079
536 2248
172 1304
554 2330
334 2304
72 792
2030 2032
62 578
2256 1872
952 1894
56 1980
130 1774
2346 1112
2332 830
1726 120
1498 246
1608 2304
1462 1996
1498 166
290 1918
854 1644
235 2271
108 380
188 904
693 77
1010 6
2128 450
34 1298
596 2334
1672 2370
2376 116
198 1606
1634 1140
684 1336
1332 132
1778 420
2324 20
512 1956
52 828
2214 724
184 1654
1985 123
1294 2330
1784 286
426 2226
1222 2186
1778 174
1858 682
290 1500
2162 342
370 934
1840 326
452 184
2118 952
2360 28
1934 958
2350 512
2346 1624
286 1462
2150 570
1328 2300
21 1315
2286 326
24 2336
1246 1450
4 1630
2362 1372
450 1484
128 2284
1608 1188
1102 236
214 86
2252 288
2090 692
2068 452
1426 176
1768 592
42 2388
949 1783
764 364
426 116
2390 634
928 64
1674 1392
344 312
186 794
2012 26
548 244
310 1902
2176 806
1654 2364
340 1192
1256 1890
1346 312
386 1514
1688 704
1380 1532
2206 306
1190 2158
1188 1862
2228 128
180 706
588 1584
2350 1886
748 2062
14 2368
475 2231
760 2150
1330 86
2278 1958
184 2322
1612 1180
1852 254
1486 2338
1830 2212
318 1332
1716 750
520 2314
1462 74
962 2292
1046 154
2192 1362
1706 34
84 750
182 1026
865 49
256 1810
1710 114
2228 1658
2384 246
2194 1672
1422 1324
2260 116
1986 370
1636 2192
1074 26
1154 24
264 1574
2392 1174
1754 380
1575 223
996 1582
2284 488
2288 540
2100 2384
2384 954
1368 66
1646 568
1988 304
52 404
360 2290
1290 2144
2316 828
154 2094
1184 174
1411 309
2346 2216
413 1785
44 1924
1176 290
2194 84
2096 1516
316 2144
1346 2218
1770 1022
2102 976
1104 2076
2316 2030
20 1000
725 966 1631
408 1296
2356 398
1908 70
1942 626
271 399
2390 396
2298 1132
50 846
1358 2282
612 2362
484 1722
444 2188
702 761 2299
938 6
2234 598
332 878
698 2204
246 2310
2002 322
1714 1006
2158 306
334 2190
935 241
286 1109 2299
2302 634
1184 2358
1022 1490
780 234
990 1032
188 2362
744 1446
2154 1042
890 1942
746 1208
1824 2386
124 2200
76 2246
1558 314
2360 258
1662 62
1382 230
2354 160
142 2214
1528 170
2054 372
1554 372
2082 590
531 869
2176 1728
1644 2364
2376 104
1194 24
266 1194
658 2046
1740 1726
1434 6
1142 2056
1662 804
927 2128 1631
2370 2004
988 2132
2344 394
656 2366
736 2258
418 1908
24 2164
1490 470
1396 2360
1520 324
2284 1814
934 124
1302 150
1604 920
2350 35 1631
106 1740
2394 1500
588 112
84 1656
2378 1012
2198 1878
250 1156
696 262
1510 26
1968 730
1002 40
2386 602
1502 288
1648 176
2366 1576
1105 793
221 853
764 2132
2292 2010
972 2380
444 2058
2148 920
1832 526
1216 178
356 2366
304 1576
1936 2370
136 2262
1934 1114
232 1990
692 2300
12 1486
2282 2030
2198 70
1010 1868
200 1898
662 4
522 214
14 538
1138 2158
2292 402
2041 351
880 1960
2256 1050
188 298
1270 4
1352 8
1386 844
752 1956
772 2122
1144 216
2096 290
776 2136
201 544 1631
1770 224
2352 1230
1273 331
1222 148
1964 956
36 2266
2256 116
2238 964
2376 1898
428 2112
1038 2280
296 2380
2236 1774
686 1506
1036 2082
1876 602
870 1370
1182 1656
2334 1262
344 1772
756 1664
1408 328
2384 1112
972 2106
2052 110
1644 12
2226 984
1462 1864
1194 2384
2166 1846
1184 124
249 1013
2336 1044
1332 2170
2342 952
2260 600
894 1814
567 1801
404 82
44 1746
668 1992
1066 2210
492 2146
1194 944
1716 1828
1118 2364
1374 2200
482 1972
2120 20
1768 844
2320 68
400 1954
522 1368
56 1888
570 2322
2186 738
1172 984
1735 99
2064 1114
2228 1840
1365 71
182 1968
1772 898
1793 797
1132 2394
891 329
458 2286
1462 225 1631
1010 1938
640 1472
290 2004
2336 406
32 1710
1300 520
246 2394
2238 2048
2218 114
130 2180
176 916
1442 262
542 2132
2392 522
812 1558
144 1562
233 1385
202 2396
2392 1592
26 1114
330 1692
1092 18
1307 363
2330 162
2352 26
1364 60
1548 2204
1576 878
842 2252
2010 726
2358 1008
2354 1736
1162 628
6 1770
11 1813
624 1992
2262 612
1178 568
2334 438
748 1510
260 902
296 1304
2208 296
2193 519
2144 298
1906 78
1250 1119 2299
1124 1840
81 417
934 1886
32 1552
936 2242
2300 1940
1494 2018
508 68
218 1534
162 2174
1676 54
2276 1514
1768 1172
4 1886
2192 1198
2230 676
2200 162
402 192
2358 336
194 846
2030 32
1702 44
1114 2306
2396 1158
2040 772
343 378 1631
156 2074
532 2330
1802 14
1524 1108
2364 170
200 1015 2299
922 1330
937 1843
2208 256
452 2258
1556 722
2392 1768
588 2260
302 1234
1074 2296
2394 1084
232 1240
110 1238
810 1198
2326 1952
1684 2368
1150 42
260 1248
158 988
727 969
2280 1460
24 1542
1878 252
2386 1658
1654 690
520 1566
1004 834
548 1544
2218 1318
30 1656
1458 598
1905 485
524 2256
2255 73
1794 185 2299
1859 247
538 1276
1571 227
1930 192
1621 231
1952 814
1560 342
1878 48
1580 2396
210 2374
1622 2064
1950 482
729 1244 2299
1069 745
752 2120
392 2020
120 1956
2394 16
2350 1988
2338 48
988 980
467 2223
2310 250
560 1122
1158 126
408 2188
2380 312
922 1878
1314 2194
1147 637
1752 2078
822 2320
908 2104
1694 816
222 644
138 1828
794 2270
244 2262
1542 946
26 1822
558 1956
718 2048
64 2038
60 2176
2176 80
844 1706
2392 1604
1088 82
62 2369 2299
2186 1040
1038 332
852 198
2314 2352
1958 158
262 1978
2254 452
2250 860
1416 2350
1596 148
1130 1474
2016 274
1744 338
1462 474
13 433
1968 304
1674 994
446 2354
1770 1376
2084 1792
220 1404
1902 212
2324 282
2020 2118
350 2362
2204 44
2336 2004
2146 2346
1165 673
1990 216
370 1990
1700 78
214 1152
2312 172
727 425
512 1794
94 1058
794 1624
1134 20
528 1604
1018 2286
2342 892
2050 1922
1538 2268
170 2058
824 198
1850 2
534 2262
2382 990
120 1858
894 2148
496 2315 2299
170 746
194 882
2278 1350
850 2288
2374 416
71 1371
62 2140
2332 44
2206 62
1416 116
1854 46
2280 1240
778 1912
294 820
2394 1214
2158 120
146 2192
896 2338
646 1646
2354 676
2052 218
1728 230
290 1276
2348 430
1178 632
2094 160
894 2084
1838 478
2106 2348
2284 1172
132 1756
1414 2372
1652 836
852 2200
32 1358
12 2372
282 1850
636 1579 2299
70 786
2280 604
42 1986
1872 100
1628 1376
2376 80
2358 98
1850 226
1624 250
1632 42
23 2275
2016 176
1792 766
446 2048
148 858
2340 1360
2110 82
1822 1164
180 1726
264 1590
248 1900
60 2394
1424 899 2299
1317 369
307 1575
740 1596
1332 102
268 1640
837 1808 1631
1940 329 1631
2090 90
372 1534
2180 442
526 2350
268 1368
2 1198
162 1372
2242 846
74 850
2312 788
2260 2296
142 1298
1443 409
970 1354
18 1220
300 2304
890 1002
726 2190
1168 618
278 1860
2294 616
2284 2270
1384 1388
60 1356
2214 884
97 824 1631
2224 1806
796 2280
196 1908
2048 1032
2284 242
803 279
1036 1654
2298 266
2390 166
1802 396
300 1074
1149 11
1778 758
1212 278
42 2378
1681 67
34 1248
1310 1914
2194 336
2320 1838
2088 916
2072 1010
1266 1276
1712 174
2128 382
1268 292
1458 2136
2380 2112
2066 624
788 2294
264 1538
1516 932
2 468
2138 154
1156 688
1332 2340
1 1301
1420 902
1988 2386
1704 178
1033 139
867 1078 2299
1734 2392
1104 804
274 1966
2000 160
798 2170
134 2328
226 994
2220 1062
2240 606
1392 540
1720 678
2270 1336
110 1348
1110 2362
814 1118
2328 820
764 122
940 1532
1706 1460
1578 2384
176 1522
22 546
1780 16
326 2388
122 1726
2040 1678
2120 604
508 2298
1830 616
2332 282
74 1394
2348 1622
2192 1624
2030 2018
24 2358
32 678
1559 753
138 2288
1892 2
1618 2214
2254 668
392 1088
958 334
232 1364
2350 832
116 446
730 2108
1834 76
891 105
1154 292
774 2382
1916 1140
28 1994
357 2037
518 2078
70 634
2088 544
534 492
2316 1130
2164 672
2298 444
2144 450
2060 72
2166 808
812 2234
726 706
2322 986
90 1156
1422 66
184 1942
544 2100
1626 2364
160 4
154 1532
2222 460
1314 1746
372 852
1860 600
70 362
1612 312
158 340
2356 1942
1466 2
1070 2138
940 146
1468 408
2352 810
421 59
2104 72
386 1802
117 1113
245 1355
2198 1642
1374 1728
1126 436
206 1484
784 204
1718 2346
1132 332
1768 1168
24 1968
425 815
636 2326
808 140
532 1910
344 2248
2316 1916
2308 436
229 387
2352 52
626 2350
934 2274
1786 632
2130 780
888 2054
2049 255
1972 78
2270 1490
306 2384
633 89
2120 1090
78 422
657 1895
1646 82
2288 1728
1970 2386
302 28
1233 109
662 1682
222 2084
1204 1677 2299
1296 2288
180 2228
1755 11
1054 74
1418 768
2162 2094
780 1816
2256 264
2392 1172
2372 258
1614 550
306 1398
2036 744
2292 1252
78 184
568 2274
2134 844
2300 104
1933 912 2299
1422 366
2116 966
220 1674
8 696
1742 2302
1632 1960
2074 1390
276 1386
1713 11
2350 610
1048 2062
1580 2302
1202 2374
2318 150
2386 2136
926 2116
1392 220
2300 1078
18 2046
1484 256
1138 104
1426 1890
1060 24
30 1806
64 2278
544 2198
2170 1644
1144 240
42 1346
2118 1452
108 1548
566 1996
738 2364
352 1008
210 2206
1892 1030
1458 2242
2292 1650
1060 222
178 1886
566 1686
619 145
1404 649 1631
1432 652
500 2238
1606 254
2258 1424
1628 200
2044 614
438 2290
2354 514
802 2334
246 666
134 2304
498 1828
1357 475
688 2296
2368 78
16 1144
2372 1024
194 2196
2120 1306
1159 453
431 55
1848 688
660 1886
446 1852
267 603
920 40
1974 2306
1374 2344
1958 142
1316 372
262 2176
1730 108
1116 134
736 80
1576 700
91 1567
1740 1680
1486 702
424 1538
2198 74
290 1104
86 844
528 2392
2030 190
2362 622
168 2108
778 610
2254 1754
111 313
64 2152
1718 526
2112 1536
26 638
1947 2300 2299
2289 367
1556 1608
26 2286
1392 544
2206 878
1006 232
538 2112
372 32
508 901 1631
1928 2334
418 2060
540 2046
262 2104
1094 2020
2308 1896
706 1764
836 2356
1522 2392
2388 2076
1034 62
2380 1196
2392 794
998 2063 2299
1700 427 1631
256 2386
2050 712
364 2328
16 1316
2060 468
2366 228
2374 8
1922 916
986 1752
2386 1872
2048 76
2102 390
1306 1228
86 1992
396 136
2088 424
1848 66
2136 1710
1956 162
2190 1456
293 2369
1394 54
152 1113 2299
270 1688
646 1768
442 2370
1856 1422
1960 192
1192 931 2299
1914 202
1430 344
34 1426
231 547
890 2302
1344 48
79 1237
2384 1934
51 22 1631
1428 2274
1412 2384
378 1786
2366 536
1080 2130
1406 2188
900 2100
1920 1240
2284 465 1631
1280 248
2038 214
968 1710
928 2216
150 1372
2374 708
254 1004
2374 1410
1460 2138
2000 1040
1438 2130
98 652
305 1307
238 1040
154 2128
1528 318
1382 576
1048 206
1670 830
627 3
1510 722
398 1550
2252 1282
1848 1362
518 158
128 1888
628 1596
2222 182
2328 26
754 2264
2002 766
237 2201
180 2132
2288 919 1631
1942 2222
1950 206
550 1690
1062 1636
2310 1332
1376 2308
175 1979
2338 154
2124 972
104 1600
2192 200
56 2166
682 2218
1788 102
2318 772
534 1976
2282 684
156 1390
1232 112
514 2218
2000 1250
926 1186
2266 1306
138 2328
54 2334
1978 1228
2108 252
596 1264
2358 1150
140 2068
1714 208
1454 250
520 2392
2316 1566
2392 686
412 96
845 1405
279 1663
942 628
74 904
205 731
1986 12
2346 1558
516 2350
166 204
1110 560
1030 678
1630 252
1574 28
794 2050
1249 273
188 180
1546 318
2300 30
34 814
2020 202
2298 142
1386 298
274 1512
262 1144
2392 1252
2096 52
18 1602
514 106
39 349
2318 882
112 578
1864 964
2360 450
30 2256
1584 1164
1924 1256
232 1196
788 220
2238 1278
1180 2372
2114 692
1140 2272
1410 2030
718 2028
1412 2
1082 330
238 1180
1574 132
70 1502
1586 182
486 1830
2232 1188
2150 314
214 1928
692 144
28 2152
1736 502
234 1424
78 2202
1028 610
32 554
28 297 1631
224 1008
1542 1820
66 1066
32 2272
2042 232
636 2268
1532 422
78 1082
2288 1150
1734 742
558 1758
36 1478
1970 114
14 1108
94 1150
1700 70
24 1208
2128 258
1408 176
2136 2380
1286 2148
1814 918
788 2146
986 250
26 2268
1770 982
1535 35
196 1188
118 2328
1442 136
1308 470
1608 30
1964 186
1720 90
240 1403 2299
986 1936
1250 242
652 2376
213 1405
248 1850
1894 562
2310 1200
1110 2388
2282 2022
104 1586
144 1560
2066 398
2268 802
2342 1570
1714 330
418 2012
2360 2120
2166 126
33 1711
1394 242
1776 64
1862 620
1542 1264
1740 706
686 1676
6 2392
1489 69
62 2300
2136 154
1424 938
232 1556
1896 1610
1524 2276
1988 252
2050 379 2299
898 2086
1122 132
178 2122
2004 574
1814 2152
686 1740
1908 30
622 116
2230 974
359 1643
30 2040
2300 1474
652 2352
695 159
2170 926
330 154
2382 1064
2318 294
7 32 2299
1410 348
2208 352
186 2384
482 1940
784 166
1268 2280
348 1964
300 2348
1736 692
488 2340
1088 88
1958 1236
2150 1128
846 544
4 478
2174 1162
252 660
151 579
194 1598
1986 958
2326 604
1920 86
630 208
210 120
658 28
2166 292
950 570
112 850
1552 260
1852 148
72 1632
68 2048
2022 2396
1698 2362
2274 972
194 954
1066 944
2066 1390
1320 242
2030 1196
220 1544
1321 337
924 1994
2244 1346
966 2224
988 2352
444 2372
2284 694
1024 2104
1628 254
1068 1212
6 2288
736 2078
516 2182
2338 1570
1148 2368
1976 1004
2394 1852
2264 174
54 2172
2194 568
2178 1082
210 1730
249 1983
490 1800
1722 189 2299
128 2210
2194 1523 2299
596 1300
134 158
2114 76
690 1668
1130 2194
2042 82
187 1697
956 2226
2350 1322
110 674
2268 348
337 1615
1582 1302
46 956
1630 2172
468 728
1866 926
413 991
853 413
773 808 1631
258 660
46 1930
2276 750
2378 608
1689 898 2299
54 2168
618 2226
182 1180
1292 1512
2388 117 1631
1836 530
2026 672
2330 1596
288 2396
80 418
2356 144
220 2018
2050 718
2236 1076
122 2228
176 560
2318 1386
1790 424
2012 1148
1154 2316
2034 960
2294 662
1856 840
1978 158
74 2378
700 2142
1848 2396
2154 194
1646 2388
1230 2258
1190 158
2180 994
454 2154
292 1816
539 625
474 1040
1794 400
1848 686
888 138
484 1712
1049 385
1428 1808
2120 250
2368 242
430 46
1940 2194
2378 578
208 968
1408 260
78 1916
1000 1698
390 166
690 1342
1703 29
344 1482
44 758
240 1884
2084 80
782 418
4 1560
974 344
552 62
1918 1242
2178 882
354 1820
1928 78
1156 1814
2388 222
180 2280
2224 652
2336 552
462 1670
106 1020
34 1650
2142 2348
1994 2376
2128 310
2366 758
2348 234
26 772
2118 390
2322 20
1686 166
378 374
2276 1868
150 2380
2038 488
464 1038
2026 248
1264 2304
2110 466
12 732
2310 1466
2116 266
240 824
1890 2188
1722 896
840 2156
290 1240
386 2142
2106 100
556 1648
2376 848
2120 92
1676 1172
910 222
99 1053
2246 607 1631
1576 940
34 1578
1604 2370
1602 154
230 848
1000 2286
1026 1388
1115 401
312 2126
924 1668
1266 2054
12 1804
2149 454 2299
2000 2384
1419 181
1570 62
106 1626
340 1882
1730 448
2294 214
298 1018
2396 44
785 1703
1382 2104
2262 1678
494 1910
1498 2072
528 28
2126 216
194 820
964 2388
1540 182
2168 176
2 1660
2256 186
379 891
70 2218
678 2278
1816 2138
2295 225
79 1204 1631
60 1608
1162 2142
2118 692
2180 340
2344 272
1150 2290
228 478
1384 16
1990 882
274 2080
44 354
2030 18
1364 152
1438 2388
518 66
2150 2380
998 360
1694 2200
81 1139
2188 1054
1852 2184
2146 278
1118 2294
486 2316
2192 1374
1550 474
1756 466
554 1696
1580 218
20 1364
367 2319
2348 1196
20 2070
772 2210
840 205 2299
2340 600
81 2211
2186 204
2336 1304
1476 942
874 2016
246 262
1542 230
510 1013 2299
237 1081
1244 1934
1414 132
2276 674
2104 1518
598 1466
1782 682
2222 1188
2046 1618
1660 200
44 1420
2248 686
2236 1183 2299
431 1787
586 2304
1910 78
577 433
1782 696
2075 32 2299
694 226
136 2380
2372 1364
817 2346 1631
2280 216
2126 1926
2160 900
178 1402
380 1240
918 2236
52 1878
2268 316
2184 342
2342 1630
2252 1180
1905 95
1884 2382
1572 2372
208 2298
1464 444
700 2384
2070 264
2294 1966
228 1806
48 1274
34 1796
972 1944
2278 1404
490 2188
2038 978
1372 130
716 2282
106 1452
1976 162
305 358 2299
312 2068
330 2146
1880 28
425 2373
232 2264
1520 144
132 1252
2196 324
2154 14
1444 18
220 2140
2216 1476
2310 288
524 958
542 2268
2300 1096
212 1814
2384 920
1506 626
1570 2130
2282 1098
2172 276
1520 2366
16 408
324 626
2184 764
532 2146
498 12
2328 1378
2036 1020
132 2200
1692 562
2364 2128
99 650 1631
1578 140
684 646
2284 1502
1720 532
1520 2382
1261 63
2030 422
6 2036
1674 356
937 2300 1631
2314 2362
1914 478
1184 1944
625 571
1360 58
2364 416
368 2224
2151 55
1358 172
598 2168
502 1446
2170 8
216 1614
2310 1358
1692 122
1622 1380
2168 2306
599 223
464 1682
2358 2130
152 2300
2250 156
430 2374
1016 2098
2164 2368
652 2150
292 2330
170 2388
2111 2294 2299
1198 2284
1130 514
404 2238
1704 800
1224 2306
622 2292
2384 1564
1214 2176
2342 68
8 1840
76 1184
810 156
1100 370
2344 124
2042 686
70 2040
2014 80
1550 18
600 2000
716 124
2160 808
1368 2070
925 375
1531 1938 2299
580 2356
2198 760
2024 1250
62 772
2228 908
1826 1222
676 1216
2312 872
223 487
790 374
2194 522
874 1704
134 1188
82 2326
770 756
2348 881 1631
114 2354
23 761
898 2132
578 1718
2354 1294
2336 1222
628 2042
636 1876
109 947
1792 1878
1676 2166
2150 604
636 100
690 1976
2230 566
1156 2378
206 2072
1938 308
358 1508
450 538
518 2184
10 1390
27 1235
1422 646
1572 18
108 2060
2126 276
2010 82
2356 178
2242 422
1600 486
1510 410
859 157
1386 106
404 2216
128 1188
2114 2280
312 1520
2088 1342
284 2044
2080 2068
2348 1410
2270 1752
204 642
1766 374
28 2194
430 2286
902 1698
178 1080
670 1934
1044 64
2184 1412
948 32
1850 844
2194 18
56 2172
1074 1666
2210 2110
2234 1260
1384 2280
936 2376
1857 29
256 1254
1155 2062 2299
1616 2294
1122 56
1195 437
2214 1162
84 1424
2108 239 1631
2206 464
1520 712
2082 970
360 1174
1382 2338
844 2276
2168 1356
2202 1058
2028 190
1983 927
2350 96
158 2054
2132 876
1048 216
77 2233
2166 1812
1276 674
416 1298
568 1696
226 2330
2184 2263 2299
852 1730
1338 672
2378 1810
1134 2342
1390 222
2192 616
402 2130
1758 818
22 968
1060 1838
768 1628
926 300
1916 290
136 1998
1340 2208
242 402
470 144
170 2222
1018 2110
148 676
900 38
6 2082
102 1050
1776 2241 2299
208 1718
514 1300
2346 1376
2220 314
682 2077 2299
2186 1102
1314 2278
80 1020
156 406
440 1966
1322 730
320 817 2299
1084 84
2315 1684 2299
1272 756
2030 2370
1373 11
248 2396
2192 1304
1710 780
1210 2378
1550 732
70 958
2306 128
1584 866
324 1694
288 1636
182 834
1864 1056
1166 1558
2220 1292
539 1895
618 2024
1032 2300
2368 12
2172 232
230 1182
700 2182
326 1620
2020 2340
810 1586
890 2364
2292 166
2256 1970
2186 210
74 2020
308 1628
674 1210
1948 332
1854 1164
350 1546
1440 2270
1656 742
85 645
85 1679
472 980
586 2310
1624 2088
46 2102
1514 128
173 1073
780 1972
1818 464
1102 2292
738 2146
456 2360
184 2172
1488 76
1644 60
1592 1284
532 2348
844 2184
1550 14
296 1892
468 386
690 2310
612 1196
598 2166
776 1972
1258 2388
43 789
2150 1184
346 1564
2072 288
882 1728
998 2146
710 146
1318 48
76 1694
1946 2176
109 487
1706 116
2258 534
1461 415
1090 148
2120 1802
2244 716
280 2276
1514 28
446 62
2252 390
1986 288
1322 890
65 1527
775 351
1060 170
362 1724
1482 18
268 1890
517 1574 1631
414 2136
402 320
2102 1504
2174 1222
338 1270
1257 451
1991 579
362 1562
1060 2206
1836 594
58 750
1812 937 2299
1806 576
2318 1136
1076 828
232 2368
2106 810
18 694
2388 214
1400 2017 2299
1720 2320
584 1880
220 2016
2366 1484
1842 250
577 669
936 2372
302 1820
1791 123
1736 8
1985 111
2334 1570
1522 482
16 2026
2152 1348
2268 256
2000 172
2382 2120
1496 2126
1546 180
2306 290
2346 2144
1154 2392
1638 2362
519 275
500 1272
860 2380
1916 268
1905 213
180 2040
962 180
90 2312
846 2368
1478 122
1662 98
1078 486
408 1884
2370 460
942 132
798 44
2082 1158
500 2022
1424 88
68 550
24 2058
2150 1838
1356 982
2368 348
334 1476
2382 1562
1514 2306
430 1418
1280 712
178 2180
1776 2378
2302 1854
62 966
1184 666
646 2030
2198 2394
1236 2284
1752 562
2364 966
1973 161
1858 462
2220 1790
1282 2204
2346 454
1314 1998
1232 1950
424 2244
398 1214
1732 522
694 2026
18 1712
552 1650
500 800
2242 284
794 66
320 2252
1500 430
2124 146
18 706
1152 2000
1598 64
2308 376
1070 1714
394 920
2218 152
1228 2354
247 1741
1684 588
104 54
2232 548
42 1734
2352 180
2223 933
1344 643 1631
170 460
2316 294
22 996
2296 356
2350 852
676 222
576 224
1088 2060
2042 438
1734 1116
262 276
1530 966
2300 688
1290 2352
1550 2322
764 2034
2242 658
1370 1372
562 1472
1249 137
2258 445 1631
2112 1096
384 2370
124 1928
549 207
2242 176
2250 788
2224 520
24 1644
1910 610
2138 1692
698 2126
786 30
784 1068
16 1782
2140 752
2356 676
978 2206
1194 2180
142 1128
416 393 2299
190 2276
2024 142
56 1438
589 1
160 1564
2324 1162
192 98
1508 1506
2090 570
974 1972
2340 804
1344 2366
990 2106
41 1209
1862 220
932 1998
2396 1948
1452 522
2198 1128
175 1370 1631
1904 1624
334 1242
372 2194
2048 2038
786 2172
1548 112
2158 198
1806 2188
1380 1384
2152 1742
2384 1600
2296 330
1774 2237 2299
1816 2352
1712 2202
1812 1712
2148 92
2304 1620
824 536
394 874
282 1946
26 998
1236 2124
2290 2306
136 2148
816 784
2036 742
528 1418
512 2026
205 2389
36 2292
91 1496 2299
42 1532
331 1711
190 1952
2118 924
1762 2358
2340 124
52 2182
1814 986
1628 966
818 6
653 534 1631
1368 224
674 54
1164 1883 2299
814 2286
1796 410
382 968
1778 134
134 1136
494 1736
1549 333
1778 636
2324 522
718 1576
1566 1430
104 1322
210 1766
1870 478
367 1055
2038 2290
172 1756
416 2164
2114 662
52 1134
1464 956
318 2070
118 1230
2280 462
2390 70
1244 2264
738 370
1032 2238
457 245
478 2386
32 1832
1034 1946
1642 2266
506 34
1914 1278
573 1845
1956 74
1824 12
218 1770
2182 1634
1614 106
2330 426
172 670
2186 1858
1626 46
2222 378
1552 146
1940 398
2340 1672
186 43 1631
1050 348
966 84
2226 86
1512 2330
528 1310
2130 838
124 2332
1714 694
870 1980
676 2306
162 2240
92 1962
284 2080
2248 2034
606 86
114 2348
440 2108
512 1940
2328 112
2324 1078
130 2128
2252 1006
648 1992
1482 2218
1444 2394
106 1958
2300 1366
1916 378
898 1852
1478 256
832 712
894 818
734 2240
196 2394
84 838
642 2366
1708 2
240 1552
2204 52
836 544
672 1712
1626 914
2320 448
110 1658
2050 98
450 1724
2020 768
2160 552
522 2198
528 2138
2250 1780
198 380
2344 2253 2299
1676 188
1196 2366
1302 2148
210 2306
1640 1242
1534 2256
2152 30
434 2082
2392 1280
2324 1 2299
1477 117
2070 370
1768 122
1970 955 2299
1272 1490
2352 1312
238 50
42 1476
2288 1248
2202 412
66 1118
1604 744
2290 478
1784 2128
1844 24
904 1466
731 1216 1631
2328 286
1016 2020
505 45
1925 11
2148 1732
1376 258
1658 632
2318 1070
2258 1454
2388 344
512 2320
1390 2340
1668 1392
367 2384 2299
97 911
1060 6
2256 72
888 2346
1562 2082
2010 26
984 1030
620 1446
1250 2346
644 98
228 1092
2354 1510
1956 1328
1992 906
1812 893 1631
2022 290
1968 752
1300 16
1494 432
694 1804
1690 12
1210 2128
2250 1298
96 2134
2216 164
1854 602
198 1018
1730 2238
2300 656
322 2202
80 1498
2202 80
912 708
2194 530
2208 558
1492 1884
2212 250
1667 845
2264 692
2152 462
580 84
248 1424
1596 202
1052 1863 2299
2088 262
944 86
2172 482
1686 144
1082 2310
420 2088
2072 356
78 1782
1576 854
2146 61 1631
1146 90
872 1838
329 1507
1836 232
812 1763 2299
586 2274
2314 626
1580 48
2252 1630
54 1756
2334 1952
1620 284
1226 10
2246 896
520 1962
50 2042
1991 35
46 2196
2352 1370
744 110
390 1376
558 2268
2032 604
134 1780
264 2382
2314 118
1978 270
2062 78
136 1246
618 156
2260 72
798 2340
1914 130
1450 2374
311 1813
96 598
1916 1072
1772 108
1581 337
2240 680
1524 564
910 2352
1492 700
1418 2352
252 2208
1974 1466
1388 724
966 1680
66 2328
21 1543
786 164
2018 420
1924 206
379 403
868 2210
81 2043
228 2040
1450 755 2299
1272 2348
1294 2106
902 2050
2396 164
2118 1224
1652 2380
1368 2028
950 980
1168 602
236 2006
1830 686
89 651
584 1894
2049 437
328 2364
2362 150
2050 1622
806 2118
411 945
1298 38
1474 184
1900 60
1892 250
366 1750
262 2294
204 1740
270 580
2288 1716
128 1824
504 2006
2396 1608
168 191 2299
548 2136
2392 2216
1200 1726
1822 334
2388 1092
1377 9
1668 132
2348 348
996 212
1744 1370
482 1360
2074 1712
1788 110
2204 112
210 1866
2280 438
640 2110
1596 726
58 988
1442 900
144 626
65 2033
221 2224 1631
2046 1478
2396 242
1310 136
122 1840
2064 256
180 1680
1494 404
53 2057
2002 1112
1270 2290
1998 1430
442 2388
2390 720
1154 102
1016 2150
2394 1306
1926 2266
666 1816
434 2072
658 1850
848 2266
1258 392
1500 1042
314 2252
1674 76
2142 1290
2380 1224
256 742
124 922
482 2272
396 2300
488 1930
2384 914
1664 1052
2224 442
780 102
380 378
730 2384
1236 924
26 1288
272 1374
8 2192
1870 86
1398 518
214 1792
2116 720
1446 1138
2394 914
280 82
532 1878
2200 834
1982 2326
1940 1038
776 2392
2378 1558
1752 474
400 2352
464 1410
2194 598
2232 844
848 2222
1422 2184
222 1334
2290 1620
1202 718
1339 259
1438 204
2364 138
151 2001
870 510
1738 166
42 1372
286 868
2150 1140
2282 558
984 474
100 1900
814 660
2362 2064
1634 2246
65 1965
2280 44
194 1922
114 320
226 1896
28 862
226 2028
74 1540
942 2298
994 560
2342 474
2204 1688
1832 4
1798 326
1906 1504
1702 2326
2114 626
2368 244
374 1932
1300 434
2354 488
972 2086
396 190
1754 108
22 1390
1518 152
1382 2270
638 2222
480 1604
612 2148
2338 1346
76 1608
220 536
297 613
724 1760
626 2210
444 2272
2332 2238
2348 454
970 2196
1066 2096
1964 140
2148 528
2016 920
966 828
2000 2206
1108 264
2150 1812
2074 1658
24 700
2230 1488
1480 36
1072 1852
382 1982
728 2284
366 2154
148 500
1264 484
1053 1818 2299
2322 1866
1602 498
1637 177
2386 238
190 1224
2118 1378
217 2209
160 1266
650 326
692 2302
1352 1806
1756 264
2394 122
1444 1092
376 2374
100 1728
1388 332
214 2310
2098 112
2310 160
917 86 1631
2114 260
854 2178
50 1662
447 1494 1631
1838 2350
269 2203
1940 832
1690 2388
566 4
2020 959 1631
1642 450
2233 227
750 2086
374 1188
2090 902
1652 962
2140 2128
1982 984
2376 1646
154 820
2366 682
766 62
2250 160
740 2208
1227 347
244 1152
5 589
1008 2388
1142 150
98 1506
1040 66
144 1960
2126 2082
1226 2352
16 2210
1594 70
2112 132
