662
2024 2026
1478 1480
2556 2558
2866 2868
4304 4306
4520 4522
2019 2021
2015 2017
2013 2015
2011 2013
1995 1997
1991 1993
1989 1991
1977 1979
1975 1977
1963 1965
1961 1963
1955 1957
1953 1955
1937 1939
1929 1931
1927 1929
1925 1927
1923 1925
1917 1919
1909 1911
1905 1907
1879 1881
1859 1861
1853 1855
1807 1809
1785 1787
1783 1785
1779 1781
1773 1775
1771 1773
1765 1767
1761 1763
1751 1753
1745 1747
1739 1741
1735 1737
1731 1733
1727 1729
1723 1725
1719 1721
1713 1715
1707 1709
1685 1687
1683 1685
1675 1677
1669 1671
1653 1655
1645 1647
1641 1643
1633 1635
1627 1629
1617 1619
1605 1607
1601 1603
1599 1601
1585 1587
1581 1583
1569 1571
1549 1551
1543 1545
1539 1541
1537 1539
1533 1535
1521 1523
1511 1513
1503 1505
1501 1503
1493 1495
1489 1491
1487 1489
1483 1485
1475 1477
1469 1471
1461 1463
1453 1455
1445 1447
1435 1437
1419 1421
1415 1417
1413 1415
1393 1395
1373 1375
1371 1373
1363 1365
1359 1361
1345 1347
1331 1333
1323 1325
1321 1323
1317 1319
1313 1315
1303 1305
1297 1299
1293 1295
1289 1291
1283 1285
1281 1283
1279 1281
1273 1275
1271 1273
1269 1271
1265 1267
1261 1263
1259 1261
1257 1259
1249 1251
1245 1247
1239 1241
1237 1239
1231 1233
1227 1229
1219 1221
1207 1209
1205 1207
1203 1205
1199 1201
1197 1199
1195 1197
1179 1181
1175 1177
1173 1175
1167 1169
1153 1155
1147 1149
1127 1129
1123 1125
1119 1121
1117 1119
1115 1117
1109 1111
1103 1105
1099 1101
1091 1093
1067 1069
1051 1053
1035 1037
1025 1027
999 1001
983 985
977 979
959 961
957 959
947 949
939 941
923 925
919 921
917 919
915 917
913 915
911 913
909 911
899 901
889 891
873 875
867 869
861 863
859 861
857 859
849 851
837 839
833 835
829 831
827 829
821 823
817 819
811 813
809 811
805 807
799 801
797 799
787 789
781 783
769 771
759 761
757 759
755 757
751 753
749 751
745 747
743 745
715 717
711 713
699 701
691 693
687 689
681 683
671 673
655 657
651 653
635 637
633 635
627 629
625 627
621 623
615 617
603 605
581 583
575 577
571 573
557 559
549 551
539 541
537 539
533 535
529 531
527 529
519 521
509 511
501 503
495 497
489 491
487 489
477 479
475 477
471 473
463 465
461 463
455 457
441 443
437 439
429 431
427 429
421 423
417 419
413 415
401 403
393 395
387 389
385 387
377 379
371 373
355 357
349 351
345 347
335 337
329 331
327 329
325 327
321 323
315 317
303 305
299 301
297 299
291 293
283 285
273 275
261 263
259 261
255 257
239 241
223 225
219 221
215 217
211 213
201 203
199 201
177 179
163 165
159 161
145 147
141 143
133 135
123 125
107 109
95 97
87 89
83 85
81 83
79 81
73 75
69 71
65 67
59 61
45 47
31 33
29 31
13 15
11 13
2029 2031
2047 2049
2057 2059
2059 2061
2065 2067
2069 2071
2075 2077
2077 2079
2079 2081
2083 2085
2089 2091
2113 2115
2115 2117
2123 2125
2141 2143
2149 2151
2153 2155
2159 2161
2171 2173
2181 2183
2183 2185
2197 2199
2209 2211
2215 2217
2219 2221
2227 2229
2235 2237
2241 2243
2247 2249
2283 2285
2287 2289
2305 2307
2323 2325
2329 2331
2331 2333
2333 2335
2335 2337
2341 2343
2345 2347
2347 2349
2355 2357
2369 2371
2373 2375
2377 2379
2379 2381
2391 2393
2397 2399
2399 2401
2413 2415
2425 2427
2433 2435
2445 2447
2463 2465
2465 2467
2469 2471
2471 2473
2479 2481
2483 2485
2487 2489
2501 2503
2507 2509
2513 2515
2515 2517
2519 2521
2521 2523
2525 2527
2543 2545
2545 2547
2549 2551
2553 2555
2559 2561
2569 2571
2579 2581
2583 2585
2591 2593
2601 2603
2607 2609
2609 2611
2613 2615
2635 2637
2643 2645
2659 2661
2665 2667
2671 2673
2673 2675
2685 2687
2689 2691
2721 2723
2733 2735
2737 2739
2743 2745
2767 2769
2777 2779
2779 2781
2787 2789
2793 2795
2797 2799
2829 2831
2833 2835
2841 2843
2857 2859
2861 2863
2871 2873
2887 2889
2903 2905
2909 2911
2913 2915
2917 2919
2921 2923
2927 2929
2937 2939
2943 2945
2951 2953
2955 2957
2961 2963
2965 2967
2967 2969
2973 2975
2999 3001
3003 3005
3011 3013
3013 3015
3021 3023
3031 3033
3041 3043
3049 3051
3051 3053
3055 3057
3061 3063
3071 3073
3087 3089
3089 3091
3095 3097
3125 3127
3133 3135
3155 3157
3169 3171
3173 3175
3177 3179
3179 3181
3181 3183
3189 3191
3203 3205
3211 3213
3217 3219
3229 3231
3241 3243
3249 3251
3253 3255
3255 3257
3263 3265
3269 3271
3279 3281
3285 3287
3287 3289
3293 3295
3295 3297
3297 3299
3299 3301
3301 3303
3315 3317
3319 3321
3321 3323
3323 3325
3325 3327
3343 3345
3363 3365
3371 3373
3381 3383
3405 3407
3413 3415
3417 3419
3425 3427
3433 3435
3455 3457
3461 3463
3469 3471
3471 3473
3475 3477
3477 3479
3483 3485
3493 3495
3499 3501
3511 3513
3513 3515
3515 3517
3543 3545
3547 3549
3553 3555
3561 3563
3569 3571
3591 3593
3599 3601
3615 3617
3619 3621
3629 3631
3651 3653
3655 3657
3657 3659
3663 3665
3683 3685
3689 3691
3695 3697
3707 3709
3715 3717
3727 3729
3733 3735
3737 3739
3739 3741
3745 3747
3747 3749
3773 3775
3777 3779
3783 3785
3785 3787
3789 3791
3797 3799
3799 3801
3801 3803
3815 3817
3823 3825
3827 3829
3835 3837
3841 3843
3847 3849
3859 3861
3869 3871
3877 3879
3883 3885
3899 3901
3903 3905
3915 3917
3919 3921
3921 3923
3927 3929
3931 3933
3933 3935
3937 3939
3939 3941
3955 3957
3965 3967
3977 3979
3985 3987
3989 3991
4009 4011
4013 4015
4019 4021
4023 4025
4025 4027
4033 4035
4043 4045
4049 4051
4051 4053
4055 4057
4067 4069
4081 4083
4099 4101
4111 4113
4115 4117
4121 4123
4125 4127
4131 4133
4135 4137
4139 4141
4151 4153
4153 4155
4157 4159
4165 4167
4167 4169
4181 4183
4189 4191
4207 4209
4219 4221
4225 4227
4231 4233
4239 4241
4251 4253
4255 4257
4265 4267
4269 4271
4275 4277
4279 4281
4291 4293
4303 4305
4313 4315
4329 4331
4343 4345
4349 4351
4351 4353
4355 4357
4369 4371
4393 4395
4403 4405
4405 4407
4407 4409
4409 4411
4415 4417
4419 4421
4421 4423
4423 4425
4427 4429
4429 4431
4439 4441
4441 4443
4443 4445
4451 4453
4453 4455
4455 4457
4457 4459
4459 4461
4465 4467
4469 4471
4477 4479
4481 4483
4487 4489
4491 4493
4515 4517
4521 4523
4525 4527
4539 4541
4547 4549
4551 4553
4555 4557
4559 4561
4577 4579
4587 4589
4593 4595
4595 4597
4607 4609
4611 4613
4621 4623
4635 4637
4641 4643
4645 4647
4647 4649
4655 4657
4659 4661
4663 4665
4675 4677
4679 4681
4681 4683
4683 4685
4685 4687
4687 4689
4705 4707
4713 4715
4723 4725
4733 4735
4747 4749
4763 4765
4773 4775
4779 4781
4781 4783
4787 4789
4791 4793
4795 4797
4801 4803
4813 4815
4819 4821
4823 4825
4827 4829
4829 4831
4833 4835
4843 4845
4847 4849
4871 4873
4887 4889
4891 4893
4893 4895
4899 4901
4907 4909
4911 4913
4921 4923
4929 4931
4937 4939
4941 4943
4945 4947
4949 4951
