4968 9894 811 2943
489 4437
2601 4833
1151 4599
4691 2155
4081 825
1117 2987
4185 2375
2113 313
205 4045
4955 7
3525 1383
47 4699
4191 1681
1809 2027
4899 2179
4751 949
45 663
4265 907
1025 4929
4493 711
3733 143
4613 1135
3009 1009
4353 3695
4149 847
3291 269
1211 4119
4935 2825
3159 4929
1973 4883
3639 1375
3979 363
1947 501
808 2638
1097 143
1219 4571
627 4749
2799 483
2467 313
4247 2235
4625 3565
2213 937
943 945
1787 3929
3445 4841
3227 453
4491 1075
4317 4803
489 2427
3973 387
3727 3721
4348 614
3717 3721
4805 2011
511 509
301 4707
1551 3241
3445 23
2755 365
1927 4931
1403 4877
1793 4115
4901 1007
133 3269
2559 183
169 4549
2125 3785
1929 4933
2811 747
1353 381
2953 49
287 1963
4759 1641
3131 441
4857 533
3121 879
581 1191
4393 1745
3763 297
2077 4889
3479 161
4915 619
801 803
3525 1749
4885 685
3991 2989
25 771
579 1831
4417 2069
3355 1207
4913 1967
4869 631
1001 3915
3619 1617
1139 4405
503 4485
2635 2637
1413 4311
3439 3899
2411 4751
455 4347
4003 2529
4815 2613
3221 4359
4871 3123
1249 4941
2519 283
4685 1405
3693 379
1051 1059
265 4689
4357 851
4903 3323
4287 4779
763 4703
4265 2367
349 2237
4537 4529
21 2841
27 4817
769 3833
4707 2891
4573 655
1045 4857
539 1677
4365 617
1145 4065
2573 1019
175 2171
813 4269
4877 527
25 4537
4457 2963
2249 1149
2775 197
1779 3159
4643 147
215 2749
483 3941
4077 4017
237 2033
4579 4765
3475 4889
3929 535
565 2385
3807 363
539 541
1019 3467
341 1551
41 4531
3959 1237
4819 2361
2939 4187
2901 569
227 3713
2985 435
2921 29
4619 2643
4939 161
9 1511
3323 801
2379 3037
1311 459
267 2811
1309 1311
1295 4609
503 2933
719 729
4477 4479
1359 4451
4847 2611
2513 1789
4099 4103
4449 1169
3013 3011
227 2429
385 23
4567 995
41 3965
1671 1673
2609 4539
3049 93
4863 505
899 4717
4915 489
3879 1975
4871 3627
1867 917
3809 1687
881 2731
681 689
4169 4167
859 3863
1629 4887
4519 1439
631 1989
3443 4949
1687 53
3205 4551
2541 1453
3709 3713
973 4571
3761 1071
1585 4199
801 2131
3775 2367
233 3147
4137 655
3139 4303
2039 4847
4887 569
2011 2015
2977 2985
1763 1773
37 127
643 3979
2121 761
2487 2483
1669 1667
4215 3675
4901 245
1051 1827
4833 171
3857 3851
4577 771
2565 4075
3983 1845
4053 2859
1045 1039
111 4357
4777 73
1443 4441
2159 4097
3833 321
2541 4723
4953 3073
4917 2951
4715 1633
543 4905
3313 2221
949 3681
3331 1233
3203 4711
2511 3155
4475 1143
4769 319
2983 63
233 1639
1513 903
981 4657
307 4033
2689 1007
4807 1277
471 3277
229 2787
2820 1542
1107 1097
237 2037
3135 4371
2263 4523
391 4815
2681 3795
1911 4605
57 1371
11 2113
1073 4703
9 4693
2683 1203
69 1283
79 487
2621 2625
3521 2849
141 4757
1589 3979
2475 3963
3689 2119
4443 1727
4053 4055
3951 2855
1587 1739
3727 599
2199 1739
3635 1635
1793 4955
237 385
1327 3287
513 3893
1911 3903
2627 1719
4457 4463
131 2667
3323 17
4901 4121
147 2671
4271 525
4727 2891
4663 3093
1143 2883
3479 2377
3653 3649
3145 395
263 3331
4683 2263
1069 4205
931 2351
241 1223
2727 4653
4933 2835
4647 31
1585 3991
4659 2893
3973 1193
47 531
437 3765
1569 3419
1375 4623
259 4505
2941 777
3849 3181
575 2063
747 4729
1643 3503
1537 4691
2215 4861
2573 3613
4759 3667
3935 855
43 4143
937 4109
4089 1561
4953 937
3809 757
4145 373
1197 4147
709 4101
2265 15
189 1107
4343 3083
4825 1879
4373 57
3515 4813
3819 3813
2359 667
19 1055
4289 1553
4781 969
4005 911
139 135
3085 3569
4699 77
2299 281
694 12
4557 649
1873 4701
4845 1053
223 3457
53 4395
4385 4391
1035 2121
4459 263
4849 1423
1241 4865
283 285
4413 1823
4449 1115
963 4083
1025 4709
4717 45
145 141
4131 939
1079 2551
1757 4923
935 3255
71 4187
4039 23
2617 3595
3777 1279
829 2565
839 3107
709 4319
3545 873
4315 479
427 4663
891 4211
4169 783
2939 3651
2643 3423
3079 4179
2601 4701
2655 21
1123 2005
351 4745
551 1959
3571 4957
1095 4659
4515 577
4965 913
2563 251
3447 213
1923 1221
2079 4823
567 2041
3299 4663
683 2907
2605 4821
1765 4689
3625 1415
2549 305
1925 661
4813 4401
2003 4869
273 2299
2365 1049
4483 315
3921 143
3819 3833
4683 857
1973 1021
807 4891
653 4307
4561 461
3563 2305
4859 157
3703 1431
1365 4485
667 4615
27 1579
1671 4739
1329 737
4885 367
1639 3559
4159 1651
287 2459
639 4523
4287 645
4121 91
3571 2373
123 4363
1443 3671
4759 1565
4951 843
477 3981
2711 3257
4845 3135
475 1019
377 1407
113 4867
4729 2513
107 1035
337 4777
205 1753
683 4915
511 4473
307 1383
1451 2361
4295 45
1521 4525
4963 1539
3799 1125
1785 4837
569 1597
4503 4505
3619 4095
1049 3903
2807 233
4795 1529
1043 2319
1323 95
3395 169
725 3701
2961 4541
1149 4817
3393 835
4749 4169
4687 1043
4403 2791
4487 153
459 867
855 3607
1891 4783
4899 987
4795 3735
117 3455
2715 3511
59 1619
4089 2451
4689 407
3515 4659
653 2997
1701 4927
4631 923
1311 4877
21 3485
1397 401
4915 161
4855 4493
4361 835
3669 125
1855 747
4657 3151
3297 853
4565 2965
1627 4851
4931 2611
1471 3573
3937 4915
2061 3237
11 2567
1727 2061
1659 3859
4241 617
1603 483
1359 4651
2177 243
3633 4531
969 4029
4627 2777
4935 193
3857 3863
1455 3069
97 4537
2305 153
4037 3465
295 3635
495 891
2627 571
2415 3703
4083 1037
3259 523
4551 2391
3075 4459
209 2527
1129 4405
3135 3761
4183 1725
29 4599
761 3253
4429 2865
4693 1027
2783 529
911 73
1229 457
4769 619
3707 3709
4953 1701
4039 25
4605 461
2539 4681
3543 241
3835 1053
2933 4923
3185 4179
3255 791
4267 1349
4371 141
649 4719
3677 3679
4907 4921
2675 3279
4015 369
4119 2615
2289 339
4459 203
4399 153
247 4807
3521 257
179 3323
4717 1261
2867 4757
4502 4683 2943
3711 13
937 4763
2225 4955
1261 4821
4763 1811
3643 1267
3891 403
527 529
2257 1221
2949 1131
25 3951
2097 4489
3297 2271
3875 837
3249 1879
2685 101
2457 1679
1341 1869
3921 1649
3311 4477
3557 737
2931 4413
3973 2183
953 4493
2759 217
2907 2909
4463 2017
4787 1243
4783 4907
3983 4945
1515 4767
3513 437
4755 4751
3243 4509
4947 123
599 575
447 453
2603 4965
3807 859
1815 823
2277 4871
1691 221
3591 4883
3991 267
1395 3689
4531 341
4915 1865
1459 1933
153 4035
4667 1773
4189 2801
4877 2507
4793 2759
1977 3681
3357 419
1361 553
2993 977
2845 2843
415 4567
4109 2423
4523 1591
1911 4449
819 4735
3467 4497
4139 4875
107 751
4935 2811
3647 897
3989 211
4455 3507
4627 1023
4391 2979
2005 2011
4051 1077
997 4399
3195 2561
4151 817
945 4847
2425 243
643 4885
309 2497
4883 4879
4667 2319
4739 3783
1735 4339
801 787
4709 891
4391 867
2981 817
367 2969
2631 4683
2767 4227
1335 2719
11 509
957 105
2343 345
4491 1703
4749 1491
4725 2243
3479 189
4903 4901
1365 4961
1337 4587
4617 4621
487 1019
3141 4505
4323 667
2103 101
3133 673
235 4593
1073 4003
4567 149
221 4643
85 3441
4603 2629
361 3669
4805 2597
99 4027
4289 901
1281 289
3641 4825
7 4885
4779 1335
3713 1953
461 3269
3197 4669
569 4241
3433 4913
855 865
4329 115
2001 1999
2899 1473
1127 491
2885 4547
667 3357
4963 1641
2817 2823
2521 2275
2073 351
2635 2271
2383 103
2663 1603
4473 877
4925 2807
1513 4741
1891 1879
3735 3739
1011 3673
3171 4031
3787 583
591 3095
1759 3597
1749 1755
1321 3959
2431 4941
81 3879
2877 4357
64 808
2963 4833
2975 25
483 3383
3505 3841
2937 1139
4557 515
4617 1851
1199 4939
1351 1347
4555 1237
4681 41
1905 65
179 3639
4551 17
3105 767
1685 3767
1527 4327
1565 3955
471 477
1321 3367
4711 1817
2629 4607
3445 337
2927 2117
1971 4269
963 3099
2773 187
4937 4947
213 4939
2693 407
4497 1289
4345 1153
2205 1261
4319 4607
2893 1159
567 4711
527 525
4507 281
2547 527
3963 139
4749 3351
9 4739
515 4631
4507 2971
2487 625
3869 2073
2285 1733
4629 4313
4887 3301
3823 37
4703 2473
4875 3231
167 3665
4149 921
3235 3231
331 2877
2039 4439
2657 4293
3875 4725
3899 3913
3771 2369
2719 2723
465 3551
2503 2509
4333 3715
1803 4841
831 4483
189 3201
115 1425
3291 3283
69 3293
4611 1041
4597 2427
2625 3705
9 639
25 4303
4145 737
4069 4431
4073 2477
4153 27
501 3277
3729 3727
245 4171
3785 2751
1177 4515
3121 1821
3377 23
3889 2763
2147 3875
4685 865
3689 4565
2921 877
470 666
4557 27
3193 5
431 797
2109 707
4509 503
639 3789
1631 3411
51 925
4775 1365
4591 1039
1063 383
947 4891
139 4755
2817 2009
4839 1221
2789 73
2585 3909
3791 2121
195 87
3543 1381
4379 677
2885 2883
3357 1561
2537 4675
779 787
4201 2627
2811 1039
643 3035
4327 429
3841 3055
2709 1045
4883 1945
17 3413
4169 881
2971 951
4071 643
1485 4249
1163 2735
2529 4837
1937 4425
1749 1
1915 783
4953 1893
3837 103
4463 1001
211 221
705 4273
3523 4901
3955 1995
949 2867
1069 3841
4081 1365
1751 3519
2981 1629
2249 4643
4661 1567
1299 41
21 4253
4897 1055
2553 553
4377 1449
101 1549
4007 7
4619 97
3077 267
437 3683
4967 1683
1209 4647
4127 3121
1333 4881
325 2577
4017 3263
4331 1383
4967 1233
95 2669
3101 1645
2497 2495
101 335
4865 1517
1783 1777
3109 1399
1299 1611
3805 137
2665 9
4113 4229
3663 105
93 4589
4961 2661
4267 897
4959 1255
609 3743
13 3757
21 2447
4091 269
301 4901
541 3269
2855 617
4891 1105
1419 3785
4947 255
4813 3755
3891 815
323 3081
2915 4545
4621 3787
4855 3509
3115 2657
4521 2567
987 2997
1861 4207
2819 4885
4177 1765
1615 4537
783 2959
3391 779
3843 1595
4093 1065
709 1931
4423 4085
3443 3433
3653 4189
17 403
1923 4747
4101 399
3257 539
1813 4685
1147 3003
589 3255
4595 617
1339 4365
3515 2309
627 9
839 3233
4695 91
439 4633
3265 2309
2625 2631
789 1749
1511 601
2287 3415
3059 241
2971 2955
3879 965
951 4631
2821 131
4945 23
2815 1643
2581 4329
3311 2295
4923 2125
2645 107
4811 3023
3905 295
15 3229
3147 4749
2683 2679
623 3041
2947 1023
348 1114
507 3581
1427 4477
3109 4311
1821 4653
3281 105
4739 4357
533 3866 2943
445 3815
1453 4093
4383 7
4805 3585
3421 1619
2409 175
1519 4191
3087 1383
1523 63
285 2653
77 75
755 4171
4489 1545
93 1381
3017 1783
4677 4941
4087 795
3313 3321
3707 2701
1341 4849
2946 2316
3799 3813
279 4849
7 1617
3231 213
1239 1249
2691 2435
4679 2587
4919 1763
4157 4155
4693 451
3973 2105
4647 37
4183 39
1621 489
3387 877
4169 1019
129 4693
4187 491
2767 21
1103 53
2165 4025
961 4271
1743 3867
283 281
4965 2229
145 4629
4919 919
2173 4221
4895 3829
3421 1051
3431 4373
3655 1317
471 4291
4249 1425
3833 91
1267 4355
4803 4789
4937 683
4267 2063
4813 487
4153 1379
381 4933
213 4865
4845 3859
4549 389
59 9
845 851
4761 1787
4829 75
513 2953
3187 2059
4241 137
1923 615
3385 4841
4127 403
3933 2465
2185 3379
2441 2443
1961 4887
3425 4697
4381 559
543 105
1851 339
1383 3063
4211 2129
2849 2023
1303 4599
2805 725
4329 1801
3957 787
4694 2488
4191 4625
2365 4699
3681 4359
4427 2625
4455 1103
4529 4669
391 3063
887 93
1551 2969
4829 4211
2659 4853
4863 3581
407 2035
3623 2759
4029 1335
1947 4063
3225 2229
2003 579
4733 1365
3759 2971
3309 1297
985 3515
4965 541
93 3799
453 2127
4391 4395
3919 581
1375 3293
903 3815
1867 31
2173 285
3479 1205
4479 1187
449 3003
2155 4895
1115 4777
2413 4605
811 2104 811
265 4245
4331 291
2989 4185
3125 521
3185 4851
147 2631
3215 3675
4537 1815
2155 4647
4885 3381
421 1757
3353 799
715 2739
4547 4785
559 2519
1525 355
127 1661
95 4965
1013 4759
693 3553
4799 119
1253 3771
3751 113
4147 83
4379 297
7 1909
3775 261
2541 645
4943 1701
343 3163
3979 173
4757 843
3199 671
325 4663
4581 699
2026 3800
4873 1509
27 4935
2961 943
4623 691
1927 4863
2209 4839
2869 553
173 2317
1467 917
3081 4687
649 1721
649 4187
704 3638
1109 3787
2477 3011
1013 4917
4075 4539
1785 4585
529 2713
199 4297
1903 55
3771 3781
1347 4429
4871 3103
2009 4607
3357 1161
3537 1951
4513 19
4779 255
2647 73
4179 483
1423 3867
4277 4275
4933 485
4203 2053
983 2491
4441 247
179 4037
3179 1779
273 4421
4405 785
611 3595
2091 321
4363 4375
4779 2535
821 3895
491 439
3698 4559 2943
4853 923
1985 4959
4911 3201
1923 19
941 4647
901 3149
2505 1975
4415 2359
4647 697
4873 1765
2517 141
2885 4421
153 1807
2635 2633
3229 71
1043 3769
4957 2745
3617 1471
3369 653
3435 4557
3089 4667
883 4467
515 4401
775 9
2537 555
2283 3537
2931 181
1089 2813
1631 4753
2237 4349
2409 4893
199 4745
4747 661
2321 75
2693 4245
3769 3391
2789 4373
1497 3397
4285 4493
4307 4295
2753 125
223 1615
1449 3021
4709 3373
1845 4777
4535 45
1683 2289
123 4953
1433 4343
1167 4773
2531 3067
165 3603
4919 1599
431 4555
3193 515
1717 2593
611 97
103 4259
4909 2705
3535 1867
409 4153
1225 349
4663 4349
417 2247
945 3355
3541 39
233 4379
1487 4517
1841 1871
175 3529
2811 451
49 2855
1037 1035
2277 4873
4803 3573
1679 4967
4767 4789
2679 1481
4605 443
1453 79
19 1189
77 4713
4409 1245
81 2413
2475 4725
4383 675
541 2983
385 2391
2233 4875
63 3877
2087 4141
127 3259
2006 4596
7 2301
4933 1869
3913 843
4809 3099
2945 847
3651 597
3969 4907
1085 4015
2209 4857
4203 1035
3723 2987
657 4081
2331 545
4161 249
4495 4499
1207 4491
1465 91
2617 1665
1999 4025
2641 4917
4429 3695
2875 913
1725 1107
4581 2175
1365 2307
1505 3127
1267 4235
1868 1649 2943
467 3407
391 381
4317 2091
499 503
147 4325
299 3561
4489 3065
4577 589
685 4517
2411 2407
3803 1183
2867 4903
2417 2421
2929 1125
4671 823
3695 4899
4709 329
1367 1375
1325 3755
4657 247
4035 1601
439 2857
2641 4803
1677 2867
4677 625
2425 675
607 4145
1505 1509
961 3869
345 731
4751 23
4877 2833
2727 2221
1091 3609
533 913
4457 4171
419 4561
4083 115
4247 371
4145 4147
687 2875
387 4695
4807 4803
4079 2347
3191 1923
129 135
2101 3309
4903 2577
23 3903
4637 3379
2797 1921
551 4461
4623 3447
4947 2655
4153 3197
4831 2145
157 4947
4363 3929
2353 4757
4531 4745
1581 4407
4057 4065
919 4595
1941 963
4625 549
3723 4855
325 157
577 4541
2495 275
1837 625
4871 3155
73 1785
2821 1553
547 545
4887 1579
4239 1669
2091 117
3213 4389
3625 4927
3109 2589
2357 4545
4005 411
1733 65
3119 1339
1367 2553
2327 4429
149 2405
1407 4657
101 90 811
21 1963
2935 1625
3607 635
1555 85
4203 665
2807 171
4143 339
2225 141
4641 829
3037 587
3839 1965
3857 409
2699 1199
4941 4295
4295 1641
2899 3881
4523 39
4807 1281
4653 955
747 4783
3157 309
4459 3199
4063 1137
3279 1255
2041 465
3025 4813
1947 3457
2891 2895
3133 2115
4121 1047
1279 3433
2969 785
4701 3781
23 1797
167 1253
2035 4705
3133 773
3251 3247
4021 233
439 1923
4641 4645
17 3143
317 4519
1277 4811
2885 3829
3625 1
2438 4652
1125 2781
197 763
3797 2627
2263 201
2643 191
2791 725
1459 4787
4251 4737
4751 141
2131 4287
2545 1693
2503 4301
4059 857
103 2713
3993 821
1779 3235
21 1351
4851 523
1647 2483
3787 617
529 1229
167 155
4383 4133
3793 1675
225 4967
1229 1233
450 3068
929 4737
975 3299
3749 271
3371 4917
1471 1467
1689 113
4165 4845
3905 4939
4213 1473
51 57
889 4677
709 151
813 3895
2517 4267
2583 333
4626 1116
2661 4635
354 2244
3591 1245
4559 379
4491 487
2815 3469
2059 3801
23 19
4039 37
1829 4945
1209 4607
3875 2861
3593 311
2359 3715
4967 1117
3639 971
651 4243
987 2945
1339 481
4965 1073
745 33
281 1909
2919 1289
2999 287
1193 3595
4893 2717
4541 605
725 4921
4825 1205
2645 4931
733 3553
559 553
2223 3757
3825 1671
3425 185
4475 1191
2221 719
419 1375
2703 139
1643 83
2507 4737
31 2507
4907 367
4905 2007
4161 287
4855 4191
503 2961
3293 2305
1889 4745
3541 345
3277 935
4761 777
529 2591
4709 1999
4775 1273
4209 4207
3503 2061
3791 4365
4777 3995
3517 1761
2807 2813
556 457 811
475 2257
949 3087
4415 199
709 4171
2481 147
315 2303
141 3667
3105 3
1931 101
389 3935
631 3961
1885 255
4941 3589
3503 213
4641 803
195 1355
4883 4885
4735 2701
1071 2379
3875 3899
345 4253
3905 57
4813 1195
3499 1859
2335 3825
4737 631
703 3043
4445 63
1729 4591
2735 4175
231 4153
1063 4949
4829 273
4571 2811
3885 927
4655 3
1733 173
4353 17
3101 4773
4607 1109
3029 4651
4155 281
3685 1397
4877 3417
2685 3407
2705 789
4857 2945
463 4455
3731 3729
77 4123
277 1499
629 1581
243 4193
4683 4693
4803 1607
4667 2607
2729 1099
4163 1107
1773 4797
2957 1387
4933 3307
4707 1303
2893 4891
963 4041
857 4947
1497 2789
895 3801
93 3115
4809 663
1253 3901
1859 4643
173 3651
2711 4191
231 4023
1399 4363
937 2423
1801 3469
313 4855
495 3497
4911 351
1795 109
4109 4117
1369 2757
3935 605
1539 4465
3377 1473
1131 3441
2237 3947
3143 4689
257 4195
4669 2083
1105 3845
4415 149
4393 3723
4599 229
1847 281
3663 563
1655 51
2637 4845
1669 1671
2267 1505
1999 3827
547 4871
1399 3395
519 3659
3549 979
4433 155
89 3711
3865 895
4959 2215
79 2491
4263 3183
105 4445
1023 3927
4609 1917
4173 903
255 4379
3909 201
851 4047
461 4313
983 3673
4483 119
3069 4729
2347 39
197 1075
2453 2459
905 3605
4671 2853
1815 4081
4793 3767
481 4073
3663 631
939 4905
3349 4421
4631 2091
4423 2939
561 3233
1089 3873
3921 65
3713 2681
1939 3413
1229 3297
1221 943
4427 1027
4847 2139
2379 1551
1093 3125
543 2933
753 2437
261 1609
305 4357
2813 4927
2851 2853
1565 3467
3349 323
2101 3577
2501 381
1147 3065
4355 421
3979 189
4929 1151
4729 2579
1071 4683
4949 3527
1341 308 2943
3207 3849
1747 3295
477 969
1325 3739
123 4257
133 2761
3103 1913
387 693
525 679
3607 321
3791 1705
3061 3057
4423 461
3587 1721
3549 2209
709 1169
3773 3451
43 1987
4125 605
3815 2247
4739 1521
4669 3213
2527 133
3517 1909
143 3997
2163 935
2809 387
1029 4633
635 3615
3759 2245
1445 4279
3755 241
2379 115
2941 2323
1955 141
949 1625
4677 1447
3375 4809
1793 641
2571 317
3059 935
221 1815
471 1547
829 2625
4921 2787
4261 2617
2269 3281
2303 4693
3079 99
1267 4669
829 4759
3877 2391
4709 3581
4387 3413
3499 1397
4517 53
379 1747
445 1375
35 3985
757 4587
2377 4707
4949 1697
4629 325
899 4179
3709 2327
3489 923
1033 1029
3841 4495
2197 4729
2327 639
255 247
2811 4193
4531 643
1793 3475
1685 841
4787 1491
2995 101
4879 43
1447 39
1615 347
3827 11
671 2505
439 653
4121 189
4625 1909
4711 4725
1265 571
4939 2783
215 3925
4651 4657
303 1777
3117 2299
4835 273
4821 83
2455 3969
621 3357
1911 1015
717 2551
833 2587
4717 3337
2497 4475
4633 1679
3059 1059
2983 4831
2539 1093
4471 2449
4695 3121
977 957
4465 929
2381 4049
1573 1561
2647 299
3711 4395
4683 245
919 4329
4185 2573
437 2637
3257 4477
805 4801
403 3201
451 2647
2605 2597
481 2601
1897 4715
15 4817
373 2653
2891 83
319 2733
955 3697
3043 1111
497 4913
835 4841
1983 397
881 867
3833 1291
4871 3857
1235 521
2437 811
2457 1007
3295 2453
2395 3625
2297 1763
3129 451
433 4073
1495 67
667 4511
3067 2631
3567 4957
299 3481
4409 3095
39 1981
1127 4489
2867 565
2935 2515
4605 941
3501 47
689 3775
215 3961
1479 119
289 4735
2177 3881
1557 4617
491 3827
4407 1121
2791 4701
75 1837
2951 2947
1061 4443
2395 2387
1507 3443
2257 757
4273 801
4062 2262
883 4243
1993 3163
3433 1281
4597 1651
4213 4641
4821 787
3285 1365
129 1209
4605 661
1585 883
2621 2189
781 4789
895 4421
4525 1501
4323 1333
3013 3017
4553 123
4857 805
2927 1533
677 2893
3897 4657
197 4735
3379 79
2177 4181
447 443
1067 4563
3917 4427
4867 851
2247 3965
681 4941
335 4399
981 4643
933 283
4655 657
4425 531
687 2123
1621 4395
1281 4133
2119 567
3603 97
1691 1439
2005 4219
4763 2175
3981 705
2079 4631
3583 151
4571 2685
4917 4149
1407 4151
3101 189
4901 2175
4461 1719
3681 2459
4815 41
2613 95
219 2805
45 4567
133 2773
63 855
3659 3721
4735 3929
807 4963
4943 1293
915 4665
579 4409
2597 1801
3649 1603
509 3653
151 2883
893 753
467 1191
4963 469
3597 3595
3931 2853
2131 4771
4249 2717
3029 223
487 1971
177 4351
3211 443
4507 1671
3699 1923
2675 7
677 667
3821 1509
3533 4863
3489 2697
4205 1945
875 4057
4015 393
211 3009
4871 1101
2769 1819
1777 4205
225 4615
2185 769
4903 1383
3453 4915
2193 4711
2631 2633
185 4599
4831 4167
2007 787
4141 951
4047 455
1421 4921
4393 461
2821 1333
147 4855
3841 909
2421 4171
4839 1331
3683 4419
897 2415
3407 147
3179 4933
4843 2799
389 3027
3649 491
2281 2483
2803 289
4433 3265
1583 4535
1803 2323
3895 959
3003 959
1 501
189 187
4247 197
3527 549
3859 309
3625 807
899 2547
2359 2357
4009 1595
703 3623
283 1745
3169 245
1563 297
3385 159
4351 2167
319 2181
4547 47
439 823
63 3139
3001 229
1331 209
701 1693
101 661
625 4709
1033 4087
431 2717
3233 345
269 719
4959 4049
71 1147
3493 1443
91 2215
3265 4585
4561 2275
3989 1809
1125 4023
4953 2261
37 617
3097 241
3005 1719
4791 1179
1269 69
3993 455
299 4293
4835 245
1195 149
4483 2447
2049 49
2741 1441
1401 4859
2797 599
203 1579
3239 4795
3717 2851
19 2915
115 2731
387 4551
987 2623
207 2821
2129 2125
4075 4653
4733 1771
4809 431
4089 1625
4823 3701
4887 2775
4625 551
2411 4893
3487 4777
4705 861
4635 2825
441 3393
4525 471
179 4949
3953 4287
449 243
4773 1173
3199 3195
197 1453
515 3761
1861 25
4959 487
4873 1595
3793 4935
2835 4871
4927 167
2495 4359
3991 1305
4899 2813
4957 3365
4133 4146 2943
1483 1473
2911 2909
591 4767
2971 45
2709 763
4659 1445
1953 3787
1685 4323
2169 257
1925 1917
2601 4799
265 4241
191 2895
4951 3355
2185 4911
189 2883
3043 379
3553 1569
713 4439
73 1711
1303 1309
1637 4383
2795 1347
369 4171
1251 1259
4879 2711
3321 671
4639 2833
3105 1305
1323 647
2045 2039
3049 4727
1529 4859
3923 2365
3325 4585
655 4083
3643 3645
1731 495
1613 3527
3419 489
4551 313
95 4055
2415 4599
3803 1
323 4005
1651 1647
1171 2847
2387 4773
645 1031
2671 4469
385 3477
4933 883
211 2839
2315 1309
3723 1147
4331 147
579 3389
4269 4797
2943 263
1347 2979
2501 233
943 529
4261 3061
601 4179
4663 39
2455 3219
4331 907
3839 361
4607 897
2827 3647
3731 2779
3573 2687
873 4555
161 4285
377 381
1293 119
489 3319
4883 1861
3975 1127
969 4873
2493 1023
4283 3319
4029 4335
3049 1091
3775 1905
2421 1805
87 2231
4847 549
4709 1635
3483 1245
3635 655
4765 903
779 4607
881 1175
1675 3431
981 3845
4919 643
3773 405
4909 305
91 1043
3933 1715
945 4905
111 1729
137 2731
3843 1283
831 53
4177 529
4905 4441
4873 767
2811 143
703 2129
1401 4847
1873 2189
2273 4833
4723 1085
3071 4721
3843 115
2747 679
4285 691
2315 4075
3639 897
1777 11
989 997
1625 3979
825 3047
59 3377
1663 3189
3065 4585
4749 2061
4797 2305
4279 325
3437 131
3569 371
677 1335
953 2261
345 4877
4615 4611
3225 4801
3655 7
4851 3999
4559 47
1131 3183
485 2897
1579 4069
241 683
4865 581
3793 2369
1311 4573
4287 263
4669 2455
3 2705
305 2913
4049 679
5 2811
4859 3477
1845 4485
1657 1177
713 2785
417 421
4019 4021
2547 4877
2609 3969
429 63
4343 4733
1501 4909
1697 4891
4893 739
4853 4549
3405 3921
469 3509
3881 2059
471 4943
1809 4501
2917 221
909 3501
4909 483
855 4381
4803 2329
457 3893
57 2531
1251 4839
2321 4943
1495 335
1769 305
3515 47
4643 4739
3031 131
4333 197
2903 89
29 4435
1623 281
4401 465
27 2867
4489 1833
929 3887
4473 597
741 149
4697 511
3111 4487
2473 3709
4337 565
1955 651
849 4525
63 4069
263 2103
2473 1319
2009 539
3197 1007
2471 4463
911 899
2917 295
1967 649
2275 3439
357 4571
179 170 811
1831 1201
3283 1
4715 2657
65 2083
2473 4225
879 3039
765 4727
1489 1491
1391 4721
445 3223
2795 2805
1619 2955
3092 24
4871 2901
4773 2145
1109 3825
2871 291
1387 2853
4263 2395
4061 9
543 3275
567 1887
1111 2735
3789 4547
2865 953
583 4695
1007 4555
2259 4773
1265 3113
4711 1601
453 1907
4361 3635
4821 331
3663 1663
3813 297
4611 167
4689 521
3929 1419
23 1993
1509 2995
4413 1325
1917 4647
4903 1201
3937 2549
1655 471
2471 341
1457 231
15 539
3697 5
4323 1881
3447 633
4883 2869
2757 291
3385 625
3695 3693
41 4311
1543 3309
67 4061
2133 2137
1731 4257
2517 4961
1107 1117
749 745
3651 1471
885 1707
4151 113
135 1931
53 1025
109 479
5 4797
3135 4903
4569 1793
4757 4887
3083 4207
3979 237
125 3791
557 2559
4913 1785
4297 123
4787 3541
4779 787
4847 1323
1713 1711
3471 541
1365 91
733 193
4781 295
4745 3295
1 3285
517 515
1073 4359
1785 1787
405 4899
4957 4729
303 2427
627 1763
1151 4469
49 4765
537 3247
2223 855
897 4493
15 4285
15 4673
4955 2649
4101 515
2625 725
131 1021
450 74
187 4751
1975 4203
2215 3773
495 1417
3731 69
3763 1471
3005 131
3721 1685
4049 4051
393 4837
3663 3653
2663 3559
13 3265
229 3911
719 4961
4831 1969
1105 461
3029 159
3 2695
3140 686
3767 583
467 4495
829 2613
589 3125
2283 4387
1351 3853
413 749
4593 37
2435 4845
1119 3865
847 2557
1271 61
1321 4963
205 2307
1657 4385
2373 435
3573 2523
4243 657
1829 4907
3245 4771
3271 4095
429 4289
2305 739
4341 4339
247 4035
1911 573
1469 4641
4933 1455
2415 4865
3799 1997
4845 2701
4925 719
3265 4307
4835 105
1023 4289
3963 1517
2377 4459
4131 1061
4831 4825
4893 271
3921 1005
3589 2383
3449 2453
243 4091
1545 3627
219 3977
3321 1085
3839 2193
4473 523
3867 4857
2493 4939
4919 1545
265 2713
1253 765
4627 1717
2391 4079
1533 4453
3477 1031
2397 479
959 4901
3897 1223
3599 1925
379 3775
635 4461
59 771
1873 4249
3467 1847
9 1803
4175 901
4055 2063
633 4729
4267 4275
2217 117
3461 999
4001 1683
4353 2337
4335 23
3335 3723
369 2587
3735 1579
4539 4537
1523 423
559 1373
3463 4885
4753 2557
3777 653
333 3311
4107 4105
4349 3711
1071 4437
1371 3489
4545 4549
4577 327
3203 4927
3485 4217
1085 71
4283 4617
1271 15
1321 3749
4759 3685
1873 619
937 3597
2831 1001
301 1795
197 4241
289 2485
2377 531
1277 1271
4617 3813
1167 4949
3955 4877
4245 1001
869 3503
2001 4841
1663 191
4105 1035
3005 1763
3151 43
1697 1687
3001 3559
111 1939
3567 4459
591 185
533 3139
4889 4369
75 1195
4967 2833
1069 3741
4217 4221
4953 4955
345 4617
4907 559
3665 275
3 2217
2041 2683
1067 4777
4467 3515
373 2633
1463 137
4709 207
4461 3131
2077 4109
2647 3077
1661 63
51 4327
375 3343
355 4071
3687 229
5 2545
4021 1367
1945 437
3961 3453
1543 707
4355 1689
503 4237
1147 3747
4599 3767
2533 4453
4691 2283
1061 2085
3713 1369
1543 4219
1207 3167
3569 4859
4177 1325
1851 4125
959 2079
197 4473
1319 4143
3725 4275
3279 261
2283 245
899 885
755 4261
289 3373
1513 4769
3163 4425
237 2275
339 3715
4531 843
329 4833
4157 1217
4589 2653
3903 2103
3631 825
2229 2223
901 45
2123 413
4161 4167
2393 27
3246 1370
165 4623
3169 4353
379 4569
1071 4929
1839 4759
1713 1717
4775 1717
2425 587
4301 1865
3253 169
979 2603
4133 335
3545 979
1115 4851
4722 550
467 3293
111 4409
893 3259
2335 1841
1323 3897
2893 81
2525 4947
663 3803
4709 1923
2881 2877
4739 311
2715 1753
549 4279
3843 4747
4151 4873
3507 1245
17 1801
3319 1295
4417 827
755 4817
2845 1639
2371 495
4937 4935
3169 289
4943 4709
47 1517
219 4875
4527 607
4031 1223
1515 4713
1195 1891
469 2069
4223 267
559 2767
179 4877
4145 767
945 4635
4919 4127
195 189
3797 3033
2015 49
35 1585
1289 2819
2589 2591
3587 391
4351 1671
347 3919
4951 3343
1913 3819
1133 4283
885 2027
739 4563
283 4623
1029 3747
3365 3361
2011 4211
3723 4805
1219 4851
3327 3325
2665 295
4153 811
753 4471
2573 683
1225 251
3221 69
699 1385
4743 4727
1029 651
395 3131
4959 2167
4433 4437
4423 1251
3627 949
4563 2091
4107 4109
3597 1211
2976 2388
1639 1327
2533 2537
3019 1461
4795 2681
193 2165
1451 2351
4271 247
3435 285
3899 739
137 1193
961 4939
1477 519
83 4581
1929 3999
1397 4345
813 4271
1689 3929
4575 1149
1863 3397
3163 3623
4859 759
1011 4661
4241 3361
3833 761
4183 4179
1645 4607
3185 2161
2929 499
3351 227
2501 4839
4615 151
4227 191
4187 1235
3297 1643
665 4221
4567 3705
4495 4755
2797 2045
4937 649
4717 633
4821 1315
505 1905
3479 4593
4573 3945
745 2331
659 2103
3555 4849
2205 4633
4515 1937
83 1621
4575 297
2197 4085
413 3063
4625 787
4825 2223
185 1457
4395 1715
2783 4955
585 1865
3977 1879
4577 1797
543 1857
483 2897
387 4717
2085 3919
2365 4675
1015 19
35 1295
61 2449
1981 4049
2913 81
4389 3543
4685 2829
853 1901
3695 3697
2633 4873
2675 2661
375 1375
2043 3915
267 2745
4471 1695
4527 3799
4273 573
3221 3227
3807 175
1917 1915
2547 2979
1833 1811
815 4673
1283 4785
955 953
4383 343
2977 411
883 1553
695 2985
1559 4147
4211 4213
4959 2413
701 4615
1567 2613
4405 3257
4135 4959
2323 2331
4491 2867
983 3361
2649 4315
3691 3601
3479 423
4673 1661
4951 325
4739 1041
2175 2173
3785 29
3829 87
4275 3987
2365 3
4819 2227
3067 35
159 1059
4903 2791
3119 369
2415 2413
1759 4953
1453 1455
497 4641
3 1817
21 4719
1607 161
2763 4701
4817 3045
4009 4007
555 4055
805 3449
4743 901
1181 1177
3347 93
365 1883
213 4717
4367 565
4249 51
2709 4403
915 1907
269 4845
135 2619
941 4527
3927 231
1603 1611
951 2683
4513 621
1039 27
2655 3877
4023 343
4417 687
3679 2431
865 157
2003 4391
691 17
127 3585
4897 4291
849 2031
3301 4369
2636 4354
4219 3505
1824 106
59 2543
3403 3835
87 4771
4695 2517
1898 270
2407 23
2159 3
1161 1151
271 1549
261 3265
2351 3373
4329 367
857 2953
4375 521
3709 1335
4617 207
3409 909
1737 4891
679 1115
3163 663
749 2387
1137 11
4953 57
1339 4099
4491 1749
4543 861
1217 4357
1171 1875
3907 537
3793 371
1979 4873
4763 1657
4935 1211
2383 2387
563 4105
437 1271
41 245
1827 2157
3917 1951
4935 35
253 4591
3017 4421
3975 1651
435 4956 2943
1609 4753
3119 333
2453 4797
461 3993
1125 1131
1651 1663
1977 3107
219 1709
137 2133
4627 2751
4457 4447
4941 639
4921 261
533 2597
2909 145
4541 4817
1203 21
2453 3285
2779 2769
21 1255
2959 237
2033 4473
3381 4741
455 4525
4329 2323
4527 1087
169 4233
1847 1655
1783 1523
1351 4949
2277 4901
4409 4955
3379 1505
3757 1377
1089 1973
1397 157
4939 817
2141 573
4377 917
197 4803
915 4471
3577 1365
1167 4661
3729 629
91 481
3401 619
877 2249
2223 1425
2509 569
649 2981
4183 841
3867 4795
4315 1343
4771 4211
4521 2767
137 3913
4819 2021
4947 2671
777 4167
657 4712 811
3925 4767
4137 4133
4915 3397
1197 4669
4327 1133
4799 2423
4777 2553
1817 21
4967 1571
677 3495
1727 3775
4107 459
221 4701
1657 103
209 4505
3483 4013
4821 411
287 2005
4963 683
4303 1365
3407 4011
3419 373
2013 4497
2115 4603
4791 2989
231 2861
205 3121
4629 1937
3611 4295
319 1207
1209 4149
2657 1633
1785 4063
321 4903
551 4697
4019 1855
4735 2543
585 1989
3553 875
1379 4443
571 3509
617 619
3999 2803
2839 13
107 2665
1241 2503
1045 4661
1221 4007
4467 451
4053 4051
607 3885
4503 4761
91 3557
4073 1159
1999 1993
49 1189
1891 2801
4837 3749
287 4901
29 3073
2305 215
9 4597
5 4751
683 2555
1303 4387
1653 301
4434 1778
1059 2873
4639 229
491 263
3081 897
4675 2817
2193 4789
2063 53
3885 3839
1327 1
1415 3361
4811 3067
3375 3
3835 131
15 2357
913 4967
245 3273
1521 4613
4637 4639
1253 3577
1145 2431
3007 3939
3379 3763
4721 1233
4291 1287
2743 815
4967 4955
107 3633
4257 1179
3395 4611
3489 1601
3387 89
4685 1427
1717 3393
3431 745
127 4899
2747 4239
989 5
1917 4167
4723 555
2319 4361
4479 1021
3453 39
4321 1655
3187 2555
1499 4751
4777 579
4777 1087
2877 885
373 369
733 4521
3705 51
873 4881
131 4607
2883 3257
7 4829
1945 4865
1711 4863
2915 4093
825 4911
3589 3965
4417 4427
229 3997
3513 1561
4179 189
2959 4197
1721 4255
4071 193
4731 843
2769 119
809 599
2571 43
1809 4823
4549 611
2065 3601
4815 451
4645 9
4319 3127
4245 4947
4213 1799
4763 425
2782 960
4059 855
1005 4827
4435 807
1335 4505
4808 1362
4349 725
2595 2593
4609 1437
1403 3661
329 4619
1649 4601
349 3155
1447 4435
4231 2409
4319 2813
201 4673
3491 2987
4911 3167
471 35
2855 4685
4304 312
427 2035
235 2721
4341 4343
4719 449
4829 19
3883 2355
669 2377
4791 507
3091 4703
4925 2915
4293 255
3485 2123
2417 157
1315 2701
581 4835
4453 2961
900 2192
1153 653
619 2865
2517 4275
1689 39
4955 4679
2449 2447
29 3389
1913 4623
167 4365
1621 4879
4689 1899
771 113
4183 2189
1165 3095
81 97
4173 1441
377 4299
1643 3587
1019 4799
4961 161
985 3099
4335 475
117 4955
123 2403
4029 863
703 3925
4449 65
1759 1755
4475 3049
4783 581
4741 71
3891 79
3083 4363
145 4445
405 4909
1433 3097
697 3559
4037 4339
363 1203
4735 4593
1081 2393
1933 4881
2359 2363
131 2475
2283 3035
455 3865
4255 2805
3315 519
1047 4915
215 2019
4567 1907
4643 515
11 2653
1064 4284
231 4731
1697 3391
625 619
1579 3127
625 399
4031 127
3333 431
4853 2639
1 3999
3911 851
3217 1883
4307 2121
4185 431
717 3067
4911 3375
1255 4099
61 433
73 4361
455 751
43 745
1091 2775
4067 299
3767 77
239 1283
3295 1999
4235 885
4907 1611
4645 1105
201 711
3295 55
1025 4951
355 3907
469 4821
2987 559
4919 809
2701 233
2883 295
4963 3055
175 4283
2481 315
653 723
4765 3117
925 55
2847 25
4755 4761
821 3729
3737 1935
2189 2187
4549 353
4143 4617
27 3509
4409 415
1045 4741
393 4459
1865 3627
2761 99
3061 731
3299 4889
673 4771
451 4463
3875 3867
619 2163
757 2503
2295 3873
4451 1671
951 947
4299 895
703 4267
2595 4771
405 4807
1039 4229
3701 4949
607 3539
2299 4185
4591 647
4017 1023
123 4857
4715 1873
15 3697
4541 383
53 3491
3707 4931
3959 355
981 4703
1473 4945
359 204 811
201 2281
29 3145
65 535
4551 4549
1271 41
3389 4585
2649 4367
123 4849
4213 4555
4681 1947
4961 537
4229 141
4269 1683
845 3891
2021 1251
4827 2377
4823 4095
3905 993
359 4763
4903 2841
3175 791
251 4791
2897 1807
4067 1077
2979 91
4567 1817
4279 1767
3783 1661
1219 4659
2349 4161
535 4631
5 4929
3175 1357
4173 199
13 3353
3167 4219
4729 315
931 2291
2117 2539
3179 841
1407 4937
1741 2591
2369 2682 811
1167 1165
1223 3293
2481 4247
4823 2621
741 4313
553 3425
4951 3557
121 4917
455 3311
4175 1417
1289 271
2997 309
4555 3017
3867 69
3931 359
2423 2439
4633 133
2451 851
1493 3695
3089 547
3835 3957
1967 1983
4895 87
1287 1051
4941 1871
4589 4593
1097 4911
221 4367
1407 2315
3953 367
491 2055
3607 1635
4955 4573
4547 3695
1967 4739
2033 3763
995 2353
4955 525
4781 2841
4923 1655
205 4175
3355 1043
1033 4051
4761 2147
2407 1681
1877 1879
167 3881
1893 4513
3145 4737
3311 4789
1289 4069
839 2285
3435 1309
4899 227
1153 4201
4239 1499
1029 1027
1561 4295
469 1139
3253 71
3859 1429
4901 445
883 1249
3765 2289
4901 1653
193 3253
2355 1151
4917 1479
507 4691
2039 4457
173 1413
1455 85
4523 1007
455 1619
4565 247
135 4265
4371 211
1745 4811
289 4697
2735 4743
1363 4495
1387 299
3915 1125
135 3923
1075 3123
141 4775
235 1979
4703 421
3413 1651
2243 163
4709 307
53 2077
4149 617
4441 89
4145 4139
2495 501
4485 4479
2025 359
4893 17
1461 3865
1483 4075
1683 877
4345 1435
4111 4709
341 1905
797 4077
4447 801
1013 4517
345 2151
3715 95
3277 741
3289 4883
2247 549
1309 4263
391 2145
4823 2105
4713 1353
4437 61
3887 801
855 851
107 4761
4641 2969
199 1669
1627 601
2889 2891
1 2929
4619 751
9 231
3327 151
3705 1397
3623 1799
1547 371
3943 623
3113 3107
4453 135
3397 3415
3713 213
2793 4909
3401 295
4153 3451
3371 39
2707 4583
221 3505
4389 3377
241 1853
3807 617
4395 709
4575 1239
1957 117
2577 4767
3281 3759
4859 3127
3489 849
855 3039
4527 1057
3013 4815
437 2799
2123 4403
1679 4159
159 3237
209 1721
193 4401
3399 1357
1811 4893
1338 350
2521 857
13 1107
4055 4057
4887 3269
469 4503
2109 3511
561 4897
127 3327
4503 1865
4697 339
125 3033
3115 4783
423 3285
2619 4279
2033 265
539 1715
4923 2219
2633 269
4909 1393
4477 4471
3149 605
4579 4537
2029 471
4815 2297
3948 3382
3857 1547
3035 165
4523 2045
3247 493
4437 871
723 3861
1095 711
3461 2047
2089 3345
4216 404
3255 4825
399 4229
4667 29
4273 111
4721 3171
485 3139
4829 1847
3431 1495
3715 1627
3083 303
103 2929
2077 4191
335 3869
225 2399
3531 1743
4705 565
2475 4513
4101 1323
1945 3649
503 4847
3847 2877
4775 1523
4149 1807
3761 3759
261 4213
195 3339
3889 1181
4239 1517
671 4107
235 221
3667 2843
4933 985
2843 3775
3613 3185
3625 1099
789 3057
4931 25
1987 529
4713 2465
479 4301
89 4045
3705 4721
2383 3817
3203 2295
3915 877
4437 2051
1531 3843
4443 1281
617 3091
4243 1629
4057 921
605 4121
2339 429
4335 185
4657 4053
4211 1759
2869 971
449 1499
4885 1355
2079 4779
488 136
1821 2897
635 1933
4669 4667
1945 4831
1499 4233
4135 819
4079 2527
453 2839
1987 1149
787 3479
2763 835
3703 2201
3975 4947
3231 189
4319 791
311 3729
3239 3235
4143 2819
91 2157
789 3811
3661 1271
177 173
3283 4907
4941 2231
103 2127
2055 1185
531 3935
2383 4549
4691 2195
1641 1643
4481 263
4891 2493
1683 3311
2573 581
3137 889
4217 1671
2211 81
965 3599
1629 4685
3965 747
1097 1955
4131 757
1355 23
847 4229
443 4545
2575 2585
4535 137
193 855
1299 4449
4551 3863
4551 2685
4509 2343
4739 741
4497 2071
1545 4569
2323 4773
3759 1297
99 1601
4891 1767
1427 4695
3061 71
3839 4961
339 3355
111 3801
2235 155
1397 4829
3917 4723
4619 4127
4481 359
4903 1217
1575 4885
321 4219
2863 2853
4741 1473
3317 2317
2325 911
4595 4965
4271 985
4887 581
1631 5
377 4057
1421 389
3921 2429
3687 4957
1449 4543
2535 41
2569 4445
2319 819
2927 2919
45 3767
2661 2643
403 3783
1503 4285
1297 593
4039 445
3037 541
4663 435
4815 2143
3443 3013
1559 4289
1551 77
2503 2501
189 2891
313 4889
4479 3067
3743 689
1247 4251
259 2509
91 4799
3751 863
93 1441
3059 889
4791 1187
4665 247
4427 2649
4457 1365
3477 3473
921 917
3199 519
4439 1991
1471 3571
4931 57
499 2813
1365 4749
3153 4619
2233 4213
763 4191
511 3507
1117 4691
2817 245
4389 4229
4411 3539
2115 4371
2589 51
4535 955
3881 149
1245 319
1597 4889
305 3717
531 3323
287 2953
4795 2495
2103 651
67 4761
801 1585
3833 1255
895 4527
4265 751
789 2755
4433 4429
4423 645
4779 223
2365 1553
191 2235
4749 2085
1249 3735
1091 1089
213 4695
203 2721
2775 3779
2217 1597
3017 4959
3245 127
257 4031
4177 1923
3321 4303
2641 4805
2769 1113
1769 387
4261 891
3129 1349
449 3641
783 4863
2407 4571
3911 421
137 4445
4675 1315
237 4879
1541 3815
4891 4691
4161 50 811
31 4563
3195 3809
4927 889
1277 3733
955 4527
51 3199
1087 3811
58 3134
931 3673
1043 297
4609 3543
4241 4905
937 3827
4405 2277
285 3373
3993 459
4157 3907
139 1143
3573 1123
71 4953
1005 4169
4553 2701
4407 3383
1335 21
2741 757
255 4909
4529 1051
1811 1797
2713 729
159 3857
4363 225
3797 499
4285 4295
145 2955
1255 563
3765 1285
459 151
4761 1731
3405 857
931 3847
4635 4825
803 3879
3211 1959
4897 2451
2053 285
3397 875
3647 2289
1863 3649
2241 4865
73 995
3330 1334
361 2391
2655 4861
3845 487
515 2823
3382 4710
4407 1817
2807 4705
229 2181
4021 319
4541 721
1615 4599
815 813
3193 3195
4835 697
239 2213
4943 1467
167 2489
4073 2763
2023 4941
1824 373 2943
1507 3641
4339 3455
743 3185
2309 4967
1579 2819
33 1689
3811 4835
641 3035
3677 229
2291 4911
3263 4643
4221 2563
623 4047
915 4617
4719 1161
3033 41
883 4181
731 3285
2977 3861
1857 4357
1331 3101
1695 979
1095 4355
2045 3843
1569 4741
43 3423
3759 4907
4683 67
281 3677
3453 341
3553 1315
2387 467
1193 3105
4413 557
4265 1923
2085 4919
4911 575
3499 589
1313 4675
79 3645
1219 63
695 3741
3635 3643
2053 1
3089 1129
369 3417
4773 2729
3367 3381
1587 3411
4557 955
4879 2557
2543 393
2005 1325
4931 635
4849 2943
2603 1667
3839 2005
1553 4679
4631 615
933 941
4949 523
4929 1697
3695 1359
4001 69
4393 1969
2255 4679
4283 15
397 2481
2293 3579
4265 763
1033 1035
503 4653
1261 4485
1571 207
2609 4403
4917 3241
4943 1561
2831 3587
4401 557
2493 3027
239 4669
1885 609
4213 4923
3431 4897
2777 9
2613 35
3171 841
4961 881
4719 1115
1505 4253
2551 399
2647 357
4611 2439
4457 507
1155 785
3173 261
137 3215
1377 4897
2305 4717
59 4399
3811 1747
899 4101
427 2049
4735 193
21 83
4265 75
549 3293
4255 4267
4855 3287
55 1611
4705 4297
1457 4019
3747 845
557 3019
4931 4503
4705 49
121 2933
3421 137
249 2309
897 3069
4715 215
803 3135
2013 4961
4091 1209
4739 1511
4757 73
4419 899
2043 853
3187 3191
1911 4437
1771 19
2975 789
3883 983
831 3811
4453 2771
4297 2215
1745 4763
101 1301
4951 3131
165 2791
2451 2453
1683 971
4505 443
4203 1749
2289 379
79 1855
2383 3739
4289 3221
4443 2011
483 2043
2491 4741
2163 241
4215 2609
219 11
3693 2127
2095 875
4595 3789
1189 467
4409 4413
3665 2983
153 4545
3809 1625
3729 2855
4317 1883
757 3039
305 297
477 4701
733 4025
4793 2107
2433 4393
4953 3471
2483 4675
725 4845
1783 3131
4651 2093
1977 4523
2459 4855
3881 2535
3381 941
5 3267
1097 105
3097 2483
1037 3155
4845 2353
3003 2991
2591 75
4893 3161
959 4883
3561 185
3199 499
179 3573
4543 1249
4857 333
1143 2287
4943 525
745 3891
4435 3257
3607 2729
3683 3403
1105 3915
2279 3971
15 3167
4935 61
1399 4945
4937 1449
2085 3895
2037 4539
4605 4007
2137 4049
2819 2709
2035 47
4667 2677
1655 2857
29 3549
3857 1329
171 2565
4755 545
4285 403
3727 973
613 4549
2085 4287
1863 287
4005 21
1355 2431
3531 2269
1345 4815
801 1935
907 4471
4621 3671
4823 4021
737 2139
23 2423
4483 1779
3613 281
4669 45
173 169
3921 525
4437 4439
4625 2281
3250 2512
1284 4894
4303 1145
4369 739
3141 4189
1245 3071
1947 2553
342 4786
2843 2825
1405 785
4825 2243
2191 455
1495 1497
57 4567
85 1039
4337 39
1313 4391
505 3553
507 3919
4177 4169
2231 63
4965 3059
4185 4195
3763 3761
4615 3727
195 3443
2233 2245
4633 4631
3199 473
4005 4545
4015 1529
2103 4711
539 3759
705 4587
3387 4063
1339 4103
2583 89
1027 4025
13 1243
2263 4779
2249 4749
4559 99
1939 4547
579 1685
2835 4421
591 4625
4762 606
3643 1201
1419 1413
4759 2807
4903 4205
315 2387
849 4641
1265 1259
3085 2889
2813 837
171 4223
4721 2421
4547 3999
3339 2653
4533 1377
3175 2243
827 831
2513 1009
1847 2965
1843 4727
1531 1979
3161 101
281 931
2907 1207
23 4357
1533 1541
1999 143
1765 2077
4327 1453
2951 4649
4929 1759
1807 2775
2979 115
537 4795
1493 1491
157 4845
3691 3687
4923 3639
573 3851
4683 461
4481 163
577 1439
1799 3115
47 1889
53 4693
549 4921
3257 741
665 655
1303 3499
13 2701
3597 4679
4253 1003
25 2293
337 2803
1959 4787
4451 303
2953 5
4607 2119
4703 627
3297 269
1465 3919
1915 95
2715 259
181 177
2853 359
3196 14
1275 549
4313 2727
201 4775
3463 671
4927 3949
1967 1963
2167 4907
2609 641
91 1111
4429 3083
1719 607
743 7
4381 599
1867 133
2109 3479
1455 241
1595 2983
1111 3749
4897 377
451 4061
4627 597
1231 4347
659 4795
1253 521
4239 1905
1425 3865
277 2079
4837 3393
4105 2237
4863 2555
1959 599
3221 4499
25 1639
3117 4941
1575 675
1259 4263
4647 217
4811 3463
1797 49
4609 2901
2043 3125
3553 4655
203 4903
9 4837
447 2259
405 4239
1617 577
2509 3719
2581 1161
3097 1939
4357 1849
617 4891
2813 2817
1523 4303
206 3054
2523 3721
2351 4389
3793 3799
1211 4757
3403 1661
2267 365
179 3763
4705 193
3055 4771
3773 1753
3983 889
1529 4591
4913 3351
3887 4965
7 1411
4927 3163
4079 447
1531 3237
1187 4335
3057 3049
1993 4471
4541 2801
4955 2121
613 599
4883 2487
4879 4871
4865 477
3615 3607
4931 421
4619 85
305 4729
3573 3589
515 3723
4193 3369
489 4581
3847 2095
4279 1849
4841 2887
61 2181
4727 4577
2647 4617
4129 289
1239 1233
4107 1417
4511 2999
789 3185
2219 2613
2455 45
783 467
4491 4495
35 2189
2893 985
969 4869
3445 4815
2129 4237
4439 807
4681 3243
1551 299
2887 4947
169 2943
2569 2575
2641 4675
3455 309
3993 249
95 3963
1717 1723
3157 921
2983 4503
459 4835
425 3417
1897 4709
933 4001
2635 177
4769 2987
2731 443
41 3801
3609 1926 2943
1883 529
473 3885
3627 3157
713 2773
3283 1577
2337 365
3585 2355
2713 4309
4803 1909
4919 137
4499 1415
3283 1173
1661 4169
3763 217
4127 253
4723 2395
4199 1369
4913 2099
3841 2825
641 3211
3553 4953
4571 741
4345 4791
4953 423
1143 4895
2379 63
851 3595
4887 4023
2089 2867
501 3283
4285 217
2365 2375
4417 2841
977 4769
2565 2029
431 3737
717 4963
263 4713
3 4507
4915 1253
4077 4445
651 2603
1991 4945
383 4245
3981 2203
445 3929
3705 53
3821 1663
2611 939
1937 4025
3809 1781
2397 317
2673 4565
301 4175
2957 735
4691 173
2329 4949
1893 4183
3819 79
2109 2105
4031 4745
4643 2817
2925 1617
485 3313
111 2223
2257 4859
3621 429
1483 3615
2731 1101
3511 711
2597 1769
2067 143
4839 2953
1197 4169
4935 4161
3637 695
4427 67
4335 969
3033 4193
2415 1833
155 2843
341 4545
2251 3681
2941 3024 2943
2003 4907
1635 2751
1891 4715
2715 1421
4109 1633
4721 1215
391 3315
2903 343
3541 279
2297 4723
413 1029
1171 4487
99 3653
4317 911
483 2365
469 4105
3061 163
4855 3151
3503 771
2339 741
4495 1063
483 4941
2791 4965
885 3973
4463 2105
3611 4963
2789 299
3511 2989
4849 1553
3731 1523
3879 267
4593 2793
4835 647
571 4379
4961 443
2975 2977
1657 3925
395 2691
4835 4463
873 3385
4609 1029
3465 1271
129 969
2539 4339
4847 3173
3689 861
2855 4857
817 2687
1667 1665
4867 713
605 2325
3737 409
1821 35
2963 937
1729 4677
3495 489
1061 3715
3425 2745
111 23
3809 81
3175 1231
4165 2773
97 4127
153 2397
1247 4283
2855 1181
3049 4883
3347 1307
3173 343
3277 3507
4135 4669
255 3739
4409 765
1327 4423
659 3175
4027 313
2981 1067
4785 4179
825 2011
1277 1283
4889 107
707 4909
4275 2187
105 3263
1315 4381
4927 1633
75 4541
4963 1343
2289 3111
4935 659
4831 127
105 2101
381 1941
4641 4157
4621 4629
2469 2935
1413 67
4569 1279
2879 257
4645 1869
121 3543
4545 3768 2943
3495 3491
107 373
2403 1505
3609 2081
1579 3621
3473 1153
999 4395
1077 3265
307 3269
4957 1419
375 3637
281 263
3611 1157
25 4337
4457 2087
3073 423
4713 711
183 4115
165 4313
3087 1887
1049 1481
115 247
677 4607
3685 1287
285 4845
4923 439
317 2125
4833 3405
2307 1179
1621 4137
3985 2019
4249 2245
3691 47
4085 3435
2412 2776
3213 4965
1567 4919
523 3759
3049 4903
271 1525
1201 119
4103 1873
3713 281
3001 1
335 3485
4311 3023
1971 1011
157 4629
2853 3729
623 53
1413 4953
4079 1247
4957 1655
821 4885
105 2047
4959 4651
295 4581
1757 2839
3087 4685
2815 773
4903 987
991 401
4313 1853
615 3933
2207 4925
4957 939
4355 133
4515 267
1997 1465
3893 623
4543 1613
2051 779
4371 3539
3717 415
285 1839
4547 4639
537 4331
1461 4939
581 3341
3909 1581
771 3537
4491 2513
4149 3729
4581 1621
553 3187
1421 221
577 4341
401 113
3767 3763
859 2957
107 4321
4525 2253
1011 4033
3687 3685
1141 1139
661 4803
1093 2453
407 3237
2249 631
15 2411
4941 3363
47 3057
4289 2067
4697 865
4503 2165
4839 1031
2353 3165
3437 189
761 4795
1577 4845
233 4841
1543 4571
3485 649
4635 23
4457 395
2473 133
4877 873
4963 1093
2035 3559
2649 4677
2779 785
3969 1581
4923 1983
4439 1239
1663 4545
4507 249
243 3755
1475 4919
1579 3245
2287 1805
1963 1271
963 4877
1979 4457
4887 83
4457 1073
3713 2075
4619 111
835 831
919 1903
4073 2271
4117 1939
87 4319
3747 1265
1007 2795
315 3579
63 3665
4289 2651
3378 4292
3921 3051
4843 587
4931 289
577 4405
4791 919
2965 3031
895 4781
1523 3237
4741 1205
4035 1477
2583 4399
1389 3283
3555 61
1607 3847
307 4915
4483 2255
4825 4821
1015 3481
4877 3405
4081 187
245 3735
4091 565
4647 75
3807 4885
4827 83
1003 2263
2423 303
767 4179
3281 55
3111 4923
2153 277
4639 557
569 2995
231 4855
2503 1081
4525 625
645 3901
2397 429
4717 1653
77 81
4797 2247
2881 517
4119 65
1027 2573
171 1601
4681 417
2413 1421
1725 4579
2583 3751
1951 3287
1885 3553
437 3593
4313 1057
85 2613
4923 4085
4755 897
1649 3515
2323 4303
3659 829
2267 4937
4873 2563
3385 3389
2777 621
3433 3429
1375 123
2895 4889
2009 87
983 3995
377 4097
3343 4243
4873 535
4895 2165
1065 1063
3279 263
2301 459
3613 4413
4309 495
4277 327
1049 4201
1381 3137
4475 2315
1297 4677
949 3511
4483 3483
1401 2065
137 3967
1781 3925
4581 4589
4223 3573
235 4931
3701 2155
1905 4901
727 1391
3877 629
4303 507
4793 1271
509 2873
4823 499
491 2193
151 4433
3479 3477
2179 4393
3 4171
4909 2225
4449 2563
221 2329
653 3543
79 4437
1439 4863
459 3771
4635 2399
4345 4351
139 2395
3471 27
1877 4461
3383 4925
131 617
4479 2153
1323 3669
4153 1067
4735 3045
1193 4697
55 3155
439 3185
4519 625
1343 507
141 139
2365 4063
4419 193
3219 521
2423 1311
2981 4263
189 1065
3945 1087
2855 4889
1397 4673
1749 4421
4815 1809
3459 3790 2943
2831 709
4497 897
1119 3821
463 4411
1777 4427
805 3281
4819 399
2613 27
4157 4509
579 4557
71 3553
3261 1465
2517 4841
1181 4927
4677 3309
1461 3691
3361 1351
2663 4829
538 3852
4445 445
4733 187
4285 1019
2089 17
4929 4227
237 2915
833 4561
481 479
873 3687
4173 2221
4961 3179
109 2375
345 470 811
4657 783
3191 3987
3597 539
4011 2307
4861 1615
4927 1799
535 3347
4891 3085
4673 601
3745 551
4147 687
1213 4567
503 3333
2471 2333
881 4017
4461 2551
529 2993
3847 165
508 4136
4115 3207
2509 3125
3839 857
4727 3759
3325 3321
703 4353
1685 3601
183 1625
1955 1963
2901 2907
1139 1131
3169 75
4155 4149
2959 4681
25 3415
1373 4521
2143 1185
2231 997
4277 2125
3685 3683
3361 3349
4917 909
4949 4125
4639 4641
4565 1989
1321 3467
811 1959
4821 4807
3003 1973
4563 1269
2247 4183
675 4293
419 4195
4327 1169
3971 1123
4437 1337
4515 441
1311 4201
1723 4923
223 4867
1487 1483
4367 1227
2181 4553
4827 4175
1005 1001
875 4207
4935 2053
875 4967
2111 4571
383 3709
4277 3711
4793 433
4563 4317
1703 3973
4387 1637
3339 4951
429 1433
175 3745
1071 4949
2117 323
4685 4227
3635 3207
1737 3405
4635 431
21 1961
1817 4955
4425 2091
1503 3101
3383 619
249 2815
3407 1975
4241 1833
4609 1775
3723 1319
1251 105
3417 3423
2815 897
3519 2317
1581 4657
2201 435
7 2341
559 4955
2515 4763
3051 2421
307 4505
4501 1635
903 4371
779 771
601 4453
4931 3419
4959 2287
35 4955
4809 1403
679 3445
2931 3669
4667 1823
83 3905
3215 3205
1005 4787
3275 1861
625 197
143 1661
4663 4667
4881 1533
3321 1295
4669 2733
2945 4717
4547 3943
4831 1107
3559 4755
3953 3677
63 1665
377 1503
1207 4961
2351 115
2569 2567
3423 951
2373 783
3187 3867
4613 3005
83 427
4723 725
3633 1545
4413 1243
1679 1681
3577 7
4347 1407
3521 3527
1055 4647
4725 757
4373 1709
3419 1061
75 239
1643 1645
4499 2871
3841 1587
157 2035
2979 1307
205 4319
579 4893
4483 3177
891 4085
3649 917
4349 4763
145 243
4763 171
317 140 811
4059 2431
2151 503
1681 3677
285 3545
4917 7
4651 629
3595 1695
2779 15
4141 445
2361 355
3537 475
3703 2369
4881 1597
2815 3715
1479 647
3991 3745
4567 355
573 2725
2531 2521
4913 879
1433 239
1021 4423
1567 4021
4663 2385
2257 221
3373 1261
4501 343
1551 171
3997 1405
351 85
2033 219
293 895
4311 351
91 123
3335 675
3967 2387
2439 625
4395 559
2623 747
4697 97
4471 1861
4961 413
529 4587
3301 495
4723 2387
269 4463
3453 3445
4967 1793
1125 4177
4729 1821
2251 4893
4871 199
1975 4123
2659 4171
4081 1457
2221 4435
45 4829
4753 271
413 409
4483 3357
4621 369
4799 1103
1511 3287
669 4753
4241 293
3963 49
1057 4569
2203 43
2577 3261
851 4491
49 4693
2495 4783
1677 1673
4333 3609
3761 2387
3337 743
3605 85
4135 897
3781 2339
761 749
53 3353
3935 2841
3305 565
4137 4139
4465 2765
3407 461
75 2631
2239 4955
4639 1825
4777 3139
2953 907
4597 3099
2339 1293
4893 2885
2743 2739
3259 637
1993 3783
3637 2011
2511 77
4731 1253
2899 4075
4449 815
491 159
215 2423
1531 849
4245 4919
4181 3143
4051 709
4189 239
4141 4677
3553 3167
931 3167
1089 1083
371 2647
2881 19
1121 4639
4631 205
205 2275
4873 2723
2165 867
4649 1005
4133 4129
3989 4005
1979 307
4715 1883
3393 357
1919 337
4825 2095
1083 4829
21 2215
147 775
3433 115
1579 4639
3989 53
4967 1515
547 4563
2869 4903
1830 14
2021 109
417 1391
2725 4377
4117 1581
1687 4469
2681 455
4927 1043
3721 2933
4951 317
4525 4727
2471 2971
4717 405
3687 4669
482 4092
311 3311
4559 2141
89 3587
4033 4027
4191 415
3205 3201
269 4009
3473 4875
1617 4761
3695 1221
257 3845
511 4273
2831 273
4735 2259
845 153
565 1027
269 4547
4427 1303
4763 1891
889 4651
2427 4925
887 4575
197 2439
3453 2913
4023 1765
4415 887
2283 81
1467 3035
2223 4701
4175 779
291 4185
4531 3387
4409 1163
3069 189
3973 909
4221 995
451 949
4523 579
2943 4933
1925 1935
3519 2401
1283 4945
3875 4839
2533 2585
1083 2005
39 2953
463 2493
1429 1129
2057 2061
4823 1195
4681 4937
4549 361
4601 65
2589 2587
857 4103
4471 2831
145 4487
4049 4047
2021 195
3585 831
3231 805
447 4607
1339 4953
2483 789
321 323
1819 4529
3235 269
3291 263
4763 923
4121 3241
3649 2241
3037 859
885 155
4611 1143
101 1507
2451 929
1239 2703
1505 4875
1437 831
2731 3885
31 2225
1475 4397
3971 7
4571 3011
3181 4849
3073 3061
3855 1389
4515 1191
1353 3937
3913 4601
261 3637
4819 1027
4911 1019
3525 4527
4917 949
4559 5
3213 283
4801 2503
4893 689
1721 2965
921 4727
4477 253
4153 3015
11 4873
709 4065
4057 2193
2233 127
4921 131
2859 1059
93 3127
3137 4211
2867 163
999 4239
3281 3259
3605 49
4845 1327
4695 531
127 4519
575 565
3745 33
4765 847
3755 3125
3849 3183
815 3003
3803 3153
4785 1181
4797 2695
4149 2853
1545 3721
2375 2381
3593 3595
3537 817
2319 129
3235 763
3113 25
4181 3809
887 3805
947 235
1743 3767
3463 4957
1541 3715
3069 25
4939 4357
535 3443
2345 3927
1031 333
1507 2697
249 4875
3765 4845
2491 3475
4581 3499
4885 1173
35 2929
2481 4685
4087 809
221 4773
3943 697
2019 369
1781 4721
307 3575
2173 3981
1127 2017
1753 4853
4901 3457
2695 4181
935 3793
271 595
4733 3689
3485 871
4701 395
4117 1371
2175 4315
4731 2049
2083 777
773 4727
3715 1047
471 3069
1497 183
941 4935
779 4823
1399 2001
27 2895
29 4277
4599 801
3513 1203
3333 2287
3429 3427
2271 4815
3925 5
4851 2817
3561 3553
219 3433
3457 3867
731 13
4853 3407
3817 1295
181 3561
2627 389
4603 1627
881 4837
3103 4437
4375 209
4867 509
447 4443
3197 737
4957 3741
3291 4445
3033 25
2447 4699
4843 2463
4825 2597
3277 4191
3549 4869
1175 4539
1085 4299
4947 1945
2823 2057
4489 747
1903 3829
3875 2417
161 3637
735 3487
43 47
3409 355
2201 3557
577 3063
465 4467
2957 523
973 4581
4843 497
481 1049
75 2481
7 2725
1211 4781
1317 4925
3427 2187
4387 1797
1757 449
179 4327
1349 2523
327 323
3375 3845
33 2089
3815 4879
1845 4591
2333 4611
4673 4919
297 1511
3831 553
1691 4953
4153 3
3183 4717
185 3699
693 689
451 3967
4547 1247
525 2703
4125 1333
3131 2047
861 4883
3055 4271
3041 4833
27 4807
3061 1467
4023 1697
3911 481
2637 4021
3381 2201
2665 387
239 4571
3631 215
3363 4709
913 4151
3741 591
2433 841
237 2413
3647 2153
4967 4751
243 4251
1635 3121
1827 4133
2967 4241
275 4601
4893 4895
3107 3087
4935 63
4379 2861
2957 191
229 4313
4843 959
3701 3703
239 2875
4193 575
4203 4823
733 3565
4795 2721
4453 2855
3677 457
1879 577
27 291
4903 2399
1899 4773
2561 893
4391 2047
1205 4597
1269 3835
1943 4881
717 3189
537 4537
409 2861
3297 1151
373 1689
57 3007
3747 235
2627 4653
4335 4333
307 4339
13 307
4592 579 811
3437 4713
3011 127
4129 3139
835 4911
4775 1121
2697 4715
87 695
4923 4611
1371 4579
639 2901
1703 1711
1939 505
3497 1141
3803 4463
317 4005
4547 1403
4847 2341
2657 4203
4923 1073
1597 3615
1955 47
31 3823
2349 4221
3975 95
4477 167
3813 4947
3287 39
937 3967
2641 2481
2713 2683
4493 1699
4569 2983
697 4071
4715 669
2245 4039
983 2785
4187 1473
1519 4889
229 3873
3109 1097
4879 1633
86 4541 811
2859 25
4419 1171
4333 4331
3981 2615
4171 1775
713 3229
3665 1789
3671 3669
3943 433
39 2833
4711 2243
17 3797
949 4327
19 4921
1255 4343
353 789
455 2875
4431 3069
729 2405
4575 2001
503 1715
4787 3189
1115 2821
2581 5
3703 4669
2745 29
2981 1719
3927 3403
1009 2857
3487 829
2465 4959
4833 11
133 3783
3311 4965
3213 4417
1009 1261
647 4779
2585 427
975 4465
3435 33
41 1403
753 4777
333 2731
2645 3727
4039 2013
4789 149
4377 483
1057 565
4369 1231
497 4265
345 1821
3291 4075
4239 4811
4273 335
167 3587
119 4067
4935 2819
513 515
2739 2129
627 1163
651 1269
2283 4031
4801 1021
4631 701
4871 3937
4203 2255
4775 2729
705 4917
1323 2151
2945 4245
3285 2085
427 2033
4887 2357
4945 2757
4597 839
4187 1071
1859 293
4723 1217
3473 55
1937 4793
3391 2565
2263 1473
2927 4407
4431 633
3101 4789
123 2921
845 105
9 2031
539 4895
3109 4673
141 4939
645 3783
133 1891
1743 2001
1076 544
3875 2755
1067 4615
2663 4731
1219 1193
1759 4935
3757 4967
73 2321
3285 1299
1871 4825
2847 1403
1371 4911
55 4859
3717 2769
25 4339
4933 3213
4611 1893
1161 2619
1127 2793
589 2457
73 4717
2607 39
4237 131
4903 2289
901 4243
1909 4777
4815 2997
1733 1725
303 2299
3037 3039
4885 4887
4649 4645
4965 3787
2199 2223
711 1649
4251 4223
1099 3299
1821 4401
1129 3735
4077 4607
3229 4649
3495 2311
15 2707
3559 1585
2121 4081
1451 1453
4517 3381
3861 4729
2579 131
4705 3023
3825 871
35 2525
3679 153
4857 3749
4167 65
3011 769
63 771
2147 373
4337 1079
4633 1841
1801 1965
3001 427
1715 4589
4491 1767
507 1169
1649 4875
1105 3765
4625 3641
3829 2577
3313 2555
3983 3967
4619 2265
4935 1073
549 4777
4581 431
4123 1207
4311 1005
1491 2921
1607 2759
653 4949
1109 4337
3013 4911
4857 1091
3407 11
1967 459
1469 4889
949 4897
3999 3361
1149 4543
4255 1639
2149 4261
153 9
1225 2677
309 4139
3333 3339
4709 1183
583 4727
117 1525
3675 1113
1911 3423
2009 4185
3489 45
3403 465
2033 1645
3679 1371
1393 1
3973 933
2891 317
2073 4375
1301 1283
2235 343
2065 117
1895 1905
547 4729
525 3425
1555 3667
3615 1185
4707 3119
415 4947
4825 4599
2399 245
4315 2861
595 4837
3353 2495
2743 4679
3665 915
5 1859
365 1733
2281 4401
4291 877
487 483
4047 4803
4477 605
1381 2449
4859 3007
643 4337
1007 4389
391 3583
9 1221
743 1971
3117 759
79 4369
2921 341
431 3093
2673 313
2467 1237
4761 1175
215 1769
2791 3705
205 3793
545 1075
129 3873
4387 4943
3841 1233
2525 79
3939 3025
3907 1151
2967 259
2159 4813
3949 421
2757 4515
737 731
3457 4407
213 3711
3605 3603
295 2305
291 4815
4685 3517
50 3038
4297 741
4655 847
4233 3571
1159 3341
735 2221
2979 333
4677 7
1749 4963
421 2605
613 4599
2357 4513
1371 299
4953 2929
3595 4311
1559 449
259 1711
4751 4747
2783 2785
207 3161
4563 1769
335 4833
1383 125
2487 4763
4965 3455
4645 497
183 4325
3569 4835
1611 3587
2187 4485
4491 699
1105 4853
3635 11
2157 4505
4063 861
117 1775
4001 2429
3656 3294
4775 3091
1133 4731
4809 2253
211 2481
4825 915
1929 4939
941 1917
4637 3707
3089 257
502 327 811
841 1631
3967 1159
311 313
2989 2991
1203 4765
1733 4591
409 4237
289 287
435 2993
3259 911
4183 885
485 3581
2201 4791
325 2179
1857 4809
3911 699
3125 4295
2149 3619
3507 3505
2813 3839
1943 1935
3965 2677
3289 4825
2561 509
4333 69
2841 4879
4153 1345
2251 193
4495 723
2335 4593
1741 4035
369 3439
977 4455
559 2601
3609 4963
3443 2591
4437 2617
217 3419
4633 3307
4299 39
3439 4753
296 3898
189 4687
4565 4573
772 4796
63 1163
145 1191
9 3045
393 1383
259 3171
3449 1531
117 2799
4493 1253
31 2035
4911 1895
3595 61
2169 311
2373 4861
521 3875
4813 927
4339 1203
123 4301
4361 1399
1617 4357
4787 1967
3153 1215
3967 2589
4691 3141
2845 51
131 3101
1473 4955
4947 2205
701 3511
981 4955
4723 1835
4789 3213
1299 4135
877 4671
1519 3395
4141 2055
3409 571
4669 233
4709 2481
1595 1603
4045 1943
223 4349
4860 3070
999 3787
2735 251
4165 831
3661 767
2877 1351
4171 735
561 563
3641 1135
2169 505
3973 1385
1103 2647
2029 109
335 3541
3011 4039
4423 4791
3163 13
3157 695
1751 2863
113 3953
605 4177
4567 1753
25 2851
4867 341
3147 2139
2311 703
3953 4485
4903 2357
71 4647
4123 2377
261 1439
2481 4793
4809 2801
519 2255
4285 4279
149 4529
4361 3235
1859 3051
3705 773
435 4625
93 4803
2955 3825
3787 449
4839 3261
1217 405
3797 477
4935 2039
1475 23
71 4523
839 4065
4757 3761
3793 143
611 3379
3681 3481
4713 3813
4131 2461
55 3825
759 4843
2155 635
835 3997
2551 2541
3885 4283
1653 921
4785 1969
4305 1751
2751 3983
3485 77
1265 4729
1407 4955
1947 4909
1431 3563
1561 1553
1143 3525
3787 2117
3393 451
4795 1479
707 2185
4133 249
1725 249
613 4953
2579 4787
1703 3609
227 4815
2343 4851
3913 165
3431 83
1255 4953
1345 2575
1543 1541
3859 1267
4395 377
45 2849
1367 3793
2079 547
2719 973
61 4823
2753 1163
3565 4775
471 917
1907 4461
4117 4129
55 3279
1957 69
4685 2225
807 3373
1337 53
1459 653
3043 3041
4085 53
15 801
4819 1829
393 2397
4641 675
4871 2947
157 4689
1355 2241
2361 3463
2295 2301
1913 3611
3871 547
4619 4909
2777 4431
57 1877
1027 3277
397 4949
53 4221
1389 4471
3851 173
3887 321
4505 2191
1307 3
1107 4895
2657 2143
1519 4095
2399 835
4797 1177
3795 1931
1241 4895
4731 1245
2255 67
1893 4671
1193 3475
4487 3399
511 3809
4279 699
915 3591
169 3685
905 4567
3649 3645
2895 4059
4797 3511
3545 3001
3481 1133
187 4313
439 4411
2537 4801
4079 57
831 3135
593 3
2581 987
1231 4965
935 4669
161 2687
699 703
4039 69
3745 4569
1735 4455
3171 65
2081 361
203 1901
4825 565
3521 761
1561 3835
4683 3639
2335 229
639 655
1951 4967
2599 4683
3105 823
3847 3843
4061 4855
3761 9
4861 1123
1235 2673
557 4687
1153 4797
4859 4159
731 4761
4903 3743
2423 723
3455 239
849 443
2473 4923
795 3939
4177 1551
839 3825
1 3173
4447 4439
4735 4655
4709 947
4893 1937
4215 4217
4553 163
1487 4943
3905 2925
1521 4765
2379 4271
103 3363
89 2991
4819 2641
2423 2421
757 3373
4487 131
4057 2223
2057 967
1161 4949
4763 185
543 545
5 4925
3861 2901
1051 4267
1033 4349
1067 3451
1759 1347
87 4455
2973 4367
365 4281
1585 1591
161 1807
1053 305
1511 4433
4169 2515
3773 2515
35 4963
2895 4631
3099 1905
1435 4701
911 1969
4959 1287
49 4813
3105 35
3969 2005
4443 2709
4379 2539
4289 113
123 4201
4949 211
347 2703
3739 1931
1481 2969
2087 4559
1609 4429
170 2270
4333 2959
4887 4893
55 4385
111 2733
2791 2785
3463 221
4381 1
3341 1585
49 1757
3683 509
4865 243
407 3145
4853 1821
1027 4777
563 565
3717 335
2949 23
2473 3759
4733 629
2989 389
465 2649
1297 4895
3037 3029
333 3075
3963 1175
4865 2123
3599 41
4843 3013
27 4397
4655 151
3171 4551
4741 345
269 2149
2373 4121
4529 3911
361 3307
493 4947
2159 4093
261 1831
3025 911
4705 2083
61 57
1855 3541
2273 4931
3429 547
291 351
4715 985
2055 4301
579 3779
3325 3897
4871 1479
4529 3329
854 4122
2563 261
1723 4825
9 4525
1167 4901
1913 4541
4109 349
4883 37
4449 4959
4725 669
4887 1929
4113 931
4487 883
35 3447
1055 4797
2023 2029
3033 3683
2071 3177
4209 3153
4855 827
1691 4755
4817 75
1405 1413
2911 3031
2281 235
4611 3179
919 4031
2615 303
3723 4829
2725 765
1171 491
3305 787
1457 2445
11 4707
3661 2409
29 2947
4661 1009
4519 3381
3433 1155
3495 4221
605 4843
2185 3729
2995 765
783 2693
1955 785
243 1587
2533 4617
2643 1083
3019 27
1461 4289
4751 619
2389 645
2745 4499
461 1595
559 4911
2525 3717
4549 291
2471 4789
3991 529
633 639
4735 1935
2325 3531
4963 3031
541 4487
579 3253
709 1141
1997 1001
391 4535
3347 3339
2797 4061
1255 4839
349 951
3177 1595
1553 1549
4881 2441
953 2599
763 3865
1911 809
157 2559
4895 451
383 4775
2431 4283
195 3687
487 4861
4895 1677
4963 2305
281 3391
4773 3997
127 3373
465 4775
4093 2395
199 3247
1239 4803
4801 671
2713 4631
791 1751
4085 4629
4545 1461
1889 4877
3099 5
4677 3699
4081 723
71 4389
4525 909
731 1785
3355 2405
1995 4579
3503 4729
955 1463
1891 1245
4843 4859
2977 477
2143 4733
549 1877
257 3001
1331 199
1705 1077
9 2503
4814 590
1805 51
405 2571
13 559
37 3771
4947 3111
7 2971
3339 4963
763 2641
2747 97
2699 4401
4917 3767
3929 295
2915 193
2491 4243
3489 3483
889 3753
4755 573
2417 4881
4927 11
3993 1217
2121 1471
1875 41
4775 1049
1439 3765
3697 427
2007 125
3239 3241
223 4607
2629 23
4673 1825
4429 3755
2675 3435
3803 385
533 4065
3967 671
4495 2387
3327 4215
709 4245
1753 3999
4683 2777
3989 903
3585 527
3631 345
415 4325
2281 4711
4697 3473
2133 4059
4305 4509
355 3381
4897 1083
4005 2553
4055 4621
311 3719
3513 1509
1929 3897
327 1895
1051 4355
3103 4637
4499 179
2387 1095
4901 4405
2229 4837
2719 3403
2711 4907
3933 109
191 2199
1753 233
357 361
249 4569
3839 4541
4709 2503
585 4427
3673 3677
2909 3721
983 4543
2891 1061
4117 1289
95 2321
2794 19 2943
2899 51
4371 1699
2901 4659
4255 1249
503 4637
2687 315
4907 3537
3037 675
453 4531
15 1683
33 4411
4481 49
1183 4351
1295 3331
1353 4893
133 4559
4169 2621
3823 509
969 257
4853 3461
1181 3789
1057 51
1569 2809
4531 523
4957 505
2413 1823
2721 1923
281 1387
2429 961
4151 525
4619 317
3973 1063
169 3797
145 4785
4813 643
2301 3805
4839 241
3861 1257
3773 669
289 4443
3483 4435
4397 1709
3113 3667
2171 773
431 4401
841 845
2125 2109
4945 51
1173 329
205 943
3831 1317
3897 559
1111 4797
3833 49
2735 71
2621 4609
2909 2145
3137 1645
4617 1917
1601 4893
4607 527
1523 781
133 4877
4631 1699
4639 2339
3311 4629
161 493
3951 763
4833 1441
4831 285
1083 105
4751 1011
3793 4933
1201 103
3629 669
3071 3943
4151 4915
3217 937
2953 4207
2481 4009
2271 1063
849 4621
4775 1503
1185 4315
1747 3835
167 2595
243 4067
3343 139
89 4525
3781 207
2545 531
4553 3833
897 3537
4919 3137
4405 2195
553 551
1131 203
2315 301
1683 2023
4305 905
4841 1281
365 2797
2019 375
2381 4117
1949 4747
1457 4243
159 3845
4951 2007
781 4507
4497 805
2179 4959
2685 4925
369 1021
3047 4803
3307 3977
4419 2303
4105 1755
3721 4363
3043 61
1237 1965
4127 967
77 1419
4487 293
3889 1205
4071 435
4955 955
3803 1215
1089 4045
2883 143
3507 1197
3319 4893
3347 839
273 1599
4473 453
1627 525
4655 3325
2335 1049
3735 85
3353 509
31 1791
4519 1043
151 3447
4215 313
1547 553
79 871
1455 4899
4459 53
2919 853
409 2561
3037 1423
2345 847
1337 1347
4467 587
2029 2037
2959 145
601 4897
2853 4065
799 3145
1847 531
4519 1941
3721 1815
4867 1815
913 2163
47 3737
4825 741
960 388
4395 1637
1815 2093
4579 4581
2553 431
5 701
301 3935
2837 4863
4623 3073
2739 2731
2003 4051
1757 4713
4795 4019
4929 2853
423 4765
609 2565
3161 1947
2047 4501
2515 63
4917 1809
81 4701
155 659
285 4587
4037 529
4445 1635
1469 3313
3815 841
329 4959
3113 3119
1317 2375
3737 4685
313 2071
2517 69
4665 1381
1247 4497
1763 2489
1201 4735
3839 4957
4573 4577
113 4261
661 3049
4383 353
4093 2413
3859 109
265 1407
437 4181
413 1307
3709 447
3139 741
4567 1925
1171 4669
4525 1933
4589 2069
2979 4209
833 4357
4827 975
4007 4751
311 4769
1767 4935
139 3379
3463 3465
1231 4665
3791 3793
567 4307
1757 4755
1097 1569
4725 3803
4597 2029
4383 263
4059 411
2741 739
1351 63
1731 4731
4517 2587
57 2459
1001 4149
739 4679
4729 2359
787 2711
4649 2677
1273 4705
491 3269
4483 881
2361 113
25 4287
353 2209
2537 1131
4239 165
3275 1511
309 1217
1351 1365
4307 1843
1195 4415
4543 371
4435 1967
2269 4501
3722 2262
3657 4681
1985 3133
2161 4431
949 4653
445 91
4937 4531
4941 573
3899 2967
61 69
2419 9
2113 183
3739 4963
1617 4799
3501 1059
2635 4949
1049 3941
3175 297
3271 667
83 1929
1907 257
1671 3067
403 3779
3789 237
195 2825
4123 4745
1713 4691
517 1527
1019 3615
219 3421
1117 3799
769 331
2235 141
3533 2013
4815 1835
1619 4855
585 2581
4043 4875
1435 847
541 4389
33 451
2073 807
41 3667
4081 1727
451 4269
3751 661
4561 4553
151 1779
419 1111
4021 787
51 2059
3345 4511
4477 2745
2373 3723
3841 1285
4207 4197
49 7
4533 639
1781 4749
2831 4439
2875 211
2091 83
675 1723
2457 361
1115 4871
2877 515
4841 1323
2733 1797
2863 1983
411 3373
967 2539
4279 1105
4487 1373
2373 3085
1559 163
925 4391
123 1115
2237 3881
4239 2153
1713 4785
1971 4145
3667 1001
4723 1723
2605 117
247 3815
4013 767
399 1889
471 1941
4913 1809
1807 4389
3525 1009
615 4683
4829 4011
4869 1039
4963 299
1219 1221
527 3541
1667 4551
3517 89
679 4727
4911 2933
957 2241
3921 717
699 3997
411 1939
815 823
4449 565
4115 1187
1675 4257
435 2505
4063 541
1929 4907
441 2849
3173 311
2305 4915
443 3683
4573 1021
65 1193
573 4059
3465 3123
4911 3895
3519 3513
4185 757
2823 401
87 4703
4319 1159
547 4227
4497 1361
4517 1327
2047 4893
4685 125
4641 1285
689 4603
19 1175
1937 3465
899 3543
2045 3991
133 551
1907 4663
1433 73
1037 3969
127 2871
3347 653
4665 2333
801 1717
7 3887
2259 1
3767 2711
2715 3760 811
4267 1825
345 4329
873 3515
3917 2957
1471 4117
4157 4161
289 4053
1627 905
4409 4395
4491 4489
4701 299
2249 191
2891 33
571 2577
871 4763
33 2823
387 4387
3817 1491
2315 4433
4683 1055
99 2639
2537 4877
2159 441
313 4737
4805 1201
2643 4349
3779 29
2659 77
2561 3789
3381 3385
3411 3919
793 4831
373 915
2169 4567
1447 7
2179 2187
4829 3219
345 4175
717 4835
3675 4449
2381 4691
769 3485
2651 165
4663 4115
2859 4745
4949 513
1361 4907
3887 4351
427 4501
3633 2453
3983 4829
3125 1145
4803 111
151 1355
1845 208 811
699 4155
1293 81
3329 17
125 4933
4943 4543
3269 1503
2689 479
3621 1067
3499 1345
4255 19
499 493
749 4399
2953 2955
65 359
2989 4521
4009 4317
479 2791
269 591
183 3279
3587 629
2205 4783
1535 217
3313 1415
4111 4737
4959 685
87 1979
3677 2759
671 4913
719 2837
1729 3701
4601 1711
4381 1467
543 2745
3 2815
385 4897
4673 607
3211 711
4613 1517
3747 2019
161 2785
1187 1427
4659 1197
2453 3767
2229 4851
997 4701
25 2295
4783 731
2083 4699
4361 2371
3303 3297
343 4421
3699 2537
3197 579
4535 237
4439 975
2573 2345
1013 3285
2165 4483
2439 4603
2539 153
2431 4523
3983 3477
2319 4743
773 139
3365 4765
3231 3227
2787 4075
1761 4687
1355 3971
3237 7
119 2995
97 3691
1759 4767
1137 3843
3143 2163
303 1057
1679 201
4857 423
4741 3065
3307 425
2835 4953
3199 389
947 2479
4367 217
2271 4201
4845 2017
1843 4161
2049 53
4061 1345
1797 831
4819 3055
3695 209
1423 1451
559 4437
681 4087
475 2957
4765 153
1045 1047
2009 4869
4745 377
2657 541
3397 4043
3431 4769
2821 525
2937 1517
3261 1821
127 4695
717 3547
3431 833
731 4885
339 2703
737 4893
4857 2553
255 1681
3997 1607
1529 1901
3133 1359
833 4945
5 4051
3115 891
179 2443
4813 1299
3183 3187
3839 2695
4789 2085
2979 4527
4073 4067
2371 33
2229 3855
319 1999
3031 1493
310 1900
629 2435
35 2511
1913 953
1199 587
1091 533
3091 55
4923 1285
2331 2353
129 3281
3397 1317
1491 4929
167 1849
3189 1073
1061 2883
2455 4785
435 4271
2487 2495
3625 4795
305 4333
1107 4883
4817 2649
4897 4371
4859 209
4935 1397
4585 831
443 429
4901 209
723 4035
3633 2533
101 4897
1871 4747
593 2229
2481 2479
1477 4349
216 4654
4599 255
1909 4965
2385 4769
4021 881
3839 3843
1059 3595
4799 269
4587 1027
119 19
4461 213
783 4461
1641 4255
1323 4517
3341 4107
4549 543
3855 2179
3197 4219
2831 3937
4683 4881
3831 4501
25 4909
3565 4567
669 4645
217 2647
4155 3263
4945 437
4657 1157
3843 2199
3635 323
2231 2229
1255 3
4263 665
481 4527
2689 4817
4907 3999
4019 389
391 4937
2657 3231
729 3965
1267 4301
4729 1603
193 803
2173 2169
1995 4435
1593 4825
4423 4955
941 3851
25 1267
1151 343
2171 287
23 3647
819 4705
2971 4471
1945 4961
7 4161
285 287
3173 215
1087 3907
1 4251
435 2341
3759 2229
2475 3535
1431 3761
3787 3791
3203 1809
1815 3085
4351 3539
325 4833
4933 695
4749 883
859 3795
21 1555
933 4513
4937 1209
2501 2497
3415 4875
1011 3939
261 4895
2075 4869
481 3285
309 305
3981 191
763 4519
3501 4459
3947 231
955 3385
1307 399
1273 3265
4425 965
3793 139
4431 533
1067 2995
4513 2747
3691 1897
4709 519
1067 1081
3531 701
43 2133
1183 1181
449 4889
3189 147
2191 4711
2889 2887
1725 853
77 3385
2975 2971
4111 1083
2283 541
511 513
601 4705
2301 2305
2355 4587
413 417
4147 169
351 3665
3837 929
17 783
4503 383
4649 1789
203 459
4127 1861
2065 951
245 4865
2791 477
4890 4425 2943
391 3333
185 187
1929 4961
3375 1311
1169 1173
1121 3295
4645 163
3623 4799
4417 4709
1113 3355
4919 3795
101 3317
3631 4819
3833 1047
1881 3799
559 2003
4607 4595
1493 1167
2017 4843
3163 2923
4965 2269
4901 4897
1081 4925
4283 587
2015 4896 2943
2507 4763
3091 1781
4245 831
3363 4543
3865 1435
45 1133
1123 4473
281 1633
4561 3961
1271 4135
1309 4599
173 4501
4187 2121
2155 3917
1561 3461
4717 4281
109 3775
71 809
1857 4709
120 3510
3865 2305
4567 95
2721 4859
4885 215
2063 2079
759 3141
3401 1813
1441 4467
4637 261
3 3057
3555 2007
211 4401
1677 477
4745 3749
477 575
2537 189
571 4181
4397 2045
2801 4279
4737 1729
377 3317
761 4865
4805 983
4313 3307
125 1699
1001 2703
3025 4461
4387 311
145 4473
1703 1697
1611 3883
719 3983
1583 291
621 1979
267 2071
1273 4757
1735 4431
1111 725
169 589
4511 4525
3831 495
3257 4859
1251 805
2663 51
1987 4727
1525 4173
4799 3767
39 4087
1443 61
3409 4879
4505 4511
47 2331
4787 2865
1307 4193
507 2947
4963 1427
829 4413
2199 4847
361 4587
2939 2929
879 4299
2467 445
1973 4551
765 4693
3833 3179
3769 3767
1585 91
191 4485
1157 313
435 3143
4743 4745
4431 2081
1425 521
4351 4355
1215 1809
255 263
4529 741
1873 4369
1314 436
4947 143
4091 647
681 4855
1919 2915
4615 795
2645 4473
395 409
571 5
4079 1349
1413 2469
2015 2017
749 4801
585 4527
365 4745
2181 4713
89 3401
1201 2565
1095 4741
67 1955
871 4369
4855 3223
3636 750
4559 953
13 4283
759 4185
479 3195
4641 73
311 3615
3691 4503
1071 4747
4919 4579
2165 2991
3039 3041
971 3043
4363 3467
1983 639
1315 1311
2851 4103
1231 4047
33 3429
4125 4787
705 1333
1691 4569
4625 863
4175 3257
3455 3457
3425 2061
829 2753
2267 1839
35 39
4319 3499
909 2103
29 1725
4771 3729
3867 3863
4143 3335
4073 4831
73 3441
2629 285
3765 4767
3135 1359
3425 4755
4767 3591
3339 451
3627 4937
4955 2169
4939 461
503 509
741 4591
771 4727
3481 191
1987 3905
1119 287
3495 11
4896 966
497 2803
4927 3825
3683 361
105 3957
1711 3
4621 3983
1303 83
4965 897
1539 2941
1735 909
9 4113
3169 4251
1259 629
3721 4911
4415 3457
895 4933
4501 1829
939 2985
4777 2315
2473 4395
2221 4857
2969 9
4529 4525
405 2521
1371 3427
1569 433
4507 955
201 2523
231 2307
3831 2619
4205 2863
697 4081
4487 1823
1437 15
133 2415
1473 1811
2369 867
4905 4111
2095 255
1353 3689
4495 481
3489 4637
2207 4321
4529 1841
3291 3293
1547 3669
4675 2431
1159 2263
215 3567
2855 159
3641 4241
7 1611
829 2947
1901 645
1387 1029
61 1187
37 3955
55 4105
2747 555
1993 4169
4863 431
1295 4671
2725 2731
4887 829
509 4703
4419 3035
4915 449
4493 1085
1707 3991
3 2427
4553 39
2477 1779
2949 151
4017 103
1891 261
3577 689
3315 4901
4817 2845
1063 4769
1723 179
29 1441
4649 1511
4923 3425
4437 1099
4573 987
819 4773
3717 241
4483 1909
4745 161
4087 4891
4887 2481
4445 2019
2585 3975
1187 2925
4749 1263
553 3807
467 4343
39 3121
3271 23
327 333
4745 1091
2973 4749
1993 4647
561 1311
201 3203
3721 4395
37 3055
1647 17
4905 239
4871 577
1213 3967
729 3695
355 4897
187 3541
3861 2371
4819 3351
321 2867
3643 3353
4961 3221
15 3781
2633 4893
4869 2767
4859 4869
1467 4797
2417 4813
191 4161
107 3709
3031 4917
4887 3369
633 4411
221 2559
1511 3637
4075 2053
1645 1647
751 4867
3263 4865
4619 2597
1305 3781
4665 697
3631 3621
3915 3931
2025 11
507 2075
4421 757
747 4257
4931 2673
3739 3747
4375 355
3681 33
4563 3869
281 3703
2037 4285
1815 4611
2067 3245
1327 3349
1015 289
4345 1815
75 2947
4529 3935
433 1247
2358 4806
4299 3073
3091 4967
1737 1749
973 4821
4273 1283
4709 3003
2719 4889
4397 4689
3315 2673
1119 4395
2731 2971
83 3993
4323 2245
221 3845
2381 4719
609 4817
4823 1075
321 315
2967 1411
2993 3467
3619 407
3795 225
951 4747
7 3343
2375 15
95 2443
649 4957
2245 3831
923 933
59 3685
2143 4457
3829 71
2769 4363
4937 4353
1955 1953
4829 3125
4389 1065
1205 3445
4223 2261
689 2869
1061 399
4879 1627
4233 65
294 3992
2025 4797
1187 4755
2715 309
941 943
823 4311
1733 4157
79 4819
529 207
1275 4731
2289 3413
4703 2515
3499 107
535 4493
2155 75
4607 489
4239 383
67 3037
2735 4511
2127 3207
1559 3299
513 2759
2477 3339
955 3559
387 87
3785 507
2055 119
4619 2069
709 3687
3129 1665
4263 543
4883 3259
1169 4323
3257 1937
3913 459
4661 2285
393 4789
4365 1401
2703 4879
1083 3343
4631 1521
3845 2629
4201 513
3181 1473
1789 4621
3159 3177
4743 2337
1491 1837
2341 755
1153 3507
2595 31
4377 1843
3685 103
4849 295
273 4855
3 479
1859 4109
2583 4113
2621 149
1783 4527
3803 2003
4799 4509
4945 849
4427 4429
635 4079
4665 4473
2027 517
3639 1193
187 4491
1135 285
39 4065
13 2363
4049 4625
61 3293
2779 869
1627 4913
185 2545
3849 3847
1789 1787
2825 3925
3703 4071
2441 1065
1857 765
3707 889
3907 1901
1841 345
4949 2599
3749 631
1191 3641
4295 1693
671 4945
161 2525
721 4593
2099 575
2763 95
751 3553
4381 1451
3989 163
1183 1651
2497 4307
185 597
3839 453
115 2883
245 239
19 4449
995 185
19 3703
4811 895
4581 93
1279 4821
4643 489
3005 4025
25 1435
4681 4801
1585 4867
2633 4937
1419 4179
231 4193
485 1995
4575 959
1589 4093
2929 345
4143 3443
3053 849
697 4571
3697 1201
1297 3411
2205 63
1989 1341
3333 4481
1345 487
571 4897
2189 3425
17 1675
1111 15
4371 1729
3377 275
4771 415
3 2283
4917 1865
2811 4857
299 4451
2643 473
1623 4811
1121 4359
2465 2473
3361 4417
849 3057
4915 2167
4605 771
3847 2843
2263 73
1963 359
3925 4825
4029 2597
73 1349
99 1797
4517 2789
3055 4265
119 3961
4641 467
4907 1657
4321 1127
3145 1405
433 1775
3490 4148
3949 651
2171 339
4757 249
4039 1091
2407 4213
721 4669
2751 4485
1285 3879
3615 1611
4125 2831
4299 2363
1807 4813
317 3191
139 3407
3717 3059
2067 19
569 4279
3439 99
31 27
1529 3465
333 1959
4853 425
1119 4615
59 3089
37 1893
3699 3697
775 3847
1531 1511
3605 4469
495 1761
4701 3605
1501 2809
301 4899
283 2507
1037 2829
839 4515
11 3477
713 717
613 3097
4545 4539
4115 2383
465 4551
719 4191
4489 775
3861 4967
23 27
4785 709
1261 2071
525 519
601 2025
3653 899
3125 3901
49 2113
1335 4185
2397 2407
1093 2899
4037 1877
3741 1225
4891 1173
1583 4041
1773 3149
1153 833
379 4963
149 2247
3749 1841
4277 1709
4325 1119
73 4963
801 4341
4623 71
945 4939
3893 2403
2571 403
987 3897
4775 2427
4735 21
683 2939
2875 2003
1753 4615
2849 1537
4823 4187
1743 3951
2375 435
2215 3085
2615 4489
1079 3517
4363 2551
4895 1887
1063 11
1519 4809
3673 1353
1789 4133
4091 285
3459 343
3783 2077
1619 3645
4639 643
3551 1813
3549 229
4321 1233
1207 4855
4535 671
3645 2133
4483 47
1965 703
2643 2637
2821 1019
4901 4699
3509 521
3311 403
4097 337
1201 4319
4431 3223
4805 2283
4763 2353
33 1237
2881 293
2467 247
4583 2381
2337 189
3283 353
3703 4829
4683 3065
2725 4823
4897 437
1253 4945
3991 185
2495 407
163 289
3583 4313
4705 4707
3665 205
3497 1253
2331 3785
3409 1217
1109 4585
4599 1295
4725 1871
725 4497
193 4799
2805 403
3423 811
4557 3215
4707 4711
4925 2325
4261 191
2247 3179
4931 2071
3831 55
3953 4747
619 107
1565 155
171 1689
3541 569
901 3903
4809 2971
3987 407
4759 1203
3381 675
499 3559
3689 847
4543 177
4335 3097
2473 4899
887 4653
1073 2835
1695 319
4043 347
469 3135
3319 1063
4837 735
4941 3111
2461 875
639 1837
3769 1745
4597 1001
1375 105
2235 217
4565 309
4591 4117
819 3373
3057 201
4433 95
2949 4309
3459 2321
4869 1669
4669 4671
3445 2261
1017 4017
4511 193
301 4887
1381 3731
2321 4383
4479 607
4419 147
15 1181
65 2509
4937 397
4059 191
3449 4679
2651 3891
2835 1949
2369 1171
491 487
4581 2641
3137 2547
879 4657
4825 1983
4623 307
4821 3251
1527 4925
4407 2429
2785 4673
2293 2295
827 4451
1311 4937
2897 2901
1749 3785
4841 65
2225 1679
4715 863
859 4271
4459 2573
4497 571
2679 4103
211 4181
3237 1303
1205 1089
1915 4815
851 4621
2953 1995
613 4447
403 3151
547 3105
2777 3361
493 1267
67 4157
1185 3963
4121 551
339 2993
3449 53
4077 4087
151 4901
3755 853
1391 235
1655 4569
4437 193
3161 4907
1261 1407
4867 51
2155 4469
915 917
1207 4873
81 1253
2803 1317
3064 1296
3145 755
35 4907
2307 2323
25 2877
823 4449
4907 479
3689 85
4017 1393
4109 1425
551 4553
1793 1795
4947 211
1831 4527
3831 805
363 3897
4781 2109
2977 145
3001 361
4597 849
4945 2485
2373 4469
4085 131
3149 1233
101 1747
1353 3677
1997 17
1051 1047
3213 4697
1183 1775
3101 2339
4595 1525
4125 459
4601 4931
113 3539
4425 109
569 3449
2197 4785
4051 1431
4675 4683
2175 935
177 3171
3067 363
4253 4963
3815 2485
2115 1527
4163 315
425 3033
99 3945
3147 4965
299 4839
4931 407
4701 1243
2221 4679
617 613
4281 3619
4909 2799
2935 383
2619 2073
617 4965
4647 2731
1113 4901
4821 3241
2269 731
2769 4403
1517 2319
1049 3305
1081 355
133 4963
4011 4917
4587 2415
4203 405
3363 2307
633 3663
4851 1349
2567 89
1789 4717
649 3119
983 3229
253 3419
2259 435
2247 4569
355 4725
385 4561
3401 1
1467 1455
4377 327
425 2563
3611 69
931 4259
1563 4453
2543 4729
4069 2337
4911 165
3103 1427
857 2851
3443 19
499 3655
13 3851
4919 3839
1187 4827
885 3851
4445 25
4531 3993
3913 1803
1867 3755
4941 1153
2545 809
1317 4911
3369 253
4445 565
1615 4559
4705 4693
775 4941
1319 2933
857 2379
4487 2725
3711 105
231 3823
1397 4929
4965 1953
4741 4177
109 2231
547 549
4116 1054
4915 4469
3271 1737
4795 31
4555 759
4740 562
2369 3723
1689 4183
1143 1149
753 3673
3825 271
163 3505
1989 3549
4579 971
4751 2129
217 1651
177 3459
4141 337
1829 3667
4757 3615
1755 4941
4707 2721
917 2453
3409 525
707 4593
75 4603
327 2531
4921 789
4661 591
551 3723
1155 1527
4009 631
3769 3771
3267 2971
1987 4943
534 3642
2219 645
4929 1407
1671 4933
2013 99
2585 4355
4147 1859
201 1917
4087 689
4471 1563
3565 277
11 4009
3553 3551
3265 611
3669 3663
4303 2459
2567 4815
4079 283
3977 511
3663 71
465 3167
819 2843
2245 2275
4171 2791
3999 4925
4111 625
183 1963
4515 3751
449 3171
535 1543
57 1009
4759 1001
1761 4579
1443 253
1337 4347
2277 583
4485 859
3547 4377
2947 2103
4333 2723
591 3799
545 4531
3165 245
4835 1585
3413 1611
4701 2587
4239 2289
4889 3767
4837 3499
1297 2627
4557 315
2387 4423
771 4417
4867 85
35 1615
2273 4955
607 4817
4613 19
295 2163
1485 3935
4687 711
4373 139
3353 4615
539 529
493 3861
217 4211
545 2543
4663 2731
4703 759
4761 1811
3059 4595
1233 4113
2379 4953
551 2827
1019 4117
2217 3727
855 4073
4697 1277
3285 2287
4753 4945
1317 3141
4239 2517
4171 2541
3839 517
4487 635
2323 845
71 4367
849 3783
1023 3709
337 3191
1043 517
99 4805
31 633
4549 2293
389 3825
2281 119
629 115
3969 3255
675 3583
4957 4299
871 2223
2459 2465
4179 1993
947 4931
63 3197
2975 1
617 4435
3869 2531
4923 785
1155 3481
4595 175
1183 1189
551 4897
61 3573
4013 223
187 1455
2523 1009
357 4621
4713 861
2501 3947
3351 47
4083 1107
4343 271
3005 487
2883 4205
3913 833
3243 3269
3084 2481 811
685 4883
49 2771
779 2835
3899 343
2989 571
4401 2393
321 3115
4903 3513
345 2797
3573 523
1241 4769
3675 839
1233 4959
829 4443
329 1753
7 2217
4203 2243
699 2691
4465 4471
455 2009
703 713
4801 637
803 3813
1013 4727
327 1175
1687 4947
123 3849
209 3541
4959 4793
1005 4949
2511 4789
3017 141
1297 2367
1521 3477
4733 63
313 4477
4419 1403
547 2793
4687 259
4351 655
95 1579
383 4933
4015 2439
1843 221
1165 4841
2285 1365
979 2175
4219 1997
3283 801
3257 4961
285 3525
4255 4251
561 2811
3483 575
31 2389
705 3371
1285 4799
3563 4799
957 4575
163 1459
91 1943
63 2293
2225 617
3183 1189
4697 1053
1261 2433
2757 2761
4251 729
4539 143
4011 749
1159 4303
1179 4883
999 2779
3747 4819
1457 4419
411 1925
141 4231
4905 679
3995 2487
407 4309
153 2231
3439 531
3775 4187
3835 433
3611 1905
1447 2139
3851 1615
679 3331
743 4687
3185 3467
71 2633
4897 1767
205 195
2055 141
1215 3033
27 2477
619 2675
4033 4847
3037 915
831 4843
4623 479
4781 2059
3515 1859
4593 769
3381 699
3601 2425
1345 4715
4561 211
4253 693
4339 81
3859 4757
3047 3043
4771 3943
4439 2151
257 13
173 3509
329 1081
1013 3961
299 2777
977 4915
3213 231
13 2635
663 3231
4149 29
125 1937
2639 71
1949 4737
3453 375
103 3907
4699 465
255 1403
421 4543
3861 933
4159 505
3917 4581
2667 4215
4567 1559
1493 4405
1075 3379
161 4303
3467 4555
2887 249
2603 329
1798 2262
289 3225
1015 4089
2017 4691
3747 329
1207 229
237 1571
4649 1413
131 2471
3359 525
219 4313
3011 3005
4733 11
4199 485
211 4901
1323 4957
3749 483
1517 3191
151 155
4471 1281
41 4711
4203 1187
1845 4415
4393 611
943 4713
4149 2035
4851 4331
1535 3777
737 4863
3581 1637
113 4877
3473 4157
2671 4731
995 4783
669 169
247 4311
4845 3617
3809 839
1263 2899
4413 193
833 4321
75 4063
4211 2451
2339 1379
4233 3337
1755 915
4263 1277
2021 4509
745 3497
2647 93
831 4583
3691 883
3154 328
1305 4853
263 1295
4265 629
2157 3523
4669 4001
3213 4635
4919 937
3253 3255
4881 2523
4317 821
123 4133
383 4581
987 4037
1027 1011
279 3773
805 4937
3215 3219
2099 1097
1793 1789
1443 669
4873 2607
3351 1409
89 2069
433 2385
4789 2719
3582 1464
2763 151
781 4755
773 323
4785 1455
2211 4157
3373 4797
3779 307
113 2155
703 2385
4941 1749
4941 123
3657 2193
3183 3181
899 1561
4869 109
759 4627
449 3545
4451 107
4403 1511
4771 4491
585 2313
4783 141
57 1437
1377 2505
3623 17
1393 3709
1631 4341
2567 455
1067 2201
4333 391
4891 2081
1659 4573
4081 2531
55 4221
4945 561
1327 4257
1229 1227
4169 1335
3359 561
883 4751
2035 2961
3691 4725
4327 1891
1339 3077
4435 271
3003 3005
4825 27
2879 4647
1125 4921
1443 4963
2047 11
3003 1459
4865 2629
2701 1051
4585 661
4435 2835
4073 741
267 4673
907 4739
75 1191
1569 3507
2815 4817
2769 351
307 2383
2487 4347
641 23
1871 1873
2357 1141
1333 2317
37 4181
3317 465
3677 817
4485 1177
2495 683
3585 1983
2345 4611
4743 3651
225 1599
4503 2209
167 4595
3749 835
1869 4157
301 1429
4841 4919
1041 2923
4179 4363
2037 4615
319 767
4769 1017
1247 3655
2047 663
3089 69
1047 417
4121 375
2171 4325
3547 3531
587 1167
467 4757
4747 2485
2843 451
2491 4815
4601 3395
3877 353
459 2743
3051 239
1665 4307
3911 583
19 4585
2497 81
4801 495
65 3611
4147 1437
4657 1049
1101 3549
4917 759
4463 2333
81 2043
4891 803
2137 2155
1295 4031
3765 3019
1697 61
4647 2719
4905 1173
3181 4869
3153 1917
1163 771
511 3511
4407 477
1399 4427
3903 97
761 4655
2087 2079
2495 3141
3537 3917
461 4055
3881 2845
15 4265
3663 2045
4675 2297
4859 4895
2581 4711
4825 1481
337 2901
3733 1445
11 2465
4961 733
3781 197
981 273
1835 1299
2097 1687
4175 665
1255 1807
3425 3423
4245 2439
25 2735
4909 3705
4879 4041
3071 2135
215 2931
4587 509
4325 437
4533 515
71 3709
3623 1713
4164 1102
2435 4853
3239 4465
37 3339
3349 3755
4013 25
503 2715
4877 1259
4139 133
4209 1
4703 2435
611 3647
555 4425
2979 3697
3373 779
1831 215
4855 1309
4313 429
381 3359
1119 1125
4589 81
3505 3497
4633 157
4209 4211
4553 1869
2077 147
803 811
399 2511
629 2011
2227 4619
3551 3547
4919 11
4857 4315
1505 1497
4009 1373
1489 5
4629 1757
3067 4855
4617 3003
2969 3741
2441 1399
1049 2427
615 4941
2821 4027
2225 4957
2499 4929
889 2463
4921 3441
2263 4805
1423 1419
1119 589
2901 4543
583 2619
135 1683
123 3775
405 1845
507 4855
2027 4613
2598 632
2605 207
1225 3493
4629 3163
4877 1751
1827 4813
3207 517
4409 229
741 4255
4019 4009
3343 229
4401 1591
2787 3873
343 4795
3233 781
679 4607
1247 4765
3199 859
4789 219
2487 4805
4769 2311
277 4831
3293 4103
4129 1387
1439 3197
1293 3559
33 4077
4897 3625
501 3965
745 2833
4339 1259
4879 4143
519 2073
1161 813
3093 3427
47 2593
2207 695
1207 267
397 4191
2893 4569
101 3903
4743 1511
61 3011
4333 207
4263 225
4069 3263
3885 4879
3549 135
2299 4671
4219 249
1781 4899
981 4055
1813 2359
459 2957
907 3345
401 3457
4729 1073
605 4087
4849 1049
275 4579
2271 4171
1339 81
127 1801
1741 289
1047 4381
2959 4571
1409 155
3285 1453
2953 2951
4171 55
4655 797
4543 1085
4405 213
3639 1579
1487 2415
4791 2003
1423 4909
4053 1297
173 3745
1457 3657
4703 1621
199 3161
1797 1237
177 4845
4499 1461
3381 159
2861 2798 811
2519 847
417 4829
1687 1681
4161 273
1135 4327
3827 4851
3879 621
1349 3783
1409 4935
2209 4813
1205 497
4879 2735
3147 519
1165 4251
2733 1957
3645 15
297 2469
3877 119
2827 945
3221 65
1555 3919
21 1305
4323 3235
593 3427
4365 1087
213 4751
1565 3041
971 1737
45 853
773 463
2851 3403
1019 2989
7 4713
4701 115
3015 4549
30 3672
1097 4415
3393 2013
559 561
1843 4561
2001 4783
2049 2045
1397 3181
2009 275
347 335
763 3675
1215 4569
3599 4965
159 4019
387 2211
3635 905
407 4963
3565 4727
415 1379
2685 3947
3657 4901
357 349
57 4147
2611 2619
4603 961
2609 3511
463 4833
481 4361
3645 977
4941 1899
231 4317
1905 1909
1777 4665
601 4735
2267 37
717 4187
1481 3415
4861 2989
2537 4519
4809 1721
2995 893
4867 3219
3881 293
4021 719
773 3931
445 4927
1335 2047
931 1675
217 4589
261 1761
1554 2524
987 981
4743 1943
351 4433
4295 3805
73 3729
2556 682
643 101
3649 593
4305 215
4461 73
3157 2131
3333 149
4561 1181
2649 2295
3919 191
4759 719
3285 2187
233 2195
11 3947
3199 129
2861 315
127 1701
1059 4891
2921 3993
79 4523
2843 4525
4537 15
3799 771
1773 183
1945 1953
4825 65
643 4897
801 1529
1871 3731
2543 253
3011 3701
4503 2861
2103 2095
5 4869
2407 1187
2737 4435
4497 723
335 4927
2581 801
1399 4961
23 2087
2101 3921
1977 3885
4315 4311
3941 3959
3783 59
13 19
265 4505
1189 4613
4467 1903
2045 4911
85 3597
2077 3675
929 59
817 1663
675 4315
79 4031
3591 1955
2623 167
4933 1325
3693 2593
899 4257
1385 17
1127 4375
2185 4915
3347 4913
1791 4259
4893 2879
4903 2829
4769 321
2603 4455
1167 49
4687 3655
4631 1365
4851 2297
2987 4867
567 4717
3035 1445
1373 2133
1549 3529
3945 4531
175 4559
4113 597
335 4101
1661 3103
2883 4739
1023 4847
395 2881
1811 895
3531 1125
4791 3465
419 4273
2621 3629
2281 2289
1619 317
341 4831
113 3777
295 1491
2653 4937
925 175
525 2617
473 4091
4041 4473
3497 2701
711 1765
3189 1147
513 4961
4181 1191
2567 2553
721 4431
3365 3367
401 4689
4361 3621
501 349
4723 1483
4507 855
4789 3357
717 4169
447 4185
4891 1357
4133 695
4961 2575
1505 2053
385 2587
3593 5
2853 4393
1933 4647
375 4357
3147 1481
1307 471
4909 3681
4213 67
4041 4621
673 163
761 3353
2861 633
477 2143
493 1337
2939 493
4419 3801
479 4165
4901 1697
4097 125
563 4165
1169 1167
3705 4625
97 1353
4139 231
1809 221
3021 4855
4901 1713
2361 667
2154 2512
557 4903
4919 939
3117 867
2333 4959
355 4095
4967 1581
3841 1679
3797 4819
1077 205
659 4777
2195 2189
3601 4613
1771 3381
453 4449
59 1371
4427 21
3635 1511
4653 67
1273 4433
2321 203
2935 4889
3393 4093
3121 4661
1197 93
4861 979
1423 29
4203 1075
4681 3767
4917 359
390 1836
67 3203
1657 1989
4021 2705
1491 3893
4325 139
1913 3211
19 1503
1805 4119
3961 2931
1517 1745
1007 3817
4413 1461
2621 2619
3281 3283
1163 2815
4491 25
2155 4525
3343 145
2169 1527
905 4939
2217 4267
47 4091
4751 2877
135 3029
3935 4159
4571 855
3639 627
3153 1677
366 2412
3239 1695
123 2417
3875 1407
577 3923
391 1357
4965 2419
4045 4043
867 3959
2581 4839
2409 4961
1827 697
4803 4137
2913 4505
3723 1449
1425 4549
335 4641
1389 3199
4733 1399
137 4117
2421 4647
763 123
4635 1513
4769 3477
231 4553
1709 727
1561 4967
97 3581
4603 3555
2717 4877
3707 573
137 3815
4545 2913
983 4765
2507 4687
4085 1459
513 4947
4177 1919
4933 4577
119 4033
2049 2053
3555 243
4951 961
4363 59
3465 17
4881 833
515 3577
4069 2327
2373 3977
3949 1701
4537 1943
4939 1505
4493 1565
1689 4497
41 2421
3367 959
3559 99
3263 1863
4259 219
1043 2475
965 4963
2363 3145
3225 287
4455 103
2649 187
515 2421
3393 537
2783 4579
2595 1805
3699 3153
1703 4963
203 4443
4387 1345
330 603 811
947 165
4875 685
4839 4833
573 2949
2163 4289
163 2137
125 121
3881 1501
3237 341
2405 4589
2251 4825
3701 401
3707 3705
1225 161
1395 2793
4131 2233
3053 523
7 1263
597 3473
915 4959
4583 783
1121 1703
4469 4273
4397 3401
4591 2133
167 1669
3933 667
3659 1777
625 4167
1057 3827
243 2911
1405 2437
4921 4935
4553 27
4777 149
3025 4669
1283 2221
2263 583
4891 1913
2559 1243
351 3625
239 3847
3993 1743
911 915
1945 4869
933 117
3663 4925
1731 837
517 3487
2943 59
1923 4381
4743 1999
4869 2715
589 3901
4781 339
4939 2239
4469 569
1227 3821
13 4733
3713 4721
75 3829
1 1763
713 4263
1533 2925
1497 4823
1025 231
4453 1877
631 2049
2013 4869
4637 641
835 35
3787 547
3751 303
4663 4931
3983 281
4199 2235
3097 11
3729 2093
897 3301
1595 121
4881 45
373 375
1947 877
3747 1475
3405 1603
711 3327
151 3823
4881 3667
2081 3
2005 2001
259 4101
659 4279
4719 1363
293 289
4505 119
4863 491
3709 1111
621 4737
3141 4755
3543 489
4483 2363
1413 3249
3127 4575
4077 681
2441 193
677 3375
2117 559
3101 4547
143 4101
171 3399
2743 67
3465 3473
1651 4017
4191 545
1587 25
2537 4833
831 4513
4919 2351
4699 663
1015 4629
279 4477
117 2871
653 4761
781 2309
981 2549
835 841
3947 69
2377 4701
355 3569
3215 1145
3975 1871
375 3313
965 4565
4901 3617
3841 2705
3835 2205
1413 4849
1613 4485
2131 4965
3141 951
3973 71
727 2631
4691 583
1289 4491
4757 1555
171 4629
3845 1667
3409 4575
4731 409
739 743
3715 765
1523 4479
3815 839
3983 3989
3335 1113
3745 2295
3779 1047
4251 2867
4959 3675
4733 1025
4799 1521
2735 377
4855 2741
1513 4527
4759 1107
1789 653
1397 1403
3529 855
3489 1015
4891 1639
4797 29
2563 3801
3844 3440
3275 4085
4789 2821
121 111
3109 3365
2357 2353
4635 1457
4323 219
4131 961
257 1837
5 4525
4065 849
4865 3083
2105 2729
259 1855
47 3875
1031 55
3061 3613
3745 2137
3951 459
3619 4679
4931 241
3789 279
4707 3073
777 937
2037 87
505 3333
2029 4815
53 1823
851 2915
2887 2425
3857 4943
3007 4937
275 4963
435 4171
629 2537
781 3815
4221 4223
451 1709
4323 1575
135 1817
4747 2747
23 4109
1145 4791
717 3755
3769 4765
3851 3849
381 4389
249 4901
1183 409
1495 4305
357 4635
3707 4823
1637 4097
107 1559
4493 1223
3243 3245
4385 2885
209 2495
2817 4799
101 4223
2225 2411
163 4193
3104 2947 2943
7 4967
977 981
149 145
2387 4211
3603 1047
4631 2509
2013 59
497 235
393 2793
4945 3003
2715 4065
3759 3747
57 2539
3129 4689
4217 2259
4803 1971
2259 4313
447 1829
25 1707
503 3793
4929 3961
2293 4621
1421 4801
765 1765
3079 4695
287 376 811
3529 407
669 4149
861 3079
205 3065
857 433
1607 4301
3867 1179
1673 513
3053 1731
2751 2747
3483 3479
3363 4465
147 1305
4803 2991
3623 2355
3447 177
1851 4215
4201 423
4261 2105
3071 289
201 4709
2623 4779
465 4603
179 7
1365 4743
4929 1091
4369 147
3441 423
1687 4581
2843 475
4521 2741
319 3833
773 4631
1227 1221
3687 973
4581 1245
3445 3121
467 2125
4643 3511
2783 4637
461 3129
4773 373
2113 4909
4887 943
2849 1331
121 4837
3871 487
4585 1921
211 2787
1536 4686
1863 3903
217 3995
501 4887
4181 313
4673 1099
75 4511
3399 761
2789 253
4245 4795
4491 2095
1873 321
55 3119
61 4789
3011 31
3745 2889
3223 4907
4585 2847
4893 391
307 3009
71 2179
395 4433
281 2699
699 693
4071 4829
1635 1623
3587 1021
4715 87
3 141
5 2821
264 207 811
4551 2171
2973 3979
1841 199
3577 1053
1893 663
2791 4001
4769 741
1393 4341
3853 1447
4395 533
3247 1863
4611 505
1917 4775
4549 273
815 4343
4227 21
4849 1857
1629 3033
3941 4215
413 937
4115 1225
4361 3581
1617 37
3341 217
179 4207
2281 2277
991 4943
4741 853
141 2951
345 4883
399 4449
1175 4535
879 2791
1311 2795
3469 2959
2533 3243
1581 353
387 4885
3562 1964
1939 4859
3355 373
1641 2997
4659 3039
1035 4941
4493 725
4723 3831
4707 217
585 1783
1453 4913
4153 2817
571 2897
963 4031
4787 2335
4929 2317
211 4415
1277 2913
2393 3543
2053 2057
95 1137
2905 3893
4667 63
1963 4603
3247 157
4493 2479
1347 2751
115 3217
361 3571
4393 51
2143 4775
19 3011
1143 2023
4845 2481
3933 3931
3239 25
677 4557
2909 1229
3029 4317
445 3381
4206 854
4303 567
3957 1533
2155 4553
723 3799
3341 3901
1475 2927
1403 4475
529 3725
4507 3169
2341 4627
1873 2435
3649 4949
4699 4151
3583 4227
4877 2973
4829 2765
1833 1841
1347 4359
2931 3869
4261 2217
3847 1077
3495 2077
1693 4485
4227 3733
1007 4383
1607 397
615 1519
3431 1191
4315 4331
4611 739
2059 1329
2551 707
2115 3435
4263 541
3999 4267
653 4217
51 2751
3633 991
2769 4835
4763 55
4963 627
4229 689
4869 1229
521 3291
4107 2843
4595 193
4237 55
127 2347
2163 4211
4661 2933
2511 3835
3081 1129
2997 545
373 3367
1281 2953
4019 1229
715 4843
647 4565
1195 4791
465 2725
3821 2567
4379 1509
1735 141
4387 695
1717 3665
4587 19
531 1781
4097 635
3989 367
1377 3861
669 4345
4669 3601
4961 3227
1031 4465
4747 1441
1377 3031
3411 603
399 4031
4067 897
4759 1257
1025 3093
4809 1437
809 4601
667 2315
1533 4385
2877 4897
1851 4297
1301 4671
3827 4609
493 4511
4739 4887
3733 1211
123 2839
1731 4539
4513 3369
1297 4111
11 4503
3547 4717
1189 1191
399 3229
4345 483
471 3819
4441 841
4841 39
4789 1397
4437 867
4239 1201
809 3909
821 4025
4941 3425
1223 4345
177 1939
4043 2487
951 3639
4861 273
4545 247
4445 843
3351 255
411 2547
1421 4221
1337 3145
3075 1873
695 4849
2353 3989
75 69
3693 3289
2979 4683
1913 1911
3823 1561
3401 629
2997 4469
4659 125
4795 1551
4223 1197
3433 843
1729 241
4953 479
4509 373
41 537
1397 1375
4621 4931
4559 2447
2107 13
4633 2293
4799 1985
4065 1511
625 4119
2469 4593
4967 3275
2323 3665
107 2735
743 2229
127 4577
4589 1681
3833 399
3347 1971
3845 213
613 3597
2989 345
4581 259
603 1555
3139 4851
1113 1733
1745 317
1909 393
2565 227
165 4883
3475 2033
3353 1671
1047 383
4789 3267
4036 2452
3549 1431
1753 27
533 3195
63 2535
4865 4261
995 3147
4497 3209
3293 65
1457 3297
2445 2447
3333 1093
1411 4573
1519 4015
4805 1635
749 3795
4747 923
1221 675
1073 4667
4767 4765
4297 1481
2937 403
95 1369
4965 983
4713 3441
2131 4951
3183 1447
449 3631
1315 1337
3473 863
1365 4591
4093 4099
1733 21
713 4295
1397 4763
423 429
1345 4597
3225 1627
2751 2757
3549 845
3661 855
3781 809
2509 959
3527 1731
3943 2349
4717 1007
183 2295
2089 31
29 889
1707 2851
81 4959
223 1937
4663 3211
3879 105
4857 945
2853 4833
4455 2243
1865 4071
4915 4197
4943 1233
313 4913
629 2147
13 2831
3235 4539
3537 319
69 1499
