662
2023 2025
1477 1479
2555 2557
2865 2867
4303 4305
4519 4521
2020 2022
2016 2018
2014 2016
2012 2014
1996 1998
1992 1994
1990 1992
1978 1980
1976 1978
1964 1966
1962 1964
1956 1958
1954 1956
1938 1940
1930 1932
1928 1930
1926 1928
1924 1926
1918 1920
1910 1912
1906 1908
1880 1882
1860 1862
1854 1856
1808 1810
1786 1788
1784 1786
1780 1782
1774 1776
1772 1774
1766 1768
1762 1764
1752 1754
1746 1748
1740 1742
1736 1738
1732 1734
1728 1730
1724 1726
1720 1722
1714 1716
1708 1710
1686 1688
1684 1686
1676 1678
1670 1672
1654 1656
1646 1648
1642 1644
1634 1636
1628 1630
1618 1620
1606 1608
1602 1604
1600 1602
1586 1588
1582 1584
1570 1572
1550 1552
1544 1546
1540 1542
1538 1540
1534 1536
1522 1524
1512 1514
1504 1506
1502 1504
1494 1496
1490 1492
1488 1490
1484 1486
1476 1478
1470 1472
1462 1464
1454 1456
1446 1448
1436 1438
1420 1422
1416 1418
1414 1416
1394 1396
1374 1376
1372 1374
1364 1366
1360 1362
1346 1348
1332 1334
1324 1326
1322 1324
1318 1320
1314 1316
1304 1306
1298 1300
1294 1296
1290 1292
1284 1286
1282 1284
1280 1282
1274 1276
1272 1274
1270 1272
1266 1268
1262 1264
1260 1262
1258 1260
1250 1252
1246 1248
1240 1242
1238 1240
1232 1234
1228 1230
1220 1222
1208 1210
1206 1208
1204 1206
1200 1202
1198 1200
1196 1198
1180 1182
1176 1178
1174 1176
1168 1170
1154 1156
1148 1150
1128 1130
1124 1126
1120 1122
1118 1120
1116 1118
1110 1112
1104 1106
1100 1102
1092 1094
1068 1070
1052 1054
1036 1038
1026 1028
1000 1002
984 986
978 980
960 962
958 960
948 950
940 942
924 926
920 922
918 920
916 918
914 916
912 914
910 912
900 902
890 892
874 876
868 870
862 864
860 862
858 860
850 852
838 840
834 836
830 832
828 830
822 824
818 820
812 814
810 812
806 808
800 802
798 800
788 790
782 784
770 772
760 762
758 760
756 758
752 754
750 752
746 748
744 746
716 718
712 714
700 702
692 694
688 690
682 684
672 674
656 658
652 654
636 638
634 636
628 630
626 628
622 624
616 618
604 606
582 584
576 578
572 574
558 560
550 552
540 542
538 540
534 536
530 532
528 530
520 522
510 512
502 504
496 498
490 492
488 490
478 480
476 478
472 474
464 466
462 464
456 458
442 444
438 440
430 432
428 430
422 424
418 420
414 416
402 404
394 396
388 390
386 388
378 380
372 374
356 358
350 352
346 348
336 338
330 332
328 330
326 328
322 324
316 318
304 306
300 302
298 300
292 294
284 286
274 276
262 264
260 262
256 258
240 242
224 226
220 222
216 218
212 214
202 204
200 202
178 180
164 166
160 162
146 148
142 144
134 136
124 126
108 110
96 98
88 90
84 86
82 84
80 82
74 76
70 72
66 68
60 62
46 48
32 34
30 32
14 16
12 14
2030 2032
2048 2050
2058 2060
2060 2062
2066 2068
2070 2072
2076 2078
2078 2080
2080 2082
2084 2086
2090 2092
2114 2116
2116 2118
2124 2126
2142 2144
2150 2152
2154 2156
2160 2162
2172 2174
2182 2184
2184 2186
2198 2200
2210 2212
2216 2218
2220 2222
2228 2230
2236 2238
2242 2244
2248 2250
2284 2286
2288 2290
2306 2308
2324 2326
2330 2332
2332 2334
2334 2336
2336 2338
2342 2344
2346 2348
2348 2350
2356 2358
2370 2372
2374 2376
2378 2380
2380 2382
2392 2394
2398 2400
2400 2402
2414 2416
2426 2428
2434 2436
2446 2448
2464 2466
2466 2468
2470 2472
2472 2474
2480 2482
2484 2486
2488 2490
2502 2504
2508 2510
2514 2516
2516 2518
2520 2522
2522 2524
2526 2528
2544 2546
2546 2548
2550 2552
2554 2556
2560 2562
2570 2572
2580 2582
2584 2586
2592 2594
2602 2604
2608 2610
2610 2612
2614 2616
2636 2638
2644 2646
2660 2662
2666 2668
2672 2674
2674 2676
2686 2688
2690 2692
2722 2724
2734 2736
2738 2740
2744 2746
2768 2770
2778 2780
2780 2782
2788 2790
2794 2796
2798 2800
2830 2832
2834 2836
2842 2844
2858 2860
2862 2864
2872 2874
2888 2890
2904 2906
2910 2912
2914 2916
2918 2920
2922 2924
2928 2930
2938 2940
2944 2946
2952 2954
2956 2958
2962 2964
2966 2968
2968 2970
2974 2976
3000 3002
3004 3006
3012 3014
3014 3016
3022 3024
3032 3034
3042 3044
3050 3052
3052 3054
3056 3058
3062 3064
3072 3074
3088 3090
3090 3092
3096 3098
3126 3128
3134 3136
3156 3158
3170 3172
3174 3176
3178 3180
3180 3182
3182 3184
3190 3192
3204 3206
3212 3214
3218 3220
3230 3232
3242 3244
3250 3252
3254 3256
3256 3258
3264 3266
3270 3272
3280 3282
3286 3288
3288 3290
3294 3296
3296 3298
3298 3300
3300 3302
3302 3304
3316 3318
3320 3322
3322 3324
3324 3326
3326 3328
3344 3346
3364 3366
3372 3374
3382 3384
3406 3408
3414 3416
3418 3420
3426 3428
3434 3436
3456 3458
3462 3464
3470 3472
3472 3474
3476 3478
3478 3480
3484 3486
3494 3496
3500 3502
3512 3514
3514 3516
3516 3518
3544 3546
3548 3550
3554 3556
3562 3564
3570 3572
3592 3594
3600 3602
3616 3618
3620 3622
3630 3632
3652 3654
3656 3658
3658 3660
3664 3666
3684 3686
3690 3692
3696 3698
3708 3710
3716 3718
3728 3730
3734 3736
3738 3740
3740 3742
3746 3748
3748 3750
3774 3776
3778 3780
3784 3786
3786 3788
3790 3792
3798 3800
3800 3802
3802 3804
3816 3818
3824 3826
3828 3830
3836 3838
3842 3844
3848 3850
3860 3862
3870 3872
3878 3880
3884 3886
3900 3902
3904 3906
3916 3918
3920 3922
3922 3924
3928 3930
3932 3934
3934 3936
3938 3940
3940 3942
3956 3958
3966 3968
3978 3980
3986 3988
3990 3992
4010 4012
4014 4016
4020 4022
4024 4026
4026 4028
4034 4036
4044 4046
4050 4052
4052 4054
4056 4058
4068 4070
4082 4084
4100 4102
4112 4114
4116 4118
4122 4124
4126 4128
4132 4134
4136 4138
4140 4142
4152 4154
4154 4156
4158 4160
4166 4168
4168 4170
4182 4184
4190 4192
4208 4210
4220 4222
4226 4228
4232 4234
4240 4242
4252 4254
4256 4258
4266 4268
4270 4272
4276 4278
4280 4282
4292 4294
4304 4306
4314 4316
4330 4332
4344 4346
4350 4352
4352 4354
4356 4358
4370 4372
4394 4396
4404 4406
4406 4408
4408 4410
4410 4412
4416 4418
4420 4422
4422 4424
4424 4426
4428 4430
4430 4432
4440 4442
4442 4444
4444 4446
4452 4454
4454 4456
4456 4458
4458 4460
4460 4462
4466 4468
4470 4472
4478 4480
4482 4484
4488 4490
4492 4494
4516 4518
4522 4524
4526 4528
4540 4542
4548 4550
4552 4554
4556 4558
4560 4562
4578 4580
4588 4590
4594 4596
4596 4598
4608 4610
4612 4614
4622 4624
4636 4638
4642 4644
4646 4648
4648 4650
4656 4658
4660 4662
4664 4666
4676 4678
4680 4682
4682 4684
4684 4686
4686 4688
4688 4690
4706 4708
4714 4716
4724 4726
4734 4736
4748 4750
4764 4766
4774 4776
4780 4782
4782 4784
4788 4790
4792 4794
4796 4798
4802 4804
4814 4816
4820 4822
4824 4826
4828 4830
4830 4832
4834 4836
4844 4846
4848 4850
4872 4874
4888 4890
4892 4894
4894 4896
4900 4902
4908 4910
4912 4914
4922 4924
4930 4932
4938 4940
4942 4944
4946 4948
4950 4952
