4968 9894 2025 4157
4916 452
4806 2102
360 1426
2324 1242
616 32
362 2850
3854 520
270 4504
2288 4514
3986 426
4234 798
1256 248
4214 798
1360 636
2936 1206
3984 698
686 4956
3188 4438
698 2590
3748 3046
3646 128
4502 474
4786 3196
3126 808
4740 370
4942 3390
4116 1672
4034 1714
4826 430
3208 4474
4812 4104
3478 3132
388 1470
2906 4394
2668 2674
3374 1986
4948 2522
3686 4900
4074 442
534 3002
646 3800
212 1208
2212 454
4148 652
4298 1648
1380 1004
4792 4788
1388 3332
4414 914
534 2232
4340 3710
4174 882
4624 794
1848 3334
1036 2504
4442 92
2322 4896
4334 872
4324 1186
4318 3700
1856 1850
1562 4502
3082 4402
1179 1510 2025
2402 1148
308 3958
1938 3592
932 4440
3918 440
154 2826
4118 102
3744 1476
88 1302
1214 156
4338 2980
4168 3440
4662 346
338 4268
1348 3902
1260 4522
4192 802
2218 342
3650 826
428 152
4068 1066
990 4796
1420 3990
1256 3600
4348 2990
376 2176
1368 3284
4008 1100
3530 4708
1936 1286
16 3268
4186 4502
4930 3280
214 1828
4794 1162
1764 1754
174 4938
1606 4866
2948 460
4702 746
98 1032
4574 536
4130 1736
4196 1038
2944 4958
102 4746
542 2320
4628 3418
4514 622
4892 1202
3996 148
1486 534
2616 124
552 542
4481 4833
4576 132
2562 2572
1770 4496
3502 3498
1192 3690
4790 932
456 2494
56 4656
1692 4498
4536 3400
3942 3958
2782 1684
3592 72
1258 620
1956 1958
4434 338
4290 3854
2588 250
4530 4478
2488 2490
2194 3162
2748 4234
1458 2254
204 4816
440 300
3138 4390
58 3652
1700 4836
52 2018
942 4870
1450 1456
4000 940
1596 4558
2034 80
4448 280
290 2226
1904 3822
2922 1508
818 96
170 3866
2136 330
112 4636
4930 4934
3088 1170
4090 1848
152 2154
2160 3400
38 4728
4014 1584
2428 4324
1640 4952
1788 100
3308 4826
3508 30
2588 2594
852 378
608 2650
3604 2684
1066 3106
74 3082
1420 3868
1868 2630
4782 3514
1468 3910
326 3988
494 1920
1877 4945
204 4920
4792 1510
3380 990
1584 4892
1812 4660
2158 4702
1324 3992
4570 520
2644 4364
48 1528
3198 4950
104 4492
3508 1278
3572 1788
4510 3002
706 4304
3322 3318
546 2030
3256 68
4840 1770
2986 3002
1648 3884
380 388
1956 1952
442 1444
4879 4868 4157
824 2998
3768 4850
2592 268
2694 2448
78 278
1436 106
1938 4838
756 3496
1690 4786
2694 4732
1416 3654
4908 34
3558 2002
538 4248
76 3032
280 4562
4224 4220
3624 582
3332 872
4712 4956
2474 174
236 626
2626 118
2824 196
3464 2566
1992 4492
2324 496
4728 1872
1264 2344
4904 802
864 862
1124 3302
3722 4536
3446 3186
4736 128
3522 534
4386 278
622 2482
229 4407
1938 3476
3338 216
2156 2152
1512 554
4392 3090
4862 4350
268 3096
3904 2528
30 2186
4519 4895
826 4630
1914 150
1022 2732
458 464
112 2748
1270 4784
3084 4714
174 3418
1144 4914
4390 560
98 1112
2118 2116
4786 3006
3196 172
3554 1656
656 4740
1328 4520
148 3654
3212 4520
4016 476
374 4050
34 808
536 4814
1292 2210
1292 3616
2342 316
3526 4300
1072 3040
4580 1980
954 3450
370 2554
768 3658
3090 3092
3372 80
338 4196
4956 2334
4698 76
3474 4902
1654 68
3024 764
132 4848
4732 2932
1052 1432
200 3992
2936 4732
668 4846
4478 782
3510 4316
684 4566
1322 2142
1524 2708
268 2178
1676 866
2958 758
4666 2670
12 1130
1010 3732
614 4836
634 4784
1232 4922
3878 1920
3772 4876
208 4238
2944 4368
340 4812
3842 4478
698 4110
4216 4076
4218 704
4146 520
4842 392
2734 4778
50 1832
1878 194
1544 2224
942 936
1900 538
1198 3716
474 478
2162 264
2740 1114
2950 4594
578 1990
4 4428
346 4686
4596 460
800 3964
1780 4252
4596 4594
3512 950
3766 204
4840 1688
4846 606
346 1896
4566 2032
36 4588
112 654
4786 3344
2916 894
1708 3148
1904 384
192 4216
3846 496
1916 4120
4646 2852
778 4572
3418 1728
2128 1034
1188 4772
4576 2572
4522 362
326 230
4614 1400
3458 1332
4408 4406
4958 1142
3684 170
4818 2206
3606 250
1104 2664
182 3010
3984 1870
3698 3006
886 4314
4844 1300
1644 1642
3110 860
4756 1256
4308 364
4966 2604
714 702
3580 1770
90 98
130 3714
288 1312
630 1514
3714 4406
3816 4136
2094 2966
970 3040
1522 4792
374 4794
4584 4732
1994 4180
3782 142
3622 3618
3866 514
8 2308
2396 3950
3030 422
840 836
2200 134
494 2472
4054 498
4624 4238
222 4046
288 4928
22 4456
4796 3236
68 3316
194 2240
118 3342
1868 3466
3224 158
372 4130
2386 4636
462 4688
838 4030
212 2102
708 104
3560 34
2432 92
4444 2266
2172 2924
4060 1560
4644 136
2550 4960
1112 1106
788 4086
398 2010
4482 478
1390 2676
466 4586
3224 4652
2972 1170
2194 82
4886 2078
3078 3774
3730 166
4890 446
2380 2382
144 148
58 3074
4280 1392
3858 1926
4896 508
3058 3056
3250 4362
3154 358
74 3826
332 1262
4934 4134
4540 4546
3816 1496
3312 62
2646 2028
4224 2638
3104 54
764 66
2254 904
386 4186
4238 186
4472 4734
952 3576
3748 130
4944 2118
760 1990
3046 792
4266 1926
2936 3324
2556 876
14 3176
568 4504
4110 1932
4506 558
4852 3012
3472 4786
2440 966
4282 2846
4962 962
2848 888
356 3452
3444 4698
4944 1936
568 3148
54 3992
974 4752
4820 3774
4436 1103 2025
4874 2206
4014 412
34 2144
3332 586
3956 1008
2598 4936
1374 658
3680 900
1454 502
4078 260
3556 658
346 4804
2570 4744
1282 12
4920 3780
2686 4966
882 4364
1082 618
1684 3604
896 4488
690 4400
2284 1562
4872 2222
4902 1766
4458 4460
68 4724
3672 74
3898 1208
730 3064
4396 2244
116 1508
4514 2402
73 4003
4864 4426
156 2552
28 3816
3114 4710
4790 1646
148 3690
3076 456
8 3040
4424 4426
4776 4114
4634 42
276 4916
4038 710
4950 2902
2699 4799
248 1264
4720 976
2528 88
4944 3262
1434 2494
3832 4958
1214 540
2616 206
2126 4518
4538 388
3896 2134
1874 3804
4720 2082
70 2496
852 860
1758 306
600 4230
2592 1490
2820 708
2840 2230
4390 446
84 3394
4034 1176
52 3160
4214 708
860 862
1154 2484
268 4492
534 1712
1040 3550
2256 2286
2540 4742
388 390
4016 2370
4562 1824
2458 4934
1328 728
4086 726
3160 154
4114 1034
4930 1598
2566 4846
586 4706
124 4700
4214 2628
4726 3382
4098 1484
2790 576
3512 334
204 4546
4924 252
1718 1722
4746 956
3274 3990
4236 8
4926 1546
2432 136
330 328
3464 2916
4790 470
3314 648
4118 1058
4736 3216
2014 3350
3244 4720
4818 314
4566 1186
392 242
1444 3586
4804 86
3410 4806
2136 4224
282 1888
3948 4600
292 3240
2536 576
860 2892
4770 554
3320 94
324 4806
464 4710
556 3644
3536 626
1432 4650
190 2434
1802 58
3860 362
4308 4868
2706 4386
2608 150
4692 3470
4404 878
946 4738
4868 3668
542 3666
3566 1308
378 3124
4533 3655
604 1178
1432 2686
4658 582
2202 4948
526 3688
490 1902
4 2550
4068 680
3270 338
3000 138
4890 600
266 3348
4912 596
322 3036
2294 4962
150 1172
4942 816
4898 346
2338 4242
821 1479
2528 3570
4572 3362
1594 160
4782 888
430 424
3110 4676
3930 2158
3312 1044
4536 176
1858 22
3476 3802
2436 352
2396 2624
4648 1136
4098 206
1678 1686
476 114
4404 3942
626 4154
3974 4896
2716 160
2060 2062
4694 1304
526 4140
46 2750
8 1790
4462 178
110 4914
2086 3908
2844 46
4904 1798
3378 446
646 4302
2426 240
238 4738
532 1866
4812 1722
3898 286
4362 152
944 4148
208 4192
2806 4034
2570 334
2156 4470
2600 1246
2406 4544
256 1532
4628 138
340 3954
4648 1362
1222 4124
786 3076
4338 1306
4776 2528
4894 3778
4198 392
72 3886
4394 4492
2244 4204
2072 3148
902 896
4892 3550
1396 746
220 800
146 4470
756 758
4673 1071
4218 102
976 4514
3098 144
670 4090
998 3614
2422 92
186 1854
4316 3816
3938 4636
4432 8
3260 4750
788 4932
206 2454
4098 1144
534 2134
2908 1466
4466 1176
4152 1292
1844 1068
2576 3888
4708 332
1082 4
44 970
1056 4136
4626 2066
354 4268
3788 3786
1208 1206
3844 48
752 2710
2980 4384
1180 4732
2596 1398
1906 4392
2168 690
254 3086
756 3170
172 2944
2690 998
3776 3750
888 4144
6 4670
1582 906
4774 3614
3216 4640
4838 1964
20 844
4770 796
4510 844
110 4760
666 1830
4930 2622
4294 328
260 3786
3616 76
940 3634
1484 4200
4040 2518
3318 994
174 4626
3832 906
2976 1186
4146 3154
4542 468
1384 4442
1058 4740
2078 2074
236 3944
3234 514
766 2726
1546 1544
1004 4468
4728 1214
286 4354
1136 4920
4608 1300
878 3760
94 830
2016 4112
1734 1730
4490 668
4534 2596
1088 2792
2658 200
4306 2922
3098 244
812 3100
1976 4630
2430 4002
3766 4606
4042 156
2088 4676
1066 3058
4752 1628
416 4738
3166 2646
2720 4092
4710 2254
4562 1350
2396 3942
176 10
354 4744
4454 326
2172 4624
1728 148
4659 3069
526 3908
30 3770
4756 104
232 4040
3644 1214
3644 2964
4486 4482
2782 484
820 3760
2458 1134
4206 450
4846 4206
1372 290
1518 816
1587 259
4354 338
1594 58
2444 4890
4814 4084
756 328
3284 1248
842 3108
316 894
1658 4
3316 4048
1790 4128
2876 1240
1396 2282
420 4580
1584 4344
308 3960
1928 3404
1198 4510
4150 196
1998 1994
3626 654
540 3622
788 4758
1202 170
1732 4962
2404 894
4634 696
2046 3928
3468 2160
290 2382
3686 3668
2746 2770
3582 4688
4919 808 4157
4340 1568
2674 1224
3822 1222
3384 134
3152 4966
4902 3556
3110 1454
122 3646
4886 4542
4326 84
4540 2572
124 4244
920 922
662 4316
900 2642
1086 2614
2496 266
4492 988
86 4108
4878 3504
432 430
690 3202
4792 124
2970 1142
126 2506
32 4320
2696 38
4808 3362
4208 1136
4150 234
4136 648
4380 4800
440 1034
3236 3856
4334 38
1260 2496
4658 1658
3466 684
4666 3912
642 4918
422 1868
2072 4484
3782 854
708 1908
1572 926
3032 544
850 4344
4726 776
1544 272
3556 3564
2510 2504
4112 1564
1314 4962
4752 3318
2520 3588
4765 4610 4157
1796 122
1844 4380
1074 2884
467 286 2025
1060 3388
2964 2968
1730 1728
36 1756
1156 4672
722 4772
1834 4166
218 3958
718 4726
4004 544
88 2446
1326 1334
422 1180
4510 3658
3624 2394
2480 4802
14 16
2574 1344
1264 4916
3878 1360
1980 448
3550 790
226 4068
1630 4932
2382 452
354 3902
360 2068
278 2774
206 4032
4260 3800
4812 2552
1306 4898
1890 4870
2074 4942
2186 390
234 4680
3190 486
1456 3460
4856 4568
100 110
1154 3428
3942 276
1252 2444
218 4756
2680 730
62 1432
4504 2928
4930 2362
2722 4820
3292 4430
3654 588
3958 1296
698 1914
1588 2768
2102 4942
2086 4780
3988 266
414 1502
3548 4748
86 3862
768 2342
3306 424
4922 1912
3592 2464
1898 1026
2796 748
1694 3458
146 948
4010 1602
466 1278
896 4228
4776 264
626 4698
1268 1958
4924 4306
4918 3164
650 1842
3374 1792
66 2102
766 3894
486 2522
3686 696
4066 980
4286 4728
4818 2086
1636 4464
4670 3598
3044 4558
4800 1716
4102 1010
1550 4480
560 3724
510 1468
4568 3572
40 3818
3850 1148
4640 136
446 3962
4692 2890
4846 22
4168 2838
2382 4136
2688 4850
702 2752
434 4298
2404 4742
4898 1260
1292 4688
4916 3944
3730 530
582 26
860 4032
2510 114
1274 3476
2922 4864
3068 3440
4330 436
3568 110
482 4334
3498 1352
682 4324
204 202
2126 4150
3190 4818
4818 1146
876 1576
1050 3504
3686 1126
2126 1122
750 1772
4590 1926
3280 786
3924 308
1918 1048
30 4508
906 3184
348 3180
4656 114
188 2910
726 3340
142 2592
4824 184
18 1412
3714 1136
842 4002
3022 4092
4524 1154
4674 1568
610 3848
1916 4446
4422 240
4660 1110
198 758
2044 3352
4906 3308
2742 350
3486 246
1382 3358
2248 4734
4590 2680
1360 3266
1602 4596
4750 656
4802 42
3872 58
426 4792
4832 3506
4232 824
1282 4096
2596 992
3724 1486
1220 224
4406 864
3334 2218
4934 4498
592 1422
1166 244
3374 960
2362 96
3648 6
226 224
2650 4840
266 4548
292 2320
2900 4500
318 312
2466 4212
120 3556
4014 1272
2476 4506
3500 80
1908 3502
2020 4946
2674 2676
748 4304
20 3898
2102 4404
4772 166
2060 4824
2956 472
4426 2036
3786 3194
824 830
1732 2908
3342 90
3788 184
50 724
520 1294
222 1126
702 2452
4890 1150
3162 2072
2504 256
4874 3646
2880 1624
1784 790
4622 4634
3640 2910
3618 4948
3516 876
636 2246
1420 2980
4480 1426
128 3166
2076 3810
4854 1752
200 4648
2422 4442
3298 1902
3280 4798
4565 753
638 636
102 4918
20 1320
1098 4422
4918 3912
938 224
4060 1128
798 2698
300 1772
3688 128
1829 4283
84 4602
4852 2878
4600 1552
2026 120
1404 194
4864 1706
2168 428
1200 1198
3590 2630
74 2804
1280 3574
214 4396
621 4355
1788 1120
2042 3494
374 4352
4716 492
2866 1066
1304 4906
3334 260
438 1024
4962 3706
180 1702
4914 1878
1852 204
1868 3324
1866 3056
4534 1976
128 1584
4600 1850
92 1564
4968 1968
3788 3792
246 4414
118 1784
1540 1542
2364 4762
1616 4956
3746 624
2766 4926
780 4730
4460 1286
550 3798
1056 1070
2910 4918
4446 1396
4048 912
4808 2184
1382 3326
2920 4916
1796 4754
1622 3662
3680 852
3352 4932
3764 372
4962 2244
330 3144
1158 4138
3458 1334
3958 1030
3460 590
3792 454
4252 134
1240 2784
4554 560
3216 4942
4336 1522
3428 3426
1634 3856
4202 790
1688 1710
4740 1420
634 3782
2 1108
4344 292
686 352
50 4326
156 1944
4454 338
3014 3006
888 3154
4238 1684
3216 970
3490 174
138 4176
3326 1466
3176 400
962 3748
2512 3962
638 4822
444 4498
4922 270
1166 4584
2034 4586
4932 1146
1454 310
2886 264
3626 6
4690 1428
368 4160
378 2836
1032 54
4208 1716
3760 32
4114 896
4784 370
2842 1276
230 3928
4246 472
2682 1684
1356 1784
4425 3893
3896 34
910 4778
3566 92
2664 6
3204 946
3864 1054
6 1630
3742 3740
3524 690
4584 1492
4266 2658
3604 484
1364 268
1496 4372
1972 4316
416 1136
3310 1110
4828 194
4048 820
2164 4566
4570 2418
1068 1628
3604 666
4216 1296
4172 892
3096 866
782 4898
1054 1038
954 4576
1280 4884
4630 1254
306 302
3876 6
3544 4854
924 3880
18 2962
4284 86
4486 1220
2998 4226
4942 2576
4246 1108
3096 254
4948 3008
2944 4610
3974 748
4084 734
166 2328
4908 1374
1926 4908
3078 206
1858 46
4698 4374
3238 712
4168 696
4624 1338
4046 206
1952 548
594 4614
1968 1424
3594 4524
1570 4208
1268 146
1542 3598
4212 784
4228 4820
24 4946
3896 610
532 3870
1240 4896
2280 4490
682 2884
350 4872
544 4860
4896 328
1596 4680
4130 2684
900 3390
920 918
2788 4650
1058 4270
2202 4410
2652 1450
442 4028
3252 342
2114 80
312 3988
3636 88
4866 2040
2776 4478
2306 3366
298 3674
4608 2512
1972 3328
4030 64
3910 2110
4954 704
3398 4732
4352 1162
4940 692
2036 4848
388 3348
3752 976
3802 68
4168 3034
86 3108
4114 588
2538 3824
2494 244
866 870
4964 172
884 3510
1856 1302
1752 4032
4752 262
60 4714
300 1368
3104 52
706 4428
74 76
2413 4287
396 3658
4668 82
1668 4474
12 670
3466 4950
4924 434
4926 90
862 4510
2500 2034
3336 4688
4228 1692
2710 234
4342 266
114 3762
136 4958
2844 4652
1370 4004
580 740
126 4364
470 474
4166 4168
1070 2002
4504 2244
606 4744
4946 4950
3038 4868
686 1084
132 4960
66 4648
340 3032
76 4578
4672 3458
682 4706
336 338
302 4940
4828 740
792 3644
564 2692
272 4630
4894 428
3542 3782
6 4694
4952 1504
3674 938
818 4056
4054 352
2394 2384
72 4592
154 3054
3524 310
1222 3704
730 3768
980 986
1002 4298
1558 4366
1090 4004
2492 4942
1048 1564
4500 1460
4096 1584
2112 3314
2333 615
1770 4298
3158 3496
1698 4302
514 2726
2612 424
192 1830
704 4340
144 2726
4510 4102
4588 4592
4 2366
4706 3674
4240 1274
4435 1327
1688 4164
1228 12
126 1956
1404 4236
270 4306
3464 3460
4148 1074
2896 594
2934 2008
4790 1396
782 3898
4726 878
2326 4778
4182 2258
4244 476
252 2664
4190 1596
2502 4722
1360 2888
2360 4328
1536 3688
4022 260
1546 2326
4270 1588
1070 1094
3546 3550
3916 1134
4740 1292
4964 218
416 4930
4482 10
126 4472
3742 3748
4492 1172
4330 2068
4518 1630
4870 2208
4164 3718
1122 4730
464 4760
50 4030
4212 1160
3896 46
1320 4052
466 1986
2768 4534
2850 4402
3862 886
132 3184
726 1626
2842 1762
4908 532
964 2416
2600 3798
1562 4508
4838 884
1496 1492
836 823 2025
3940 1222
1252 1910
46 358
4688 4686
1822 3488
1726 1700
316 4014
4894 140
468 3140
2582 474
262 1850
4708 3138
4794 2560
3652 1828
1146 3408
3110 1470
2336 2334
3272 78
3810 1628
4675 977
4320 250
4088 4102
4568 2146
3502 3514
108 4482
636 4578
4358 576
1984 4534
2548 1918
4 1514
4250 986
904 2116
1944 508
210 3956
4570 740
2138 498
2174 2164
2326 350
4328 3176
1872 4958
3670 520
96 2406
206 2794
294 2328
512 522
36 2026
4692 2816
4874 2648
2296 38
4624 716
4818 354
256 4892
4642 592
4772 636
1196 3216
136 1928
3600 2212
94 2736
196 2582
3636 844
948 3402
2852 4410
6 3266
210 1302
1516 4930
3902 406
4830 4828
3256 3252
4934 2040
1960 4758
2268 124
758 1832
3902 192
694 702
472 3608
4392 3352
472 2898
4290 1638
2234 458
4106 254
3076 4306
270 2522
170 2368
4352 4350
3764 1080
2740 2746
1214 3102
850 2354
4636 1894
3720 4086
2674 1766
4566 4952
2402 448
12 240
3142 2812
52 1202
3670 156
482 4816
1576 3252
2600 4102
4624 3148
3406 4672
2166 3652
4532 2170
4032 16
672 2754
3264 1178
2374 198
4300 2592
2844 2860
396 1024
1036 3254
590 2430
1318 2030
336 3128
4818 4510
1088 2910
62 4410
1840 3620
1522 4756
418 4504
3300 3298
3526 1298
4470 4466
4256 102
584 2084
4172 314
2212 2208
1414 4908
80 600
4152 3306
2212 2218
3714 626
3118 672
948 4250
4870 164
1905 3673
3192 4666
410 4016
1088 3468
2626 4624
146 3894
1494 3176
2836 4926
868 4710
994 3842
298 300
112 4546
4661 3628 2025
4614 3888
590 4292
1268 2814
204 3722
4542 1968
2790 10
498 4216
2782 2780
1182 2852
1646 4952
2844 2840
106 3042
110 1962
34 4310
396 3982
4808 666
1332 4274
2628 342
3416 3408
1654 4578
2662 4764
1278 4872
1742 8
4340 3388
3930 100
4830 3826
1274 616
2036 1248
2554 4072
2336 4596
4882 2738
4396 2020
4674 1334
338 4764
2020 660
1984 1992
4064 402
2026 4800
4600 348
3938 4914
910 4396
6 4500
4262 2784
1548 4832
362 2960
4700 1734
670 4074
2662 4738
3200 4754
10 4888
272 3692
2668 2664
4192 2886
304 3192
3698 1308
3878 930
3948 4838
566 2260
2774 2780
194 2826
1078 4890
2856 4920
3284 646
4 4072
3416 290
1516 1524
4832 1154
4526 4522
3770 2270
4198 4856
72 4368
946 82
4188 1736
2704 4954
1124 3864
1864 3776
420 4616
1778 4652
3032 176
3790 1102
1068 4380
652 960
4658 4656
296 4154
124 2952
3522 2830
4712 1448
2000 3418
3292 4492
4960 4738
4672 1206
1288 1488
280 1826
2580 4938
3286 2
4436 4056
534 2974
4946 4942
1934 550
3342 4368
4012 3992
1912 4966
1066 4872
4792 2334
4910 2026
4822 114
94 3464
1632 252
620 2732
4846 2048
2312 676
2068 1108
1840 280
4450 2896
850 4904
4753 315
4588 580
4424 438
4610 3006
2214 1094
2562 756
1930 310
14 4410
130 4670
4168 1646
1204 124
3736 1128
4388 1628
4810 1588
4657 665
4180 3220
4342 1330
36 3100
2764 4906
320 3180
3240 378
2636 10
510 4916
56 2870
4874 3054
278 3852
262 2592
424 4628
2108 4738
1458 326
1544 46
4404 264
426 4108
346 4490
630 3766
1088 4802
3148 1848
36 2134
2474 186
4332 1710
416 2788
476 4434
514 3992
718 746
284 742
190 2890
2848 3498
4260 904
460 4466
62 4934
6 4162
4746 1512
1992 4824
388 2328
4000 634
898 140
164 2958
4238 2700
834 4150
4424 2638
120 3628
3876 2070
4084 1118
728 3136
156 3774
144 2986
140 3572
154 1524
2222 222
996 3776
438 4928
80 2892
4650 200
366 1414
794 4190
766 2312
4110 2012
970 702
3128 3136
992 1662
4680 1898
810 110
898 4776
1566 2250
442 3456
2474 4694
1088 2732
2890 4422
20 3808
4060 52
4858 612
350 4884
4344 2482
4850 464
4234 2012
3508 470
4914 4044
850 3758
1420 4834
46 3314
4222 2158
3076 298
322 2548
3556 2500
2298 22
2722 172
396 3558
290 1350
4142 552
1482 4140
118 3854
1600 4716
1088 2434
1102 4900
2860 188
1638 3674
860 2546
4336 558
3666 582
1222 1230
1786 1782
2358 122
4834 1940
3632 3622
536 4874
402 3974
4960 856
66 3586
820 2934
3422 4498
4402 252
2178 4
518 3298
182 2634
4130 1154
1222 1210
3060 4688
4618 2896
2182 48
4874 2356
1648 1656
836 3142
604 3882
822 3532
4696 3988
2170 60
4670 3418
694 982
1166 3754
2242 2748
2878 544
180 1612
4054 4052
1590 4830
4674 388
2020 3838
784 774
4462 666
1294 2892
1274 1276
1050 1558
2998 1622
728 4352
4612 348
2724 646
380 3254
14 3152
158 730
698 4156
884 1694
838 2508
1302 2126
4782 2320
2588 920
2792 788
3910 4810
1312 3512
3634 464
4888 4872
4964 1776
4080 318
4228 1712
812 1062
377 4390 4157
1724 4842
4154 2226
188 2128
1412 2768
1186 4910
586 2648
4292 4302
4842 3268
200 2584
4450 4444
1806 340
3930 4884
3300 100
4822 2298
900 538
96 2336
3112 4426
4724 1696
3338 4128
2578 1092
226 2234
836 3180
596 4830
656 4782
4120 1186
3258 368
4918 2218
2806 4728
856 4372
1986 138
4468 82
1734 608
4762 352
598 72
640 2646
3108 762
364 4028
238 2920
4532 1376
2714 4450
4454 1392
4826 2970
4540 1348
4140 1310
4266 1044
204 1604
566 2200
4760 3638
454 1218
3864 116
528 4880
4132 1094
110 1492
174 1102
3308 1566
440 1640
4776 34
1858 2680
3124 4761 4157
3338 4964
834 3698
534 4352
2124 2126
4018 2286
3598 4912
348 4118
4710 388
4484 1388
4670 2322
2734 722
1130 4452
3250 1964
304 3738
1860 1604
2086 4854
3280 4936
400 2722
4924 1202
4446 20
4552 2722
3872 3400
1872 3536
2080 2078
2320 152
464 2056
704 4206
380 2316
4264 988
4476 2030
4778 2012
14 4014
4422 4420
4056 4
4168 3384
730 3470
3026 432
792 4364
2850 1280
1980 178
244 4300
4946 860
3052 360
4122 204
1730 174
3898 40
4706 4714
3582 4670
4928 3566
4954 1188
1684 4488
4430 4428
222 3528
4518 2322
2818 3646
2498 506
8 4088
2582 246
4680 1744
2584 4536
220 3604
1158 134
4908 4900
2372 350
1660 2868
3268 1020
2378 4440
272 4458
914 348
4652 4829 4157
4620 1814
2354 988
12 1506
438 4326
4626 1510
3530 1204
2940 2404
1166 3786
2056 424
996 3584
306 4930
2142 4024
244 1094
2856 60
1374 1372
1056 4804
14 2696
1320 3106
1684 2884
3588 4876
3450 778
2942 4084
60 4664
166 2640
1626 4594
3720 714
4964 410
286 2338
1176 1178
644 4532
2264 4966
3844 1054
4126 238
64 2962
36 4086
568 4412
4406 804
2350 4834
852 3030
4564 766
1558 3338
4826 2158
1378 4054
4736 948
4748 3154
4814 3560
3448 204
826 352
72 68
78 3864
4652 964
1176 36
3914 286
4760 1274
54 4662
2674 2320
1234 3390
2840 4266
1618 4714
4948 742
4870 3368
256 3616
3406 498
3590 526
4226 1632
2616 1804
2778 4514
504 498
300 3702
2320 14
944 2970
1578 2404
1228 3900
166 4876
3252 2376
1144 2634
2680 4630
608 4134
1686 3580
22 724
1002 3810
2714 486
4878 848
4454 2146
3005 1407
2612 4954
2056 1516
2452 694
2478 228
4372 342
278 2588
4614 1560
2614 382
1910 4080
4228 672
1704 3696
886 3932
2048 3478
3006 4682
1540 4936
1852 4210
8 2452
3018 2
3988 3982
296 4368
1102 1094
698 4444
68 4758
3488 1554
1374 3776
4240 2564
4632 3050
2332 124
4912 890
4206 1734
4018 4022
2010 4186
4036 4852
4516 1742
426 4598
4882 266
4542 2934
3786 3318
1898 248
1036 1038
3290 2744
2762 4274
202 3210
4198 1432
2836 4832
3064 1358
4464 810
4960 3458
4112 1130
2422 4070
4 3738
3920 312
4764 3892
306 2584
1719 2457
4968 588
808 4778
1926 1928
4684 1424
764 2086
3782 766
2330 4898
468 3334
4884 102
360 3940
4754 1338
550 1168
122 3568
2096 3910
1058 4488
4894 1140
3934 4862
2250 322
4846 1194
1622 56
804 124
22 2314
2238 4636
4438 4922
88 4136
2122 4944
1446 2812
406 4938
3890 632
1870 4964
2726 244
4930 1848
4624 1736
480 3424
816 2152
510 1894
944 3032
4884 3414
84 3796
638 654
1002 4832
2046 1806
2202 742
12 1398
1458 4258
4442 1428
3622 2218
4894 906
3326 3324
214 4072
3642 1620
2116 1038
2436 516
3508 424
1998 2498
4864 4124
2422 4558
2338 4822
816 1954
4618 1344
4524 2502
1400 110
3014 4828
2166 4680
1254 636
4602 640
4474 1138
36 3514
450 4344
52 1728
782 146
4236 1416
210 4140
3148 240
4370 4356
4244 246
2548 3164
4519 1901
2240 196
1170 1176
3386 928
2096 4460
3162 3714
1088 2070
2820 1350
4796 1460
478 4270
820 3968
2136 92
1208 1834
3802 20
1456 66
4240 2256
68 3962
4486 2604
4034 2794
4804 58
4458 1160
3826 2946
14 2186
46 2496
1802 4954
260 1388
144 3246
4262 376
1544 4444
3500 1656
68 4524
224 4770
2445 3415
2356 4884
1940 4810
1182 348
4184 46
2956 8
1236 742
4058 1710
4418 2142
1616 1326
4084 2092
82 212
1774 2408
1050 4388
4804 730
338 4046
4850 170
502 4518
92 4624
4454 1246
4968 2710
4520 250
76 2336
4962 256
660 2256
1458 4268
3460 1148
66 4412
4104 4114
2452 4900
3026 226
40 4964
472 1760
4862 4218
4918 1264
4196 2798
4430 1210
1918 3110
3370 4696
1746 538
164 2482
2790 4644
1540 1536
3214 864
852 4832
4624 1980
3046 222
1980 784
1272 1270
3162 156
2472 2474
4510 976
544 79 2025
4138 4134
1144 3860
4892 3418
478 3220
3414 1050
4294 1932
1906 3586
3668 298
34 2150
450 4842
168 288
4582 2304
2526 2528
1846 3894
3448 230
1046 2604
1240 2116
990 4326
68 4720
2100 3998
1600 82
2410 3726
4206 2260
636 4664
2748 534
2426 4576
4582 996
4960 276
2586 1230
4224 1472
846 3762
4542 1272
322 3760
2000 4184
4724 1234
2481 275
2458 180
80 4520
2634 3128
1012 4864
3722 890
1616 2474
3014 4922
1006 2494
3776 4832
2844 1184
3946 342
476 3270
1268 4244
1946 264
1242 3996
476 3884
2058 1938
218 4086
3962 252
1254 4204
1738 4756
3818 2614
4620 860
4178 650
888 3242
750 3426
1294 4206
580 3904
306 4644
3202 72
2280 3962
368 3320
4120 444
784 4210
3562 14
1850 4914
3586 4662
2860 4262
4710 282
1552 4544
80 4862
4496 2326
3984 1454
616 4952
2900 4880
3180 2456
674 1358
4864 1258
4518 2158
2884 3908
4378 1874
532 536
4822 644
428 4248
2950 984
802 4344
4394 4370
4210 110
160 3532
736 4904
4638 148
950 4810
4922 1468
1972 4424
3034 3044
976 4886
856 3736
4076 1974
3358 1556
530 532
4010 68
4952 1172
2676 336
3654 2268
4532 72
4856 1016
3374 96
4914 3066
3530 1772
2854 366
4214 1824
628 630
4699 3071
510 1402
3730 3736
4762 2148
802 808
3754 1816
1062 4432
214 4830
3918 1548
1160 1774
214 4188
420 4426
22 4112
1180 4330
4822 1780
4588 3616
3960 2446
1108 3712
3860 632
1694 2
4808 54
848 2596
4900 1358
1590 3894
956 1486
2520 4908
224 1674
3038 1174
4824 524
1140 74
1982 3852
2862 176
4852 2752
4020 1342
2434 4906
208 466
2590 16
648 2762
4150 2650
4776 4236
522 4356
3840 1888
530 3994
3566 4714
110 1712
3180 3176
2526 4790
4660 4664
882 3936
3718 4864
2056 4888
48 3548
4954 4430
3674 360
4404 524
1290 1292
972 4270
4754 664
4158 3010
814 820
1034 4580
766 2994
670 4930
4718 3744
592 3520
4454 436
1260 3858
4206 4772
488 4610
4384 442
2728 4012
1008 1516
348 1298
694 692
1438 2700
66 4766
2800 2796
1374 3910
1676 3594
2170 126
1462 514
2938 4960
4564 70
2776 912
3472 3474
4166 4776
218 2840
1652 4592
114 1948
2330 116
1974 4400
60 3468
4884 1372
3028 4498
1462 3816
3824 178
4520 1182
2028 1945 2025
3038 4260
3282 3288
1168 4928
4132 2156
3814 1536
3150 2200
94 1738
1352 124
4144 1338
2810 156
3342 1744
3286 2680
822 3110
452 4284
160 3248
4944 2674
1714 1716
3286 4954
3064 4904
1222 150
1754 412
30 4152
1382 2138
3964 182
1268 1266
2656 4384
1346 2210
4392 428
4018 338
468 4626
1160 4130
704 4894
2210 4752
4770 1722
996 4898
1548 3350
652 4058
1152 3962
684 3950
556 2038
1268 4568
3632 532
4808 2282
2338 1902
1998 4018
4252 782
3614 4946
2960 4882
212 3758
70 4842
168 4332
2436 1726
3318 3306
2557 2193
1928 1930
3944 260
3660 706
4222 480
372 2542
2598 608
164 1384
3880 1096
1502 1976
222 1016
332 4466
220 1618
4888 2556
4482 156
1644 314
4470 4476
2126 2144
3098 3096
4812 4644
3512 2524
1230 3038
2614 1384
528 3526
4948 716
3970 1182
1530 216
492 1658
2436 2432
1364 4920
1586 4350
4288 28
4964 1272
76 2252
3772 746
1860 3872
4404 602
3950 1354
828 2882
2322 3866
4950 3794
4702 1090
4042 1084
4946 930
782 4320
1126 3374
1246 1634
500 1364
3922 1254
1898 2834
906 2604
3968 2266
1574 4800
4794 2798
1780 3822
4864 2868
514 4506
4944 3534
3298 618
388 4886
1020 42
1594 3658
2008 516
2358 4030
46 2036
4680 3228
4458 992
3926 4878
4400 82
4044 578
2726 258
1160 788
1912 1920
4756 30
1018 4206
44 4250
124 3392
268 2206
418 420
728 4400
4666 2354
2228 4230
4480 1474
4464 358
498 492
3218 92
4250 4700
4138 126
2963 373
4868 1066
3112 4204
4682 4680
112 2024
978 3262
4942 1950
3408 1456
4010 126
2590 1932
2982 4926
344 4106
1512 562
4246 1170
4780 990
412 4942
3958 2998
146 3472
4 2838
114 3350
1084 2238
2720 3820
3818 1672
4736 590
1240 4340
4724 2686
4154 4156
4198 4906
4398 2342
3348 4480
4750 94
4964 2016
3950 170
2382 4584
4186 106
3134 246
876 870
2770 4778
3642 1682
748 4914
680 3416
4330 4336
1100 2038
1966 3822
2930 2924
1528 256
802 138
124 2534
680 2806
4188 462
4946 334
170 2546
2444 22
4888 2686
2038 4754
1842 4876
4802 2346
1246 2596
4768 194
492 4364
3562 1094
1688 4914
4822 326
1912 4180
10 3736
3346 158
4444 3342
130 2388
3060 166
3630 870
4438 1646
4850 936
1066 4946
16 3630
4534 898
3562 818
196 2646
4582 4276
884 4078
974 3986
166 2998
198 478
4732 90
1344 4968
4762 1188
4854 1126
2154 4072
1192 4316
3516 3514
3106 1706
1136 4570
3774 178
3830 2032
1692 778
692 3260
3672 858
712 3294
4656 232
458 444
4866 3312
18 4644
906 3022
574 1258
4792 3030
970 4968
2688 568
3622 1990
1334 4958
4904 4434
386 4138
4390 2966
178 2966
402 4614
2672 3206
4682 2016
938 1798
4358 4872
4398 3704
4590 1276
4948 3634
4962 998
1662 4544
1398 736
150 4570
3610 1274
3496 2070
3932 1814
2192 342
728 4772
1410 3384
136 130
2010 4824
14 2
2352 4444
4856 102
4832 434
2916 766
1304 3252
550 2666
2018 4828
748 4916
1636 4578
4850 2200
4822 1562
950 948
1570 3612
3096 4648
3058 3954
3772 310
3154 1248
4794 1440
126 110
248 1798
4642 4636
1470 650
4532 788
4658 1354
312 3388
4344 2530
1876 1542
4020 3344
1072 4410
3682 10
2968 2970
930 4524
2388 4168
3862 3244
3314 4918
4942 4678
726 3512
2804 466
32 3520
1806 4626
4398 2392
4922 2638
1676 4900
728 4832
2288 174
1600 776
24 4408
1160 4888
914 912
1246 3650
2838 18
1908 1896
2602 3672
2082 128
3342 366
1138 3652
4062 2016
3538 918
4488 608
1806 4956
560 574
2478 726
2660 4720
3234 630
3792 172
1440 3420
2914 828
1690 4708
1100 406
4772 2194
3452 4922
2986 4330
4960 372
590 2108
3764 1524
4060 996
4748 326
4896 2706
4192 4032
2920 4338
4798 3418
144 3488
160 3566
980 3160
1194 2126
3016 3024
4398 72
4946 2976
3570 1860
4818 2020
1200 3926
3716 54
118 3620
66 2392
4354 1036
884 546
22 4476
4538 160
1562 116
933 2517
1872 3030
254 3984
958 4220
2864 506
132 4374
4720 750
4908 2788
1704 4956
278 1828
176 3698
4072 1888
1094 4448
3844 2188
808 4962
4072 472
4860 2594
364 4526
2086 4674
2646 666
2410 4412
4516 1130
400 3690
1172 4470
1052 246
4382 3802
2624 4122
2328 4206
1642 4258
4350 3096
1334 1762
26 3268
1568 3156
82 84
4940 1190
4916 884
3510 3036
4094 1572
644 4554
3366 4486
50 842
4454 2092
298 4146
106 4538
207 4363
4688 1578
4120 348
560 14
416 2814
532 2918
86 4010
4486 624
1200 1578
4752 684
4852 2904
3662 4556
836 4720
2078 262
4336 2108
4966 4490
340 4798
4336 252
2804 4776
2642 4330
3856 1614
4614 1010
1412 4232
42 3926
92 4096
2302 754
172 2516
3570 8
3478 3476
916 914
3148 316
2128 90
4128 2536
1058 440
4 4874
4878 4846
2856 4656
1254 3428
684 674
4572 32
1814 4914
4410 58
2546 2530
4676 482
4066 598
1916 3238
554 2610
1396 166
4562 2276
3582 2116
274 3542
3104 668
910 2538
4894 152
60 350
1090 4864
62 186
1766 3160
496 4372
4958 262
126 4254
1530 4438
1538 4136
2130 4846
3138 442
2452 4828
3792 3312
38 4022
1742 1748
4640 1222
4832 524
4908 146
4670 902
1094 2822
634 1872
1444 3220
4062 1624
3108 1694
2906 2890
650 4882
1088 2124
26 2982
210 3968
3414 4948
468 4796
4616 2760
1330 3998
418 2798
356 3780
4052 592
4350 2104
2924 572
1976 3992
3384 102
2630 1188
484 1016
1322 4072
1838 508
3114 1428
4532 1286
242 1404
4796 3556
66 2178
4431 1117
192 4896
3332 582
4152 1988
4826 2086
4228 440
1082 4648
4968 3642
3272 40
962 218
2934 4922
1320 4376
512 2006
3838 3830
4390 1580
4254 2230
342 4210
1058 4386
2156 70
228 3496
1376 1374
4194 28
546 14
300 1282
338 2890
4842 1596
2766 988
2556 364
820 4300
1892 2322
218 4350
62 970
84 4284
4634 4868
3230 3382
30 3464
50 2884
28 292
4946 634
3714 870
716 3966
3368 76
724 3968
1998 1702
1588 3198
3658 32
1970 458
144 2718
2148 4444
2942 3160
2432 1270
1122 4038
1828 780
150 3140
4710 3258
4074 188
240 2390
2292 1004
524 4524
4498 26
24 986
3850 574
3722 686
4068 4924
4684 382
4410 4956
72 2092
3410 4520
2664 172
2808 1784
1370 4928
4958 42
4944 666
4768 1912
4486 1586
144 1044
1226 66
3586 1882
2396 1356
4384 3104
4444 14
4956 1258
4538 414
4416 1544
1686 4968
4576 180
3142 3918
518 4666
4830 644
782 2848
1504 1846
4 3016
838 4008
1022 4738
1886 104
504 3430
1780 182
4722 1154
564 68
232 4338
4782 218
4874 994
1400 134
3258 4896
4226 4962
4902 1932
4126 438
324 3864
3864 4508
2578 418
22 4812
4442 4440
2158 4964
1266 2600
258 244
3220 4968
4134 2570
4434 1622
580 3162
790 4780
4378 1170
4418 72
404 2296
4932 1014
82 2488
572 3260
4641 1815
4758 408
3004 4266
1612 3408
4838 1868
3680 478
36 4074
3036 4334
4660 404
2432 4780
1396 3846
1744 168
4272 398
4940 2048
4526 2238
4618 658
140 986
1684 2516
2294 1534
3320 3101 2025
4576 510
2594 784
978 1224
4592 2234
98 1866
2060 1248
1704 4708
948 3602
1084 1130
3946 2022
1152 3478
296 3572
356 2942
4584 2578
4780 2632
1066 3920
4428 1986
2904 4018
4280 740
2472 4660
4786 2856
4350 54
3086 1752
412 4654
1618 4922
2202 100
4310 1794
4476 1108
4904 368
2720 4778
388 2794
1188 268
3496 14
4898 322
1132 4040
1870 372
492 3542
1530 4600
44 2054
4170 1824
2940 4498
4902 812
130 1094
1142 118
4286 2030
4822 2892
2618 1596
1530 1070
4712 3062
1266 2768
4748 2410
526 3242
2818 4624
4581 4009
954 4600
896 3810
2707 1247
202 1204
198 1240
4372 1318
4954 1272
212 3696
1330 4072
128 3804
2836 1324
4706 4478
40 2116
4652 2398
412 4292
4220 1174
38 1262
1036 4860
1092 4616
28 3070
1850 4320
1426 4728
1102 112
4538 4172
4736 2774
4508 286
4928 2548
500 4400
20 3272
2448 4112
272 1496
4650 3762
1794 3612
3740 1672
222 3020
4762 636
804 4138
4550 408
2100 4416
2504 2496
4806 1464
1810 40
4256 2196
4186 800
210 3328
3056 346
4856 818
4936 2146
1374 3274
1108 3592
102 1750
3136 2554
1334 4646
3648 1502
448 2202
3474 4634
2130 4516
3920 768
3120 612
1931 4919
798 2310
2454 2034
1246 4418
2012 4510
4784 4372
4052 4048
3478 4674
2244 146
112 2158
148 162
4006 92
1088 4676
174 950
3480 3478
3878 40
4802 1304
4772 2530
2072 4398
3938 4324
426 3356
166 180
1238 3098
4684 2916
1048 4904
4082 554
1714 144
4926 1818
2516 1336
2374 4802
4634 136
4620 4612
3684 46
888 3512
2180 596
2448 4564
4134 2206
3938 504
4766 3838
4660 1972
986 4080
1520 4164
4446 118
4870 1530
2112 4530
120 4846
4262 2418
2702 4604
4016 4014
1692 1462
3614 2728
1740 4256
254 4882
4348 456
1790 1136
4650 4202
370 3818
410 1271 2025
4958 4750
3016 1256
674 1164
3334 1362
2254 3216
3086 4440
4022 4804
4938 2374
482 1570
1056 368
2932 430
1756 180
2218 986
4900 1022
1890 274
4186 2276
4958 2316
192 3060
446 4330
1458 172
502 4086
4934 1902
1770 510
4540 3536
3436 516
2634 376
4198 242
1586 562
4026 4024
422 1026
1538 3294
3528 4876
3960 2112
1062 4614
3184 4896
368 4694
2534 4340
3944 1876
4876 1920
4498 3662
72 678
2158 34
4912 1064
3368 934
4868 1974
1202 3284
1092 4340
954 2530
4822 600
1082 4962
600 1668
2184 2186
1036 4302
124 3642
1218 2386
8 4250
1706 900
512 3896
2814 1052
1232 284
1968 4712
3502 172
2502 3732
28 3720
4352 4356
734 3702
4160 4898
1528 4884
2714 4902
118 638
622 3738
234 4772
794 4304
3878 4436
1544 214
1494 3776
2378 2380
762 4790
706 4426
2258 1712
4292 1594
2956 930
462 3298
4966 2752
3226 1438
4802 4814
2612 2610
1040 234
2852 2430
1422 4252
3272 3282
1014 92
4746 620
1256 4688
4814 2734
1920 66
2442 4760
4938 3178
3882 1158
2392 4644
320 324
4950 520
20 3964
2138 530
4260 650
196 2710
4928 3094
784 4538
3366 3374
98 4392
1552 92
638 4432
238 4560
75 3685
3272 68
324 4960
16 1896
3004 3168
3122 1502
642 4790
1826 788
3658 3660
1180 4690
2976 1806
4300 624
158 1902
1700 4508
4182 2962
4808 4476
4900 3012
3488 3920
2156 42
4592 3466
2988 920
486 1792
3954 4680
4228 144
94 926
1512 3022
1214 4726
222 218
154 2356
254 2272
2672 294
3286 4834
1062 3882
2190 1238
684 4808
296 4768
4426 1694
2532 4158
2068 426
414 4096
1102 3546
1156 256
1704 662
1134 3222
2168 160
990 4606
28 1852
4776 374
3744 4620
1526 4774
1670 3994
3738 1794
3754 1936
2516 1520
312 4186
1262 4080
1176 4764
4656 418
4510 2668
4730 2094
3808 2350
4382 3770
1576 4432
3514 1900
4144 1922
1202 288
3842 648
2466 3728
2674 4786
3822 1246
1130 2274
1214 4116
2760 156
894 2182
1880 3840
4166 1090
1126 1130
464 4662
2084 422
4564 60
260 3046
3194 798
406 4422
4154 1078
222 3098
4784 3974
248 3188
1470 3572
3294 4038
2678 4038
2728 104
2940 2932
3894 478
4648 2878
1590 1206
3194 4852
4182 190
4740 2788
232 3020
2892 3204
2810 872
4944 682
1074 58
8 1130
2752 1242
2092 218
296 3144
410 2882
3118 754
1264 344
3344 880
4928 3670
4812 336
1826 4952
4024 122
4854 1990
1266 4688
4514 2094
3926 2494
156 3142
4460 1616
4588 1610
4000 100
4358 420
1940 1932
3820 152
4030 12
3100 3628
10 920
1220 3128
912 4592
4212 1596
2342 3250
4438 2424
3172 392
230 4228
3348 832
4422 742
208 3238
12 4320
638 3586
4022 4734
3862 4780
2326 620
3580 498
4904 144
4906 34
46 3212
1966 1978
214 208
1416 4464
4784 206
2296 1654
3912 1142
1340 4300
1224 4794
1732 3438
3790 178
4182 344
4112 910
2368 136
3872 3014
3236 378
1686 4168
3206 3196
1750 140
3878 2194
50 3206
1108 1992
3914 72
346 1522
128 1524
3680 472
4880 924
2560 738
4696 548
644 4786
4326 4868
4572 2488
2316 1630
272 4418
4854 2618
3962 580
372 2940
4766 510
602 4898
4624 352
4696 140
4912 4918
1572 3106
2034 3344
466 2108
4252 800
3574 2176
330 4412
338 2074
4388 104
2418 3890
1672 1666
3748 4960
4160 3058
4294 676
4082 4876
42 3268
1948 3520
2268 1472
3352 208
2268 3918
3746 1676
54 818
2776 1130
4940 3546
60 4262
4430 1372
2852 2042
1408 4784
2460 4010
2956 100
2422 1990
3290 2512
3636 646
408 4136
1842 3464
472 3722
480 1904
3180 3182
1656 4594
2784 58
4486 60
1630 2492
3478 182
4208 1448
2678 58
4950 3780
1210 2496
762 772
1880 4910
3902 1988
3116 4728
3078 3724
4942 34
3446 1238
4662 4956
3184 56
2924 978
340 4644
3274 1730
4402 662
4258 3204
430 1734
1834 66
3326 1672
1608 1604
4716 1550
898 4272
210 1284
2682 10
552 4198
728 4704
4112 866
1754 3824
820 4352
414 3732
308 3802
2196 804
330 332
588 3518
2472 2468
1808 4868
260 2466
2707 3171
1288 610
2652 3636
1828 2474
2782 1542
3458 226
4964 2424
656 2710
2544 4382
1902 4606
1782 2910
4228 398
2760 466
506 4518
4808 1490
1960 3960
1865 2022 2025
162 4722
1084 4362
344 4418
1422 252
1396 2446
3728 200
2424 4160
382 3632
4056 2
1884 2596
556 4140
612 230
247 4419
150 2742
2384 4542
3040 36
4316 1426
1678 894
3058 4396
4270 4266
4230 358
4420 3694
4790 4962
1824 3564
2014 1998
4956 2130
1584 1580
612 3352
56 4090
674 662
862 3552
4696 114
732 4466
4018 1330
2506 4080
52 4020
22 3282
4868 746
2664 54
1314 3652
1746 62
2474 4468
3246 46
940 4106
520 4404
310 4844
2400 2394
3806 560
4552 4556
2816 730
2372 144
1588 4524
842 350
626 1886
4166 78
4920 1006
3302 3300
816 3902
1112 4810
4704 2256
3390 1348
4826 972
3658 2546
4714 190
3688 4680
658 4722
524 4126
3956 52
1510 2648
508 4334
3308 1186
4610 4904
700 4518
150 1338
2686 278
4092 3286
258 4928
612 3752
3388 2
2466 668
4726 902
2698 896
2904 1368
3040 82
1326 3702
562 3388
4850 1092
2886 300
4208 1616
1876 4538
1334 4314
1144 4698
4922 422
4258 256
1236 3524
106 4464
42 4524
1330 46
4964 3110
4644 690
1784 4180
2762 44
4388 2396
3218 1450
4854 1536
3340 1936
4944 2676
4930 786
352 3052
4688 1356
1870 4006
1278 4086
98 4422
4812 280
4936 2880
4420 48
3340 82
3208 4708
354 358
2412 216
4888 3630
2546 2548
4396 1118
3026 88
2764 22
2016 4930
4520 1798
4490 1774
228 792
4136 24
3582 840
488 4920
996 2864
1278 3072
2352 3304
2970 260
1614 18
1822 4
960 2488
318 10
4784 2424
260 4768
3182 208
894 430
842 4716
1670 80
3280 614
4382 686
1064 3976
8 2394
132 1470
384 4138
4966 2274
834 10
1910 4034
938 4050
1230 6
1774 4436
146 874
1952 4828
98 4770
4924 3836
1020 4318
1858 28
1230 3644
4080 4940
1723 3599
3738 600
4916 4138
618 1430
4436 904
1250 2460
3296 4456
1252 1248
2056 4664
864 2732
4272 304
440 3128
4508 656
1672 4700
2882 4946
1326 1324
90 1560
198 1914
3500 328
4784 4378
4664 3200
2412 90
1264 3572
536 4818
4118 1374
1024 4870
692 2844
76 2922
1862 1882
1428 4624
4138 724
1506 4748
2556 2554
3896 1780
836 4846
4740 330
184 3256
3176 854
4318 3014
532 4098
3826 3820
1986 1304
4922 3080
16 1498
8 4526
466 4958
794 4764
4280 366
942 4656
476 4072
74 4430
520 3800
390 50
4426 64
758 2518
4816 934
2116 576
680 1748
972 3362
232 718
678 4092
3924 2260
916 918
4664 240
3476 564
4250 4240
4900 3470
1798 4128
1924 152
1052 2012
1094 4922
3136 3158
4680 4676
3778 788
798 4600
3740 950
3860 384
84 1588
538 3234
416 3100
956 4202
2582 4502
132 2740
184 2772
288 1726
996 3906
2606 670
2004 3248
652 2878
2196 4836
1128 3290
3672 2342
3828 4260
4038 1802
4968 1684
3030 4464
3904 3906
3308 800
2804 486
3000 4058
3768 1326
1104 3534
1706 326
1452 4880
1220 4134
4912 1962
538 2192
1708 130
1002 986
2712 3748
3630 4488
830 832
52 4848
4168 4182
786 790
4270 3584
3631 4619
4072 834
4180 48
3692 3686
286 1904
1044 3188
4766 3390
706 1786
1656 2748
3550 1184
2178 4492
566 2178
986 4688
50 3424
130 3938
422 3566
3328 674
4780 848
4824 1626
558 4936
2244 592
306 4534
832 166
4016 3056
4964 2148
4478 2914
4705 4762 4157
2802 10
242 444
3848 3266
1308 2560
4000 4712
1382 3248
4506 4196
2814 322
1314 4470
4498 1900
4628 2498
2010 772
4900 1748
2956 4910
1588 452
4574 512
1050 2884
764 3192
2306 4918
2256 338
4080 1216
2406 4708
1410 4870
4750 1548
2848 14
2958 2954
3944 18
2022 2018
3726 4956
816 4966
4930 2988
4158 1546
2328 2488
2582 1208
2738 4906
1898 3724
836 4634
144 334
876 2574
2304 4674
3112 260
4566 1818
4260 868
1368 1278
3980 3972
294 2432
874 4614
4115 763
1392 4962
898 4614
3378 568
4794 686
1420 3538
470 2224
452 3642
4894 2338
1408 4670
108 4696
3418 792
950 960
4408 4410
2424 3276
712 4846
3534 268
2676 420
440 432
1331 4265
4622 926
3832 4874
4794 4044
1150 1136
4776 532
182 3510
1808 4770
170 3448
2912 4002
1802 3762
3884 4898
1430 598
4960 444
4564 2398
3518 2618
120 1788
794 4668
3090 992
2274 788
1756 4738
3714 4948
4552 3922
1082 4040
866 2290
4016 2104
74 4518
4890 3516
948 4088
1918 4730
4956 2268
3578 4242
2128 552
3794 434
1652 4868
4686 2450
1196 2754
4156 3808
4510 1056
4672 394
286 1990
480 3842
3948 1382
2620 808
694 1244
950 4580
4964 918
4818 4260
2134 548
4958 2922
2410 4786
3666 1732
2126 444
3564 972
218 4828
2798 644
1848 842
934 3492
4094 762
13 4534 2025
3862 138
4466 4460
4316 4246
3422 1112
370 3674
2806 1826
2464 4298
4756 1258
1838 4528
1480 4120
2254 1209 4157
4900 968
3352 1350
3604 888
2008 428
878 4322
714 3328
3190 1810
3074 3064
2331 4161
3834 1328
74 4882
2902 680
212 4896
4410 2450
3496 24
3830 564
2466 2468
2368 4488
2028 3430
64 4290
3776 4904
286 88
2582 1002
2916 34
4502 626
4222 2346
4786 854
1134 3408
1652 2652
1758 3056
778 4206
4660 830
2688 2680
4566 1768
200 4658
542 3192
4914 1496
3674 1152
3404 1014
2372 4436
4882 2932
4876 1854
1792 1810
2692 2688
1848 1524
352 1156
4066 1154
3236 4604
1980 1458
1864 4202
4892 4894
4824 340
4274 836
820 2116
4164 168
1396 1380
4960 2000
976 438
778 4554
3926 4452
2000 3488
1230 4714
4894 1800
2178 4090
4298 56
3880 2156
1146 4460
3607 161
2432 4414
4514 444
1806 4306
298 4092
4116 2050
4848 4858
3632 4916
3450 874
4964 3980
907 2707
2804 4102
4150 264
4708 1796
474 3906
2920 2924
3288 4714
3700 4900
1376 4658
758 140
1754 1294
378 4322
2658 1474
686 2538
4618 4678
114 778
3604 338
1320 2728
4564 3752
62 1686
3404 4814
332 1480
3312 2980
4258 4768
2614 1346
106 4478
384 4950
2122 384
234 3034
52 1598
2380 4918
3004 3732
190 2706
2698 3906
4122 740
3996 1282
10 2754
2022 4894
272 3916
3954 4950
3414 1302
1740 4570
4842 1710
4680 840
4782 478
486 4922
278 3256
4646 4648
104 3728
3768 3138
4266 1346
842 4872
240 2772
1786 252
4964 4268
2464 4534
4194 4960
1382 4340
792 3204
68 2692
448 2228
1492 3448
608 1334
286 4724
116 3664
3786 618
4182 1664
160 4306
786 2722
38 3042
1306 44
2350 2348
186 3974
4038 856
4668 68
1974 4850
3456 334
684 2932
4020 1882
2174 3962
3540 3840
310 3874
4846 2552
352 1966
426 3884
2746 912
4560 1232
362 3760
4614 3444
2216 3806
200 1982
62 2966
482 4428
1670 306
1590 4890
1300 3646
1358 6
3454 2
3720 3730
4874 3600
4724 1800
2652 4796
1480 3598
3168 640
1392 2868
4452 2088
4816 570
4582 252
4914 584
4570 2458
1188 4160
4286 2414
3724 1462
1042 3946
3630 604
4386 242
2496 744
1124 4756
2814 444
1186 230
4508 1840
292 1270
1774 1770
90 2258
1526 20
3892 902
3920 2634
2214 4180
808 4720
3232 1698
84 4962
222 4018
2236 3012
250 4948
488 1636
1148 3306
260 3072
2908 3242
92 1996
180 1868
3078 4836
384 1644
52 3490
2816 1322
406 3700
4356 370
60 2264
2730 14
2376 1276
3566 3572
4460 382
422 3722
706 3710
3788 408
3594 346
4564 3124
3516 4772
2864 2240
4840 1096
1122 1126
3594 3602
262 3666
1772 3962
116 3216
1438 1422
1282 4740
2 3408
3940 3936
1658 2674
114 1246
3128 4770
4954 296
322 4028
2068 4400
4698 3680
1186 3620
1350 874
3140 24
1644 1072
758 2806
3314 12
660 4562
4856 680
1664 4404
1658 180
652 4738
1584 4810
4300 216
1794 4178
4854 4722
2248 174
1366 1364
574 3970
164 1246
1324 3350
14 290
4138 3532
4920 4962
242 4204
4320 3002
3306 1780
56 4472
838 4212
798 4966
666 3810
634 940
1746 114
4926 4922
4912 2430
2738 28
450 3926
1280 4108
586 4616
202 2392
4488 3920
4566 1078
24 3686
2124 4918
4952 2972
4582 2758
388 4270
1626 4740
4282 822
1944 300
3762 96
2166 4472
4380 2512
1470 4862
574 3348
4714 370
330 2630
2514 1750
1756 580
1504 178
3322 3324
1266 140
508 2418
1690 4706
868 4454
4050 640
2674 1096
2156 650
178 2768
3658 2174
1808 76
4934 34
490 2816
2082 2544
3172 4870
4444 818
3774 146
2106 2986
3720 426
4120 2938
4074 1168
2348 146
4740 1096
2888 4608
4790 1330
1102 3226
702 3144
2832 2814
4096 88
782 2030
1316 1320
606 3570
2198 4920
4 1370
2266 4830
206 4914
3548 748
382 4608
1336 3978
4402 666
3145 4863
2815 2457
1176 3602
796 3528
4538 2252
1266 300
4462 1050
1680 1276
3716 476
522 530
3530 106
2770 3230
828 4524
1862 2992
4252 1048
4156 1074
3782 214
610 3622
3800 4462
1848 274
1772 816
2908 1544
144 138
2174 3622
1952 414
4440 4430
1098 4482
4700 170
4180 2264
2990 4662
1460 4448
122 4466
896 138
3238 4132
384 4308
4712 1124
1008 40
484 2218
174 4310
618 4792
1182 4422
122 2830
4718 178
4924 300
3446 1732
1112 3640
868 4570
1684 3516
2736 2724
3864 1204
1288 2510
4424 214
2234 4944
2356 4942
4348 1612
3916 4664
4368 234
2048 4092
2968 3226
1264 402
3876 1636
4812 2410
3914 322
2680 1322
300 2236
4752 758
350 1816
4780 1900
4790 92
802 3052
2590 3898
740 3930
30 3040
4752 3434
3926 2650
2140 66
4526 464
1260 3634
524 1678
4616 4180
242 2982
4350 1568
3710 3704
1808 4762
1990 4636
1196 4300
4702 978
3612 78
4704 280
2414 1782
252 4070
502 3066
4340 2432
4952 1346
1814 98
4084 3262
4938 2462
4626 548
1252 4664
4844 284
98 3854
3458 320
4710 2460
1974 4204
4464 3064
50 1174
2324 38
2184 2178
2556 3146
4964 3480
492 4690
4706 510
2256 4440
2814 4894
3056 78
3016 3014
78 3796
3882 192
144 3376
1130 50
3986 2184
326 2720
2306 1410
714 3248
4582 274
4888 3676
3986 204
356 1964
1414 120
2746 4098
826 90
452 2180
4958 1474
2400 524
3062 508
3960 3708
2144 4774
1600 4316
276 286
284 1882
4022 2490
1100 2438
1740 3986
536 540
4902 3014
132 1220
3778 3780
4868 2284
1686 3796
2854 3442
3940 4318
3158 4074
684 690
36 3298
4910 2426
2970 4650
4768 2446
670 3884
606 2200
3508 680
1530 2694
1104 4074
3194 4536
1892 3630
234 2268
652 406
3942 150
1246 576
4412 282
1300 1306
3804 718
570 3972
3160 56
3854 192
2482 2486
312 1072
3390 2150
2548 248
402 3216
1428 4930
3608 4416
3300 730
1406 3538
22 3024
4450 260
506 4700
2546 4666
4916 1616
3246 4294
2964 1000
3634 2250
1296 3616
78 2076
548 4074
4490 4488
3416 2604
1908 4806
260 1596
1868 196
2562 4946
3672 916
410 4922
4898 446
526 2260
124 2488
654 4490
4 1756
2180 4716
3788 42
4498 678
4288 4280
2532 3564
3136 480
3194 360
4696 134
2978 24
2936 496
920 344
1938 52
4140 82
1998 498
1816 3292
4344 858
3960 1444
3576 628
320 1740
1674 3848
4120 328
684 4278
3022 60
732 4560
522 4168
3024 100
1964 944
4260 2138
4302 1612
1790 2722
1608 3618
4868 3420
4838 48
1590 3464
404 4004
4500 466
4724 104
4686 4036
2660 2
3896 240
4370 2172
452 3956
4518 4936
4760 3248
10 4284
3950 1502
192 4820
372 3968
284 3542
4878 1136
4754 2220
218 3470
3208 282
176 2210
4064 3342
4800 4796
4190 2134
4478 1142
4462 2022
3922 588
2638 2616
1234 3720
3390 1330
1202 80
4858 3030
306 854
2066 4880
4434 3426
4252 4256
4467 4642 4157
4518 3260
864 4500
3878 3880
2308 334
2804 944
4378 308
1404 402
428 3056
3252 4168
4834 704
960 4700
3238 238
3006 366
2934 4812
2570 4724
2224 12
828 4018
1308 4114
4198 4944
2210 4456
4492 4498
4652 2572
1208 3538
1722 4432
1168 2910
16 2040
264 4108
2460 4400
2776 180
530 2978
3212 256
1404 4692
2306 140
3964 3968
2706 3810
1166 2966
1178 1182
4272 134
3168 4952
2594 4954
120 3112
520 3058
4834 516
4256 2184
690 2350
4574 1824
112 2416
126 4210
2898 1792
4916 4346
200 1492
4404 2584
1996 220
4608 1286
338 2460
4112 2590
3116 656
496 4446
1333 4219
898 4326
3038 4834
1538 3778
1034 3484
3758 188
164 2328
1926 3998
260 1966
4956 3862
3418 2590
380 4752
2462 232
3922 1136
268 3726
768 4456
314 1416
2644 44
4408 1736
546 3948
352 3412
4504 502
426 4548
3666 370
434 3386
4460 1316
2098 4842
284 3156
26 4444
1856 4944
3778 454
3494 4946
3750 398
1488 3836
72 4326
164 2686
1010 3648
4492 2826
3272 1578
1296 1292
4586 36
280 3204
4010 1074
3522 1786
1306 1316
1740 4954
4072 1432
4756 508
646 3088
1486 486
248 3578
674 3408
426 26
2746 4114
770 3600
196 972
220 2720
4392 3530
2154 4720
3556 320
3638 1868
1030 1944
4556 8
2946 3286
4604 224
2772 884
4312 314
1354 3486
32 438
2340 1124
4030 1984
4782 4780
3594 4864
4314 396
2436 2384
1048 3964
3946 680
4398 1460
4330 28
2894 100
2706 446
254 2312
568 4758
1260 2642
3794 1006
3372 1354
4466 484
2544 1368
3924 3922
1278 1282
328 4166
1574 368
952 892
4358 1374
844 3118
3802 3800
4303 4499
1576 132
1988 3340
3896 302
4222 712
370 3354
2706 4768
4656 2898
2004 3122
3868 98
322 4752
4078 708
4922 1278
4410 2368
2330 4870
424 964
3862 3872
3044 4308
652 166
3358 3670
4836 336
3382 4944
4966 3662
4118 2518
1044 202
4956 2138
2270 568
3214 3220
1714 4178
4842 1958
206 2462
4128 1154
2314 1092
1076 2064
4298 1506
2502 4656
16 4912
3022 1808
4522 2710
3126 592
1748 470
4698 216
4652 18
3646 4322
318 1940
1182 4386
1410 4470
4122 3534
1764 418
4130 1294
3982 1072
3906 20
4188 3446
102 4460
1776 1774
3236 4904
794 4068
4806 4296
4088 2238
2454 800
372 4120
1270 3046
1790 3190
1176 2600
4126 212
4714 4722
3604 1392
2832 2836
4716 378
4322 3490
1294 754
4939 1297
4676 728
4360 3084
80 1494
3986 1608
2646 2662
2748 3686
4554 402
2312 4428
4578 32
1136 3678
4790 4799 4157
384 1580
4520 4726
212 1110
4550 3858
3788 4954
1710 86
4146 4154
1030 4174
3162 820
1372 4356
3280 1040
4062 230
1840 3304
1320 3366
60 4944
3586 4844
120 3416
1242 4370
952 4088
1844 4448
1282 4774
2888 538
2800 402
158 4074
418 2996
32 2316
2406 1168
2890 4010
4184 564
1624 458
76 4230
82 3008
4752 2322
486 1612
4958 1022
3452 1006
68 2794
74 3862
2906 4916
2874 4094
4844 1178
3427 2149
206 3572
3624 908
1200 204
1400 4598
4730 3686
4844 2216
4728 1252
512 798
3442 3814
3298 1144
224 846
4190 146
1930 4090
4306 1166
566 2846
2102 4648
1502 606
2234 3858
4066 796
340 884
3920 1664
3282 388
1646 66
976 2048
3858 4244
2888 78
3556 16
1144 4580
4638 4200
3472 2180
4454 1776
4642 4646
4058 1944
738 4828
2266 4630
2740 1744
2884 220
1236 3692
4734 2990
2196 4782
1930 4212
2794 654
584 3436
1534 412
4204 3204
4874 914
4026 256
1000 1714
674 1844
1020 4548
4754 1402
2454 1196
4934 3354
2478 3986
684 4954
294 286
4612 398
886 4006
458 4894
2822 208
4392 1046
1844 3876
1260 1262
3218 2106
3640 4232
356 1368
4568 1512
2814 4334
3862 3852
3886 1626
3670 3134
4866 1062
4868 3462
3184 3182
1176 4598
2002 4710
668 3702
872 4632
2044 1064
1738 1742
1086 3358
4070 712
2682 1554
100 3740
2722 4420
3186 3192
4250 2748
3658 3654
4478 1320
1480 4046
4418 416
4764 1848
1200 1202
2150 826
3288 380
2538 446
2908 2912
2358 2350
478 2874
1042 4738
2968 186
4108 256
1768 58
1974 3902
4742 1618
3044 402
4100 1466
3982 932
3508 1950
4502 2844
3614 4818
4660 1514
192 4632
1706 952
598 1834
1430 4362
4530 4316
3318 952
1536 1526
2982 3820
4562 1732
144 2874
2952 2954
2114 516
3738 922
74 4708
2476 3946
4232 106
4280 1194
1072 3746
1566 1286
1210 1998
3798 4478
1820 3736
460 812
1936 4844
4506 136
3552 4474
4604 2172
1838 2922
6 1938
1538 3474
1172 4800
3478 220
442 3882
1336 2436
4748 4758
2040 4968
1450 2568
3096 2534
938 3746
3440 174
2628 4534
3124 484
4402 258
2968 3570
2516 1202
4848 4844
766 3220
2150 2260
1012 4182
3748 3750
4918 2070
4590 410
4812 110
4928 4432
4808 8
4750 710
556 3726
2468 4588
3604 226
1884 78
390 3998
3502 26
92 4836
1144 42
2120 4924
798 4724
1516 4628
2516 2510
3460 96
474 3606
3758 1236
186 3078
2302 4838
4908 1396
1300 3422
3404 476
2 218
570 4634
186 4222
4778 708
278 4462
3330 3642
3878 224
2154 4966
3080 4570
4008 2540
1040 3182
4938 2880
4948 964
4120 1912
2768 3902
980 4916
44 3442
3582 2012
910 4114
390 3244
3978 26
3996 398
3002 3006
714 2164
3722 1314
1042 1566
578 2922
3046 4950
32 2336
3288 1292
3632 4476
508 3092
1998 4962
260 4344
3692 3698
2632 616
434 4732
3104 466
2994 1090
4728 3240
486 4654
500 54
2576 1426
3298 230
70 4742
3616 4872
2760 1420
2972 3504
4906 2590
3296 3292
520 2406
1770 4110
1104 3544
62 1210
1386 742
4936 3732
1430 558
236 4340
2106 2116
4688 2670
2230 2238
2968 394
3302 3304
4846 416
4836 4418
16 4546
768 4846
544 1806
686 4954
4782 1428
3024 8
4830 1562
3760 4840
524 4864
4940 2022
1378 86
4468 1686
3122 4438
2384 1060
4338 1008
306 38
4627 183
4020 316
3900 1128
698 4008
658 1946
2134 98
2874 2866
4420 344
3414 212
202 3454
3562 4704
1056 3166
614 3874
3432 2120
400 3754
2574 4830
1958 4908
4466 316
2874 4714
2334 2332
230 3458
228 3400
3608 62
2496 3650
4052 3502
1744 4682
1972 154
3572 4812
504 1606
4428 1700
120 3546
174 4432
2778 258
2914 668
4912 822
4748 2052
1256 4742
2054 876
4508 546
4834 1046
2266 90
3566 494
1882 3082
3170 1346
535 3191
2518 72
1500 2010
3968 2138
2400 2402
2054 4118
4398 1560
1330 3776
1840 4518
4858 560
336 4530
1142 360
4344 444
224 4808
4286 2396
4275 4957
3682 1284
2926 1054
242 4290
4838 482
3486 3482
1322 4946
594 4448
4038 1296
4496 1084
122 3946
2470 40
500 696
3458 1682
1156 4166
4820 4824
566 2360
4122 820
3844 2040
2890 146
286 2370
2554 4836
1636 2682
4894 3774
3808 250
4478 1700
1642 754
4080 292
4594 3594
1416 3084
4576 3060
4544 116
4608 1398
410 2828
4886 148
536 3458
4462 2894
4124 4118
4866 2256
4022 78
492 490
2514 4924
620 306
10 520
4960 2304
134 506
322 4894
3450 1574
2312 3336
790 4070
948 4650
578 4102
3744 854
268 3972
1126 3832
2010 636
1140 3066
1854 3170
680 2318
612 4136
3496 3486
48 4244
2092 4944
3756 1002
3444 4852
3426 398
4954 3532
780 1316
2296 3734
2336 4898
1386 4578
3538 1266
3236 2684
2190 3970
2530 366
4442 4444
3174 3176
1140 2392
2534 116
76 4232
4536 4112
3300 4770
28 674
3604 8
2312 1854
4552 4548
3532 4912
4184 3014
4702 454
2534 2278
1538 72
4562 2474
4286 6
257 4312 4157
3698 4954
2610 240
3478 40
4658 230
4248 300
4952 4186
1174 2288
36 3984
418 4582
40 742
1710 4076
4796 278
890 2442
4104 284
514 2366
4566 842
4862 648
2686 582
480 2354
3996 2250
2960 100
180 2250
4922 1454
4222 3114
3358 4962
2398 4926
4660 3752
4656 754
3440 110
4622 3354
4888 2076
3708 2536
2638 1184
4694 390
1566 1134
3610 318
302 4906
1584 1588
424 4816
12 3646
3598 390
4600 2950
1592 4946
3626 4462
2826 2312
686 1650
1896 262
4516 4522
4246 888
3662 776
36 4274
4296 198
4522 526
3290 810
4660 2254
2108 2171 4157
2846 1484
420 4800
2372 3168
1506 84
4432 432
116 3148
3224 206
1240 4658
42 3170
4918 576
3190 2492
1478 4916
2700 468
2596 500
184 422
1700 4662
2900 552
4626 586
1678 4700
3274 498
4434 1526
186 2764
2150 3680
1556 3318
550 4822
1000 3388
2976 800
274 4842
1884 1400
2546 4032
1302 4928
4204 560
4078 758
2586 1380
2926 4116
2482 2474
1488 3814
4702 2224
582 1556
4806 980
3122 140
476 4258
4390 1716
2744 4828
4890 938
1068 4324
2466 3888
928 348
310 2076
554 3872
494 3778
402 3152
84 1162
1194 4590
162 3688
182 3726
778 344
3096 2780
1504 1496
4596 4600
4920 2114
4910 606
3918 702
2244 482
4048 1812
136 2696
1348 608
380 4888
1384 4138
1284 3572
4632 1524
140 1844
4408 72
456 1600
1122 4194
4216 2532
306 2238
96 4202
3032 1504
138 2824
62 48
4414 2222
1304 4618
2670 1852
4346 922
4908 3526
4126 18
4352 4932
662 2848
2708 4016
4746 190
82 230
3158 208
924 3026
2952 506
3505 1387
2438 4642
172 3858
3252 3246
3316 252
1388 608
568 4538
4190 4182
3776 272
4452 1762
2590 4854
4570 4344
4902 286
3664 4948
2966 578
2 3852
2090 322
4918 1770
464 4704
4752 1550
1556 2680
4636 1850
300 302
4614 1588
198 2838
2802 618
228 3764
2882 2890
4448 3716
4716 2426
2062 4286
1210 2724
3548 2254
2322 4612
4610 2116
1754 1750
854 2586
336 3290
112 3878
2276 724
3238 1442
3054 3052
4828 212
4892 2458
1128 3382
4666 1218
2588 852
1862 4130
1930 4114
4220 168
2714 766
284 2488
3372 4400
4820 2564
432 4944
3978 4568
1514 4730
2870 4394
254 3072
4264 52
4942 162
1958 398
4684 2340
3630 866
2058 4726
2406 4718
328 3684
2716 444
1254 2610
2344 2338
4542 2920
2438 2448
4804 2178
2796 4684
4354 3046
1460 4942
3638 4770
2654 4302
3894 4424
4944 524
1472 3716
4896 1528
3188 1160
4852 2364
4944 2110
182 844
1566 2118
200 3952
1782 1778
800 802
4228 1830
2012 4494
3254 4430
4288 114
3708 148
3452 1778
804 4490
3206 4342
4410 1982
2858 398
4212 244
4112 286
1156 1170
2906 914
2582 3874
4888 4892
382 3942
2118 3262
2524 2522
2700 1688
2744 4352
136 2116
1124 4482
114 1682
2912 2916
4686 890
872 4844
4316 752
4722 404
3060 4962
308 2684
488 4706
46 884
4456 2016
2371 4337
1398 3498
3206 4968
1630 1636
4648 4654
594 4760
4806 2726
1596 4150
4440 792
3240 1268
1914 6
200 4228
4586 724
3132 4894
2866 4706
496 4824
1504 3698
3924 112
2794 2796
2150 84
676 4714
1382 4802
3860 1182
3232 1564
1578 4190
3784 1006
1448 1442
2920 4920
134 4510
3384 4878
2920 2916
2006 4032
1076 3478
834 300
858 3886
1250 4658
2556 10
392 36
1302 3968
4938 4942
2958 1332
2166 970
2514 1000
2916 4968
4060 444
574 3254
3338 628
4890 3114
72 4584
1146 4938
4820 440
530 2930
284 2140
2754 4878
1872 4356
38 348
4918 24
3664 4822
4608 420
2444 4934
146 3160
1998 2238
1796 4626
3282 2872
4826 22
146 1262
1576 2956
2990 3438
844 4364
3838 2432
292 828
2934 1410
4620 4468
2664 1406
348 2676
2054 4776
266 2534
298 2670
58 4394
28 3098
1054 3968
12 1402
2784 54
150 1618
4208 2848
254 4754
690 4310
1668 82
2630 4540
3762 478
4230 2664
4280 882
604 4352
4328 4946
4726 4824
2864 146
4818 68
3052 1816
1994 4968
1256 2288
4800 4300
3986 1296
3218 664
1576 4518
4848 3374
984 4934
362 4292
4362 296
830 4836
2482 926
4958 2856
1090 4348
2538 294
4636 3010
3352 170
3664 978
2562 398
66 68
4700 878
442 3912
4608 1130
3902 1518
230 3002
206 4544
786 3244
752 754
3280 4856
2974 2016
2500 4672
1232 3034
2878 4886
404 396
4776 568
98 2692
3270 4844
4480 362
1126 2924
1416 4094
4054 4058
4516 438
4888 630
4926 826
3730 394
4632 828
3128 3098
736 3470
194 4504
658 1860
462 1800
562 3848
4750 180
606 2418
3624 154
2460 2466
3534 624
3830 4500
94 1496
4288 892
3466 1700
4898 1908
2228 4212
1490 4182
2008 4466
4748 196
4782 4784
2702 4932
428 1130
1806 1346
68 1312
918 3892
2578 4608
392 4642
1768 4780
2108 4560
3040 62
4650 2236
720 4918
3934 3932
4124 2646
1618 3560
4932 1914
2740 4
4276 4280
4268 3276
4728 3514
4258 3874
3782 2562
3464 2702
1990 442
3702 614
4668 2654
782 3496
2356 2750
1252 2118
2476 1942
264 276
4188 1154
4820 1088
1324 1320
18 1838
1988 3250
3892 1122
3634 784
24 4298
424 1201 2025
1614 3926
4928 1004
3310 396
546 178
990 1996
2642 540
4554 3590
426 3520
152 4954
2738 4860
540 1274
654 658
3358 4914
82 4026
4024 30
4704 2936
904 4120
1240 4148
4290 2222
4700 2820
1028 4486
4130 1144
1100 2896
946 4626
940 2372
40 3944
564 2774
3278 16
2498 4838
4070 550
4388 82
3522 1116
2952 278
3358 3366
4844 3032
630 932
4294 3394
4288 882
4088 800
406 2878
14 4934
3120 690
3544 860
2552 2548
1690 3714
956 4944
4300 254
3064 1194
4286 2474
4874 1254
638 4678
2350 4386
1598 4264
812 3752
3346 4688
4012 4864
2724 2694
2466 4960
886 4854
1406 170
4578 2824
2996 1966
374 3444
3132 4330
3950 2148
4826 2902
4684 138
4418 3010
746 748
3820 426
4938 3102
4350 4344
330 4326
2004 1938
3446 490
910 2074
2366 3302
4814 4818
728 1608
1244 4440
104 4208
4504 1652
1670 3870
198 1724
694 2782
228 3456
2612 66
820 52
1936 776
1860 2380
610 1748
3282 4916
4060 1468
148 4182
1426 580
3576 1260
4956 4950
836 832
168 4474
6 4836
4738 3944
3014 1378
3956 1684
1228 3744
1300 1298
1486 1490
2234 4898
3824 666
4452 3442
4020 1458
1794 4672
48 4950
180 4908
2250 80
1172 1936
936 122
576 4508
4868 2866
2218 2222
3146 482
3652 1572
3132 4344
234 3768
1800 718
3512 550
3766 2286
2604 2594
4036 4028
3442 642
766 146
1234 174
1682 3018
3610 518
1832 3324
574 4436
4538 1232
2092 3618
4530 46
1420 100
3210 1372
4418 1224
356 4950
770 3384
1770 4580
4964 1044
652 1940
3948 396
3512 4784
4516 2842
1459 4849
32 34
778 3288
358 3928
3276 674
1258 692
4032 1142
3864 690
2908 220
1234 3840
4774 4780
32 4286
4722 304
4490 16
642 3078
532 3058
1806 42
4802 3300
4040 504
2940 154
2428 2418
198 4554
2178 4244
4152 818
798 2548
260 552
360 3532
1634 4294
4274 120
4428 1498
3056 1358
274 4878
1610 4444
1824 232
194 3446
4808 3744
4080 1832
3870 2240
402 4820
1486 4394
2964 750
2390 182
142 3964
4512 1076
2154 1500
1910 3910
4920 264
4798 1570
4264 696
424 2054
4792 1798
376 1490
4624 3128
318 2876
4642 692
4890 4482
138 4692
38 4944
362 4838
1480 1486
4486 28
2982 1064
4810 2114
282 3926
664 4064
490 3782
4028 1118
3348 90
2316 4596
1050 4778
1524 4290
4526 4540
938 4712
540 542
2818 530
4540 642
1126 3438
328 324
2752 708
1048 4444
970 1608
130 2016
2386 570
2416 4416
2460 4904
752 748
4940 1580
442 4488
82 1700
4252 1214
1692 4034
20 4758
378 4228
2218 1184
3790 86
388 3724
2040 2030
4154 1966
4360 152
586 4294
3586 4576
4440 4026
234 314
400 3424
3836 642
332 4328
544 4414
2636 358
4952 2880
880 2518
1606 28
568 156
1452 284
2488 4894
2628 4962
2654 3562
3290 4768
4202 824
2070 3706
354 1242
172 3914
1114 3580
324 4300
3666 3660
370 3660
4898 3822
1884 2080
2626 460
1716 4776
4640 3796
4368 3458
2340 4946
3782 2044
3210 3214
3742 602
504 2204
2324 4862
648 3736
4808 1332
4942 572
516 3092
4732 2054
4734 1222
3424 1336
4896 2180
4360 2404
3900 764
1738 4164
1138 2724
1180 2408
62 1808
84 4148
3718 546
1706 104
2510 4912
880 3408
3828 2612
450 3530
784 2396
2776 258
3002 182
238 3836
2100 4280
208 4902
184 790
4286 54
4456 1076
788 4656
3210 3622
3696 264
4552 140
2308 2294
3414 4366
4192 2028
456 4036
4662 1394
3130 2702
1482 192
2864 708
624 178
4122 1280
1990 1272
2226 4510
3710 3718
672 4846
4590 6
4054 4596
1212 2
4634 328
4716 3526
666 2510
1286 1284
3332 574
2800 4464
1210 1688
4534 2710
3708 1596
478 3266
2460 1844
3512 4738
1268 20
128 2452
24 4532
928 90
4208 4220
4114 4906
1908 1912
242 2078
4622 2266
16 4356
762 1886
450 3028
4384 542
76 1650
3278 3530
4298 862
2048 4628
4450 1770
4868 72
2036 308
336 2764
4590 3222
2298 500
3172 4920
2616 980
4904 1676
4190 2918
1820 4364
4666 1886
3102 4052
4590 400
4096 1454
30 1064
1206 3498
4586 1260
1304 4764
2588 386
2970 226
2562 2558
4538 334
3336 254
4596 1614
696 4396
1922 1926
4580 2342
2052 4674
44 2162
682 2838
492 2224
6 3328
138 3024
4102 1852
228 4116
4592 670
1388 106
4632 2166
1616 4170
3388 852
4562 38
1836 4196
4526 4120
1016 4602
4878 3026
1366 4804
642 4020
4580 3548
2474 610
4626 3818
374 4
148 1718
3326 3328
4862 2234
4902 542
4896 608
3052 3044
3570 608
3562 3708
4520 3470
4734 376
4604 2632
590 4398
4056 2094
20 2334
4274 4882
722 4598
572 3494
140 1246
4236 944
4310 192
4330 4314
278 3432
1606 2662
1920 86
2930 122
3172 3158
1480 4924
3856 2200
1202 176
848 1728
4208 314
740 856
3304 4906
4546 1684
3406 516
4668 3316
964 4558
4876 2322
4958 50
2888 4966
112 2760
3174 4668
3154 2876
4466 2036
292 4962
4948 2754
690 4420
360 2348
3810 650
260 1606
3676 4850
3758 1372
3710 92
4072 902
4842 4932
2226 2230
3736 26
236 3198
1626 18
3028 4588
2062 2068
2952 3842
288 32
394 1560
130 4728
346 4278
402 4924
28 3934
1072 3646
1440 4562
3764 4472
512 4462
2578 890
3334 164
3672 4376
1218 4856
2558 4954
3010 4370
3934 3936
4580 1942
2484 4680
1992 1994
4582 4882
3120 4802
2746 1212
4072 702
4763 1915
4494 1432
2488 4822
1028 754
2712 4494
542 1052
3068 4116
2084 1140
3068 4766
1676 2664
406 4230
4862 1260
122 2770
436 3592
3562 622
1630 1622
228 3924
364 4508
656 1662
3920 194
4642 3794
768 2698
704 4472
788 4398
3426 4262
296 4702
3320 4258
2802 54
1608 552
3588 304
2592 510
3846 108
1900 240
3184 4238
1464 1128
1410 4014
4906 2454
1858 482
4014 462
4276 716
730 4586
1574 358
420 424
4398 472
4946 4858
4518 1002
3374 4508
1344 42
4906 1986
3232 3998
2970 1674
3866 4916
3278 400
4382 502
210 3404
4304 766
32 3562
3932 2140
3032 1712
168 3948
2653 2023
304 4054
4950 1526
2318 4804
1538 596
4850 902
3354 432
1534 4936
1738 4780
96 2692
4376 4966
796 2748
564 1712
2162 4736
3186 1838
4174 354
4240 718
2712 110
4828 2914
184 3000
270 818
4764 4026
978 3384
170 460
4920 2016
3752 1560
3988 3992
4950 2175 2025
1544 2780
382 4950
1886 606
2356 4140
4948 542
728 64
278 2814
556 3146
2148 180
112 4024
748 2406
212 4720
58 4144
4836 1186
3030 110
3100 324
4778 742
1184 4462
4856 1192
3392 1686
2620 1026
4398 1980
512 2930
876 3380
98 2022
340 3212
1210 242
924 926
3880 2996
3286 700
1084 2992
2234 794
1544 4784
558 4530
2452 274
2734 4752
2688 4768
228 3874
1828 4018
4840 4000
4646 4196
1104 4514
1958 1964
658 3964
1698 874
3024 104
4548 614
444 3036
100 2254
3806 4906
816 4738
2602 704
1766 258
1822 2830
3126 662
4966 314
3152 4834
2200 2190
456 2222
1110 4860
4936 892
1386 4294
4562 982
1550 4596
4722 528
3714 10
4258 1758
3240 598
712 3790
76 4390
1006 4874
2662 3604
994 22
1125 1529
4754 2546
4836 3102
4470 1770
1456 3766
4466 2254
4762 4440
4248 376
4680 916
328 4502
1420 4940
3164 2374
3610 1834
4828 186
4806 416
3506 4014
1040 4674
4924 4116
2870 3872
2348 4820
4890 2478
1136 4200
2636 506
1084 90
3908 1254
408 4508
3510 1966
3510 4806
2608 1506
4756 274
266 4206
4486 2170
4586 194
3740 4512
536 1704
3366 1564
958 140
2228 3528
414 3962
1138 4164
260 4762
4292 1474
4628 102
1076 2566
154 4742
324 4472
4115 847
2388 4964
270 4892
136 1564
4518 276
4212 2712
2430 630
4958 1492
2800 3442
4582 84
1390 4654
4550 774
736 1632
4736 2268
4802 374
3636 4264
4914 1674
3930 378
1924 4960
3294 4952
148 4500
2634 4740
2730 30
4050 50
4198 4190
702 3620
2360 1458
3540 4668
2886 270
4394 4404
2860 1458
3982 2024
1648 666
3714 16
166 4308
4740 1968
1668 4072
4168 1082
3368 4798
1816 1270
3892 3264
3456 200
1536 4750
4418 848
452 3646
3896 4
2248 3046
4852 2170
3308 4842
4448 3734
2990 96
4968 1796
1286 4526
1052 388
4413 4512 4157
28 1380
404 4322
4708 1332
30 4064
4940 820
394 3820
1272 1274
532 4410
1910 4728
3190 1734
582 4274
4196 1264
1998 4924
68 4682
4672 4664
118 2740
3226 1018
1354 212
3798 2122
1712 4430
3512 1672
4816 2738
8 1748
4670 2180
3834 4684
2092 4638
3502 1934
952 4866
4732 2556
2586 4662
4664 612
4368 516
4706 4688
4524 4878
4682 2964
1198 1188
3496 1788
4618 2200
4404 3912
4220 4556
868 3646
2444 4808
2964 2958
368 38
1604 1602
1306 4406
170 2984
4878 1990
2650 226
64 858
2586 1152
3920 1028
162 3692
418 1798
2176 4422
98 1342
3244 4116
254 3078
760 4968
1124 4810
116 420
546 3642
4380 1470
326 2152
3788 1180
3522 4962
3782 178
3830 3828
4482 3950
4706 1678
2488 722
150 2948
1436 2956
4818 1386
240 1466
232 858
192 2416
2452 730
4886 4948
2462 4686
3702 4476
76 2558
1290 2538
564 3840
272 4872
4390 412
4878 2812
3958 936
590 4672
1428 4400
4376 2740
620 3492
1476 3526
4218 1416
4466 2818
4946 1524
4298 168
3938 1492
930 4944
524 2950
3910 78
4010 394
3736 3740
2756 4032
1080 3788
3162 4816
4266 616
1676 4420
3624 816
2158 776
4550 1612
3306 1306
4424 778
178 4050
1932 4382
650 4764
1018 4510
3788 2114
2556 3548
4544 1936
4850 2914
2654 192
1854 4648
1006 4830
1688 1686
4658 2800
440 444
1872 2486
1648 3674
2736 756
4348 2192
3440 378
1836 2854
1388 4462
2076 4292
1628 862
52 4962
3494 50
3064 1870
4788 1408
2926 4888
4009 2187
2252 720
2192 4670
220 3188
1526 2378
260 26
4952 1556
2786 996
4092 496
794 1712
4750 646
1720 3556
3186 4384
3994 504
454 3032
904 4130
3700 1134
3704 1856
22 4714
3808 3818
1724 2902
2618 50
1804 4724
3172 3732
4124 4128
4956 1212
4078 1854
1688 4864
4700 4378
2860 1490
4448 1750
1824 3632
2552 88
4200 376
198 4882
1504 3440
1594 4966
380 376
1128 3684
310 3750
216 3360
226 1318
3156 1418
3554 470
860 3336
4928 4724
4774 1630
702 4266
2686 938
4838 2494
3456 4066
4615 2725
302 3146
136 2006
2104 540
1130 2964
158 1946
1320 3024
1166 4968
4416 3422
2618 4038
3688 836
676 4670
1528 3838
2468 4736
54 4520
1220 4698
528 64
4516 520
4198 4910
3420 3416
1128 2144
1242 1240
26 3408
2114 1240
100 4964
4560 2408
720 3544
1720 3090
2044 3436
1364 4064
2558 218
3462 1526
476 2490
1062 3818
254 3624
306 3062
4610 52
2596 108
194 3696
592 4486
4700 422
4686 3224
4086 482
4912 3092
4874 2300
1210 3672
4854 2238
4850 4950
294 2486
2092 612
2284 44
3408 1508
892 882
1194 2602
118 1830
1636 4820
124 3916
4950 1266
1022 2468
536 4618
4222 240
100 2966
1170 442
3360 4708
1472 1464
852 840
1000 3932
752 3298
1558 3382
4314 618
188 4674
2622 4842
1018 4944
754 2360
4548 2364
3260 4242
1138 4914
1274 70
264 2934
4860 4490
182 2104
1958 930
4856 1430
1662 4608
526 4680
4088 132
4252 2418
3884 246
3968 506
4004 6
2940 2946
3710 630
2274 172
2976 790
1828 4210
2286 2928
4454 1208
530 4256
4880 2386
498 4062
34 3202
38 2358
2936 4542
2286 2290
4452 1482
2836 910
398 4114
3572 180
770 4484
3856 68
1478 1982
88 3372
3344 990
4934 2780
3138 4754
1070 4230
688 4604
1684 3670
390 432
3736 248
3982 2346
4148 976
4620 4018
2616 3974
3472 1572
2344 2348
4532 3024
3298 1616
1650 3674
1526 826
2264 1128
4798 136
4930 3522
18 1630
4720 94
4020 1288
3094 3798
1362 4114
1910 4
4526 424
3856 1294
2326 2308
2522 2520
220 1822
578 3656
2366 4640
4438 544
4402 2928
986 348
3258 3266
2682 3164
2544 4726
1016 682
1824 2606
758 3210
3614 2538
4618 224
32 1962
1526 1956
122 2628
1210 1208
1620 548
4712 1880
3654 3632
3140 4522
3570 542
1956 154
474 4246
1248 574
4608 1968
1026 4346
574 4410
498 3108
2826 3784
364 4198
4630 1614
1772 4906
3762 8
4662 936
2092 2088
4916 1520
134 4864
1888 4646
3176 2
4882 4774
4932 86
4560 1112
3424 1248
2386 856
1262 1264
3126 4748
4730 3536
964 4646
240 2456
2272 3462
2294 1690
3218 4178
4874 402
410 4836
3026 3034
2498 180
312 1818
4682 4593 4157
450 4652
1608 2192
484 3708
56 1618
3848 330
4798 2404
120 4674
3060 4
3844 792
4488 474
1354 3784
4536 1134
78 882
3004 1130
3440 954
852 3598
4324 546
3212 4548
1120 1786
3522 292
242 226
3370 4744
478 3202
4924 140
1034 4364
4764 2694
1340 2348
1328 144
3796 64
3858 4954
1162 4606
2866 4310
4292 3634
1362 2240
3908 1550
4574 2088
1896 4546
3134 154
894 3486
4848 1426
1324 4890
4944 1730
4846 112
974 2482
4316 3180
4702 2898
4886 3326
190 682
1352 68
1416 4898
442 4014
272 4680
1048 4826
74 3292
1588 4028
4612 1576
4126 1056
192 974
1024 3882
758 2840
1384 2986
2168 780
4682 4684
4250 778
1016 1292
4788 2038
2624 1042
4494 2126
2832 920
3384 4086
570 4220
190 3634
154 4678
598 4828
2216 4140
2546 4946
350 4652
3228 934
398 4730
4574 1838
4968 1568
3438 3458
2438 1902
2842 4866
3284 4128
606 1040
98 1846
4860 3174
4826 1176
4036 4046
4960 1208
1670 3410
4134 58
4094 2508
1342 1812
4718 2234
2484 222
772 54
168 2432
4290 362
4654 2108
536 3696
3504 1708
120 3920
3408 4070
3588 1238
4416 1782
4754 1044
2168 3078
2154 3326
2084 76
4228 2630
130 2760
3488 2290
3620 4896
4862 3410
228 1588
412 4320
4936 4224
4930 2136
4188 2660
464 1828
976 3226
4678 420
3634 800
2282 4654
4440 382
94 4284
750 1464
446 2992
4758 554
4134 128
4696 2670
2600 1198
4840 276
2712 4748
4598 3422
1950 4412
1508 3970
4410 3596
1954 420
1254 3342
4226 282
4114 4118
478 4118
4772 496
572 280
4758 22
3490 4850
520 4154
3922 1366
806 3862
586 3962
4962 140
4886 142
1610 4408
3106 4682
1932 1930
1248 606
3386 4678
3892 1704
206 3158
4730 4894
4754 2950
4156 700
3692 706
1174 4744
556 3508
3718 130
1034 810
410 3354
532 4102
1108 240
460 1726
4866 710
4224 4926
86 3024
3076 4932
288 4552
1138 246
388 4876
4290 920
350 2900
258 3152
92 3658
3402 2356
4458 1458
1500 3168
3604 512
1552 1546
166 1922
312 4722
2434 4928
980 4602
3708 2898
354 3850
1474 748
356 3834
4846 3854
4862 2304
4712 3132
4736 300
1896 670
4006 928
3216 354
3960 2456
3850 4380
2806 4056
2958 526
1154 2722
362 2340
404 2004
2886 4904
4914 732
1958 2492
462 4114
650 362
1730 504
4274 1984
4 1182
3910 3918
3068 1062
3844 3850
2226 4902
4952 3322
4684 1596
116 4046
4218 4514
4518 4020
354 4302
236 4906
4358 1704
44 1586
4558 1992
4840 4834
2972 750
2476 78
2352 708
4162 2896
4168 4954
3122 4688
2082 22
4534 798
2718 4776
362 4746
4240 1004
784 2670
884 1534
4710 1798
16 4898
4748 1124
2572 4816
1466 4198
4274 1228
234 376
4920 3212
2382 268
2966 4410
4338 960
756 4708
1498 4942
3272 3266
1712 8
4346 1928
2162 2156
1754 4832
2242 316
3562 40
362 4442
3544 2746
424 4722
4890 4098
4420 3092
2780 2348
3426 1660
186 4388
1980 978
3848 194
66 2570
2360 1000
4960 908
1292 4512
1442 20
1478 1474
434 4014
2114 1018
1288 60
900 4906
2934 4562
1506 158
3224 576
2554 382
114 3660
286 2192
4780 282
3956 242
3390 4874
4058 4896
4654 2488
3252 194
2980 3628
4778 1488
3346 3334
322 2238
1336 4862
4069 2777
4744 706
2456 478
2926 4486
4960 2192
3398 4762
4352 2114
4656 3812
3572 34
4026 4028
2 3736
1544 28
1590 332
4766 2248
2976 2970
24 4120
4934 3384
4955 1773
4140 2404
252 4564
3624 1470
2372 2364
912 4094
1644 1648
56 3342
4838 1134
930 2724
2438 888
290 2714
4890 532
78 3232
1832 3588
805 3867
54 1516
4596 196
1120 1118
1842 3390
714 3330
2488 260
1076 4346
1324 4954
6 3526
4272 1410
3020 2134
3124 986
22 1156
3052 322
1442 4420
632 4944
4808 3162
302 1880
4528 1576
4358 1590
4968 718
888 4272
2036 3650
2660 1704
706 2574
60 3576
1026 198
4422 1540
730 3970
3390 330
4960 4816
1108 2598
4930 632
4876 1622
696 4858
3624 372
2222 730
2662 3790
3802 4920
876 2810
2296 4656
3594 3572
184 2514
2526 4874
1358 4904
1906 4556
2698 2334
2582 758
1190 4390
3798 300
1032 3616
3880 3886
666 3446
4568 280
152 4942
538 4336
1122 1120
1132 4866
4604 3086
4464 12
808 812
2836 3596
4724 4730
3408 3396
222 4308
1078 4224
3010 1758
4842 3168
2068 310
4810 1732
698 4534
746 4798
296 2184
1680 86
288 2430
2086 3826
4210 266
334 4612
3220 3232
4908 3272
252 3180
4704 724
3214 4054
3894 4772
4110 1106
2446 1248
1958 4950
1158 4180
4624 640
104 3452
570 4910
1996 602
24 1966
4796 4792
1958 4938
356 3448
3130 4684
3212 214
732 2840
3308 1866
2012 4446
4282 2094
4944 1994
4418 508
4878 4488
4782 236
602 4748
1224 400
1788 1786
642 3834
1790 36
1676 4908
4904 128
2026 4706
218 4020
246 2672
4822 4194
4778 3306
4482 2998
898 3104
173 4197
1488 3954
4316 208
3904 876
2176 3842
4252 1902
1556 3030
2 3398
72 4614
4334 1362
3990 2366
2864 2860
98 3490
386 2262
3920 2604
948 4182
4396 1262
1724 1726
838 2736
778 2892
556 560
3124 554
1768 1764
798 4914
908 4902
4144 2958
2478 1494
148 4558
2194 1190
4736 1822
3642 712
4528 2120
4536 4908
4378 202
1176 3294
3308 296
104 2340
3148 4934
1842 110
642 3800
3062 4054
634 4494
4910 4040
1738 4306
1496 4106
1416 4276
2450 4122
2054 4950
2884 180
548 3220
76 4952
3474 664
1032 2420
4748 3160
4502 212
816 3590
4256 4266
1308 4202
4378 344
122 4420
2344 4244
660 4474
1550 3400
118 3750
3915 853
378 3604
1260 1256
4244 472
4092 1582
2326 3886
3496 1592
4846 16
4838 732
1966 4520
2540 1048
846 4892
352 2322
498 3688
170 2152
574 578
1424 3990
1008 4850
2702 32
2186 332
3772 822
3314 4498
776 4738
4726 2792
394 1842
206 4610
4814 4310
194 3466
344 1404
4516 496
4720 400
64 4730
410 2522
4864 1306
240 4336
1782 1102
598 3270
1710 4446
3096 1894
194 2542
4579 3133
2980 404
1200 3224
4900 1880
3312 206
3112 612
126 4382
364 962
730 3452
1186 2892
4844 2962
3006 4948
4576 2176
2922 468
2764 3708
4778 2074
400 3912
106 3258
3544 4448
1634 826
480 478
44 3652
4386 2692
4966 3258
4474 1472
2812 464
3596 448
1574 3570
3682 678
38 466
850 3164
1378 202
3508 1104
1986 400
512 2990
3288 3290
3950 1980
1094 2552
3566 550
2594 4534
4860 100
3446 4546
458 4776
258 2388
224 438
4946 612
3654 294
800 792
86 2100
4330 4960
4572 2986
3634 2922
1072 4606
112 1220
4774 2948
4070 4084
4586 3922
4936 1224
4642 3074
358 3076
3048 384
1464 4748
3850 4682
70 3982
4200 1958
4594 612
4668 262
38 1550
2362 302
400 3314
4912 38
3372 2752
3502 588
1962 1030
2070 894
1800 616
3196 302
4894 2648
4698 534
4758 980
4654 240
1144 2014
28 4354
3536 4896
524 3334
244 4614
4592 224
1502 3404
3494 1222
317 2531
4570 938
4412 556
1210 2740
4482 4478
2446 3620
3016 1182
3410 402
3778 1328
2940 4860
2848 3934
3906 4958
2750 4324
4328 1758
706 4256
2292 302
750 1802
280 3070
326 3110
3558 4962
168 3548
3330 2124
3844 3838
468 3160
6 3430
3304 662
3806 4198
380 2900
1392 3716
4461 833
4214 152
3968 2972
370 4168
150 4890
4542 306
4164 472
1418 4504
3070 196
4886 3040
3960 4912
140 4950
4456 4454
4904 520
858 260
4270 814
2616 2612
1146 4738
994 3098
1654 4450
1534 4684
654 2320
3612 4578
238 3724
4210 414
3336 90
246 3752
276 2666
2496 4836
2982 4440
4828 1302
4480 2542
4628 438
1202 4386
1206 4790
1170 4876
4370 588
4528 454
4110 484
4480 532
1184 4940
1732 4628
1434 3102
486 3060
3208 1452
1128 474
756 414
2778 464
2208 4836
2964 3886
2604 294
680 4540
3260 596
26 1112
2464 2994
4352 4
2466 168
510 2396
3118 4630
238 3716
2118 4112
782 3734
1330 3594
4896 6
14 4852
2366 4318
4392 454
624 3816
1194 4860
1056 4832
2936 4750
3282 500
3682 3918
4340 2958
3118 352
1554 1572
3802 3804
3156 2610
2560 76
4944 3702
2800 4712
1604 12
422 1274
4958 4460
30 4008
1642 4818
4272 3142
2158 398
668 3362
500 2814
2640 20
268 4748
4 3986
3698 4532
3222 1674
2706 164
594 606
54 4480
340 348
2086 230
2976 322
4000 188
294 2152
1176 34
4520 1338
4212 548
1228 2000
2608 3518
4632 2068
3334 1334
194 3604
546 2582
110 2248
1658 4636
698 4722
2740 4226
1034 4668
4426 2224
2258 778
2074 80
3524 1934
2310 116
4494 3950
2846 104
948 2264
946 3844
2132 4250
4230 4226
4438 1034
2668 4962
370 4940
3278 4748
890 2622
830 4738
4054 144
532 2352
2960 2152
3846 2964
4460 266
1778 982
4228 656
2272 1480
328 812
524 892
84 3614
4818 1522
2960 4430
4640 10
454 4130
234 1924
4582 2160
64 4024
2650 3452
4336 4938
184 3686
1010 1028
1980 1978
4534 344
2482 206
4639 4366 4157
3028 4006
62 2258
4832 50
1256 2894
714 4950
4208 174
4864 3886
4766 2648
4870 410
2746 4858
1676 1678
2896 2350
1048 3320
4340 4854
4466 3254
1532 4780
328 2000
3792 484
812 2758
4736 3330
4708 1194
4304 4314
1642 4842
4878 1412
1252 2200
490 3948
3712 210
4252 6
4862 518
2102 718
3145 4596 2025
1332 4594
4948 2128
1998 462
62 3358
3394 646
4530 4146
1280 3616
562 2540
1474 2892
2810 4528
3870 296
3766 210
4050 3066
1246 1982
632 4404
154 4928
790 1890
2190 4100
4514 3350
4294 2544
246 3246
2266 3730
3906 200
3550 12
106 2132
2822 4596
1904 228
904 4930
4142 4138
4630 188
2612 82
1108 4036
1756 334
1538 200
1032 2138
4652 2078
3826 1444
2144 334
2582 4220
3664 1188
3896 966
2076 3984
2368 268
3220 1184
3758 34
968 4036
3438 4120
88 3036
1766 42
4434 1040
1304 4054
2480 3206
2388 3982
4888 2472
534 4162
1448 2120
3816 172
1964 4482
1284 4866
1899 109
74 3728
8 4456
1864 4934
4094 2
358 2530
4196 242
3542 6
4336 1306
3698 4928
462 4720
2962 1414
968 3286
3062 4516
524 4906
2688 4734
218 4946
820 1240
4920 2954
4296 1836
184 4260
550 4776
2058 2060
4410 4416
4070 4058
3844 1438
4906 3618
3886 140
1820 3196
4682 1970
3954 880
3492 4450
150 2328
770 2734
1330 286
210 4250
1460 114
3240 4858
4966 2810
1052 3018
1090 4888
1546 3058
1150 4498
3850 1104
3680 2050
1956 58
4352 78
3942 1692
4054 10
574 2496
4708 3078
736 4800
792 3050
4586 3906
4444 1560
4360 1226
1322 4358
4752 602
3000 576
52 4210
988 4778
1396 3498
2 3290
4680 1800
2234 3806
4316 1622
96 4000
1660 292
2688 2486
3152 4948
3670 834
2560 8
816 4560
304 2636
4640 3888
3356 484
4498 4052
4880 1258
1040 4524
2014 4824
384 1704
4750 992
2514 300
4856 2608
2952 126
4734 4748
4110 1162
4954 2262
228 4624
2542 4966
2342 1172
3794 430
564 4756
264 262
236 4958
4680 4806
82 3390
4484 1830
4318 726
764 2106
328 4140
144 2746
677 1591
220 4086
36 4844
4954 432
960 962
4070 868
68 4760
118 2152
2752 4962
174 1344
2024 4122
4674 2806
1848 308
3498 1318
3690 1536
78 3202
114 908
166 922
1044 2144
548 2084
4490 62
1834 4500
2624 358
4624 4499 4157
1452 3060
1150 3056
4930 882
934 4722
3064 3060
800 3950
2808 538
786 4128
1130 2156
790 4368
2646 1304
290 1520
1222 2950
852 3498
4152 2282
4930 128
4958 96
3022 4468
1680 144
258 3368
3234 4060
226 2632
4460 2408
2398 4566
4082 316
4354 3450
2250 2246
74 110
1484 4320
154 4578
4940 3528
4962 2
1234 1230
1342 3424
3516 2428
2238 2244
2336 4700
2636 2498
2416 2402
1410 3676
768 3816
32 4164
1978 166
66 2680
490 4362
4952 3584
4624 2040
3692 2056
3410 822
1596 172
4942 3930
4804 656
1388 4872
180 202
814 1706
450 1588
1638 3736
878 4496
3496 2706
4326 1934
430 3238
572 1568
1246 3520
428 4364
1972 500
478 2102
3762 4740
1812 2838
2704 350
3766 4948
458 4476
4906 3750
2688 258
56 1536
4798 206
4076 2408
22 32
1910 374
2726 1794
4586 428
2610 4302
4560 4574
580 2618
4714 590
1128 1914
238 2306
1512 1102
1252 4634
1196 4690
3676 2630
82 76
2948 3718
4646 1620
3568 604
200 4350
4066 204
4204 276
716 3464
760 758
1428 4760
28 4846
2287 2600 4157
3562 4592
914 4508
1778 4632
52 2328
282 4258
2042 2050
4106 1218
934 4246
30 4828
4234 1482
574 4592
2426 234
3618 20
240 3704
4582 582
1626 4962
4232 2830
354 2932
1116 3618
3002 56
4944 630
2210 3362
2148 942
3030 4558
600 4098
4816 4124
972 4134
4368 264
4186 508
4696 420
1454 2660
3280 472
1442 3356
4842 938
4650 3724
4260 724
338 2878
1952 10
2754 108
2312 1738
134 4724
1346 3256
2148 3854
1756 4686
1932 4428
4190 362
526 4766
1608 3554
1286 550
1796 4658
1160 3344
1282 1284
4238 4956
4828 4824
2110 224
2102 2880
1100 4634
878 4684
4944 1900
3870 1344
4602 2000
28 3220
370 144
2346 190
4158 2865 4157
1428 182
4096 1424
3990 108
4640 350
4070 1426
4454 568
1920 4308
2538 28
4162 1344
4140 2022
904 3458
3838 1786
2438 4912
3768 66
4802 3716
1612 3808
720 3484
4612 4608
2078 4780
4026 2008
1008 408
4702 1892
2388 4384
2138 844
2974 1014
3150 440
498 2976
872 4592
2516 3876
3692 158
2402 4880
4334 890
1772 4232
4684 2316
3716 4888
394 4082
4610 1038
888 4312
4698 3420
4886 3348
4452 4454
4458 696
250 3854
1890 4108
20 4316
4908 4912
864 4914
3694 238
4070 1316
6 4562
4474 4078
300 3772
34 48
1988 706
3796 196
4502 1676
4838 1532
4194 480
340 1658
912 904
4706 1638
398 2284
4662 260
4032 1002
3152 562
806 4654
3884 954
4958 960
2516 4052
710 3178
2960 4514
4526 1758
6 4934
2182 1096
1464 1462
2420 4664
24 216
344 1328
4732 990
1864 4146
4932 930
1562 2994
2854 1534
4798 2162
2806 4350
2432 450
1536 4126
410 4794
494 2654
1122 2092
4958 2402
1354 3358
4084 996
4128 528
1494 2936
952 3952
2488 1885 4157
1934 4328
904 3824
444 4880
408 4584
4828 4966
1360 6
4958 2504
898 1266
1238 4900
1886 540
978 4784
4858 166
614 3918
604 4802
4894 366
2620 748
30 2476
4830 4196
3746 4728
4362 442
1224 4796
4146 658
1614 4024
1620 1214
196 3802
264 672
80 4656
1118 4956
4584 4946
4404 4406
4846 1120
4726 104
4702 3762
3624 4482
242 3126
24 2212
4682 2798
2748 290
234 4948
1068 3716
1206 1202
512 2826
3022 2416
1410 214
24 3716
174 724
190 4322
4058 2644
928 496
4678 2098
688 252
2212 4678
2764 1134
392 396
674 4924
1264 60
238 2298
1993 2581
4776 556
4436 1830
4950 2088
354 1616
4758 2488
1358 3812
4868 3222
562 2042
4812 124
3780 4502
4828 3234
1528 4546
3808 2388
170 1346
84 86
824 4596
2176 60
4122 2412
2190 4184
866 2118
1050 4622
4886 1538
2790 70
1012 1134
1980 108
4852 1514
1834 124
3888 3902
180 4820
4124 1420
996 4036
2126 4814
4910 1284
3652 2594
2564 380
482 3798
4776 234
3905 685
1658 4514
4162 530
2744 14
4028 3052
4428 906
4108 906
4280 1226
1432 4152
512 506
1086 3986
4900 930
3450 80
4872 432
3684 1090
240 3366
4264 382
3516 56
4394 776
4564 162
3768 2404
3292 2102
498 2520
3852 1170
194 3052
4898 1716
3450 160
2152 2146
2060 3740
746 2708
2204 140
2790 4898
4224 1538
3908 838
1484 752
762 760
374 362
1908 4238
4418 4416
552 1756
4161 4905
312 916
704 3046
3754 248
4338 1220
638 4062
4862 208
66 2100
910 4558
20 4456
86 90
326 4480
1830 4906
418 4952
4388 3778
3896 266
6 716
3904 4780
3154 432
2082 2080
492 1712
4326 156
4280 76
3436 88
10 1294
1166 1816
4830 1626
4952 4278
4928 1936
1452 3890
1614 3762
636 4900
1462 3400
3812 312
222 3898
720 2724
564 4392
2018 320
868 4826
4487 877
266 1878
4884 4618
3914 4950
3222 1158
774 4712
288 2010
4260 798
718 3722
4474 2598
4922 2376
1160 3282
36 1662
2776 1312
3528 502
2610 2606
538 4436
1140 4882
366 4008
268 4574
2906 702
4940 2224
4270 2278
160 3112
286 2706
4024 334
2378 3228
4896 2648
4062 704
142 3994
4780 1490
4484 2974
170 4878
1342 32
1602 3648
1850 3630
4898 1740
338 3448
3842 594
1004 2722
4618 58
4034 300
242 4048
3086 652
3350 4910
1812 4274
1214 1844
4456 4458
4440 978
1456 4532
4882 514
210 3862
3460 1974
1708 2392
708 4856
1356 1908
3604 3618
4828 2734
4396 2828
1169 2943
1314 282
4462 114
2420 3988
4486 790
958 1562
4574 2278
3620 890
2664 4816
2356 4934
96 3204
438 1336
3872 4864
3872 4826
2164 4750
4380 1714
108 2314
4068 1820
484 490
1802 4504
4478 4810
1182 4352
2992 1288
3052 4768
154 2698
4072 1900
2292 320
4440 2186
362 4072
4 2700
3764 144
750 4648
690 4270
422 330
4186 3054
1170 3844
2654 894
4964 1376
4554 1252
3982 66
1416 1408
4882 2990
1488 4670
3948 2996
176 2488
2770 1126
582 3172
84 4754
3768 4866
40 3210
52 958
2986 46
1334 4064
562 4492
340 656
2826 236
1864 3664
4448 1678
784 2960
4730 2756
426 1606
3972 2738
4938 2934
4142 518
4680 38
730 4564
3546 60
3672 1660
1190 4566
4938 2744
1102 1106
964 4058
388 4480
4682 2510
2374 2376
1382 4880
662 2472
298 2116
4806 2832
3166 4960
2942 4452
4932 376
180 4188
3172 2236
4370 4160
172 4940
1248 58
680 3410
656 2242
4884 1234
4880 1568
1328 3462
4603 2557
366 4504
2740 2738
1836 2984
3096 600
4676 4074
10 2504
4586 388
1366 4872
208 3794
28 3214
2784 1590
4758 2094
4802 358
1608 1620
4672 3926
1202 2258
4712 2090
2172 908
130 3638
3702 1110
4944 1554
654 2108
4620 2732
4008 18
1206 4752
726 4068
1078 4124
4530 3046
3236 4948
192 4420
164 2372
4738 114
3940 4556
4918 4044
3662 4570
704 1914
2198 516
4340 318
4908 3698
14 396
4940 1896
94 1554
2486 4180
3106 1722
1382 4578
786 4084
3556 3550
4906 4540
4340 2822
1386 656
362 3324
2744 284
242 1920
3388 4616
784 4678
1204 2680
3936 620
2068 2072
2542 44
684 476
1138 4416
114 4142
3828 1472
1978 4880
2016 2018
4244 2164
4860 2948
3436 3428
2402 154
2478 154
4892 1484
4630 2798
700 172
612 4118
2108 1094
2540 968
1238 1240
3043 1360 2025
3090 144
3988 14
1766 4768
422 970
864 3934
4138 1834
4212 382
1490 1492
1650 4480
4290 4444
86 2996
4778 484
3436 2042
492 4656
4754 1008
420 2586
1998 160
4128 4134
2124 152
2190 4954
1762 1120
4476 1722
4634 868
4920 276
1070 4626
4824 3778
228 4898
4734 3578
3126 408
4832 2238
3402 50
402 3062
4910 4960
4836 2442
1198 4932
848 3922
2854 598
132 4234
3744 2292
1278 244
2754 1884
1784 4530
3986 164
822 4886
1112 1118
2440 132
370 1202
3080 92
588 3046
1138 468
4746 1940
2474 4760
260 4640
4748 2640
3362 166
2668 1164
3658 4408
4322 134
1674 2516
380 4876
4746 3354
4756 252
418 3302
312 4090
2462 282
48 4708
822 4800
2078 3908
3906 1650
4244 620
1190 3922
4758 2182
4260 1282
374 1180
2866 2022
3278 214
4184 3564
1178 2848
4302 2608
3018 1432
812 3236
290 4230
800 3772
2246 96
2172 3048
1952 3186
1830 840
4344 4772
900 2632
1484 4948
104 2554
4122 314
372 3318
38 2898
2946 28
252 3708
1990 3662
68 1446
1934 2686
76 3158
2926 1844
4160 1060
4898 1140
1022 2284
1374 2352
3918 3922
4272 322
4854 640
256 4706
3998 3286
4838 2390
1021 1587
6 3220
4768 1060
246 2428
320 3964
316 4902
4886 1064
782 1194
2718 76
958 2662
480 2872
34 4028
458 4302
578 584
4832 1164
284 2114
3330 1410
3210 34
2178 798
1836 3610
1822 4450
846 2592
4138 456
612 30
272 4104
408 416
2736 4842
4540 656
3806 2154
4950 456
1466 4756
822 824
3786 3780
4858 2236
4654 2582
2998 700
3266 996
3140 1302
1422 1418
3188 1878
2554 1266
3660 1534
2666 4654
2084 2086
2960 4694
3192 1310
1000 62
4082 1164
3552 794
812 814
2914 3784
2430 4816
60 2744
2294 4350
3352 4962
1288 4936
1835 4911
4666 2542
3354 108
4130 1622
4898 580
73 2954 2025
1978 2804
304 496
1054 4092
2120 2946
4536 896
1522 4934
832 4314
1862 1856
1438 4268
2332 4532
4400 1520
3340 284
1860 296
3566 2122
972 4740
3570 236
4088 486
4888 268
4054 1932
4894 4900
3516 3518
1558 3672
4808 30
2248 262
512 2882
4764 3216
1966 4010
636 634
4820 554
4206 1104
862 2126
26 3676
3982 1972
4884 3514
1628 3384
4944 3108
760 1816
3286 1658
1950 1204
4634 1484
3226 1202
3444 796
136 3528
2318 1078
78 4162
4320 3248
3748 1274
476 3746
44 3888
980 964
3224 3452
3780 1786
300 1756
3850 644
1254 2154
808 4682
3570 24
4964 44
3764 1490
164 3768
3454 256
3516 642
3632 622
4428 580
1662 336
3648 1220
4484 1656
1280 236
3416 4086
4621 3855
4870 2956
2010 4732
4956 2862
88 4924
2586 4866
2720 4338
2016 3688
4888 2758
854 1762
2968 128
2350 1138
2708 16
3416 2148
4446 438
3400 1416
4842 1384
3402 308
2120 3638
24 2484
2102 4020
540 3360
2158 4408
4556 4032
4168 628
92 4856
1878 4352
2648 26
2974 390
2384 614
268 4670
3714 4966
2372 3200
514 4866
4744 2
2206 1080
1196 1518
3782 4908
84 4238
288 3022
1672 2698
1370 3044
3846 998
932 3092
4390 3284
2148 3636
2076 400
3572 624
4684 124
1712 2086
3950 58
3542 1866
3434 1192
1512 1514
384 3184
3060 344
2574 2582
2866 4318
4956 236
1546 4018
1874 560
2796 988
4936 2078
4390 192
486 4850
3748 4294
76 2090
3604 236
2688 344
786 2780
3824 1844
166 162
2268 1262
2788 256
3598 1290
4424 2426
654 4294
40 3572
620 206
2608 4614
3602 2416
4550 696
542 2344
2252 92
3946 1260
408 2694
464 466
3756 402
2516 2518
4838 4352
3916 1392
2382 4600
446 2924
4964 4398
672 4770
4198 1170
3104 1342
2154 4196
4602 62
1338 1348
2912 2146
1416 1418
852 3950
118 2672
4662 630
3940 3582
1822 3974
16 3210
628 626
322 4938
4486 2072
4560 4556
2332 2326
3130 210
714 4228
4238 4232
4916 574
2110 916
4634 1428
102 1982
3554 1344
2320 602
350 4218
4392 628
2228 114
4000 4492
4830 1176
1968 1410
664 460
4688 814
1122 4804
1150 1156
606 790
824 4362
2462 92
4940 534
4404 144
14 2800
4886 3666
1772 4390
20 4790
4140 2344
1964 3206
3546 1932
946 3272
3452 2032
486 2606
2340 366
1002 2380
4824 482
3288 2562
4548 1058
300 968
3384 3378
4256 674
3246 4790
4204 3716
1826 4534
328 4472
532 3898
1506 1504
892 362
1194 3242
332 1866
1204 4532
3644 36
470 2098
1454 3320
120 4690
118 970
618 614
128 50
4468 4968
474 214
2492 896
1310 1248
428 4883 4157
388 3996
156 1454
3880 3764
1658 4566
68 848
3096 720
4162 1596
542 3942
1864 4422
4536 1026
1242 1248
2814 74
566 3458
1110 124
4930 1682
3724 1378
274 4386
1048 2868
3160 3754
4942 416
3146 4916
438 1582
3598 58
3826 358
986 1492
2664 4674
40 2652
1675 1313
4906 1092
4806 488
1154 90
2038 1008
812 1496
3139 4955
1272 3768
3540 1110
4184 3814
3518 3546
2596 4186
4758 598
3250 508
496 4458
808 4696
918 4260
358 1790
4160 882
3180 1304
4260 574
306 1876
4032 1372
452 3482
2482 86
2468 130
1122 2874
1106 418
3562 312
2002 728
3362 1122
4324 3068
2138 4696
3784 654
4674 1064
170 4776
86 4624
848 4364
6 4342
2422 1832
1934 4804
950 3114
54 3922
114 1902
3942 944
154 2672
4438 2592
1196 4564
4966 1864
4338 100
4320 1988
1162 4416
650 3768
3576 4968
68 3064
478 4944
1316 4870
948 2332
4138 486
1746 4524
656 3912
1784 4226
10 2984
3236 3244
4922 878
4962 586
3258 3256
2206 896
3774 554
3660 2654
4026 3748
4110 1174
2706 3966
4546 768
1480 3954
3544 420
1516 4594
4088 3794
2654 536
1362 1354
4578 1906
1190 4662
2564 1614
4538 1636
1444 4684
394 4012
4038 4688
4502 3778
4324 2580
1636 4466
4118 922
914 3988
726 4312
3514 70
4684 4686
2182 4740
4348 232
4282 552
784 4522
16 2134
294 3656
3058 364
220 3706
2500 376
416 2268
3564 284
2676 4906
4886 82
4746 3032
106 2414
4670 518
2080 1224
2270 4688
4758 2130
2414 1656
4958 1562
1318 4796
2062 3762
42 4080
2584 4266
4552 3578
58 2924
2 1878
500 3818
924 4764
4858 350
1724 3390
3192 4958
4272 1026
4578 434
4740 560
4816 1290
1824 4940
4764 1904
2824 2060
3298 3296
4826 1236
1490 4546
210 2162
2136 2
2178 968
4628 3064
3488 672
4294 1588
4490 2178
1734 646
192 3124
3122 3314
2892 4916
4596 3280
2128 66
4440 3740
2310 4892
1416 16
4200 2784
2790 2782
4754 2664
3238 4474
2486 3322
50 3370
2024 724
756 4902
3942 192
212 2616
3368 1480
4616 1686
1136 4650
4032 50
66 3752
274 4438
3800 3796
762 2016
976 4508
20 2370
2428 798
1264 2178
4490 2572
1784 1502
4376 1542
2586 2582
2284 418
1572 54
4956 2606
836 586
3594 4550
3154 1884
3604 4878
1424 4520
1416 1802
268 4854
4020 72
1204 3684
3674 4934
3920 2542
3276 484
766 3934
1960 4662
4724 2152
4930 446
2994 846
938 4006
3318 810
4966 462
4948 2314
4652 3350
4940 3244
1210 4446
142 794
42 3336
2530 724
1300 2038
3940 3942
4880 1582
1592 580
2576 568
2348 800
444 3468
4410 588
4160 50
98 2068
4650 3274
4396 28
302 2650
442 3186
2098 4852
3482 26
3946 952
472 1502
4862 4596
152 2280
1470 3666
3240 232
2388 640
4538 2416
714 718
4276 4270
556 1356
1118 3354
2234 90
3464 3472
2360 430
343 3853
392 4380
2734 4626
2558 2744
4158 4166
444 4964
46 756
1168 4858
4780 1868
3772 1462
1814 2458
686 3836
14 4962
4436 112
1118 4796
352 348
4582 3200
2846 4556
1012 3436
1692 4468
4946 3172
68 1512
658 4928
262 258
1698 4946
776 4806
4944 3330
1220 3858
2338 2336
1124 3988
2638 2646
4342 220
402 4912
4942 144
156 4920
1756 272
2744 12
3908 4570
270 68
1224 2832
1148 3742
4422 4424
1592 4910
3990 2794
1284 4800
4554 22
390 3208
4764 4774
36 4484
2364 148
2548 4454
4522 890
2866 258
1592 4694
4510 4766
448 4236
246 2574
1228 4378
3588 1426
1350 688
3876 2430
34 2930
138 4842
58 2036
918 3936
3786 4560
3188 70
1344 72
3592 1212
4838 2148
1566 4504
406 3200
4060 2866
2114 112
3050 2054
492 4802
4598 2322
3433 283
1438 2644
1166 506
2378 4894
4896 252
230 4960
420 4356
4846 3594
4884 1364
4518 154
3826 494
4164 112
482 3596
3868 2238
4388 134
2040 4470
1966 1964
2718 1288
3858 4878
3598 4910
816 4158
62 2802
1734 1738
3446 4906
2611 163
160 1870
3514 184
4458 1462
38 4734
62 3140
2924 1306
4594 848
4834 4830
78 3330
960 3596
1702 4964
4730 300
2604 270
3924 3930
3940 336
1280 404
3172 4138
2214 4604
918 2966
3568 2904
1690 4914
3438 1520
4548 38
4572 20
4450 1310
2612 456
224 3080
4904 1748
3672 292
4578 4588
2746 268
4434 96
3448 444
2014 2016
4960 4342
4440 1976
4134 1576
2320 4504
155 4379
3826 2682
624 3154
2546 4246
2554 3482
4222 1004
4668 70
1778 3046
1594 1124
3312 584
1602 1588
1114 2790
2130 3212
2686 4428
218 214
1354 4334
3635 1639
296 50
618 624
16 3076
3090 3078
4518 908
1504 932
632 4326
922 4514
266 2454
390 204
322 4932
114 1818
1440 4114
4342 3806
4422 1880
3154 102
1414 4726
2814 4856
4308 1218
4454 412
2024 252
2384 994
