4932 9621 3919 4887
4006 2968
462 32
3132 708
3886 600
4102 1366
538 2868
1282 4686
4744 4324
1942 3128
3288 628
3796 1830
544 1898
1370 4170
4072 138
4802 1494
252 694
884 2446
328 2098
2062 8
4540 862
3952 1932
2692 360
2456 260
2108 126
616 3014
2990 114
228 3844
4226 156
3764 30
4026 674
2908 444
4182 582
4654 112
4278 72
2598 530
1356 4288
3948 630
236 3088
3898 4408
4440 454
3208 4266
2164 4552
3850 2020
1506 4768
4912 1408
4774 991 3919
3322 18
950 2650
4660 550
3380 4544
2426 76
280 3668
4232 186
3460 2594
3570 4478
1770 3868
58 1082
1184 2406
2146 50
3840 1154
3993 115
970 414
398 4907 3919
54 2892
1162 4436
3906 2846
2392 350
682 4542
146 1050
82 4432
298 3164
2730 134
2934 174
418 3818
1618 466
324 4404
198 4358
4528 1780
74 2104
2704 524
1654 22
360 3626
2476 612
42 2666
1824 1160
4530 2292
716 2328
82 2362
2824 1702
1398 258
3076 4930
4600 150
4856 1104
4110 270
3622 3688
4752 1770
1402 328
4234 3230
2806 4548
1474 4834
4630 1618
1308 4570
1540 3816
930 2798
4252 212
4770 1822
2940 1254
4750 4654
1752 1806
4176 604
4064 1802
566 4844
1604 40
103 3449
3470 4874
3938 36
11 4926 4887
386 2352
3870 704
4634 3294
264 4104
3866 1630
2654 4082
58 4458
222 2244
1348 556
134 2174
3798 344
246 2752
3216 852
2814 116
4060 1492
146 1454
2630 4910
62 3732
4468 2580
3504 322
3918 442
2258 3792
1102 42
67 1291
2906 3444
2504 22
378 4864
4076 76
202 3068
3346 1670
3536 782
194 3952
1098 3930
4656 492
752 2348
1132 2280
48 3360
2850 2364
4692 1694
130 4900
700 3490
4330 736
2994 3938
4894 2824
692 3100
336 3976
254 2786
102 4634
4918 238
3460 3950
2854 4688
908 2766
244 872
688 2602
2696 4594
4532 1172
352 1508
1340 4494
1888 4
1052 4260
4788 464
3420 1544
3030 4566
3796 28
3580 4760
144 4686
3580 1484
2830 4714
3178 2100
3010 3736
1962 4848
1672 1584
1774 262
4252 268
4634 282
1538 296
3724 1236
536 3208
4618 1636
3750 4218
4680 2852
2400 4122
2218 3602
4084 3084
3490 2396
4482 4842
908 1482
34 3184
4898 640
624 4042
4516 82
4554 2104
1396 64
4669 143
4748 2275 4887
3360 126
3114 2032
4162 1476
3252 4370
4346 1760
4912 1278
240 2872
126 2960
157 2768 4887
1588 4722
76 1804
1418 148
3734 732
270 4304
536 4128
240 4842
182 4414
980 4598
3890 70
3296 356
3432 1624
612 720
264 2756
1428 2616
3674 1330
4902 1586
930 4606
2592 3554
3640 2316
1808 370
3268 1292
2098 98
1678 4304
4162 124
1248 3654
2264 4446
708 3048
482 3338
118 3112
1942 3994
1376 956
178 2872
4898 4850
1570 78
302 884
182 3294
4778 2176
4592 142
1240 166
2648 4684
160 3026
4304 2564
2538 1154
3626 1232
1558 4282
3226 882
266 78
4128 2560
4854 1196
3320 980
4658 2488
3706 4764
1536 176
157 3867
431 23
3018 52
28 4422
1428 3052
936 4418
4222 2502
1838 4240
2484 750
530 4150
2002 4672
2204 106
4162 196
3338 658
4562 442
4110 2318
1874 98
4926 1174
28 4788
3098 1708
1478 4248
546 2996
3556 1008
146 3352
128 666
4904 2684
3248 78
3882 496
2442 3520
2832 674
1250 4516
1908 444
4570 1458
3160 82
3008 1486
310 2152
3376 3098
173 3526 4887
1294 3558
1162 3910
320 4858
1326 3454
4714 650
96 4696
3962 4868
716 4830
2434 1504
3932 288
274 2028
2864 1994
746 3838
2674 3566
4012 4348
252 1004
4318 1788
4694 352
4868 678
4928 3308
4416 3282
3296 932
244 4376
310 3490
4312 1438
1064 30
2670 2016
4110 606
1396 4686
4892 4916
4378 1176
812 2842
1936 3278
888 4244
1212 4840
4458 610
1560 208
1084 549 3919
1474 948
3882 2080
3906 1984
108 2492
1548 4868
5 3509
4314 18
176 408
2150 4676
4394 106
4198 122
600 1564
924 4262
150 2104
3016 1658
4786 1304
4614 2282
3670 488
2838 206
3258 370
3388 238
4180 698
4488 2362
3380 204
3650 3382
52 1698
1538 4930
1364 202
4870 4
137 3175
1964 4354
56 4178
4788 1534
2074 4408
432 189 4887
2722 4440
504 3302
28 4464
4688 984
784 3062
3974 1506
3098 1702
3296 1738
4176 3928
4298 1924
2440 4772
2416 386
4080 92
4530 340
454 4092
4446 248
3828 136
456 948
4368 238
1174 2
460 54
666 2300
12 3866
3014 4808
3244 4630
780 3450
2584 4906
45 3393
1506 40
3274 4462
1036 4552
1010 4774
3916 100
114 3534
2828 4508
4912 121 4887
1848 20
3400 385 3919
4802 822
4906 2708
242 2464
180 1082
64 1268
120 2220
2582 128
1802 4888
4930 1298
4774 694
3828 436
924 4032
192 4816
3938 516
4582 2024
350 4278
106 2620
4830 4306
4354 1764
384 4256
1020 4492
3036 4872
304 2492
3442 4162
946 326
1356 3832
2582 512
3430 2038
376 4912
222 1862
1324 2648
4696 2102
3930 996
4530 1740
3676 2374
2102 3984
4774 4740
1912 4074
4204 982
1694 4474
3570 14
1436 86
798 4406
590 3940
852 3338
4730 2833 3919
2263 51
4150 1140
4846 178
2562 1564
70 1154
3188 4614
3570 34
802 4774
142 4130
3762 1956
3638 1172
3664 320
3476 1220
3668 624
3254 2612
2166 1546
4770 158
1612 2416
3488 966
4452 1856
3042 1122
4824 1816
2884 2846
3072 4622
496 2396
4022 4424
1290 4064
4102 398
1848 586
508 4642
3910 224
203 3382 4887
2493 173
4126 1760
4444 4752
3392 260
296 3502
1098 646
972 4402
2973 2450 3919
3496 1478
812 4898
1650 4450
3558 388
124 4140
4026 1 4887
420 238
4468 1730
2262 4704
125 2099
670 2378
668 172
1428 4898
2815 3032 3919
4898 4044
154 1664
2708 1388
372 3922
4768 3804
2096 4808
1966 974
4898 1954
2162 1730
4178 474
4676 724
2772 1486
196 1302
144 4892
1336 2046
2560 930
2780 4644
4860 2984
36 3670
3518 1514
64 3110
1476 2272
4782 988
4332 1218
364 66
280 2210
300 3844
4284 2788
486 3910
4373 171
4890 728
214 4908
3526 404
1058 3836
2418 920
2024 26
1376 4230
3836 146
4616 820
244 4602
534 2348
4340 168
3522 2056
1870 3962
4168 3476
416 4648
2454 4480
3492 2520
3054 1112
3472 4416
1106 4932
4500 2446
2238 4910
856 3282
2362 454
1234 2442
2748 352
1986 4732
184 4778
1393 46 3919
1502 3518
1000 4030
4924 3348
4732 3442
4854 40
2146 4762
2268 4746
438 4010
3546 840
4814 914
3732 1574
1662 44
128 3436
4618 1422
3966 1362
4930 934
1616 4676
4892 3814
2704 78
3632 318
3840 2362
318 3942
118 4170
78 2338
2766 4738
254 3170
228 4251 3919
3410 4746
64 2872
4002 970
578 3914
735 163
4846 1932
4842 1222
26 2198
141 4928 4887
2542 966
4672 3746
1280 4838
128 1424
2600 4074
734 2528
117 4898 4887
4020 1676
1382 4346
1176 2994
2928 4704
2320 4230
4604 918
4414 3056
3010 576
1894 4924
526 2794
1466 3332
4288 586
1996 30
3710 1480
300 4316
3956 466
1312 444
1844 4336
852 4706
3510 1780
4548 2866
3758 2656
3422 4898
1576 2630
1938 4406
4822 1634
2360 1774
4561 2380 3919
2634 4368
3664 4830
1282 4652
4328 436
3706 4872
794 2832
696 4220
2352 140
4818 1194
532 1568
612 2486
3048 1796
1334 2828
1090 3528
122 4248
4670 406
852 2474
4152 1860
152 1328
2052 280
1436 4892
2026 186
1172 138
10 1588
4270 610
3874 2254
4896 1524
1020 4866
158 888
180 141 4887
260 4926
1122 2482
4764 4622
378 3462
4332 988
1294 324
1802 4890
3292 458
716 4234
148 3242
4538 208
3978 1592
42 3686
4898 1848
644 3464
4678 1448
1170 4918
2346 1366
106 4456
608 3992
1650 884
558 3160
2584 8
2044 3890
4352 92
1152 4148
30 1906
4732 3036
138 2338
3776 2104
2246 100
190 4516
85 2062 4887
3684 224
3470 2676
3078 1470
4080 1720
592 4366
1836 3506
4110 102
1954 4900
4620 1028
4424 1078
142 2794
1348 4418
64 4368
1232 3114
4658 3816
2076 2580
220 4036
3847 33
3454 4168
4496 364
224 2530
456 4660
1090 4712
3158 1630
2598 148
1334 1648
2676 1184
4918 4194
41 4916 4887
410 4924
4450 528
450 3488
980 3054
1038 4438
2682 4840
4280 2252
3609 45
3198 48
4134 4392
1660 3486
3960 312
1088 112
2824 1430
2126 3312
1878 4364
4902 4342
4 1604
3844 18
1634 4826
3042 4756
48 3116
650 3842
458 4138
238 3106
178 3496
2688 4802
162 3216
2690 4008
111 4079
4160 838
3446 1950
4530 766
4210 924
512 3510
998 4838
4718 2264
1246 4164
2896 3790
54 4198
3028 92
3398 4846
2290 3370
2326 1202
4916 84
2132 580
4406 2472
294 178
4816 2576
2952 908
4136 3800
4068 542
4348 262
1504 2502
1400 3028
1816 848
3596 1894
390 3530
3330 80
4578 2972
2762 4418
1178 4262
1944 3340
4650 722
4854 432
1104 3190
1750 3762
396 3776
4358 34
530 2152
1972 4074
2984 1822
564 3462
3184 4024
151 2029
450 4912
988 4084
2004 3950
4136 2966
4662 2784
52 3048
2844 146
4520 1684
264 2742
4022 1146
1268 3496
62 3036
604 4246
2662 3722
4886 292
3154 4210
4582 2816
626 4572
3582 1000
1290 4214
3230 302
1556 2406
1340 2222
4830 3408
2051 141
4734 4824
3008 4802
1776 1484
1720 3336
2810 88
4816 1538
42 1420
3968 2388
2856 12
2698 72
3858 124
686 4914
2768 1462
1822 3810
722 2008
518 214
12 4542
100 3870
1888 616
1950 3622
1370 4322
1686 46
1688 2082
762 3168
4234 64
2062 3940
2082 4204
1220 3786
4876 2560
1958 4440
4504 2478
4797 1306 3919
120 2156
564 3838
630 3694
3658 496
4786 2854
2976 3986
694 4072
4428 2118
818 3386
82 1148
440 3968
1004 364
650 4018
340 4640
4522 90
4930 2776
4916 186
1762 4206
4830 212
3682 4500
2800 4178
1730 4252
72 3908
1898 4904
3996 4680
4702 1680
820 3720
4824 2954
84 1392
3863 386 3919
4932 568
920 26
830 3960
1288 4832
2770 4524
314 4102
4441 3820 3919
2388 4208
400 1722
2668 598
4748 1942
4568 1560
3482 4582
1278 4712
88 4536
152 4700
902 4866
2478 3848
1396 4932
1458 4672
4922 1572
826 2314
2608 4066
372 4778
1910 2372
3502 442
4840 232
4656 2870
658 102
2562 1778
358 4735 3919
2334 2436
4822 4440
2368 2968
942 3028
2026 276
4802 2668
2500 170
214 4826
4449 51
752 3916
142 3234
2014 2696
3504 1886
4210 142
4744 4182
4902 3828
236 2054
171 505
7 2282 4887
4262 150
526 3318
3884 2434
1332 150
2812 4770
4630 2591 3919
4808 2388
2244 4010
1358 4932
476 4678
3526 176
530 3664
42 3590
1454 4010
100 3554
3964 28
1802 384
170 2790
2684 1026
946 4618
1720 2610
2416 3164
3002 2598
3910 168
2942 1072
3024 3976
2108 134
2206 4432
3688 3762
2288 2306
4402 348
100 4882
3618 3046
4008 186
3198 798
4838 1252
4486 1856
726 4848
1748 1700
4756 1622
4796 1394
1268 1244
3880 2066
4758 1014
4842 3770
1296 3722
414 4270
4932 406
1784 3232
644 4498
94 3154
4900 1060
2108 96
1114 3618
1870 980
258 3200
2114 360
1502 3392
34 2656
1192 1586
4466 1394
1552 116
1418 4922
38 3556
2088 56
1080 2190
4572 1596
4294 426
2346 4806
65 865
4834 1616
4816 2832
1982 3496
1630 3512
4502 970
120 1222
1516 3876
4916 2492
222 2298
3902 1876
2372 3898
2844 4556
268 1692
4702 2378
2890 742
2060 4726
4340 814
2606 1994
170 2794
2156 1170
2234 4434
3726 4776
1096 4164
3750 1354
2604 1808
3702 1352
3028 4756
1652 4214
4630 1458
498 4320
4686 3456
4864 2952
4560 388
4106 4530
1444 3754
730 3124
3736 94
3972 278
208 4100
1586 4334
2048 3754
74 498
2790 1176
2960 4868
3342 3612
2036 1536
2890 4782
4818 282
2494 4086
890 3126
802 4204
2268 458
2208 4502
390 4806
74 4696
142 2242
3014 3254
4836 1806
2010 3764
3334 1524
2908 270
4378 2296
4084 1162
4 3922
134 1076
157 1437
1166 3940
4884 3886
1974 1318
1812 3380
1984 462
3644 90
4430 844
448 2658
942 3756
174 1504
1024 3750
3224 1706
3122 1654
4734 68
4556 1890
3388 2190
4124 978
3036 4554
3748 2502
216 3814
4000 14
1974 3070
2632 4164
1284 4832
4910 1368
2758 4382
2256 552
4226 992
938 3204
134 4806
1824 420
1494 4708
98 3302
4538 1108
4924 21 4887
198 3266
564 4650
4584 302
2812 3860
3516 1716
2000 4924
4338 1260
2760 1626
302 2542
3524 250
4370 2910
4712 4904
1212 4326
178 4464
3578 3292
1916 422
3556 2560
174 1922
3008 4928
1466 502
234 2698
1062 2964
90 3804
4276 192
4392 454
133 2227
4924 203 4887
3310 4
2034 4294
498 218
1162 4722
3570 1562
2186 856
3938 306
550 214
1596 3712
108 2502
69 4347
1306 4156
12 2760
2472 332
946 4018
1862 3374
4274 3242
3854 616
839 7
3020 3908
2854 538
798 3536
156 2470
884 2774
884 4640
2192 1572
32 1914
4116 1068
1892 2674
2138 1218
1556 4914
518 4208
4764 4614
152 3898
2776 3046
1256 2486
978 4070
4104 3272
526 3576
2016 4888
298 4576
2954 2136
2096 2876
210 4822
1096 3784
3410 296
1718 930
822 3016
4124 88
498 4928
4630 3176
67 4904 4887
4348 524
2400 86
1216 4756
1130 3400
1548 3724
4032 1170
682 52
3760 744
1342 4888
1670 4516
4680 2172
10 4914
1334 3256
164 2446
24 1480
3480 860
4706 2512
1236 4006
3108 1060
166 4062
2976 1826
1326 2474
242 102
4790 2528
4164 2498
3832 1364
4368 1274
3238 586
4332 636
128 4618
57 2303
456 3316
750 4062
2786 3936
1072 4240
2760 1284
4888 3610
4656 1378
3522 1628
2728 752
3736 744
154 3568
798 2978
1380 4312
3758 272
1624 4756
640 3214
276 894
2736 1772
4818 116
1348 4840
3986 342
1460 3378
3160 1074
3800 2244
4752 1428
4846 58
3396 4766
3838 4692
3368 162
1320 4764
52 4914
1834 1704
2216 506
4178 4886
714 2560
92 1448
3560 3361 3919
376 4132
118 3180
4488 736
828 4716
4122 760
1286 3648
4818 682
3750 1638
4920 1310
3434 1898
1534 3 4887
4466 3274
84 4302
252 4800
2772 4818
2768 4164
126 1806
151 2962 4887
636 2268
3296 4656
572 3710
2188 3728
3018 3534
3706 4650
92 2436
330 2326
344 3650
3572 2094
2312 2306
2436 4634
3430 752
582 2050
96 4920
846 1696
4228 108
4290 464
3310 78
94 3474
158 2626
904 448
442 2514
334 3740
1236 586
4296 530
1494 3094
4928 2070
804 2608
3914 734
4864 644
376 1588
458 4708
4900 538
2168 44
4154 114
3316 242
2494 568
4870 1548
658 4326
2246 184
1736 3040
4796 3122
3324 172
1620 44
4426 264
448 3656
314 4668
3204 24
4740 1238
2474 1032
792 122
3658 962
3990 6
4082 276
3128 4750
206 3320
4565 1916 3919
1450 4154
982 3920
2358 3664
904 2648
1334 128
372 2522
2182 26
2178 1152
4524 148
4802 64
4810 1704
4256 2120
1692 3420
4560 252
3778 986
4722 2040
272 2234
3442 1638
4408 1570
402 3246
4804 124
22 4628
3878 3528
2960 10
4818 1784
3474 144
30 3754
3092 2382
2644 3928
44 3086
3586 276
2716 3900
2566 898
4214 1592
956 4528
2660 4186
504 4646
4006 276
868 4470
776 3990
522 3014
38 3088
4360 195 4887
195 2769
1592 4874
406 1144
4476 1918
2056 3944
2458 4262
1476 3592
770 26
54 1622
2150 4688
4904 484
1678 3416
3758 4880
242 4600
4856 1376
4524 2634
2030 1714
4360 1894
1204 3064
4864 478
1278 3044
1248 3468
2890 786
1278 4450
1834 4788
232 190
4600 2710
2420 4612
4606 1176
1112 2124
720 1030
198 440
282 2516
212 2508
4762 4120
115 2249
1802 118
888 3676
1370 4876
1516 3904
4850 704
138 2202
736 22
1030 206
1090 546
418 4226
4594 1062
3492 1412
2610 4242
202 3354
1044 3524
93 2820 4887
4712 754
3500 2978
2190 3432
1736 4680
1804 4428
718 4446
896 4344
3702 218
1670 2752
836 2892
1206 3585 3919
892 3210
3898 206
1512 4318
2786 676
705 167
16 3400
4456 1874
3802 1244
3020 4586
3392 4628
3638 3052
3838 362
1710 4882
398 3992
2094 3480
153 4906 4887
46 3546
4176 4890
3316 196
3108 4896
90 3156
17 1625
136 4204
1982 388
3034 23 4887
1234 3854
806 3188
4416 2504
4830 2656
3730 2792
274 4042
4288 1954
894 154
2720 3062
698 2530
2408 3154
4096 174
4900 2270
556 1682
902 4810
4742 3312
94 4894
4682 2288
358 4160
1777 155
90 3220
3248 2446
72 1218
98 984
1084 4626
250 3370
849 83
21 4906 4887
4348 778
596 130
4654 24
4868 4544
1120 4684
4816 888
902 3430
1102 4924
1404 4236
3142 214
48 3580
1912 2924
890 4182
2078 138
1842 76
216 2946
3342 1934
3616 156
238 4290
592 4358
2158 474
822 4670
4794 3502
1276 3690
4034 1338
1952 20
1168 3636
3418 942
2294 4902
4800 652
2370 4918
3576 1374
4388 1434
132 3366
1234 4378
4828 1854
3086 1743 3919
520 3440
3318 1486
4660 2814
3904 1336
4924 199 4887
1500 4266
216 1872
1418 2338
3532 92
708 3064
3662 628
774 4666
722 1046
4864 1616
198 1038
4692 4148
2140 2412
4304 4050
1602 4496
3814 2658
2078 278
126 4550
256 3554
1404 322
353 45
4696 2190
1408 200
4910 2090
4114 388
3199 1306 3919
1624 2344
2874 1472
196 2784
2616 204
4266 262
3630 1940
1314 4784
4854 2884
550 3902
182 3618
190 3324
1332 164
1900 1424
3900 386
3056 1644
1896 3626
3888 1348
976 2234
1070 3346
4928 4154
3864 1634
232 2674
1068 4126
1022 4870
4658 4902
260 934
1662 4022
96 3846
4566 1972
4150 198
140 2694
2190 4508
3900 4816
4200 1900
4918 328
3544 2146
672 4040
3412 106
3422 742
126 1646
932 2800
2392 124
3456 4618
2164 3938
2198 4928
336 3468
1222 4820
184 2238
2274 4764
3628 2702
2592 4706
1744 3884
756 4322
4522 1442
4270 210
1826 3796
4824 1492
3316 1412
1538 4028
2196 828
3394 476
4224 1618
944 4162
2518 2954
4610 2610
630 4810
530 116
3774 2648
722 4218
196 3622
2238 4392
172 4888
2602 1092
158 818
2734 208
4928 1364
458 3212
234 3812
3772 206
2088 160
1624 386
200 2164
686 4910
2176 3960
2122 538
3032 2652
1536 2
42 2240
32 4070
2846 3872
474 98
1996 4844
1152 3512
708 4812
4849 1862 3919
2192 448
788 4628
92 2268
1126 3352
4448 990
3532 180
978 4832
4058 150
4750 380
1130 2872
2006 84
780 3960
4428 2936
4072 662
4797 23
110 3038
132 3922
24 21 4887
2451 45
3910 244
4150 1830
4216 4780
3338 1042
3910 3090
4880 1020
4588 2198
163 3070 4887
1804 4918
1070 3172
2976 514
2910 4898
4010 144
3104 3970
2868 128
4792 970
1644 3576
1376 3676
3950 1426
3638 412
3732 3022
284 2316
3684 68
214 3146
2458 190
1592 3554
2964 4282
1880 4390
222 2242
1244 4204
3482 986
1290 4088
2404 4732
3692 154
774 3668
3778 4912
94 3990
4748 308
4820 3714
4918 3440
282 4662
1086 4812
4874 1140
2544 1450
3532 284
2416 4826
2264 252
1026 3372
294 746
3460 220
4054 510
3636 1032
366 4718
484 4378
2652 3474
110 2884
4422 1450
4672 1618
4570 4514
1684 2970
3670 546
4464 58
1344 1980
4072 278
4920 802
4262 234
2482 178
2788 676
4668 3716
4680 18
3102 4826
360 4462
4178 2448
4924 2678
1112 54
1560 4930
454 1647 3919
2120 4670
1902 414
2728 4271 3919
181 2519
4212 720
3836 2206
4768 4362
3578 1262
209 195
2938 4
1206 4644
1690 4546
140 4516
1028 426
4906 2660
4306 3356
460 2402
4114 152
832 4622
4526 1936
88 4300
4016 1876
1530 96
2094 2984
4204 1374
32 2082
694 4506
4010 4402
4578 744
3132 84
268 4452
1270 3342
764 2660
248 1766
4330 332
4246 2522
4020 206
3634 552
154 4548
3510 1002
4654 1488
1746 3092
226 2632
640 3736
588 1406
3768 1190
656 3670
3094 1006
4652 1562
4862 2788
136 4302
3436 4766
4906 378
2610 2844
3122 4288
148 4562
1828 3652
4594 1936
10 1474
4310 2368
106 3422
4930 4222
3772 592
3038 132
4854 1796
2420 3380
282 1942
4192 2828
4552 3764
46 1760
350 4018
886 4270
1992 118
514 3114
2664 152
3556 3600
996 4900
374 3804
364 4106
238 3420
2258 44
678 4904
196 3788
4906 978
2656 210
1442 4620
2822 68
1582 3520
2164 3618
194 4576
604 4756
1060 4162
3498 106
2218 4122
1846 4144
3234 4756
1182 476
2596 138
2126 4144
1100 2622
2424 230
2810 1116
92 2878
738 4914
2512 3540
52 4528
4536 1690
4304 978
814 2676
4458 1680
4838 3178
4232 262
706 2552
2266 4174
672 2184
108 978
1894 168
3594 236
3618 600
1694 4480
4678 1062
1084 3100
478 2550
2122 274
920 3114
3978 1792
4740 1350
3710 96
106 1264
4378 524
176 2266
1672 3656
4530 376
1246 4406
2700 4698
4480 2530
2560 880
4170 16
266 3586
3038 1074
2482 4354
4928 176
2168 2750
4064 40
1014 4800
1276 3521 3919
2028 330
1410 1210
2366 8
4680 2394
4034 4932
810 3178
16 3056
2124 4800
4048 2902
4510 3108
1080 3142
3950 826
4782 1934
3164 74
3632 558
4222 3326
1874 4084
105 4142 4887
68 4832
2592 4030
22 692
2308 282
2396 576
1708 30
964 3730
4134 664
4010 1440
3026 4602
4330 2288
3350 1364
4520 1224
3110 1466
126 3730
3968 1550
4562 974
3750 14
492 1810
122 2136
2386 760
4240 856
2346 12
4808 1822
66 4228
70 4114
2938 992
154 3556
105 2503
1318 4162
1138 2230
2402 178
278 1750
4740 464
1298 2528
1180 4458
26 3008
2988 4508
2428 1584
3114 284
828 2116
130 2996
2474 542
548 4630
4654 2644
4440 786
2762 4684
616 4532
2232 4804
864 4778
4630 2
92 4200
4692 796
1884 3958
4110 414
178 3744
4042 38
796 2738
2026 16
4070 3578
4464 764
4472 154
4676 4138
4330 1860
1612 16
752 4486
4040 1566
96 4324
3408 40
4238 914
2596 3490
4050 2878
1646 1152
4862 434
2106 4808
1430 4554
610 4042
4396 2866
1742 3618
3372 198
4214 148
1082 2720
4564 710
4688 1290
3844 2524
1664 4400
104 4248
1544 1080
1856 3872
1882 4554
4082 2018
4928 228
560 3110
3408 238
32 274
4242 3132
2562 2550
314 2350
4264 378
3530 710
130 4312
1870 248
4590 74
3866 904
3956 528
4178 1530
986 3334
1378 1568
2276 3472
1538 3132
183 4902 4887
4810 450
330 4632
1530 1198
4068 486
2310 408
4904 276
631 191
4 1354
3026 92
1544 4596
3014 4725 3919
2450 460
4878 676
1426 3836
4074 206
532 632
776 2044
1034 4038
4504 1524
418 1970
4734 1104
4008 2346
4880 1206
4912 858
1998 502
3524 762
1620 2924
1420 4736
110 2568
32 2266
4394 2622
4644 2444
8 3408
438 4280
2228 4270
3144 1134
1218 134
2774 3070
708 4308
358 2044
3694 752
1392 3590
2524 4750
3854 2376
2454 1150
2976 2324
4808 896
3190 3976
2508 2186
3788 736
4342 1784
4822 1742
3294 1622
4036 2438
1309 750 3919
4276 4624
682 3466
3870 1416
2734 4554
1356 3556
3628 1160
90 1150
3878 300
3550 442
3712 852
4042 2684
2124 374
1700 2442
3846 1074
1006 156
3740 2726
4640 3002
4326 1642
210 4606
752 4618
552 58
3586 988
848 4238
1580 2890
2484 1106
2315 187
4908 171 4887
4036 1422
362 3126
1322 28
96 548
4070 1752
570 218
2510 38
372 4688
1128 1958
3844 2640
3620 1516
2240 64
1516 4724
144 922
4354 1176
3144 22
1616 4214
3770 364
3990 1404
1757 3712 3919
94 2668
516 58
564 378
3872 1588
2468 3164
2938 4470
4022 2918
1098 2908
3680 1956
2040 4030
4164 520
4610 662
2030 4462
72 2858
2282 3482
1782 3842
1024 198
458 3096
128 4382
134 1686
534 1752
2100 3332
4160 2478
2274 3846
3538 56
804 4770
294 3166
1480 248
1460 4212
762 2864
1162 64
4784 1188
1594 64
240 4224
4548 165 4887
12 2368
3162 1250
1380 3044
13 4171
3926 244
3720 328
2016 3602
3452 178
1074 4870
4866 3600
4794 286
1138 4632
16 2562
120 3710
4526 1264
792 3990
1510 2650
4770 1034
430 2750
3232 1412
3584 1138
3832 310
148 3434
520 4254
2710 4694
3714 1924
182 3248
566 3310
908 2646
1070 1630
124 3874
170 3514
4588 1718
4266 798
3502 82
1154 2184
1626 2844
1174 3754
516 4930
4066 3066
3290 1414
2234 3764
4882 1218
2342 198
1693 101
1586 2992
4736 3138
646 2804
3198 144
150 2268
4916 336
1446 2910
2144 3502
3212 384
1278 4640
1086 4844
678 4242
2168 1548
70 4782
2150 224
4274 1670
122 2432
1664 691 3919
1802 3838
2488 1060
4700 2436
4340 1654
4308 2344
14 4122
4630 6
204 3976
3928 3698
3536 494
4900 3412
4768 2228
3502 4440
2802 3760
680 3744
4878 3882
316 4046
32 1930
3944 558
2424 68
4438 1270
3702 294
3472 18
132 2044
2614 3834
3504 1148
3022 1190
70 4928
4250 532
4930 1156
2086 4352
1162 2720
4918 1952
2698 4352
2742 3690
3488 346
314 2750
4720 1942
4614 104
596 4424
4762 1546
158 348
426 4024
2294 4896
204 4850
2050 2060
1618 4840
4792 4136
4580 984
146 1340
1202 4776
4906 177 4887
139 832 4887
2952 4750
2052 52
4896 192
3430 1286
1980 4820
3682 4564
1902 3296
4702 230
704 4570
1128 4332
4832 260
3192 984
4806 3282
1762 4818
4346 1774
85 4896 4887
3654 1682
38 4620
4844 760
2400 4684
132 2890
4368 2404
3312 142
900 4112
1662 1372
4438 76
2254 2696
4242 3434
3575 2962 3919
4044 1584
636 4296
157 4508 4887
3312 4476
74 284
886 4220
695 127
3010 4110
2736 230
2562 1614
2836 4868
4746 64
452 4804
4166 2166
1006 2836
116 4644
2772 1230
442 3190
188 3020
3282 302
4882 106
364 832
650 2546
104 4482
1406 2412
2309 1146 3919
92 4820
2164 1252
1068 4480
636 3096
1622 4126
1474 2588
4292 14
2810 2066
2434 4308
4590 1032
1164 4548
4920 3574
4750 2922
94 2050
494 2904
4850 410
178 3950
1680 4200
2262 772
4338 1472
4710 2898
1538 2840
4780 2378
4028 938
302 2060
4750 704
372 2446
3617 2664 3919
4648 2988
2130 4868
1474 2278
96 3486
1666 4454
1810 96
84 1088
2488 2064
1780 2938
210 138
4918 2836
940 2196
1800 3120
4326 1098
1520 3228
3978 104
4846 1424
368 4858
1026 196
2112 162
3258 4914
4010 1696
2008 350
3720 92
1180 2768
2034 3284
2362 3792
494 3988
3242 4230
726 3636
4770 112
1372 3424
2540 870
4422 566
3866 418
3818 1878
96 1390
3218 3610
4244 1490
3530 280
4330 908
4624 280
1702 3414
276 684
4018 1100
3930 418
2800 292
1012 358
1262 3004
356 4682
85 4910 4887
580 3828
420 4894
88 4338
3420 4102
972 192
3186 1476
4768 180
4880 4034
4380 1420
2552 3358
2534 1650
3980 212
580 4502
4906 1976
248 954
2968 1240
2994 2272
1208 4068
3526 932
1902 160
856 4838
2710 1722
1406 4062
2826 652
4548 2602
4180 1476
1078 2566
4868 2472
4524 2412
52 1582
4716 370
718 3482
3484 4834
384 2174
978 4483 3919
2886 196
1936 3022
496 3152
3446 1890
4542 850
4214 96
3048 2
3170 4928
4790 670
14 4660
4194 3090
4836 4190
4278 366
56 4802
4922 132
192 1852
1816 22
482 4280
1626 2876
73 1532 4887
4438 2144
1712 4082
4928 75 4887
3356 4672
2910 410
4314 952
2478 342
22 1082
4670 400
4758 1158
1012 4920
3348 278
210 1136
112 2190
2604 4286
2546 1986
3124 4796
2400 748
4192 2830
912 4282
4516 2070
4034 636
2430 4360
4548 1380
2564 4594
392 3394
552 4084
152 372
2492 4844
4158 4792
1644 4758
1456 198
4916 24
2004 772
3670 1022
1626 4196
76 4372
1322 492
626 2612
916 4292
13 4122 4887
3306 1612
2680 768
3120 130
4472 1280
2638 1454
144 4224
546 2956
148 2868
4324 4928
4100 860
1614 3118
954 2232
852 4472
542 2708
1468 4714
4318 520
1294 812
4666 1844
3818 346
1348 4740
1026 4286
3334 4842
4464 1082
4106 426
852 72
4714 3744
3074 1350
1428 2916
572 868
3288 4454
1146 3538
1740 4678
1622 3746
4144 52
1955 99
3488 540
1712 2178
3452 60
2554 4864
4186 1096
1742 3874
4066 1026
4340 1674
806 4760
570 199 4887
3678 1114
4896 1442
4728 1198
3352 1654
474 2251 3919
1936 3134
2014 332
462 3386
2058 1292
4540 2164
3028 2624
3964 254
1064 4556
578 590
4256 676
1638 3710
4780 2192
1512 4504
392 1932
3160 4534
1842 570
2714 4922
4578 103 4887
4418 1924
4086 4638
272 856
390 2968
3 1150 4887
3992 1276
770 4548
256 4656
1160 1928
3952 1410
858 352
1260 3608
4558 1192
3114 2170
4366 1648
2634 177 4887
198 2638
4530 4926
116 4634
154 4564
3948 4904
1334 3852
1590 278
4726 140
2382 372
1526 3204
2346 4170
692 3428
3755 1856 3919
163 2251
2794 3072
3132 1056
1036 4278
2614 1798
286 3152
1042 3252
4668 750
1264 2558
4912 3706
4462 4882
38 1556
2446 518
3130 386
1872 3866
252 2158
2868 29 4887
22 2546
1770 3104
3950 96
66 2490
4830 100
2428 606
416 3558
248 2880
660 2394
714 112
1404 4146
1734 3560
1454 4246
4116 1116
2120 318
2566 3516
4458 956
568 2458
672 3370
250 3908
1016 2184
1318 2398
4291 177
4386 1110
110 1978
4886 120
2094 4822
6 4898
1098 1766
2746 294
1498 1086
3132 4296
4818 36
408 3942
2676 960
4916 1596
434 4854
912 4836
3886 2600
3324 1648
4790 2214
1436 2956
2316 4420
3004 3796
3384 1828
348 1730
4092 606
4174 2006
3098 108
970 3854
173 2783
4160 2538
1036 3634
840 4898
2320 2396
392 3516
212 592
4336 406
390 2436
533 3376 3919
3794 98
4834 1972
1942 4064
244 4874
4758 1056
190 3646
1180 3022
4396 1596
1238 4600
1498 4882
2912 660
3178 112
3952 1677 3919
1344 2978
2790 4904
4778 1054
3238 224
1744 4134
40 3970
4214 3310
3780 86
4872 2648
3048 2162
4132 252
1386 4304
66 3994
3181 189
4846 3378
3668 1748
4376 2018
3852 14
1326 3858
2966 3898
2996 1320
2720 1104
3336 310
2346 1206
4450 250
27 2588 4887
608 3408
4000 4542
108 348
4116 876
86 1318
392 2284
2038 3880
1078 4590
2626 4818
3984 916
3642 7 4887
4838 2154
4888 1716
58 3750
2256 3392
1030 4318
2482 199 4887
4930 125 4887
1846 3410
4010 4926
178 4858
298 4830
1108 3050
326 2612
1214 4594
206 2626
218 4154
2190 80
2862 151 4887
1520 1900
2292 238
3156 184
4574 2310
38 2700
4642 3512
3292 4856
156 4038
1920 4390
3934 1776
146 4676
2486 1896
254 2514
466 1894
3100 1290
4874 1016
2023 154 3919
112 4810
3406 18
176 3846
2912 1748
4850 3320
4922 960
68 920
1926 754
1982 112
1670 3516
2120 4382
4850 2956
36 4278
4464 2416
4320 284
1582 4884
3716 500
4284 3154
4442 430
2240 3818
3610 922
564 4818
4808 2640
1144 2502
4618 1396
152 1760
296 2494
396 3258
2576 2082
4154 86
576 4296
3160 4458
3612 2382
3312 2110
1864 3800
500 3016
212 4138
4452 93 4887
2436 4876
1012 4230
828 4854
226 1888
926 3034
3604 1498
1082 4742
202 4450
1644 4278
3718 8
4774 2320
3880 1584
1010 4674
4704 2878
4662 2148
3002 274
266 4442
2324 3850
2 4752
1292 2522
2322 4394
4494 2258
125 4916 4887
2084 3462
170 2964
2576 4152
1144 2032
256 3278
4072 2488
4812 198
4020 1784
2908 1946
3380 1648
4062 2590
18 4340
1666 4836
3782 346
498 4904
1911 4812 3919
2306 4048
3816 90
4748 1190
130 2750
654 280
2582 1880
4758 810
1664 2862
4556 172
4284 534
4638 3560
592 4318
1386 4718
48 2888
1500 3004
620 18
1842 3676
4008 4906
4736 4446
166 4840
2378 1596
2112 76
1018 4472
2494 58
2906 1730
754 2614
2054 712
2998 3264
1790 1062
2999 3816 3919
908 4558
3942 2798
4764 138
258 1544
4388 220
3436 506
1990 4914
1140 4374
436 4022
1660 4528
3728 4
998 3706
4026 478
1014 258
2868 4268
1928 3218
3232 190
556 3796
4036 636
34 4740
2012 4750
1094 2910
1500 4870
1672 3746
10 2340
4110 1084
1568 3522
3098 4514
3836 1878
4344 4042
4000 650
3870 2494
3496 860
856 4886
3454 3902
60 3012
4327 105
408 4766
4784 1000
4092 2652
406 3700
1352 3380
4682 206
908 2868
4744 2040
65 337
1996 4118
4582 1130
1296 2832
4788 2492
4 4230
1124 4756
3090 3860
1312 4310
4798 3568
3938 1598
3426 3322
4886 1742
580 40
4875 79
156 4176
610 130
2678 192
324 4528
120 1774
2678 234
772 182
3502 1438
128 4588
4856 2148
4622 1494
3040 1362
2652 680
34 4656
1346 4726
1102 3638
1262 3664
3726 1220
286 3924
480 2572
4930 3176
3360 2942
1630 4914
222 128
1084 3692
204 4816
4060 192
2498 32
250 2678
1822 494
4176 898
4324 794
312 3880
3812 4124
636 2914
1992 3024
4696 2966
4854 678
3218 4712
3174 4144
4794 2216
3004 1944
4610 446
3902 1168
1794 68
3916 1150
3874 1344
678 4620
632 4090
1846 4794
1638 282
2070 166
388 4744
1346 4556
3886 3608
4264 2536
31 3551
4150 144
2908 952
4526 1054
3150 4782
2586 248
3706 896
4686 2616
580 137 4887
4202 3216
4912 4798
668 312
920 3690
606 4172
4490 220
336 2512
4668 4182
266 2254
1596 197 4887
3410 494
754 94
2606 554
1918 3354
4570 266
4308 1882
1310 3380
130 3446
430 4044
3660 1512
3908 3194
938 2822
3482 202
92 3434
532 4698
2066 3758
180 4474
610 3830
550 2900
3070 2066
3796 3148
3718 302
818 3654
3124 1510
2613 153
2868 4926
2124 1194
2770 688
1782 6
4106 138
4626 518
1164 500
3532 1146
2138 4506
220 2900
1204 4734
4724 1862
22 3136
3634 2698
4714 1738
1218 210
978 3885 3919
3196 670
2302 2928
954 3881 3919
1780 910
3310 710
153 3827
4922 2394
3492 4624
2582 630
948 3106
3084 4244
364 2828
306 4804
2238 220
434 4052
4862 482
3502 1642
106 2076
2964 714
3928 3000
3344 466
1284 2440
1792 3992
2866 334
1604 3178
746 1456
626 4744
946 2170
636 4546
404 4112
1224 150
3840 886
528 1584
1556 1958
51 3319
918 1604
3366 2738
4618 952
4932 3024
836 2712
120 4520
1864 1018
1154 3444
3768 1892
50 704
4924 1756
3802 866
36 346
2834 2
226 2294
4650 1754
2088 2064
3476 540
104 1038
3638 1550
334 3842
892 156
134 2956
4026 1192
2846 346
516 3374
1886 4768
3640 1530
3438 824
2234 308
3104 186
2156 2950
1312 2732
4108 478
2910 4390
4368 474
4896 4196
2458 3666
1810 4124
358 4914
584 4278
254 2130
4580 1290
1440 1978
61 1725
468 4192
3636 822
2212 3128
1912 1154
352 3078
1324 4908
3916 760
3430 430
606 3414
44 4482
584 4634
360 2080
214 1598
3379 171
4280 982
4808 4550
212 3590
3588 188
1120 1824
3042 1676
4066 288
4308 1042
4694 3337 3919
190 4706
3460 1336
4248 838
3564 682
4924 612
1242 2354
4190 4630
3404 630
4426 88
1028 3932
218 2098
290 3440
224 1990
766 2790
4856 366
1170 3672
16 4242
4006 4916
2160 952
3700 4850
4440 142
2570 766
10 3968
778 2284
4918 163 4887
4840 4092
710 3440
432 2260
4434 1584
180 1974
3842 200
4480 2552
334 2202
2774 4608
646 4526
196 2986
4674 1118
1910 62
2398 4560
3072 202
1212 4568
3480 4570
3936 3324
3494 1174
2462 2540
336 4498
3632 940
4904 634
894 2252
800 4556
3630 1886
3416 2210
3604 1620
4820 3270
88 3150
1592 346
1076 4548
318 3648
1124 4744
4240 3374
2682 1740
4828 974
26 3800
2396 4596
4702 2308
2784 1246
2520 2048
134 4366
144 1930
4176 1978
3550 2128
4118 4932
3346 3428
1548 3972
3774 422
3460 1606
2641 89
1760 4632
4020 644
4148 1400
130 2880
3296 182
656 4814
3988 194
4292 2574
306 4328
4748 206
4824 1096
1380 4720
1954 4750
666 4544
1840 3892
1700 944
1732 3804
4094 1530
4716 2800
74 4298
3752 884
2218 90
4060 3806
1018 2556
1312 4818
4672 1422
1542 2444
4578 262
4918 3538
4622 2848
258 2528
3826 638
1428 2662
4906 2120
3644 1968
2956 4898
2886 1012
1771 19
2530 4018
1948 3554
764 4896
58 1030
4212 1240
138 4168
1422 4548
2830 4732
628 2876
4900 2780
2200 2600
468 1022
36 2948
3682 1622
830 3576
190 752
3706 1192
4920 4818
4842 22
4232 2558
1422 2764
1012 1490
4062 1086
3452 1644
3458 138
2016 2896
1152 4088
926 4524
1356 4474
4034 1778
738 3960
176 4770
1258 3982
94 2342
3634 2418
548 1418
4908 1688
1652 354
2290 2756
4770 4060
4822 682
2258 4408
3654 516
3000 326
4588 4840
248 3970
2528 3784
1770 3714
2954 4736
54 4560
1152 4124
94 2404
598 3468
2584 4794
32 3256
16 4272
4884 3792
1628 3878
3392 1534
1248 326
152 4024
4918 944
3852 344
4906 2630
758 3756
3706 1108
3628 588
1242 3066
4928 111 4887
1910 4070
960 3392
3348 1096
3016 4614
4802 3572
4558 3318
3614 522
2866 144
1748 4140
644 4198
4526 2984
3998 1494
2752 1398
986 4326
48 2024
2860 62
3916 2048
2758 98
1858 204
189 4916 4887
4500 1740
118 976
1650 4696
3612 4850
726 4698
2330 282
902 2836
898 3428
2386 820
3224 612
124 3276
542 2524
4364 2384
3778 4802
3888 2150
714 1774
2110 4682
108 530
1908 3914
4228 1108
4382 1664
136 570
4056 1504
4456 462
374 2206
4842 1372
24 436
2143 2434 3919
2232 4426
72 1350
2902 1904
4360 34
4418 206
3766 206
4502 856
1762 376
4924 97 4887
3774 4814
2026 3530
568 4256
326 4660
2752 3826
1550 2122
4840 54
958 4722
2792 4194
664 4760
3950 1276
2140 4466
3030 4808
1872 424
1920 3840
236 3478
3294 1042
3608 2342
2630 196
2848 2014
54 1696
4762 290
3650 524
4062 80
4786 3082
1448 3110
4758 516
2268 4364
3752 22
1980 320
128 2968
1146 3794
3700 232
2432 312
208 4462
3050 3000
1996 1308
296 3052
3896 542
1072 3586
872 1648
4928 636
4178 284
4582 2460
4850 1314
3266 1336
3170 166
776 4594
4678 688
4928 1312
4576 552
2230 3748
4810 4312
150 2762
1620 4822
2338 2910
10 686
3188 878
4132 2522
1638 3012
668 2240
426 3326
10 4796
2008 428
3656 908
1688 18
1186 4812
114 2730
26 4282
160 2244
3914 2386
3442 4858
4556 566
986 4728
4066 4772
3530 2830
548 4896
3528 4240
1534 3768
1826 3754
1701 121
2208 4591 3919
4860 3014
2216 564
3918 536
16 3286
2398 392
180 4758
4292 136
430 4226
296 4498
1376 2262
272 4206
4878 2698
3350 1574
4910 4148
144 4132
3536 1626
4454 2388
500 40
2376 4470
2404 988
550 3652
2972 4856
1476 4726
138 4666
2766 256
1180 2712
1690 4780
2570 2280
4221 121
3952 2466
1463 201
2914 4924
4808 4114
3910 4916
390 2432
3442 182
244 4528
4412 2830
164 1552
3546 300
2436 4144
310 2380
1842 392
3698 4838
4902 2592
4902 2962
4820 1218
3968 714
2588 4466
3894 588
2284 1463 3919
4748 1268
376 2122
594 2288
4756 270
2298 3566
1426 4074
2342 1166
4890 634
2450 2518
3990 700
2104 971 3919
2526 4468
904 4820
160 1974
128 3818
8 2886
492 4696
706 4206
4864 920
528 2664
2770 148
171 3264 4887
470 4778
84 2770
942 3408
4248 2954
1766 3644
888 4858
3998 2722
2422 976
3880 2852
2210 4752
3 393
4786 1568
622 4640
4032 426
2486 128
4050 496
4726 1024
4172 3698
212 858
4912 3726
4368 38
4742 1694
1762 4070
2594 4772
4562 1390
354 4248
3238 592
4904 169 4887
728 2996
2934 932
3080 4362
4016 956
2594 2324
516 2818
3282 1504
3638 530
1940 222
4912 2220
3046 3252
2718 172
372 4328
380 4430
3862 1416
548 4712
1510 1378
2788 3878
1944 4466
528 4768
2792 4742
2590 4134
74 2798
2782 1434
4384 2880
1138 4490
4666 2090
3310 4614
2486 72
3486 1576
350 4604
4368 788
55 4926 4887
1166 4820
272 1074
4462 1966
3894 836
1470 292
1544 4216
1008 182
4842 1306
1334 4716
2090 4450
1314 1700
242 4668
2662 4546
92 3588
1684 1192
696 4212
2048 200
4824 4308
1880 4274
322 144
2194 3314
2220 2646
938 4350
532 2692
108 4506
4154 1752
54 746
40 2354
4240 942
2738 4318
166 4028
496 1788
2800 4354
4214 1498
2056 2910
3276 2680
2969 89
2860 270
4884 3078
1248 3012
1018 4696
3636 720
2370 3952
256 4488
4424 4896
3214 1838
4778 2196
384 2800
4832 620
870 4142
1410 3692
2604 328
1136 4916
3452 4898
1360 4658
1614 4678
1076 3002
56 558
876 8
1438 4810
4822 864
1806 4324
938 4836
3598 2126
1956 4562
2138 4686
3880 956
2536 158
870 4378
806 46
2701 83
4294 322
3700 151 4887
4032 520
366 2300
280 4812
3740 4
952 4816
1124 3490
2284 4548
34 3344
4402 1330
1426 3932
1132 2520
2548 3812
4256 1742
4856 188
4894 387 3919
3868 308
3182 1556
4838 1040
2954 78
1026 4582
1260 4364
1966 3514
2966 4598
2694 4102
2428 3306
2972 1958
676 4852
3738 800
4224 2260
820 4062
1800 3352
548 2630
4720 3170
44 3488
2850 700
2234 3208
2192 4672
2384 1178
4830 322
4200 106
3606 3168
2894 704
2094 3996
3136 296
302 3800
66 3436
290 2258
4276 468
1696 2832
268 1974
3018 1314
1526 2758
2090 1632
3622 244
262 4352
592 1540
4510 908
1826 4928
1236 4574
4522 240
1322 3342
96 4164
4196 1234
3744 1766
26 3982
4276 900
1054 3688
24 2138
3510 2218
6 1710
3238 44
2378 850
3906 476
1906 1388
4493 75
4758 3542
4920 21 4887
4690 2502
4542 296
340 4670
4000 572
3520 2274
4128 3536
4322 396
4872 2300
2290 4394
4908 2010
136 3250
3516 4906
1326 4458
2702 526
1218 4722
630 3690
4858 244
3146 290
4266 192
318 4828
418 4362
2960 1420
1234 580
378 2334
202 4808
3763 800 3919
986 2722
1378 3928
3110 274
1048 4644
2206 4166
4894 138
4706 1282
358 2976
612 2388
4362 1644
1928 3190
2110 141 4887
576 4050
4516 2108
3340 196
2780 356
1140 4145 3919
4930 1838
2106 4852
3848 386
4066 2674
1914 94
2122 3916
44 3322
62 4396
4836 1242
25 2411
918 2272
2174 3824
4274 3164
1416 256
3918 448
4386 196
4314 1216
4678 1302
3388 140
4430 208
1760 1094
4814 100
2598 328
1892 2055 3919
2552 138
1586 4392
236 1664
3108 2348
70 1762
2820 68
4858 3032
2174 326
988 4446
444 4900
694 4722
1736 4856
532 3276
3097 125
3250 4662
4244 1968
4764 860
4892 34
4114 514
492 4318
4922 130
4806 4402
22 3690
3300 424
602 4784
1462 3222
1496 2684
2650 756
4754 188
3982 640
4614 3164
1776 3644
4836 1432
484 2902
4736 1798
3364 678
4434 42
4278 3504
4262 394
3654 3396
304 130
374 2336
1704 220
934 36
3724 54
90 4270
4292 2920
726 3078
4592 944
618 3478
936 2684
3132 326
3810 3094
256 3704
182 4892
3230 1792
4160 2076
2422 24
3645 41
446 250
824 4334
440 4914
1664 4866
836 3464
894 3524
1706 4538
3424 710
838 3908
350 2684
428 3582
546 2220
4798 2976
3694 2428
3898 1824
3074 738
4844 1696
2950 2036
1130 322
668 3390
70 4242
3738 3992
4744 18
1458 1946
442 4160
3890 2648
368 3882
3156 1526
1208 3824
2150 94
642 4194
1748 4102
4282 1470
4908 340
3774 2276
4200 1710
4734 324
570 2362
3556 3784
94 3058
3260 108
1098 2806
1636 3090
864 3320
4926 2066
471 3950 3919
4586 1366
2372 1946
2604 1160
572 1250
2330 4770
3212 306
108 3432
1944 4084
554 2600
2452 3772
4534 4384
4224 2446
914 2120
3428 1118
4838 1066
1264 2606
4040 2990
3030 768
3198 1230
4228 2388
1930 2702
900 3946
4290 240
4604 1188
1444 4452
614 2562
1690 4738
846 1724
1660 3868
2324 1216
44 4386
824 120
1374 3814
173 1171
202 4046
4918 602
4446 242
414 1950
4748 4742
2242 194
3260 16
3740 4576
3340 1898
3488 946
1218 2602
4024 2430
2988 3548
169 4241
1108 2272
3006 348
1274 4598
3258 442
1768 4166
4326 168
1564 4216
1450 2250
344 2392
3828 2792
596 286
1458 1848
4404 282
210 650
900 4802
2014 522
622 4784
1072 4874
3466 744
1092 4702
3722 4744
4856 738
1288 3844
4640 1208
1536 3970
4912 664
4054 26
2562 1712
2146 4790
860 70
2836 4626
1124 3484
4898 260
30 4918
3122 20
907 3160 3919
3986 1934
257 187
1028 4784
3872 2114
2224 424
394 3552
4752 868
1544 3282
4686 360
2666 4346
820 2988
2456 898
1092 4444
216 4634
2116 94
4056 1718
1992 266
4790 36
4930 4784
3290 702
482 4490
2330 524
4708 1822
2454 2568
120 4304
156 3056
1496 4506
6 3738
4865 53
962 4412
2326 972
3336 434
2832 750
3886 2096
3814 924
1878 4842
3344 122
3183 21
2900 824
3762 1530
87 4747
2460 3484
3378 866
332 1094
1468 3142
2354 4416
3550 350
2880 32
4066 736
3570 1264
828 4426
218 4004
2226 3740
1234 3194
3720 2806
2704 3556
152 2740
3428 2478
1820 59 4887
3286 1858
3252 58
3810 828
1518 4664
570 4930
1376 4494
2582 696
2196 218
680 1468
3120 2246
2068 3110
4862 1260
3242 782
3416 1006
4500 1984
4278 1316
4788 3416
180 2234
1052 1482
2546 4094
945 932 3919
982 2592
4356 990
730 2524
1240 4002
924 342
31 961
1786 2476
1390 3464
4860 3144
2156 4380
1038 108
1418 2708
3940 406
254 3410
3210 2104
252 2692
4336 2574
4914 197 4887
1886 3646
4580 174
3032 96
4028 680
4388 218
3712 1878
3892 160
4246 2471 3919
1016 4338
2826 4378
1590 19 4887
2806 3880
4914 3786
3748 10
1094 4596
3040 762
1522 150
4034 1530
2460 3542
1150 4904
4358 2720
158 3194
3532 1510
4658 2112
3344 414
626 4484
4796 3386
1264 1546
624 4546
1528 4594
4722 222
834 4398
2976 818
1992 3832
4616 250
42 3400
4496 3152
2904 4662
2464 192
4522 1414
2716 4386
780 3678
4468 1262
1508 3472
4108 458
698 4356
4412 1114
528 1042
1562 558
2808 332
4538 2204
2206 129 4887
4756 328
3756 894
4180 2444
4658 1162
1214 4522
416 306
4248 1228
1904 174
41 3530 4887
3806 964
4414 3608
1816 42
4776 2056
1584 4744
1970 4604
648 4832
1424 2920
1698 50
2764 4690
146 2728
2678 68
278 4710
4018 2232
4508 3004
1884 840
1292 2194
1740 4870
2256 3746
216 808
3362 978
2806 4910
2124 70
78 2356
796 3748
4762 516
127 3915
54 136
3126 4724
224 3424
4658 3278
4470 16
2406 816
163 2239
354 3844
59 1925
48 3372
3604 2160
490 3616
1274 3188
198 1842
1220 2394
178 4548
304 2494
344 1986
3170 436
234 4286
1254 3762
2920 1682
3176 2724
3894 1682
2072 3556
208 2102
4760 456
3826 1980
4444 176
3652 698
3814 1398
4504 1940
1436 80
1928 4066
2698 4400
1297 1864 3919
16 3272
636 2276
968 2950
1556 3776
3952 91 4887
2366 4910
3048 324
4080 1574
4084 1808
2832 4432
516 2122
4510 2624
890 2660
3154 4640
2524 4810
1962 3100
244 4086
2152 3166
1816 4556
28 4000
4286 1218
848 4366
1776 232
1466 3706
2504 4512
1750 134
4116 2304
210 396
706 4928
3592 360
2234 3576
1942 3850
4200 1310
2036 2684
1718 4102
2592 1730
886 4804
654 4918
4804 2440
4544 3438
4534 210
4578 76
904 4524
1078 4270
1748 4104
1614 1084
4304 502
662 3766
1758 4792
90 2436
1736 4168
1698 30
4898 1666
3846 2844
2082 314
4902 4240
538 190
1702 610
3324 1158
4364 1208
2956 4808
4056 136
88 3136
4896 250
4152 352
744 4106
4836 4010
330 1672
2270 406
1366 2712
4536 500
4318 3230
912 3906
3634 3046
3453 3080 3919
824 3962
724 3874
4812 4398
822 4928
1254 4550
3310 2216
536 96
644 3446
3362 1356
958 4248
142 572
4088 1776
4 3530
4580 112
2284 169 4887
578 2108
3120 4676
792 3548
2710 712
3505 3614 3919
82 1302
4280 2712
4492 1654
756 3158
4462 1198
4730 496
2328 116
82 688
476 4438
1668 4810
335 95
3304 194
1236 3134
3138 14
590 3222
388 4370
4130 844
464 4622
188 3838
4546 3184
4864 846
468 4464
430 1884
4850 1232
84 4422
478 2592
960 3386
2962 4922
2990 120
392 1378
4448 4652
3994 2562
4850 1566
1530 4516
168 4554
304 4206
712 2618
4458 862
2760 4124
390 4824
100 2828
1604 70
93 3687
1624 2896
2810 1376
808 2352
1092 316
2972 3700
310 4636
4720 2804
3828 434
352 2850
2770 140
636 1510
4706 1318
4898 934
378 514
4750 2134
3768 236
3946 2264
466 3326
270 1854
104 2904
3838 4744
212 2330
190 1916
3064 4868
2818 1538
4904 4752
4794 3688
4092 1592
4564 1580
3031 45
4770 904
136 4286
922 3836
78 868
4814 1244
4510 1286
206 4488
62 1104
3172 3912
2200 4056
24 4820
3872 1760
202 1476
24 3474
3128 370
4712 1036
648 144
804 3832
1752 280
3294 192
1584 2746
98 3732
4508 1182
4838 2226
88 4612
412 4182
1136 4894
2196 3088
4182 3552
2244 3370
2750 1064
306 4366
2 1886
3622 1018
2032 1872
2934 3032
1532 3094
3112 4494
1128 2640
4858 1028
4349 4110 3919
324 3226
674 3898
2804 2906
2816 556
4920 101 4887
2282 3804
4882 72
3498 2152
1926 856
78 1066
694 2796
2766 2246
2566 3924
1244 2802
4582 298
4016 638
4780 1572
2424 228
278 1734
4000 1862
2196 4116
186 3874
1654 3218
62 4598
2416 186
88 3746
2388 980
90 3464
2980 212
1340 4818
3250 1794
318 3422
172 654
394 3342
2876 188
1304 4474
938 4662
4426 496
3668 82
4522 926
1544 3286
4070 1908
4766 1366
2751 2718 3919
3110 1226
576 4756
626 134
72 2196
4458 1114
4278 1450
20 2986
700 3678
788 3332
1522 4180
1008 4036
100 4688
4262 1142
1116 3458
3298 380
4812 2600
4916 3162
3902 1412
1304 1270
2356 694
2 2150
2752 746
3242 4406
782 4922
2828 1362
65 321
4908 740
422 4532
3772 1920
3668 1438
4556 804
200 1562
1676 4622
730 3884
224 3758
292 4568
4882 96
4152 816
4796 1156
2162 4604
656 4444
3126 1508
4248 1624
2140 3388
892 2930
1686 4906
1384 3822
4156 2424
2560 4770
4008 1618
414 3144
1972 4510
2138 240
178 3798
596 4192
3740 514
4126 934
2310 4278
1930 3702
3180 370
948 4354
1662 4742
4156 3402
4848 1208
4520 2390
4058 1788
203 1915
1758 2638
4316 16
2386 4822
4320 2302
2774 1998
4544 2078
4926 4186
176 1558
508 3558
954 4920
3914 1976
3396 144
3018 206
710 4154
160 3124
4908 3730
882 4750
3644 1842
2002 702
4306 556
4076 2316
3574 926
3258 86
3394 814
4618 402
98 4770
164 956
1760 3118
4036 146
2616 224
784 4918
1516 4738
902 226
1558 3804
4088 2596
4064 640
438 4832
2816 3714
80 3714
3134 3282
4560 232
2510 4800
4502 1178
572 3274
4928 101 4887
2116 3634
4860 3834
2416 174
142 2302
3606 838
4598 2060
364 2504
4802 1496
4842 1800
4204 844
958 4932
1624 3382
402 4008
4850 898
4786 2970
2680 816
4292 4720
3414 2038
3340 1312
2122 4476
136 3190
3830 2176
4 4124
1132 358
102 3052
4906 28
4664 690
1788 222
4828 68
3200 4288
326 1628
4000 906
1608 508
310 3070
3480 698
1130 2732
2204 4874
4644 1322
4532 1394
4626 662
752 4352
1792 2730
12 4586
2366 4160
4678 602
4894 1924
2068 74
1084 2572
1192 3958
1454 4152
1154 4374
4472 4898
374 2588
4828 3810
4794 150
194 3386
228 2672
2058 3016
288 4084
457 2692 3919
4340 142
1574 3400
156 1120
1065 4796 3919
1512 4668
100 2302
280 3886
3720 3292
1694 4842
4254 2682
3368 1274
3972 1800
4678 2050
904 4280
62 2428
812 3548
3096 3936
1052 4100
3032 4450
1746 3500
30 836
56 2062
2448 244
950 2760
252 201 4887
1128 172
2554 140
1734 4330
1744 2368
1702 4514
3570 4860
108 3688
4930 3838
4882 274
3030 4744
161 2627
52 4308
4196 3348
3300 836
2826 4836
3304 1774
4578 1700
898 1654
2468 1456
444 3746
4116 10
2990 97 4887
692 132
1082 4380
50 4326
2986 466
1674 1868
1790 48
3646 4862
84 3536
4484 906
1482 4008
932 4760
2584 696
4382 2156
1406 170
384 4754
2750 1462
4878 406
4170 1920
58 4730
189 4902 4887
398 3670
1400 596
1112 92
1376 3760
66 4310
888 4504
3532 862
4048 884
3152 4182
4492 510
2242 3032
742 4914
1094 298
464 1744
4170 1436
3992 544
2546 4530
1196 132
2546 1484
2470 4616
80 936
4386 1528
1892 212
860 3720
136 4874
4408 1890
2292 4
248 4646
4284 2640
3168 694
3484 2148
908 4768
906 168
936 1990
172 4616
4546 302
3350 1252
4070 2984
1796 26
2670 114
3452 162
984 2742
3916 104
3284 88
364 3642
854 3528
2604 1084
1918 172
1190 4278
4260 3352
4324 1458
4830 8
186 4468
3154 862
436 3976
4856 2282
4616 1048
814 2736
4484 1458
4550 1466
4826 440
54 1016
4916 2768
3276 2004
2064 4646
4498 334
4400 74
3052 4550
2488 4696
3158 2082
316 4158
4650 1370
4920 97 4887
4868 874
3316 684
3492 332
3536 1894
50 3878
4050 1034
4870 1790
40 1694
796 3755 3919
2316 426
496 2588
4190 2630
80 3378
932 4768
40 3982
678 2456
1262 12
2296 3296
2464 4806
3586 544
123 4783
204 1780
1000 3372
4460 728
192 2994
4748 2010
2840 4792
4778 142
958 1200
4736 702
90 3184
1026 4360
636 2348
3470 886
2932 598
386 3594
1458 3660
144 4646
4702 2208
4038 974
4779 1466 3919
4932 2306
804 3730
3998 690
4622 154
72 2286
4912 95 4887
2758 3666
990 4044
922 4838
372 4552
932 4800
3962 166
2996 536
16 4312
100 862
4290 200
982 4264
2488 171 4887
740 4110
2012 4360
3854 4722
4130 4572
1004 3272
776 294
4516 356
1352 3916
174 3734
236 3536
3310 430
792 4602
384 3998
3410 1622
4472 1902
2812 4202
3158 3982
946 3228
14 2262
1372 84
4772 3890
3518 161 4887
1330 1306
2758 840
2026 244
3566 836
2428 264
300 608
1056 4768
1542 4006
4550 1294
1832 4804
1446 52
4474 2202
2564 4484
3102 1836
2 4028
2910 4928
2004 3814
1084 2950
252 4364
1180 3584
300 3636
4252 572
4670 832
1182 178
1620 4648
572 2226
206 4610
3064 858
3320 1122
4752 1974
3102 124
4434 4566
2662 4898
3824 34
270 3790
446 841 3919
2214 1046
3160 1156
1924 46
236 3530
50 4762
2490 222
74 3904
3384 1662
782 2990
4262 146
4526 802
468 2992
780 4074
612 3914
3160 528
2068 2460
65 3531
242 2572
816 4930
2902 4726
4572 1490
600 4472
344 3742
3322 4562
4000 402
628 46
2388 4592
2034 4554
444 4494
246 918
4616 216
365 3352 3919
3968 1608
3620 598
2178 3908
1808 1848
222 3099 3919
3313 125
864 136
4434 44
2486 4136
760 4788
2906 960
3468 1702
524 4708
630 3984
1064 4694
2090 198
544 2836
4862 1100
4232 3084
2282 4906
202 504
3802 1426
3814 788
66 356
2348 3352
62 3714
1542 3542
3718 18
894 3970
4710 2448
420 2688
1248 170
40 4112
1438 4920
4104 4928
254 3674
114 3074
80 1332
4844 16
4840 1028
1262 2270
1630 4904
3770 942
1258 282
60 3518
4808 1658
4562 2808
4580 1674
314 3684
328 4038
3796 1076
3184 1290
92 2956
4782 1442
2176 396
3016 3450
264 4802
83 4674 4887
784 3180
1352 4122
368 2968
4932 584
4022 818
1798 4802
3490 412
36 304
83 4928 4887
2330 1238
1250 4370
4268 1050
38 4906
560 236
410 2568
2328 4414
1332 4860
3834 3526
396 4904
160 4782
3530 1648
2330 4616
4816 2698
4626 2042
3742 312
4784 2296
3838 44
478 3946
3836 528
4514 4898
190 3648
35 2979
4818 1428
1074 3950
776 3088
3024 96
1684 3854
1568 4782
4930 3240
84 4294
719 35
60 2492
4506 144
3834 286
3003 220 3919
412 2334
1702 106
3998 1608
4432 560
3832 52
4800 326
2170 3646
3324 158
3460 2526
2074 3264
3310 872
798 4226
3848 1908
4772 620
58 4818
1132 2380
3322 614
386 2548
2480 4060
14 4728
4620 2104
1698 4370
4382 640
1858 146
4560 3112
4654 3790
3268 270
944 4778
436 2380
3324 33 4887
354 2674
4220 1298
2968 4432
248 950
4028 3208
4342 902
1926 4892
24 3990
3006 2062
4840 2174
3482 150
3808 4798
4794 3930
514 4850
130 4306
4916 2210
3100 4476
4216 1268
1546 4252
2222 4534
430 2290
4466 828
512 1284
3566 1178
2494 1208
118 502
4874 290
3464 2204
1990 70
392 146
3924 984
4886 1830
1536 3112
642 48
4584 56
444 3296
678 2534
354 2908
4726 1586
708 912
44 3672
104 4872
1352 1342
1396 4400
2496 332
874 3582
3538 674
1459 780 3919
872 4030
2896 836
4568 4348
3034 18
67 1601
156 3096
3106 656
190 2818
3532 1302
4584 1088
128 2000
330 1082
2222 28
486 4408
4042 1564
4190 116
982 4776
660 4070
110 3958
1740 32
3110 68
4910 3164
3886 4924
2724 262
3085 2660 3919
1128 316
240 111 4887
4778 1096
458 4202
312 3484
1410 846
4908 1274
3238 1630
4618 804
4924 4272
1390 4228
4362 2822
4562 4410
4154 578
4458 2748
588 4562
612 4908
1978 22
3256 622
1650 4480
4880 100
3346 32
2218 4094
4330 224
574 3780
4252 306
4234 374
4878 1632
4480 184
772 4338
2080 4570
3696 16
1130 2940
1008 4470
306 3642
1430 4470
1654 1294
76 4070
890 4242
334 2252
3330 2752
3520 1444
1934 960
722 4876
3622 120
4842 72
2066 4268
4560 2048
80 4432
968 3654
552 4298
4736 1460
2196 4916
4746 3952
1944 212
2684 1202
2616 4776
1740 4890
1400 4390
4096 2980
2916 208
4126 1686
3536 1420
4926 43 4887
468 2092
3448 554
83 484 4887
2536 4858
3724 4774
2256 2338
3756 1870
2108 3810
756 4356
2966 192
4788 326
1344 182
4650 4298
1832 2902
136 1028
1162 4546
84 3016
2388 114
1358 4300
2940 4172
1488 4350
16 3684
4588 1196
946 3936
1036 2426
4018 3332
2110 4844
1322 368
2298 298
4672 1350
126 3470
1244 2818
124 1820
350 4626
6 3946
4094 1422
148 3860
4778 2042
3858 1854
4928 3208
2136 4740
2020 4308
3938 1876
580 4756
900 2496
2690 4539 3919
3026 750
4848 2614
1724 2002
4148 16
1270 3810
4520 1736
2224 4386
4542 3544
674 3968
1818 234
2770 1138
4074 2042
168 2582
4926 119 4887
2734 4046
662 1776
712 4800
410 1924
2346 32
2684 4598
1508 1214
702 2782
4850 932
4718 2902
606 2528
4926 3066
4626 180
3218 1522
1128 4902
818 4904
664 4874
2846 2470
856 1512
1022 4910
4448 1428
1472 4874
2080 3832
1424 1608
528 3038
3702 176
166 1854
28 1238
4858 1020
4232 848
4520 204
568 2834
496 2652
2304 66
1856 3532
4740 1654
662 2820
3170 4890
3454 14
6 4320
4186 2508
2232 1226
40 3550
4190 232
4222 396
348 4762
2666 434
4848 1086
2026 3986
3798 3342
1660 4594
10 3326
4116 416
2270 4438
2854 146
1188 4928
198 4496
4218 346
988 3544
922 3246
2800 10
4810 1286
3032 1986
700 1144
1084 2070
3626 38
4390 312
348 1318
432 32
3184 4398
4102 4790
3104 2458
1526 4160
4214 276
2814 156
4714 350
2758 364
3114 158
1299 111
1472 2
96 1140
3732 310
3860 2402
3806 48
3342 144
312 2640
2332 790
2628 4828
1964 228
760 4698
3910 1206
4190 324
3696 192
2922 3554
175 2644 4887
4342 1694
3180 1888
10 3174
1466 370
3806 2254
4754 178
2273 197
2194 2776
3902 664
4920 4636
3840 2750
4774 3942
2288 1004
710 2950
4406 2484
3592 2020
2616 1662
548 3034
1242 2462
1894 4534
1032 4602
1980 4918
4136 142
2656 1160
406 106
1284 3498
2808 1492
4406 368
4234 128
3062 1466
2932 1130
1710 1108
2680 1276
2252 3916
1344 2504
4508 556
2756 4494
114 3420
2916 3648
1180 3652
4828 948
2504 4590
4086 2770
1370 70
2650 182
3802 4736
3860 1400
4650 1498
3938 38
1238 4534
1496 124
4864 1306
4470 1434
2690 1254
2906 3796
3078 2232
1278 3906
500 2892
434 4434
832 4616
1152 20
784 4500
1314 165 4887
1050 204
3548 1084
254 4556
2422 160
2722 80
138 3726
1088 3136
164 4176
3818 1340
2812 3048
1858 316
2632 4602
4744 1092
3542 4808
3764 210
998 4806
1908 1156
928 2804
3638 4834
3098 286
4788 2884
754 4850
54 1280
4364 1800
124 2792
4364 1636
604 1790
2356 3944
1086 4578
2390 4716
1684 4676
4544 432
2152 3950
214 3806
2166 642
918 3752
236 4618
1152 2428
762 3144
2048 3524
1842 3992
4036 966
414 4724
130 1452
1884 4732
3812 4796
624 4770
2478 4
126 1352
4158 4912
1402 3650
3666 898
330 4214
138 836
3622 862
3014 3916
120 3752
3610 200
602 4572
2908 4018
3876 1598
3598 516
964 4814
578 3216
4588 1888
566 2814
642 1714
3542 1234
3140 4782
3498 2322
3238 2316
402 4330
3216 108
692 3728
2849 2836 3919
1288 3978
4022 1002
180 4060
3458 34
2292 194
2560 4728
380 3864
4758 3950
34 3144
4052 854
2052 3796
772 3744
2524 750
4308 1020
4088 4806
2424 818
428 2106
13 812 4887
4824 4384
290 2424
4406 208
1006 4646
4820 3978
3572 4866
3800 1792
798 2590
3326 234
1282 3366
3764 816
2650 3796
4730 2122
1078 2346
506 2918
4454 1052
4852 558
1250 4060
4828 1714
398 2756
4582 1078
4282 1664
2440 252
3 1689
4906 4604
800 2938
726 4648
3606 240
4792 38
398 3432
4906 904
58 3028
616 4682
116 2222
2729 3200 3919
1000 3568
1062 4574
4430 950
362 1290
1288 1464
1490 3436
3502 4526
1464 3034
3948 3036
1914 3364
1346 3956
1044 136
1876 4256
4276 2750
778 3590
4676 1798
58 904
86 4858
456 3286
196 1960
3452 570
422 3862
2388 190
4244 1616
244 1486
2298 4534
3832 2662
2870 202
4678 3748
2140 3354
3948 30
1584 4902
4878 1840
42 4630
92 4598
1134 1528
4678 2762
3216 962
1598 4112
4888 296
1492 2854
2496 34
3230 462
912 2526
4930 2392
4164 932
2996 4650
3707 165
1194 32
3532 1472
272 4650
314 2834
4812 1748
202 2904
568 970
3222 4586
20 970
1498 44
3816 1754
394 3174
252 222
1552 3326
3474 674
274 4918
2210 532
1062 4826
4162 1542
1010 4864
185 4243
1202 4540
4176 534
4230 848
4770 846
4892 3384
4922 3812
4328 42
3424 4766
1818 3508
1406 4522
1222 4354
726 4846
4732 210
3622 1338
4552 2030
1904 3736
3278 1628
4912 1732
286 2290
1852 1396
4336 256
1102 1368
458 4834
1798 3918
4104 1490
27 3295
1662 400
400 3606
2586 1424
292 4578
4830 1668
4668 3616
1900 4538
2006 3332
4798 24
914 4198
3286 1796
2846 816
1284 2244
3148 732
4582 2456
4840 2316
2398 4012
33 443
558 2782
26 3046
3288 1706
4860 100
4116 3082
3706 4206
310 2120
586 3868
3484 1572
1588 4810
98 4028
4902 2728
1934 4770
570 98
584 4482
1268 3630
4350 174
4892 1278
4926 139 4887
96 1352
1356 3804
3966 96
286 4600
4596 1642
1050 3282
770 2518
390 2228
63 4906 4887
4278 760
4458 154
260 4590
4686 2976
2220 572
1078 2178
3690 1878
4610 2086
4118 546
3892 4223 3919
4896 710
4822 196
1228 2942
3940 154
2786 3764
4148 1086
230 4640
4874 918
2900 4870
182 4480
4170 1960
4324 1068
4932 1050
2648 4932
2510 4724
1530 4266
2262 4016
158 4426
4372 484
34 2884
2650 1340
370 1212
4154 154
2020 3792
712 4784
4748 2128
700 3566
2884 4738
1254 146
2006 70
4612 2314
814 4870
1480 466
4738 396
2480 1242
4860 3772
1266 4894
3080 4878
3082 236
4884 3208
1494 4480
2638 1130
1431 2302 3919
4678 4292
1206 3430
4786 78
68 3242
1276 3998
1964 4264
2170 4930
1418 1104
4632 4930
1872 4172
4212 208
2732 1338
1964 4300
1368 4348
3687 133
1546 4316
2812 3150
496 3386
2634 412
2564 4476
3806 138
3080 450
264 4720
3942 520
54 504
60 3358
2828 3278
224 4342
4306 18
3604 240
3998 1256
1400 2948
132 3508
32 3784
1212 4720
3706 50
2946 2484
2230 4436
1748 604
4806 1156
192 3602
2696 3758
4494 1686
4920 111 4887
2344 4146
4568 2942
284 162
1462 232
408 3594
3014 838
1096 4194
4388 1150
2974 2240
582 4014
4798 252
160 2950
700 3244
426 3558
1680 262
4352 722
4920 69 4887
1310 4646
714 2774
3899 67
4186 2428
1314 4594
100 4628
4912 718
3968 332
123 4916 4887
114 3214
1080 1676
2660 4354
3198 402
3542 332
4556 336
2480 184
1766 4156
44 1536
4508 1142
928 3898
3738 1590
3184 4738
4098 70
3792 624
4912 794
2768 1846
4754 3556
3232 2110
3298 1370
3250 884
4730 1542
774 4906
1212 4268
1916 3820
3184 2004
522 1582
3416 1854
4790 1936
1972 1646
4496 1090
226 4418
4786 4922
4396 1172
3862 1780
888 2862
3272 232
178 1310
3102 1784
2626 618
4546 3994
862 4512
166 3164
1854 3544
1878 3028
324 3848
514 3352
940 106
1336 1366
2754 4316
4834 400
3170 1242
3732 1930
4360 2212
4455 33
155 423
2812 294
68 2072
3516 590
410 2918
37 2060 4887
1664 3410
4360 736
1070 4124
3664 1104
4870 2274
4806 380
4562 36
4516 792
440 2582
236 3434
3942 4790
4360 1350
3970 96
4920 3508
4412 130
236 2580
964 266
3366 160
4484 1682
886 3922
1854 3824
1644 4104
112 1454
89 2757
530 2868
794 480
148 2256
804 3860
2810 1284
4462 1760
4116 900
4166 1444
120 1594
658 3848
1692 4352
3456 1688
1776 1200
612 4380
904 3430
254 3132
2782 1682
100 1946
3630 1084
2190 4316
4314 1286
30 3142
712 2920
74 3924
4398 1684
272 3700
1172 296
2093 43
556 3884
4732 502
2200 2420
2924 1500
1226 2764
82 2288
1134 2120
1684 3934
3284 4660
148 4504
3402 4682
730 4366
2626 572
678 4076
2988 1554
34 1828
4036 1424
188 2604
1250 376
2664 836
3628 474
2642 6
4712 138
1780 3856
2220 328
2014 90
1260 4086
154 3168
4434 402
4736 798
2918 932
4914 3454
4588 2810
114 4038
340 3390
1486 3268
3892 2224
4256 2426
706 4490
4700 290
142 4612
222 1630
2360 3704
1708 4618
572 4418
136 3962
2846 3540
3432 198
4083 4826 3919
544 4374
2472 1526
2510 3010
4236 1174
2450 1188
4738 1806
744 3014
26 4704
4078 20
640 4472
1550 4626
2484 1468
3298 3926
52 2518
3656 1172
442 4540
920 2568
826 3248
190 2410
3394 1506
3982 904
4706 2316
4442 1136
3704 216
3482 122
4502 1624
26 4478
4898 412
640 4582
326 1018
1498 4282
1284 490
2774 4782
4630 62
3434 240
3374 402
3598 178
38 2468
3590 190
3004 1956
4530 666
4076 900
4812 3768
4750 490
3458 2898
2050 162
4346 1440
153 3351
3110 2086
3720 2082
4506 1024
4532 2840
132 1520
282 2206
4416 14
4512 2282
2480 876
1290 2216
2416 4242
3030 1144
1552 1181 3919
190 3822
1272 2938
42 4596
4594 3266
1920 290
2116 3506
54 1026
4642 668
1672 344
4196 1126
4418 1008
1700 3078
4222 694
1714 4140
247 2574 3919
3970 1866
312 4478
1628 4662
4750 3786
2570 492
26 4026
1850 406
4694 344
4478 518
3118 1080
4126 4884
540 4464
2408 388
4542 158
4918 43 4887
1656 12
4124 1128
38 1128
204 1478
1338 3906
4764 2966
3686 28
956 4768
87 4918 4887
2680 4786
3708 436
380 3496
2422 400
1092 4324
270 2992
3590 180
580 4256
4716 133 4887
1076 4012
3156 556
1760 4412
4748 1968
4282 730
3394 1970
2112 2730
4390 1728
1428 92
356 98
4866 2784
2828 832
3222 570
874 508
3856 3196
4624 1006
3498 864
780 4530
4740 3330
3974 1720
1050 3300
38 1310
3626 1224
3076 2530
28 3364
4402 874
1408 4142
1618 2544
4216 672
662 3488
3424 370
3064 778
626 3568
452 4040
2938 238
1496 4756
74 4212
134 250
4932 3470
2526 630
3338 532
650 2952
1376 3078
1510 3920
422 4370
4354 3608
4496 834
3830 1196
2962 2888
970 4632
4584 4186
730 3308
3430 1100
3650 70
240 1148
112 1726
2654 4860
4018 842
1448 328
1518 3100
3266 640
812 3920
3288 4850
3228 4544
1744 248
4728 646
1492 4924
3180 306
3150 3754
2260 4284
3556 550
1320 3791 3919
4394 2368
4444 1302
4628 840
170 4294
2902 534
147 4904 4887
3182 38
2096 290
4600 126
3494 88
1958 3992
1602 76
648 4858
1094 3168
3478 636
4330 140
456 1800
4032 1742
110 3846
3290 1166
3554 622
3154 180
4596 1734
3267 15
2694 10
4678 2568
4804 3654
578 46
4022 812
484 1932
1340 3878
4124 4584
2924 974
3724 1146
506 4356
4504 154
1904 3250
458 4800
4268 1428
4772 3562
1146 4426
3806 168
4776 1966
1442 3316
3664 262
3270 840
1376 4280
3842 954
3214 838
610 3700
1268 104
2730 582
3872 1320
2430 834
4260 1238
1150 3882
4860 3022
978 3178
682 1938
4590 3040
1768 4190
1854 518
2278 4876
96 4249 3919
868 298
4172 574
2646 132
8 1952
4620 108
89 4924 4887
2705 2718 3919
450 3408
3734 4558
1598 2
1846 4288
1070 4190
3676 18
4854 326
1322 4872
4470 3432
4856 2164
2018 3416
114 2890
2736 1354
1958 4770
1740 4914
2244 316
1588 4100
3882 1032
99 2601
690 4898
26 4484
4854 1170
182 4220
3722 790
1996 2748
1650 500
3338 1108
22 2422
2646 4750
4764 16
2338 296
3310 3874
2578 436
210 676
3868 1540
3944 2996
4696 4846
896 3532
2301 143
2436 1082
97 4331
2206 4718
2566 4354
4694 2858
4738 1106
58 3540
1262 4632
4772 1666
3730 344
1770 166
1394 4916
3806 2776
1612 3040
3062 1850
2168 426
198 4238
4894 1736
640 4714
238 4230
3726 1072
4012 658
96 4896
1648 4810
127 4922 4887
4694 3442
2438 3282
4850 1310
742 4816
121 237
1830 246
580 2506
3038 598
3180 2216
1240 4144
3968 4726
2762 1780
1396 2780
1936 4680
1014 4562
4174 1068
920 3376
340 4648
2662 106
1084 3406
2298 4554
4410 10
2560 1224
4486 454
1008 2842
4510 746
1112 4566
596 4886
3380 4768
4486 52
2090 4520
4370 3020
4838 1912
1562 2082
3322 722
3780 54
4248 1998
3676 226
2812 61 4887
1602 3198
2368 44
408 3294
4694 3766
1936 98
4554 944
224 4620
914 4574
4480 162
2734 984
1198 3122
4714 218
3622 404
598 1412
4034 242
3560 1094
4438 4850
1606 3278
4542 540
188 4538
261 3780 3919
3312 4152
4712 2884
2416 1304
3674 2550
4018 1624
544 1476
4378 168
3620 4704
270 3856
4384 2016
4272 492
2550 96
3642 2250
152 1744
628 3992
4764 2340
1694 2340
3968 3152
3636 696
4777 3240 3919
226 2644
398 3660
2040 4314
222 2192
156 3668
3474 3552
2078 32
4492 1630
4062 3046
3536 38
4496 2066
3354 836
3504 1846
166 3312
1096 4852
562 4376
3566 1072
346 2090
2396 1556
510 3268
456 1554
4746 2116
1102 3106
10 4276
1860 3402
1608 94
222 3846
2258 1662
8 2540
2374 834
3078 540
2864 250
1218 3784
88 2206
2918 44
72 2594
4888 1650
4180 4840
916 4652
2962 4932
2192 4734
4606 70
4668 2950
4920 3178
1108 4656
818 3998
4340 2294
2345 119
438 946
970 3550
3704 3224
466 4852
1936 3514
3864 1068
3412 4448
4890 290
3810 1752
462 4476
230 4914
3362 1650
4334 198
1692 2148
1740 3684
3946 92
4732 438
256 2074
1590 4546
3478 1964
672 4168
2732 4906
3160 4586
4516 1996
4906 2598
4530 1404
1898 4876
4289 99
4742 1064
2630 4862
253 187
374 3878
326 1826
1332 3338
3680 758
808 2658
134 4544
1448 3828
3126 4830
3700 4808
3282 754
482 234
4758 1126
2468 4336
4826 40
164 1760
174 524
4120 1574
1042 2422
3922 1920
2046 724
62 3072
812 4520
2556 3768
4890 2510
848 4844
4916 252
230 4360
4448 544
3886 246
4076 2156
832 3280
1276 4644
4454 4732
4126 304
22 2814
656 4164
4472 298
4766 1390
1554 3554
1806 2900
4040 1414
1188 3352
4016 6
2684 600
3394 118
957 179
2266 3850
2394 4888
3720 1228
490 2384
1356 562
4056 2180
4228 3408
774 3944
4696 558
634 4888
1978 4884
1798 4850
2140 4932
4316 4910
4844 2008
1346 1908
1666 3872
118 3556
4496 2548
2868 654
4122 394
930 3200
862 4862
2868 3992
1192 104
3232 1814
1864 3594
828 4924
2242 4356
4738 2746
2578 3056
2530 1744
3916 1584
3762 1400
102 4622
3266 388
1336 712
4270 1348
4566 254
1338 4654
4572 3398
242 2928
338 3956
4814 266
4902 174
3894 3518
3308 1984
960 4682
4316 378
2702 4792
3986 2904
22 2714
3712 942
2056 4682
166 1538
4866 3866
1488 4778
144 2358
3824 132
4806 950
2480 576
2974 4416
4908 3998
4316 338
3166 1940
390 4854
4464 386
4446 1736
4770 1818
184 1690
4676 1622
23 4865
4776 1766
2173 2890 3919
88 3058
4816 388
1862 298
482 4362
1440 4844
1888 198
4927 894 3919
3148 614
4758 3202
3372 4794
4366 168
440 3848
4756 4482
4752 2860
4432 1334
4890 2571 3919
1944 192
18 1858
4922 24
4362 1656
3960 498
126 1276
3904 132
177 4922 4887
4166 2528
180 4898
1698 3876
4496 2462
1638 4076
1056 2974
110 4120
4446 2368
1772 3986
2246 64
3996 556
140 3484
1198 3280
1788 4070
1554 3860
3346 2238
2420 130
2858 1410
2348 218
890 4022
620 3084
2020 366
1644 3222
546 618
292 2348
1190 110
3652 2646
2502 4886
18 4202
18 1408
4750 2746
3978 1314
3016 1014
1418 142
3854 1884
4920 4432
1795 3972 3919
317 1398 3919
90 3424
1084 1424
4920 1086
1012 54
4572 1138
898 3026
942 108
2460 4378
3036 4516
2408 3776
1894 526
4924 159 4887
4456 3696
414 3552
318 678
4562 1938
3134 1000
1180 308
1064 3694
2880 1366
308 3694
3942 986
4 626
282 3274
90 3584
18 1356
3662 1190
4026 766
3912 44
786 4266
3400 1590
1756 4448
2 3726
3960 3232
4524 1310
4878 2714
4456 4930
4846 1086
4908 10
90 1480
3360 1764
2452 222
692 4452
4848 3344
4588 404
2220 4480
742 1722
4580 4780
4624 652
3100 1006
4476 294
44 2260
118 850
4808 4520
4528 342
3794 326
3778 1704
4754 3076
2776 4908
1062 3550
2986 3690
3846 266
376 3516
2392 592
4688 2174
1012 2960
98 4280
29 4926 4887
1856 3456
4478 1320
2079 131
3884 2096
504 3372
1952 3588
1072 2916
4858 374
3290 40
2680 188
1330 2718
2792 1594
180 2178
4918 2972
3386 966
270 2778
134 4750
2800 1456
3184 1124
1470 3638
3860 378
1070 4172
4852 786
4142 314
2976 1316
3082 326
746 3610
4788 910
1370 4910
3262 740
2482 4526
2644 1006
126 2658
1 3483
2920 234
350 4544
4488 2620
1716 3780
4316 412
4460 2092
3414 1534
1994 4070
3396 916
4214 640
4186 304
1732 3768
3692 456
2658 248
4242 44
62 4918
2116 4126
1838 190
3048 142
1080 42
3835 3404 3919
12 4472
3846 1196
3838 722
4308 60
3216 156
2282 1468
4560 2204
1846 234
300 4860
2184 532
1990 4496
3276 876
1742 2238
2846 4930
40 4010
2524 2548
2786 1178
588 368
3318 2650
1144 4764
948 2842
3668 2761 3919
3714 2228
1106 4876
1094 3866
4148 1948
4824 4176
3838 126
1422 4150
3080 1370
4828 1820
344 4456
3450 1416
1090 3566
1484 4386
3914 2208
4318 222
4728 664
298 924
3872 828
2718 4858
172 4156
3782 86
3066 1604
2086 3672
784 3888
3752 50
1372 90
50 4916
1620 4802
538 4432
3058 1118
316 1594
4908 2442
270 954
128 50
4822 796
2830 234
666 4470
10 2356
4720 1948
108 3370
72 1808
4212 1060
3072 3054
4172 2218
3954 3162
2242 3870
3718 1700
2138 476
72 4402
1082 2420
4564 1566
4272 622
1090 4876
2112 4426
1762 3916
4714 70
726 3514
3186 1236
4924 99 4887
3176 672
1990 126
560 3168
2588 3426
1652 4108
698 4216
3750 482
4782 1794
4640 1004
1728 4816
2512 2940
2056 114
1928 122
3052 770
1716 2622
4774 2738
1058 4685 3919
1120 4770
8 1772
910 3292
3862 4776
4620 4300
380 3694
892 2798
938 4146
2256 4698
710 3980
1598 158
163 4904 4887
3158 352
1418 3040
628 179 4887
4610 2346
4854 3670
3388 1734
2464 78
2698 3840
90 822
3956 932
4844 518
4842 1354
368 1474
1534 28
2722 236
4904 95 4887
168 652
704 4722
3860 2078
2982 2010
2652 694
3772 2168
974 3554
4707 3746 3919
2908 2104
1632 2838
4674 470
16 4434
338 4892
3782 4557 3919
9 4903
4248 4604
3860 1200
1418 3560
25 263
720 4770
129 4924 4887
50 2448
1832 4840
2580 612
4750 4352
4140 4066
6 2546
3764 3794
4428 1432
258 68
216 3330
4834 2316
1780 3874
1620 4572
780 3838
166 2804
3106 1326
10 4910
714 4902
72 1610
2444 4894
3862 854
1872 4444
4160 2018
288 1751 3919
3010 390
1034 3312
2056 206
3466 2506
4868 1552
4552 1356
70 3566
3002 598
382 4446
3916 230
3834 3394
4426 1062
3688 2338
4586 1014
1092 3410
204 1642
4662 3028
1984 3908
902 3404
522 2248
922 2174
3902 1106
3342 4914
3382 4930
4826 56
72 3564
2030 4620
3108 176
1648 3382
4438 4846
4634 1486
140 4842
98 1064
4044 4930
4908 1968
3300 1380
4076 4702
3884 2548
2100 4908
4856 3334
524 4476
3882 802
1242 1136
18 2694
258 4446
4486 1336
4636 3672
630 2592
2262 3300
1520 2398
3204 834
30 2406
4352 36
2550 1552
268 4236
1031 199
2428 1216
1800 3764
114 4124
17 1187
670 3250
3108 1834
4484 1878
338 4928
2602 3328
4932 1392
1988 196
992 3822
854 3232
4510 2584
4812 1944
4226 2316
4758 3620
4344 3426
3136 246
1112 4356
1504 3064
716 4714
3462 1062
1662 2928
3070 4534
552 2738
3458 2246
2964 878
56 268
2328 4708
60 3988
2692 4904
3054 3920
1444 4794
1466 3714
4706 2776
2556 1628
2586 38
1660 3436
172 3720
4590 2116
4312 3558
3626 2166
314 2552
450 1576
2012 2896
2114 364
1204 2798
4912 3354
2896 26
412 3866
770 2442
4600 2754
264 2480
52 466
1408 4920
2324 4810
4436 3134
2402 250
4772 1444
3484 448
2488 1180
1102 3844
552 2882
3038 1330
3102 198
854 4428
3066 4804
3136 10
151 2875
116 2548
562 2922
1274 3861 3919
2528 190
4128 126
4508 886
590 3512
564 4090
1156 2852
95 1773
12 1012
2316 4686
4008 2036
4226 1582
3604 3034
1442 4046
540 578
686 4412
4248 1422
1586 4394
4164 1532
282 3502
760 4150
4874 228
2702 1300
1952 380
740 4046
4206 496
4364 3574
3158 1902
4684 2574
570 3094
990 4926
3820 230
2436 3951 3919
4094 1246
4488 112
656 2328
2380 308
4118 2
2392 3720
1884 126
3090 2222
72 3372
4800 1158
560 4770
108 3648
3528 4386
258 4638
666 1094
1764 3302
4800 3226
538 4750
348 3896
2426 4364
4920 3064
2048 4616
512 2326
4364 4908
96 4466
92 4024
70 874
4718 2448
1222 2706
2190 170
193 351
676 4640
492 4044
954 2740
3358 918
2012 904
430 3652
2594 4904
4348 178
98 3974
2418 3494
1942 4768
3190 170
4792 1286
4602 520
2746 1730
598 4292
354 3460
1690 206
3032 3754
3342 940
2596 800
3946 4850
2508 1592
4906 2494
4266 76
4788 1424
36 648
3764 2338
73 1571
178 4364
130 1332
276 4748
4754 164
4036 2624
3830 3631 3919
1866 4
2206 3506
2210 3932
42 1520
2616 720
4752 342
4042 822
24 3548
1502 3934
266 1240
2382 542
3934 2082
3660 150
1168 4026
1894 10
3848 1580
3680 2234
4498 530
1434 3954
4920 204
4898 488
178 4688
3886 2626
4314 580
4730 1908
444 4366
2839 79
3500 1454
414 2364
3560 342
3874 1474
652 2722
4750 1222
1214 4114
1192 244
2938 1084
264 1116
1130 4318
3020 4368
904 4270
112 2956
4360 116
4880 1210
968 1934
4898 4374
3016 710
3210 2
1556 3994
748 4930
4110 1586
4686 376
200 1028
4296 1276
76 2886
1158 3954
80 3146
4128 2400
246 4224
4668 2064
4896 1652
4026 128
4678 494
3302 4598
306 4511 3919
1924 4666
82 4204
3720 4368
2390 180
2202 124
2226 338
1718 4906
912 3310
2340 108
3546 8
4894 2728
4914 63 4887
4806 4188
102 394
2207 59
4548 772
488 3738
4442 1476
872 2550
3644 186
4732 2124
2966 370
3480 2580
766 3038
1408 3534
1180 4146
4272 1956
4930 95 4887
998 14
196 2876
4304 71 4887
2018 58
1412 4908
774 4532
4816 2086
3766 1334
1502 616
398 3224
2554 1380
1774 380
1426 4084
144 3168
4118 580
2340 1302
1748 4800
4634 1912
1164 3998
252 274
2240 1682
36 4124
1254 4930
2552 3610
3976 4764
4592 1754
1890 3424
672 4254
1800 2684
4230 92
174 358
3998 196
700 4028
4116 1494
2672 744
24 2094
4880 1296
4674 1994
3176 762
3848 1110
3392 1556
2648 1350
4092 4844
1974 4110
4218 1150
1102 4916
212 3936
446 2800
76 1730
4192 248
104 2760
120 1908
404 4706
4892 238
3840 198
3168 4866
1710 3624
2634 122
3030 770
4246 276
4610 3084
107 2146 4887
4326 1760
1938 4090
4622 2744
3866 1698
2368 2387 3919
61 2235
2650 60
4522 4864
140 2330
522 4552
3972 462
1154 3910
2174 4220
4866 604
3906 99 4887
218 2014
4262 52
3578 1701 3919
1710 1082
4882 748
492 4174
2398 4230
668 4552
4632 3024
2726 4
2862 4201 3919
1118 2696
4640 1274
4752 992
63 4898 4887
2348 174
1634 83 3919
512 2398
3628 206
4612 2422
4708 534
2744 476
130 2156
2624 4686
592 4916
2984 4304
1094 4594
4700 1534
762 4844
113 1908 4887
4814 1190
668 4866
620 4758
1346 4618
4328 604
3860 2332
682 3244
2968 1786
1686 144
1080 4852
880 4606
2484 608
3888 8
3184 56
4516 2466
3900 1360
218 3038
4818 2812
4806 132
4754 234
176 538
3549 616 3919
4288 1366
4384 974
1326 4556
2940 2218
60 4176
1224 3002
1740 4906
4702 964
116 3274
620 4256
1856 72
4226 2401 3919
4556 2054
2756 4424
2180 4798
72 3644
802 4802
182 4432
248 2786
4534 2082
1806 4860
2144 3726
4390 1658
2090 3510
616 1714
54 992
4078 806
1752 4264
115 2897
390 186
404 2916
462 188
2838 2138
2978 3246
218 3404
8 1052
1580 130
4588 632
3728 1283 3919
4758 4222
222 4920
3154 1836
386 176
2246 18
3068 4510
150 3556
944 84
40 4106
1986 4588
4696 1168
2944 306
2524 1082
4820 3462
2570 1480
2856 4422
4660 1928
17 3625
2576 658
1460 3212
728 4832
192 1338
3168 4766
1544 32
4564 178
4416 4918
3892 1212
748 3410
230 2114
4764 1108
2774 3430
1266 4858
3258 524
3446 4584
1648 1160
2400 4812
116 2244
3942 254
3032 202
3732 978
4748 752
6 958
288 2798
4596 152
2604 4890
4240 78
4496 550
4075 199
950 4786
1946 1188
4904 1490
3534 1972
3498 1198
2398 2408
1574 2708
1776 3190
4408 2156
4636 972
1582 3648
4266 230
4218 2314
2042 3928
4164 538
4624 3884
284 3328
964 3586
3160 1312
1150 198
3554 4896
3304 762
3240 576
4576 2110
1922 3288
566 3584
1000 2358
4538 1374
3084 1774
192 3744
3530 74
4196 416
2452 234
1512 4670
4872 2522
46 4608
1348 3056
4920 312
4916 1884
60 4124
2772 4874
714 4500
2616 1132
4250 594
2100 3640
4380 2664
412 3098
1778 4586
4002 2530
2712 4918
4050 2502
4900 2910
3670 2496
3020 3450
2092 2968
556 4608
374 358
4528 528
3630 380
3814 406
4928 2156
3308 600
868 3346
2794 696
134 894
181 4254 4887
136 4702
294 1734
1836 3466
940 4454
3900 1728
4842 1792
4236 3342
408 4026
272 4174
2184 494
382 3904
368 2276
1254 4868
3328 1272
3414 1964
590 4454
472 4884
2938 1656
1998 3572
12 1106
3322 1143 3919
1100 4344
76 4694
4912 1692
4902 2966
4114 1420
4822 3022
2714 4084
4418 2546
2486 4754
744 3484
3582 105 4887
4454 540
20 4088
4740 408
576 2838
790 3962
1012 4906
634 4920
1230 108
19 3015
2580 660
859 201
190 3758
2696 4224
2122 4626
1330 4842
480 3356
244 1810
4572 1944
4352 80
216 4050
266 4562
3410 4116
790 4168
4872 2984
4640 2816
410 3740
2520 3908
3522 4844
1802 4208
2352 3828
2684 102
1156 3522
144 4622
3566 208
3190 4370
39 3185
3034 104
3086 4790
1282 4082
696 3700
182 1178
4420 2920
3376 320
1618 1882
4586 3260
4308 118
2278 1238
2870 1626
4002 2916
2622 3214
874 2942
4568 2292
3060 24
2900 1220
4190 2164
190 3720
3888 434
558 4166
3006 108
4066 1474
1208 494
2923 65
322 4662
4748 3178
1004 20
3882 4766
3124 4624
976 4658
392 3702
4564 694
4020 674
3016 704
3980 774
1728 4868
4846 3574
1484 782
1866 932
4216 570
2403 27
4476 1882
268 2180
1384 4312
1874 4384
4057 81
4404 180
1182 4728
4344 652
1492 3958
232 3056
2942 116
1218 4282
3410 4342
988 2394
1234 4894
2254 3860
2688 36
4060 496
4814 2178
182 3998
28 2898
258 4144
1538 3178
129 3451
4546 1298
1232 4768
4652 186
2996 3664
1526 3254
3400 624
3450 400
10 3070
3416 296
1066 4574
2334 3620
1008 2974
3034 48
4866 3556
740 4790
2878 4520
3786 1282
4912 2934
27 4855
1780 4620
4638 1832
1114 4634
3206 32
1772 4716
3634 596
3646 202
294 3776
118 476
1854 2200
4136 288
1184 4504
3322 214
4746 220
156 758
3358 2342
1938 4766
722 2464
602 1108
1270 2614
664 3182
2908 540
4282 2002
1932 150
4830 2732
4568 2920
4622 1926
14 3948
1312 4014
4340 626
992 3870
445 1378 3919
2318 4378
242 4868
4794 1468
1104 3952
2940 4590
1016 2982
820 3694
170 3040
1710 2186
2722 4186
1370 3666
700 2232
70 2876
4864 4090
4850 494
2504 4628
2938 10
1982 4034
4916 38
282 3572
3244 104
888 2502
1088 1724
666 2452
144 638
2456 3750
46 3938
4416 1162
4198 1864
4796 2856
2118 4282
2362 4544
2404 2154
198 4792
408 36
948 4774
1236 4748
4246 4
4082 1050
104 4854
4082 1722
1724 3702
2732 114
3876 2698
2308 1656
2298 1706
2268 4706
1446 4786
492 3286
1636 3916
4690 3272
3070 4300
482 2856
4932 133 4887
222 3652
952 1620
124 4380
4140 1002
3792 210
2574 716
4002 3359 3919
3816 332
2462 1680
914 3828
1554 4706
1327 27
3136 750
1636 238
364 13 4887
724 190
892 3934
2400 1438
3788 154
3904 3604
3768 1116
1698 664
4918 1308
3270 4794
3047 11
602 3926
3544 2106
42 2510
2895 63
972 3356
3178 1200
4560 406
1626 4640
2674 632
3940 1236
1216 2208
1658 4312
2460 1022
652 2930
4192 3416
2816 158
28 2562
926 4756
22 2820
2720 4876
1866 4812
3584 4694
4814 4128
548 3784
3320 2176
1848 3408
3404 4910
3984 112
126 3480
1036 2978
836 4790
204 3048
990 4162
516 2222
2156 1042
1076 2482
3332 6
70 3504
2034 3438
2500 4778
620 1870
2868 4322
177 4525
1814 363 3919
4582 1668
2550 244
2300 30
2020 4694
1098 3778
4880 184
130 4602
4600 2586
3258 1588
2910 544
922 4390
4054 172
3932 192
4932 4800
968 4132
4490 1946
1612 4754
3138 738
2274 568
1406 20
4678 3338
3104 4028
240 2628
2296 224
1710 3796
154 4302
96 4118
4868 168
2578 214
4224 1320
2966 184
3572 624
79 1705
4076 2220
3756 48
1622 3076
3490 4534
4502 2148
4636 1814
796 2542
95 4900 4887
3240 4906
1284 3106
3738 4626
2520 428
3842 1024
2674 4138
284 2632
524 4199 3919
4392 516
4162 1048
1542 2358
4542 2864
1848 2114
3236 1664
4144 2528
702 4630
1535 23
646 2498
4554 1800
3536 1176
3344 1046
558 2442
918 232
1752 3552
3832 404
4318 442
4922 3602
800 3388
2854 308
372 3480
3334 320
284 4164
292 4002
804 4890
4032 1898
4806 1910
162 4126
1772 4708
4492 3116
235 201
86 2126
786 3514
4212 274
3854 124
232 1290
860 4916
4914 252
4112 616
2092 3996
3192 1112
3018 562
1424 2348
3626 3272
3814 4566
1188 4150
574 2228
4022 24
4902 1324
1810 4894
1810 3800
3944 2252
2262 4010
1772 3692
3278 1620
50 4410
1154 3738
1032 3962
3712 200
1378 4036
4794 1634
906 2624
2138 3314
346 1360
2665 51
3394 1014
1800 4906
3504 1510
1730 728
2722 4872
3606 3618
4910 3234
3866 1306
1392 3700
822 4416
3480 32
81 4904 4887
4104 2484
390 4564
24 3424
67 711
858 3740
934 2210
356 3726
4786 294
4164 84
368 4484
670 262
3566 4872
264 672
1102 3900
3116 390
4750 3348
990 3106
1954 3758
3750 230
194 3954
330 4104
508 2920
4584 1642
81 2087
62 660
88 4878
466 912
4512 316
4384 1288
4084 4888
470 4788
2762 34
2464 2114
4534 1740
4018 582
412 4248
3564 1068
1394 3524
3186 1126
4348 1068
1322 4926
520 1366
2850 4648
584 3862
1990 4614
4470 4916
2728 628
3924 80
4054 956
4722 1934
4238 900
132 2800
4584 2046
1370 4704
4898 418
12 3980
194 3270
68 3258
382 4588
486 4786
2924 362
742 4728
154 3210
736 2804
2450 4514
296 4572
4230 1442
4868 2376
10 2180
1724 4912
114 3278
2742 3326
4440 2682
434 3456
370 980
3568 4906
3784 1856
2970 464
2360 154
136 4324
4256 2744
4916 51 4887
700 3960
4530 2072
29 3079
4154 762
4012 1918
2622 3500
3984 3246
2662 236
2778 1250
2140 408
3642 942
3946 844
540 4154
4896 2624
4574 1178
2728 1796
8 254
3598 6
118 4916
1746 4312
2868 4504
4896 1616
2074 4254
142 1480
4664 2308
2470 3576
204 3280
1128 4544
4742 1848
634 4458
4269 224 3919
2532 650
254 2256
1886 253 3919
4234 58
1708 4726
3458 4610
3466 334
1780 3418
4782 3464
558 4438
3576 1392
4304 208
4886 1770
2356 3462
1550 4174
1122 4378
2674 1022
4356 2734
364 3336
66 2884
3504 2308
3799 25
1298 250
1178 4230
3224 144
1174 3848
4222 4182
1448 3054
1542 4280
1798 4612
4904 1450
50 3668
4276 326
1552 456
2734 3040
1048 3804
4668 606
4756 404
4604 308
128 2019 3919
1666 4334
936 3120
4090 1406
2502 4766
4554 3026
4908 121 4887
92 2644
2004 4908
2264 984
3346 3286
4916 788
2922 938
979 172 3919
2382 36
4796 3834
3430 408
3726 1628
2178 3126
2104 4704
4206 1718
3199 1774 3919
663 2082 3919
1704 3456
1744 2490
154 1936
1364 198
4864 1694
2380 4036
4232 534
3328 268
712 3066
2078 4114
3930 106
1486 4704
3890 1036
4684 368
296 1600
4456 894
1136 2886
2730 4140
4828 1228
2852 1696
2860 4470
2942 3910
14 4818
1292 214
1720 210
4068 1722
3808 190
272 3722
690 4736
4512 2614
2940 802
4266 360
240 4292
1496 320
1208 3972
120 3400
42 3134
504 55 4887
424 3448
878 74
4222 2088
1152 4650
3936 50
1622 678
166 2990
2880 3792
740 2672
3664 180
4022 506
1098 1486
4788 1328
1672 2630
1324 4472
678 2852
198 2684
3558 438
3598 864
374 4908
1134 1380
191 3897
2964 180
28 3018
3576 494
2764 260
2724 370
1886 3896
2292 1300
4840 4274
710 3628
2358 154
1086 4566
986 2126
578 2468
2020 226
162 3970
4714 130
4642 386
2058 4822
4862 510
3286 3984
3802 1162
877 2756 3919
342 3658
3608 956
188 3728
1388 4676
676 4194
618 4038
1270 2804
3794 2632
4226 1394
34 4436
4154 48
4928 1678
1746 4694
3208 4782
2292 370
3682 4746
1480 3202
2038 546
3278 3830
4784 3640
3282 4274
2596 92
42 4186
2696 864
4310 3674
856 4002
4307 169
2258 3726
12 2716
1038 1568
236 3880
4214 1158
3672 1498
2084 4842
4088 126
826 4098
212 3346
1398 256
2268 1268
2021 115
4842 2128
4642 1204
149 4922 4887
3656 794
3456 720
2916 214
4190 244
4872 3606
1976 3380
3780 598
2305 141
1812 4760
2338 30
64 2950
1802 4474
2646 4802
1822 4800
590 4572
558 1738
2028 3528
4432 1162
4468 116
2776 3614
3838 272
3822 4468
3738 1286
1712 152
4648 1218
122 4120
918 2372
87 2282 4887
1290 3134
1550 4874
3900 1202
30 3512
1164 3172
242 3752
4300 2914
2470 4170
372 4818
4258 186
4860 1704
2580 26
1548 4838
1318 3418
3974 2138
64 1792
4152 224
3398 927 3919
4542 1802
1254 3894
154 4608
126 4640
4566 2598
4126 4790
1602 3132
1786 4090
964 2964
4910 3766
2971 3746 3919
4258 230
4896 1544
3406 2338
380 3042
438 4906
4710 1768
152 3908
4254 918
4542 402
578 4804
2826 338
2152 3004
2996 2056
4734 992
3986 292
492 3106
4564 148
199 3427
1824 1694
3428 486
3166 210
2038 3658
1744 4848
412 4410
124 1736
302 4870
4140 3624
3782 22
1170 3614
2300 4042
216 4294
2098 4306
4302 1128
3734 926
68 4470
350 1976
4682 1372
4768 464
4416 1184
2487 2060 3919
2252 2942
2616 620
442 1778
1864 3084
1948 3220
3552 124
504 2732
4618 1800
658 4692
1496 3840
3744 1072
4084 1838
1024 4362
168 4500
318 2612
458 4914
1866 3676
3290 1384
4226 1072
3418 2344
2028 4816
82 3178
826 1866
3634 2348
148 3064
1712 4322
4280 2308
3380 2344
2400 4520
966 4900
2290 1054
2858 4924
986 3510
4772 108
4048 176
2076 3256
1278 2632
4 4086
3806 2546
1420 998
4492 4838
3918 2250
964 3782
8 2120
3208 2992
4668 2048
580 4600
1926 3722
1852 982
1630 74
4178 3000
2684 1940
1486 4162
2252 238
2440 3218
110 3284
3922 458
120 2062
2598 3700
4320 4587 3919
64 2838
2938 4916
115 1188 3919
2320 1228
1642 4228
3140 4274
4120 4828
4646 318
268 4388
4834 708
4562 114
3920 1788
4758 410
2294 3042
3756 376
1246 4654
2584 4294
3290 942
3378 718
192 4428
550 4512
1686 3842
4868 4350
898 2782
2398 464
4446 2366
68 3748
538 4526
3666 536
4898 1790
32 2768
2208 4332
1248 4154
4372 1700
4492 1737 3919
364 1064
186 1192
1750 4504
2346 144
4798 886
868 4910
4496 1202
3874 1840
1281 171
1476 3610
4898 3912
46 2554
1832 3076
4 2626
700 1506
2112 174
4326 304
4414 1736
4510 480
78 284
3818 2220
3562 1118
536 3082
86 4128
4830 2492
1584 4780
4606 1732
1538 3422
4336 2856
4618 380
4538 1790
54 4764
3856 2406
306 20
728 584
4828 1202
418 2752
2721 3912 3919
3384 306
2042 4248
4658 3786
4226 2304
4836 10
4716 3050
2336 4826
3060 336
4654 1168
240 428
2978 628
4922 3562
1540 4418
4918 506
4488 2546
414 4924
3890 1514
117 4603
2966 3970
4430 1408
4774 3390
254 20
2794 948
1908 4900
2362 4442
2452 1500
1956 50
4644 3162
2544 1284
390 2528
2262 181 3919
2820 3772
4810 3822
3158 2966
4024 796
2908 1134
2024 4750
4906 998
514 202
788 3700
340 3636
3376 4710
266 1988
3837 121
2030 1002
4 3926
2222 2696
4528 962
4922 802
1396 2404
4192 2052
4910 187 4887
4908 1074
111 1519
614 352
564 3566
2368 2878
4586 860
244 4370
570 12
3744 958
312 2676
3866 844
2478 4902
4124 922
634 4080
4390 2504
190 3498
3106 1390
4144 360
4900 4322
3944 116
1626 3864
286 1692
1338 474
3670 132
4860 1110
1318 446
3590 1484
1216 4828
3908 1966
2600 962
3848 2638
1754 3300
3782 266
2272 2164
334 4846
64 3266
1244 4682
1272 3658
604 4606
1866 22
794 2936
512 4764
4880 1258
898 4860
550 2206
4786 4372
94 3852
1190 468
1072 2372
956 2792
2550 3200
2258 4810
4858 1466
1422 248
3696 6
4160 3262
1674 3574
3940 660
3190 394
92 4858
2590 170
3332 386
4848 2032
2316 3814
4444 2784
2568 914
4640 1166
1518 3262
884 576
2184 2938
4870 1946
3507 43
150 2830
386 4256
3810 2150
822 4742
3662 2554
234 4630
3464 924
2705 3984 3919
4766 1918
4798 1890
1130 2080
166 4888
2434 4826
638 4336
4500 766
3626 4922
220 4212
3558 40
2306 916
4796 2536
135 4900 4887
4146 122
1968 1536
139 4755
1524 3870
4308 1024
2262 3948
3426 194
3686 948
3566 178
612 2988
177 3207
2700 4492
120 712
2 4894
2870 230
3316 516
3892 3126
4738 168
208 4178
4776 1416
4922 169 4887
3282 4740
4142 654
3768 1052
1800 992
4024 96
3016 2252
3146 866
3464 1168
2842 1326
3202 618
1818 4840
2140 64
376 996
2468 2018
154 3702
4688 1832
440 4700
4188 70
4124 1974
5 697
1984 168
3406 4820
3104 1760
4768 1326
282 2554
1612 3558
152 4856
760 2368
4752 3132
4144 4910
1138 3256
4510 606
132 2540
328 1310
4604 152
2928 234
3482 152
2346 264
512 118
3378 860
1224 3578
2170 4160
4914 1268
678 4730
170 2662
140 4316
3760 1224
382 4294
4796 94
4916 3436
4432 1302
3306 482
4036 830
4130 320
4136 1450
541 115
1112 3464
3134 1046
3440 1244
3340 868
1968 102
742 3724
1198 4848
4428 1062
4156 388
1428 4458
2470 4334
770 3870
3266 952
4016 506
3992 2572
586 3900
4902 3864
640 4270
4896 3570
2464 4276
2480 232
4496 1856
1434 1092
340 1370
1474 3704
1772 4858
1632 3486
46 4494
1704 4878
3626 154
2642 168
2534 4438
168 4894
4870 4174
4824 760
3100 4816
298 2898
652 238
356 2944
2894 4304
3136 146
2380 4746
4426 860
186 4504
1158 2392
238 2140
2808 4568
3334 2086
4644 4340
1118 4700
1536 542
3690 4800
2336 4794
2538 1176
3020 84
3374 2470
2206 814
4202 750
2162 3124
1291 3686 3919
4898 1526
98 4254
154 4138
4428 3844
4742 4570
3806 3224
1866 1088
1044 4762
1494 2966
1546 3750
4506 656
4102 908
2060 4816
10 4318
710 4930
4390 4668
3068 3952
1792 3570
18 3154
3556 2466
183 1303
3908 264
4546 1222
4102 2506
2130 2088
4716 56
4402 130
188 4536
2854 4864
4644 598
668 3426
1448 3856
356 276
504 3068
206 3598
2086 4824
110 4812
2881 93
3284 664
129 350 4887
1554 4644
4716 1330
3578 2186
2214 324
1582 76
3800 1308
1132 4734
4760 562
4290 2902
4448 560
2576 4780
436 4508
4740 20
4648 3272
1810 1350
882 82
2264 50
366 4924
4858 1394
274 1690
298 2440
3266 612
4672 1064
4758 1564
4862 686
2352 1194
486 2476
1650 4622
494 4358
838 3070
400 874
20 1408
4290 640
4102 1406
3772 4
100 3956
1308 2812
3338 2272
526 4338
238 2348
3546 4862
4 474
2384 4264
888 2466
4654 1212
2436 3632
2422 4874
2816 2026
4024 3332
3734 314
2578 3944
1736 4602
2344 442
1272 3682
4628 1860
4602 450
1854 2734
3672 4904
1273 203
3538 2044
3292 112
4014 4930
1140 4222
3108 1044
4388 2016
1640 842
906 4866
1510 2948
876 4658
1424 4726
466 2544
26 874
4870 1348
254 4338
198 2292
3714 176
550 3992
494 1552
4458 584
4790 3516
1706 126
4680 44
350 3408
4592 1514
3728 2232
1536 702
3054 2774
1212 3024
4918 672
2112 4788
1316 4404
1172 1864
68 2364
3798 406
164 4346
2030 3190
970 2072
1332 2718
198 2860
250 3696
4568 3414
1122 4312
4358 148
3086 4788
2922 84
4836 2368
3134 1572
4646 3298
224 84
910 3024
4654 376
92 3248
1768 3728
1125 1258 3919
504 4126
4476 1220
3956 3602
924 2814
4062 4902
28 4912
3684 827 3919
310 1688
2148 270
1726 2220
1606 4048
702 2416
972 3342
2394 530
2118 2486
546 3076
524 2138
4126 944
896 4710
4818 2882
2332 726
1114 3874
3114 1468
2962 2998
1148 4438
2612 488
1436 3898
3380 3876
3598 64
36 3614
4840 1260
2721 107
4424 2624
4598 2914
2458 3984
194 4312
4524 4630
3794 530
596 2148
1956 4414
228 1990
558 2232
1236 3262
4368 3094
2956 1686
128 4682
535 85
1946 4596
2382 564
920 64
376 3388
112 4094
4898 2440
4916 324
135 2347
332 2412
1932 4204
3690 4932
3128 818
3182 4724
3916 3612
3488 4404
4198 3026
4912 2786
718 4704
4580 1742
152 2714
1200 4230
4222 2270
41 4924 4887
3490 4352
152 3926
3956 1580
2588 4456
2580 700
1546 610
2956 596
726 2134
26 1536
902 3821 3919
4898 320
1740 614
4156 922
4070 308
3988 1302
1340 3048
1572 2946
58 4900
4932 3290
4710 1148
262 3860
1332 4022
3094 348
794 4516
1512 2210
4836 2788
2614 4626
968 1750
3090 1398
3986 2678
1132 4444
4698 1078
4718 1432
2596 2290
1806 4484
780 102
4230 1216
492 3908
3256 4490
942 278
2270 2556
1856 3800
3192 22
4742 4150
1184 4910
1912 4344
4278 1216
3832 376
4598 370
160 278
4158 398
2776 722
1634 4848
2882 4672
1142 2158
4034 2490
1774 240
4574 980
2358 120
2736 72
64 4344
4294 708
1390 782
3224 1230
3628 36
4612 3550
4254 2456
1876 4872
1046 4678
458 4110
3906 2990
550 2248
262 2332
4924 696
1620 2394
4664 2288
3306 1988
2278 2674
3744 1672
1364 318
466 4516
346 4574
3344 2010
720 1336
4432 1690
840 4358
2046 3048
2656 3830
488 3708
1212 4856
172 4812
1568 4682
4668 2810
1062 4832
4396 170
358 4238
1194 4638
83 1440 3919
3280 1330
1070 4416
3478 1168
314 3146
1266 4036
4165 51
1906 4926
4416 1326
1324 4816
4550 714
4796 72
2298 26
3854 1332
3434 372
4640 162
2936 30
898 4150
1882 3464
1126 3814
3614 1490
2214 4630
1446 4900
1110 4624
1200 4570
1418 4428
3484 1002
4274 644
1270 1420
2648 1994
3422 738
602 3036
4818 2810
4306 1242
4866 756
4140 1012
532 3494
4638 3210
2120 188
2666 4606
4672 378
3788 1082
1032 4260
174 1494
149 4898 4887
188 3652
402 4258
1692 3274
52 4400
382 4852
238 3904
4902 1188
3888 4280
3314 956
3504 80
4778 464
312 3952
34 3032
2568 4440
1238 724
2792 1536
578 3480
742 4792
174 2780
2166 1432
4378 52
1102 3284
4542 828
2692 24
4324 902
2368 464
1278 4900
4762 136
125 1251
2068 1348
3218 1882
3338 1222
42 2694
3140 1612
3208 2210
3144 1522
768 3664
844 3692
1680 3820
120 2240
4210 2214
634 3104
3810 1648
286 3196
206 3950
4170 1978
664 38
4930 4726
4738 2590
2664 244
2546 4196
508 1309 3919
3046 1042
3452 3878
2644 4574
1106 3682
120 3436
128 2610
1274 3624
272 4380
4060 2374
2460 4602
1642 4490
4788 1978
4266 1164
2078 342
170 2530
2650 446
3904 1702
2894 4932
212 2900
4872 3828
4754 84
4690 466
2074 4648
1586 91 4887
2598 4834
4702 106
1508 6
900 3930
3940 148
3016 1650
3106 2706
66 3870
1386 3400
44 754
73 521
4352 790
1524 4696
1298 400
4114 36
4748 146
1432 2646
4600 4078
2152 3872
456 2672
4770 540
26 2976
4872 108
4582 1308
188 4154
2376 3894
551 75
4436 2702
3998 660
4266 268
1586 3738
91 4902 4887
4722 348
1210 1840
2142 4110
3794 730
4404 490
3070 874
2812 1318
4872 436
3772 1814
4658 3978
1855 1844 3919
1548 58
1328 3830
3712 2332
4274 1298
4130 1240
1380 3466
2528 1994
1070 2998
4810 3558
286 3584
4626 1542
744 536
4826 2030
3162 428
1714 1987 3919
4784 1220
3726 2072
1726 3782
60 216
4856 2488
188 3882
27 4751
722 2836
4302 4898
528 278
1368 4770
4908 110
1216 3540
2598 4896
966 4792
2808 366
22 3388
2392 464
4860 958
4476 2902
122 3262
1376 4894
3510 646
62 1094
3600 948
4810 716
2424 2690
23 2858 4887
4130 724
3504 860
2250 136
4598 2152
4314 1684
80 646
3756 2532
86 2034
2586 398
3640 4910
3070 524
3568 4852
3848 3224
854 4628
612 4206
3466 4888
2294 4866
362 3678
3256 500
3610 2896
1494 4256
3056 714
1474 2686
48 626
46 240
2736 4824
3930 34
1362 4034
1310 3570
3028 4116
4670 2708
456 4170
4904 1018
2120 4610
698 4870
2862 4694
1020 3912
3288 304
1208 4524
1744 4180
2592 1194
28 1604
430 4718
374 480
196 4858
890 2502
3714 1398
450 108
3762 1372
4138 1732
774 2232
1470 4550
2838 3862
1064 3158
4666 4912
4644 412
2496 908
64 462
2058 167 4887
2054 3354
1280 1966
2792 858
162 4466
3114 4904
566 4472
9 2897
1158 2250
70 4166
3204 498
62 3366
1580 2900
4158 76
772 3166
654 1362
54 1500
2422 800
107 4084 4887
4818 2298
1138 3490
546 4520
3042 3926
2384 32
68 4370
4646 1818
100 3594
3712 4874
200 3260
1124 4774
2166 35 4887
4316 1108
1242 108
1294 3410
4648 2292
182 3172
2850 4826
2752 1246
938 4722
200 4096
2882 1642
3782 1330
4914 2776
25 2261
458 4420
3800 1040
2420 2440
1218 3584
4908 71 4887
620 3688
1950 4904
496 4558
4506 1064
4830 2584
73 4363
1268 4492
192 1424
192 4570
15 699
1886 724
4372 6
4512 3646
772 96
2700 1290
1370 908
4230 156
4754 1268
4312 1078
93 1499
66 3106
846 2822
4736 686
4108 466
102 2666
2694 4608
1164 4932
1622 4242
162 1340
1948 4860
2952 4356
312 4854
4808 738
582 2742
1440 2102
1978 4352
932 3644
1518 4448
2204 484
586 2822
622 3802
3282 540
126 1528
110 3840
1214 558
4926 594
414 156
4632 498
4430 2140
862 20
1264 282
2898 3976
3928 2578
4110 4762
1214 108
1670 3430
3124 538
4860 828
2344 1038
4824 3379 3919
852 4824
3934 216
76 4504
1036 3138
4472 4806
4224 310
2216 3990
1810 4468
2518 1266
4520 1378
886 3882
3224 362
4854 1458
1318 4590
592 2972
2808 4898
8 3596
834 3654
20 4890
2294 570
4928 53 4887
866 3130
3654 104
2810 1758
3946 198
4408 440
212 222
976 3598
1226 3406
1810 4184
362 4718
654 3862
3446 334
1630 968
3972 4846
482 3502
1540 4900
1192 360
1136 3358
1376 4862
1790 4442
3728 208
3380 4414
186 2904
1406 3972
2854 1192
508 4246
2342 3926
2176 4364
4482 414
1568 4644
3662 26
282 4668
4584 620
3792 2454
954 3560
586 1928
3560 256
2880 528
608 3678
1636 636
656 4816
79 4918 4887
516 3664
2348 4728
3888 562
4116 316
1122 4326
3464 52
2168 193 4887
298 4634
4687 139
4180 354
56 2398
3666 904
4570 1063 3919
4714 58
164 2144
330 2284
2226 3778
4040 78
4106 2952
1390 4446
2936 4664
1584 3412
2318 270
2752 188
4368 4514
1650 4802
4254 1576
796 4296
1442 4156
4902 2576
4310 22
3944 1810
4914 216
167 4493
3116 470
506 3226
3244 4930
1862 4066
1276 2284
4044 1598
230 1808
34 2994
3802 22
4832 1248
4278 202
172 3862
4080 72
212 2248
