4932 9621 45 1013
4772 808
4210 1060
2362 942
3206 118
1280 4830
82 2828
532 3962
1580 2880
2572 4480
34 3026
4767 386 45
3752 206
2462 528
550 110
1418 4558
4600 1468
208 4
956 3142
3898 1300
1958 4908
718 4236
1834 118
294 4704
4830 1018
556 2616
2748 4078
1438 4074
790 4574
1316 4752
4560 2728
4104 974
1830 2476
1738 4648
4817 2911
2982 4926
4822 2744
2626 1430
4274 4872
1580 2794
1604 2182
4528 264
340 1668
1780 4072
4616 1302
3426 1462
3524 982
430 2066
2546 4322
4686 3454
1184 3910
2906 118
486 1522
4364 1712
2596 4638
16 1396
596 4162
1456 4698
76 3668
738 3308
1814 4804
994 4344
4918 1238
12 4783 45
4146 306
3910 208
4790 802
4 3374
3316 926
2206 4788
4836 906
564 1682
726 2546
4554 1636
4595 4867
3072 4636
4348 3086
780 4746
3464 1296
3854 82
4520 3964
156 2434
3255 982 1013
4888 4306
4808 3228
474 2842
4472 1704
4226 626
1356 3231 1013
2930 984
4916 3526
418 4744
3382 4440
2014 514
238 2832
50 1048
496 3896
3570 6
2562 2988
680 3358
2190 678
3064 4686
1446 4588
4221 4865
4640 4158
4266 1544
2014 642
3336 4932
3014 1012
3004 1202
4318 822
2618 228
18 464
3752 426
3734 364
272 2786
1844 740
1100 1408
4450 3002
262 2932
4594 1298
912 3272
700 4560
1358 2464
4399 1558 1013
1820 2764
1620 3978
418 2864
2470 658
438 2386
298 3962
1888 872
3612 290
3580 92
4740 1508
2284 1138
3252 2014
4640 2122
452 178
2992 1084
4756 586
2336 368
4668 3970
1150 3716
3508 1098
3692 1764
150 3746
1454 364
1694 155 1013
4780 386
4848 3498
3298 1844
1652 3884
462 3032
3058 996
820 3720
3538 316
4580 686
4050 4632
74 2986
2904 3220
1244 3658
4810 1076
4890 1022
3788 1210
1982 578
4658 720
238 2744
4000 36
4300 30
3666 3690
62 1328
4774 2690
250 4566
4448 2458
4844 1470
538 3762
2154 290
422 4618
3810 190
1040 4346
1608 4508
2518 4748
818 1852
1438 4756
1582 674
3970 232
3606 146
3074 604
4930 64
34 4876
1790 4912
3850 2362
2174 3984
1334 3986
660 3636
4884 2486
950 4018
1870 4226
3308 2064
592 1524
1078 1738
4842 3822
1614 2758
2482 1162
1336 4070
4584 1384
2728 4803 45
2290 1006
280 3688
48 4814
3802 2318
1862 4732
3204 682
658 4924
4494 108
4182 2206
440 3558
3922 704
438 3844
286 4208
582 4854
8 2868
3036 30
4791 4754 45
1438 4554
3986 1248
4876 1906
758 4874
4932 182
3658 2650
4002 134
228 3652
4824 3744
2166 3754
3946 602
4233 4917
426 2744
3194 20
3874 1826
3048 1430
3108 1138
3564 4026
6 2864
4744 228
144 1848
3664 1592
2318 4730
4594 404
136 22
4916 628
848 4690
2842 938
4292 740
2124 116
3290 176
734 3254
1166 2378
4864 1368
3968 142
3714 458
330 686
128 3936
146 4024
3098 1428
360 2624
3310 1552
30 3784
2536 704
3236 4884
3990 808
3384 760
1668 3598
4884 1266
1584 3570
90 4086
4112 192
4216 488
1030 3418
3078 1478
1736 3704
448 4480
2534 122
4724 1142
30 4851 45
690 1850
3586 664
2728 768
28 4906
2158 1888
3656 1890
1526 104
3882 1166
3210 2932
186 2992
3918 60
1744 3830
3304 30
4290 660
980 1772
948 1958
378 2090
1450 4622
796 3202
1412 2878
4732 4430
4684 1564
4864 328
646 3578
1933 1118 1013
1520 366
4844 1510
1834 3850
2260 3912
4606 3486
108 2598
4238 722
144 1418
1412 90
240 2072
4236 1454
4920 518
550 2918
4750 1778
3952 3082
2683 4817
582 184
3758 1940
4892 500
3650 4444
2808 3948
2910 352
3718 2726
1602 2834
252 1532
3160 588
3380 228
4118 782
394 3732
2766 3386
3364 526
3158 1000
2700 1726
3644 4572
1708 4610
3160 4220
1308 12
3978 918
3938 1004
3922 2048
4420 84
4748 2908
4544 1966
1808 104
4106 508
4508 1376
1180 3760
4290 436
4468 978
4174 784
4747 689
4924 1864
4757 2290 45
4742 364
3838 110
1097 1530 1013
2026 4490
168 2432
1196 4446
4854 502
772 3886
282 4748
4032 124
2950 4766
1538 4018
3074 1532
1034 3832
4774 152
2822 146
4870 132
1106 2582
838 4760
780 4820
1472 2578
3990 156
4842 1402
4030 114
4576 1958
4226 1802
4 4364
4692 4832
4368 462
1704 616
2454 4058
1052 4566
4508 902
1958 4420
2506 3782
280 3596
1280 3966
1816 3320
3128 450
3358 4484
2224 334
1070 4554
3260 3066
3422 266
770 4414
912 4116
4756 2532
1350 4844
3432 1000
4164 1904
666 3722
4833 2331
4452 4700
4735 3338 45
3542 4850
1886 4932
3162 1242
3956 1756
4432 3468
2332 4246
544 3014
4928 918
2 900
224 1558
38 4684
134 3112
66 1870
782 3074
344 4860
2118 4776
2820 2470
2032 458
4918 1674
1832 3150
1658 2930
2380 70
340 2238
4554 1240
4778 4520
830 3290
878 4798
406 4690
1120 3808
1902 4838
654 3952
3198 78
240 3188
3836 608
4492 774
1020 2958
4658 4040
3082 3538
1616 2284
2510 4116
3322 180
1588 3264
4086 3118
3396 1802
4232 3398
2318 3506
4895 2874 45
3900 884
1706 3988
704 1692
3512 386
188 2818
334 3696
594 4120
3534 4338
1074 3534
3348 208
4066 4362
3494 924
146 4464
4759 3761
2296 3176
1326 2592
3458 754
3018 4512
4230 184
468 4772
1540 3920
2450 830
1546 4696
730 3952
4736 3910
1224 3296
230 1314
332 3198
2336 4786
1888 3892
4807 18 45
4530 178
2422 4598
2550 4444
4872 3840
446 2388
1960 518
3154 314
2498 4844
2408 1474
1380 3960
820 4782
2630 818
3816 260
4242 1206
3102 94
4570 3870
4904 2938
3300 4849 1013
2366 4014
74 1100
4334 1316
1808 2756
1018 4182
4428 1498
28 3922
242 786
4410 1284
4066 1594
2032 644
3870 428
1388 4888
628 104
956 114
1720 3096
20 1480
664 4724
1906 178
4504 2644
1900 4916
4796 268
3658 936
2806 1384
4472 458
3352 50
4825 850 45
3862 1190
3022 3780
3244 398
4726 3374
2260 1368
1110 4900
3768 1644
4468 82
4678 1656
3150 592
4778 1318
4736 3570
2154 34
3826 4332
4726 504
2858 1678
2910 184
920 4
2310 510
1006 1236
3832 3566
4602 2126
520 2978
4406 3350
2010 3960
16 1962
704 4696
2716 840
4680 4914
374 4528
656 3744
4794 2164
1202 3360
2618 1696
3884 1634
828 4894
4826 1286
4774 1042
4058 1658
3224 3826
924 3480
3956 630
360 3872
1020 4200
128 4802
4494 20
4759 2439
796 4780
1378 68
3842 4618
4280 16
1124 3286
80 3764
2348 4536
3916 4608
4729 1552 45
174 4478
4718 4126
118 3396
1296 1882
2098 16
1030 4696
1648 4918
26 3860
4899 477
3970 120
1710 3704
3820 1256
2004 4282
3556 4542
3872 102
2824 90
3144 396
4792 4362
960 3428
686 3310
4600 2732
1510 3562
2874 336
3000 164
134 2
3526 1400
730 4798
2332 3716
1328 4534
166 2992
1062 2088
4104 898
1172 2978
3766 1298
4438 508
2590 3896
970 4906
1356 3672
1760 790
4828 3232
3166 768
4864 2944
3784 546
36 2272
2890 1044
2244 2510
2944 3998
3492 38
3864 1588
872 3848
4680 368
1808 210
1264 2438
708 2618
110 758
2452 3812
4624 2782
4582 1776
582 4144
3102 130
1360 88
1176 4662
3522 1442
4388 1978
4928 3152
4862 1562
1212 4144
1474 984
1326 520
4542 3092
3154 1072
410 2300
1868 130
968 3572
2012 4372
2026 2988
790 2808
3490 140
276 2446
314 3906
346 3738
218 4878
10 2020
1490 2028
3200 4656
4738 2304
2 2794
1914 4746
4520 452
4372 1046
4792 1622
3680 1172
4446 2322
3908 4880
1984 3966
884 630
1294 150
310 658
1344 4754
4344 1422
4906 3400
4804 4324
4652 2626
432 2786
3612 4442
508 4670
4912 3852
2412 802
4592 182
4040 1178
522 4804
1028 3656
1518 742
442 3666
2776 4682
4480 494
818 1906
3236 4882
3076 1648
4334 1626
4871 2122 45
4846 398
606 4562
44 2424
2998 1800
1098 4012
1720 4294
3562 4844
1264 4898
4876 3852
534 4882
700 4876
1228 3826
4756 2452
149 4809
4886 1818
4342 2542
2712 3594
102 4496
1148 20
2276 4686
3944 486
496 4458
3244 388
1504 2160
1446 4394
3006 3774
4522 1444
4790 1538
2124 346
768 2768
1440 2516
4378 2118
340 3872
2531 708 1013
124 2676
2996 372
4660 892
4256 1570
4358 1924
800 542
1198 4294
608 3812
2702 3980
4790 1592
2106 4102
4110 972
3602 4804
714 3636
106 3718
1648 4442
4214 3598
2454 874
618 24
1688 4012
4 3396
4812 686
2672 4751 1013
3468 384
4342 4722
3942 3134
4070 112
322 2514
2406 4200
340 3620
4880 4798
714 4048
2158 1128
4780 2574
56 4846
2812 308
2500 2789 1013
4904 16
2270 4098
3734 1756
1450 2474
370 4786
3850 3320
2960 182
1226 4446
2002 3804
326 2160
4262 2750
4214 1298
2432 712
66 2804
3030 2032
4388 1858
2674 4502
94 2252
2227 950 1013
4916 3578
616 3146
3996 98
894 4482
4898 4286
1410 3890
4220 434
1592 698
154 3350
4414 902
2782 4404
3948 608
4576 2890
4784 2104
3590 1956
874 2560
2682 1918
4248 4924
176 1392
744 4610
3578 1572
4860 4436
4672 4264
3560 1358
910 1750
332 1908
3516 2226
4227 4765
4730 14
3522 1702
2054 550
3166 744
1296 100
2690 924
4930 810
1048 4334
3646 1090
4624 2554
2566 540
2216 4762
4696 2794
3826 1884
1354 3450
3132 870
4672 3160
2768 1308
466 4818
656 4568
428 4826
1026 4684
4414 3568
4596 2708
4856 4066
4868 4578
46 4762
4454 1578
3636 4534
32 3350
4694 4888
4712 2482
4911 4910 45
4670 132
686 4830
225 1188 1013
2478 680
1338 4926
1748 3698
270 4244
4874 946
324 2848
2430 344
4190 828
46 4638
18 4598
2900 1496
756 4650
4810 130
4040 4800
1726 152
4472 478
4841 32 45
748 4630
284 3782
902 3192
668 4672
4212 2926
90 842
4891 10 45
738 38
3918 2750
4892 3414
4807 3681
2376 3670
3614 1938
3428 4894
4852 1432
1780 4840
552 4806
120 4668
4120 2198
2724 182
4834 4072
4558 1546
2398 4776
206 4288
810 2174
1026 1740
4835 10 45
38 2310
4100 438
2854 4574
524 4884
3608 1076
814 3360
4852 502
1064 3410
3528 2522
4902 2668
1428 2728
3418 1314
4490 1188
574 4198
1476 4900
614 2632
1388 4094
1482 4756
276 1148
3392 2490
4364 4922
1208 3306
2093 4853
728 4322
4362 2308
4020 2366
4740 1630
2598 140
2242 30
808 50
3744 1912
2302 4650
4731 4697
4130 1204
2966 690
4798 232
1526 4894
1056 3594
2430 3590
1290 3092
84 4440
3284 454
4148 668
3230 4714
3854 4892
4566 3612
4498 4910
2152 3252
2566 4890
1658 4402
2536 4542
2628 2622
3274 406
4602 1118
4458 1540
808 144
4610 2720
3896 4736
3866 586
2056 4842
3658 942
3660 566
948 2030
1024 4690
4602 3840
248 2796
4900 2172
4576 696
3862 2562
3928 1834
3774 1306
3872 1970
4870 2096
104 3266
2550 4902
4026 166
1212 190
1690 4
192 1622
246 2784
1278 4026
2780 96
3994 480
4818 3382
2228 1828
2284 4178
1260 2384
4736 1502
942 3142
552 2778
868 4198
3804 2296
1678 4312
2320 422
1760 4540
3758 556
64 4120
76 1492
1462 518
346 3216
4114 318
4498 958
4668 372
3362 2742
2400 496
2132 1174
4682 4240
4304 986
3450 3158
3022 590
36 560
2070 2940
1210 3698
2480 3784
2456 1506
344 3856
6 2736
4906 3330
424 4026
4336 2002
709 1042 1013
1916 4906
1444 2338
4422 3650
3538 534
124 3230
4880 4430
4728 1168
38 4224
4210 3696
3984 504
328 4330
4064 792
2390 3316
1640 3892
3134 316
426 1946
2218 4922
224 3166
2692 578
2530 2780
1618 4418
3372 4376
3010 4888
36 4122
3040 4468
4826 1718
2114 1162
30 1262
74 4106
4566 2658
4170 470
62 2634
3022 300
186 4658
3742 976
4276 608
3312 1252
938 4378
8 748
180 4770
2124 3818
4876 4030
2032 4400
4238 2352
3294 4092
3928 2098
172 4418
80 3476
1106 3486
3218 46
3590 1060
4786 1500
242 1096
170 312
4772 1482
4256 66
3052 380
2394 4926
2284 3984
1500 4562
3144 64
454 4752
3304 4860
4818 2386
3562 1172
3418 210
3862 1992
1302 2498
2770 996
990 4160
1970 652
996 4898
1722 4628
3128 98
3760 1440
4060 532
2558 1080
494 4792
4024 1910
4 4000
700 4870
4870 2688
506 1090
1420 2968
4342 3394
4606 2836
4819 3026 45
772 3448
4452 654
3774 2330
682 3388
3762 4796
304 4232
1992 3706
1210 3386
3948 1452
1540 4542
2196 4382
2386 1122
892 3370
3398 2966
4874 2442
4112 518
1948 1244
194 1652
1660 4362
14 3624
250 2172
1474 4580
2888 350
656 3484
2994 430
4766 4028
4424 1666
4552 488
3980 1374
256 4246
4310 388
4400 758
1072 158
1234 4324
1500 4698
3336 890
270 1998
4926 4058
1096 4808
516 3010
950 1688
1460 4260
3538 2530
4880 3942
1744 4798
1772 18
806 120
2700 1170
4406 978
4728 1162
3484 30
3388 618
2768 3388
2500 1050
3942 200
686 3456
1510 168
2980 36
4116 936
4686 288
2338 2644
718 3666
4790 42
1550 3272
4802 2394
4874 1922
30 1820
4832 4154
1580 4732
3966 3000
3080 4664
2544 414
4208 1856
4562 2552
4930 1624
1152 375 1013
2500 3430
2236 56
1562 4430
4694 642
4608 134
3678 2448
686 2892
4074 18
900 3404
318 2604
3362 1450
3154 2172
4032 68
3638 1212
1894 4172
2670 488
3636 4
354 3192
4695 4811
4032 2098
4584 2250
4586 212
2950 1028
1468 4190
4824 1896
4144 2602
2690 4818
3416 486
68 1766
2554 4626
3088 1524
4900 1004
4926 2568
1556 88
1418 28
488 3544
978 4596
1096 190
3161 4913
4626 2080
4578 1208
4338 742
4630 4898
4892 3514
4280 4762
286 4594
1332 978
4930 2642
80 4622
3276 544
4892 338
3464 4642
4098 2042
2900 380
4068 1132
636 4382
2490 754
4270 3236
610 4140
4810 3114
3322 1894
4522 1296
1566 4772
3752 4756
2134 4488
4224 1404
4588 716
2840 1362
1372 162
4076 1870
4838 3582
476 1774
168 3016
1068 3840
4350 300
4376 3720
522 3972
752 4044
2696 542
3996 272
1798 4846
1398 4152
62 4826
620 3648
4814 414
320 1624
2608 3962
1590 86
1928 4826
828 1982
4366 2
2432 244
3098 1780
4793 177
4526 992
2452 4733 45
600 4736
1448 3358
1042 3722
864 3956
4679 3048 1013
1614 4070
1094 4048
1240 4304
4914 4072
4140 2102
3894 96
1930 2978
3830 2214
732 4184
4766 594
2 3542
3842 1524
4570 2820
4892 1800
1046 654
220 3466
4006 2130
988 4456
3542 1234
674 3696
994 3698
2378 3306
3640 4122
64 2988
220 2104
212 2894
1474 3598
3062 762
1040 4098
2712 2238
1306 4460
2238 710
68 4330
1506 4448
32 3746
3806 632
4160 28
1626 2950
4570 438
4466 1942
194 2798
1060 1624
1678 4902
1340 3070
3342 842
1430 3786
185 4845
672 4784
4600 436
2286 2940
2406 4328
4870 1336
2578 4924
2356 990
1642 1356
3834 1504
2880 378
3214 960
3000 212
2156 3684
4846 1784
4786 720
3196 4376
4644 2838
1828 3944
3712 92
580 3712
846 128
4548 3310
1038 4392
2502 4622
4436 1730
992 160
77 4905
4628 130
3168 3836
2432 4046
2920 4412
406 3978
4912 3068
4770 3382
24 1530
4900 1750
1396 4878
3950 246
4134 378
26 4594
4032 610
4240 370
4928 988
4142 1386
1504 4032
3624 288
3900 1622
2576 1270
2348 4686
1684 3140
352 3626
570 3726
4546 820
830 3444
688 2412
1282 4384
776 4858
2536 922
4838 984
4817 2035
8 1868
1362 4652
28 3936
3596 1028
1708 134
2830 2026
1138 4906
2644 540
208 4794
982 3830
4346 3528
4284 2388
4872 1898
1872 4150
2756 3856
846 3782
2062 4756
4872 336
636 284
656 4584
1360 570
1068 3236
4504 890
2852 3246
14 4835 45
998 1838
1662 830
708 4516
310 1442
4773 10 45
418 4142
296 848
3222 2372
400 550
52 3224
3000 948
3138 1648
2678 2596
868 794
2094 3396
660 3264
2742 262
4780 326
3506 1882
438 3078
3454 4792
2968 3960
1952 2924
1070 3300
1796 4196
3012 1646
4 4224
464 3504
4790 3004
1004 140
2652 1452
966 3384
3006 274
2758 570
4916 1090
2032 208
4338 1300
2220 12
3790 2432
46 1468
318 4684
2836 628
4740 2692
4880 1154
1930 2782
4274 994
1668 4736
702 4672
3696 194
252 2646
2670 4884
574 3040
3820 476
452 4890
4616 288
2476 672
4793 245
324 2588
3026 4490
4772 1718
2024 564
2640 4364
1710 1230
1676 4538
88 3510
2856 1074
4876 3904
4154 404
4769 4197
2412 3642
2566 1966
328 2268
3322 2518
552 4294
878 2734
1288 4744
3388 3670
4544 2498
2956 764
198 4244
3782 4914
426 4378
1074 4672
2244 926
58 2374
2708 1156
3736 1812
966 4260
2166 3472
1414 3490
4172 1758
3126 4564
2664 712
1182 4692
156 3838
4644 1494
2110 3504
810 3956
4302 2260
2768 4292
862 4796
4146 566
70 1982
424 2962
3480 688
3162 226
4684 4800
1228 22
1972 1357 1013
6 4706
124 3346
2036 224
1060 4748
494 112
1128 4796
2496 898
4312 150
1184 2478
3996 212
2112 572
4252 4882
4730 84
1190 220
226 3440
4398 1268
1840 4364
654 2682
322 1384
3304 1776
506 4742
126 4196
1144 280
4252 1468
4638 362
4742 3596
3036 902
196 4766
3058 678
156 4562
1730 4910
1554 166
1246 1172
2552 1322
4294 462
246 2080
4270 22
4390 560
4158 340
4854 2212
1268 4036
4762 1214
4590 3262
184 1806
2978 4884
3240 242
780 4394
2236 534
2992 1806
4060 1992
418 4852
1974 4924
2080 3442
66 390
4030 654
770 3688
4237 4805
4906 3612
564 4512
4750 3244
2196 616
658 4742
3348 600
1490 3780
3788 912
2868 2124
4134 1546
4204 652
788 2590
1420 4764
4168 404
300 3448
3624 1364
4052 4852
502 2102
3207 4871
4234 1444
3360 1534
916 4352
1620 2796
2666 4298
4530 1408
3010 4524
3768 294
1892 1008
3854 1816
1754 4816
4779 1105
4910 2796
1554 3286
1232 3582
4898 4000
1184 3296
1834 3416
3484 780
1766 3840
3194 64
4442 760
4130 1074
4368 1350
2657 186 45
1670 2860
4588 3574
1916 4728
1752 210
2220 56
4854 872
24 1700
142 3176
2818 344
916 3834
1334 1378
1996 3154
2702 1856
2163 4737
1596 3602
2830 230
4178 612
528 4566
38 510
3502 216
508 3788
822 4034
4102 318
4650 4856
2440 28
3350 500
2014 4426
4680 1764
300 3820
2342 3740
864 1950
1040 1416
4754 176
2684 1016
4308 450
1198 1924
604 4532
2062 4694
2966 186
290 3658
3034 396
4724 4258
2426 2748
4446 1264
3154 1060
24 4248
506 1998
106 2306
26 2492
1228 62
2354 4234
678 3440
4854 4288
2336 4404
3050 976
1904 4166
238 2446
122 4226
4572 1256
1994 2422
2820 4574
1402 3632
4924 966
2610 1958
126 1978
164 4310
622 3188
2976 3806
1024 1992
784 4036
22 1580
1516 3616
4736 3478
1800 3888
4594 1544
4342 576
780 4172
4002 174
2784 4840
3240 70
3664 2130
2826 4356
556 4766
2468 982
68 4266
3622 2202
3398 1822
1833 4712 1013
3196 1638
102 3650
3824 74
4452 1432
3510 2348
2704 1186
4526 194
206 2586
136 2754
746 128
4190 1174
4140 22
2742 200
2866 1824
1336 4418
354 3260
1618 3522
3378 2538
4806 3600
2946 1628
4178 68
4722 2034
4748 1290
4762 122
3498 1978
4902 2852
1802 4680
4722 954
4498 426
2582 4548
3734 1074
368 1904
4788 3076
1836 3226
624 4912
1892 2640
3396 1512
4831 3239
3368 894
1600 3948
96 2708
154 354
1026 4670
1124 4106
648 3716
4356 1718
2236 1300
1070 32
3836 3448
4890 500
3600 1082
4060 1864
2238 1176
4012 810
1280 4116
146 2050
4918 618
656 2624
496 3786
4690 564
1300 2818
4674 1542
4106 1062
2244 3680
4753 4306 45
2738 1846
1932 294
4576 3922
4908 456
1830 964
3718 2506
126 1920
4756 570
4586 4776
764 3564
406 3154
4738 3632
4820 1514
4284 4724
4381 4857
4909 1900 45
3918 4880
4800 1978
872 4184
2134 3478
4040 1410
2156 4664
3906 4798
4100 536
24 2696
4206 1938
3760 4932
4304 950
2242 4402
1170 4724
32 3806
4844 1714
1718 732
116 3506
168 1052
4670 4262
1096 4746
3546 258
4666 482
620 4354
4206 44
4862 1026
4028 68
392 4922
2052 116
4332 362
4772 964
3920 372
884 2432
4752 3590
1750 3644
824 4664
2606 520
852 2280
4404 1140
3978 1326
4842 1686
3232 1466
2198 4862
2566 4922
3842 2332
602 3806
1208 3862
140 3088
4418 4
3866 454
1398 4850
4118 1170
832 144
2360 598
3869 364 1013
4668 2942
1926 132
4728 2096
4932 2784
4839 482 45
4826 2594
2316 4222
4256 30
430 3750
1952 3918
3458 208
3628 70
60 1222
4814 2714
34 2980
3056 450
2602 4208
3790 2902
1180 3108
4608 146
936 4274
344 1894
4002 3068
3852 470
1734 646
54 3676
4534 3272
3214 2324
610 4798
4438 3146
2702 916
4244 36
916 4584
4838 964
2322 4608
556 4064
4736 988
4910 18
646 3088
1824 4660
1690 4830
2652 422
4590 1204
1586 738
4770 3978
4680 4926
4654 1266
1074 2680
4298 3424
2528 4904
4397 4847
3430 1652
3242 1514
4788 4542
298 1262
4932 1208
3198 488
92 3562
2554 4498
184 4800
3528 962
4476 1838
3452 926
1035 4741
2896 1054
2852 4620
2646 4852
1470 3544
4912 92
2870 2446
3974 2258
1052 4438
4782 3606
4530 2018
1190 4162
4768 972
2996 528
1932 2336
2340 30
4076 4722
304 3476
4302 4402
4314 1246
4924 616
3920 348
574 4704
4582 2186
2914 240
4790 3248
810 3864
1812 3280
4866 106
186 3666
4905 3605
4574 3742
4807 1619
4290 1470
2796 4458
4556 1074
38 4170
3372 1364
3378 940
4374 164
886 3328
4208 86
156 2892
6 2024
950 1648
1928 2872
248 2318
3444 690
4660 2812
2158 4212
2171 1266 1013
756 4878
4761 26 45
4756 3624
2118 2908
3520 412
2262 4190
266 4692
774 2764
4754 460
268 3010
3434 1930
134 2810
4668 1088
414 3556
218 4799 45
1188 3262
770 3838
4152 12
72 2304
710 4688
3796 2164
1576 2382
288 4430
1756 2834
1994 4132
4476 824
2024 2878
1050 310
4466 470
4604 3262
62 2212
1406 2906
1540 4120
2408 466
4256 2478
336 2782
2518 692
1080 4810
860 2962
2010 4572
4182 2586
120 2756
748 2212
2416 2484
672 3756
2318 4314
1450 4794
4684 2070
22 4837 45
1294 24
426 2106
4840 2818
3656 2302
4510 2710
1534 4814
2072 4046
4792 322
60 4798
70 4014
2478 352
74 3230
1772 290
3992 1644
4030 2922
1958 136
4316 4388
4784 1452
156 2738
3954 360
4775 2166 45
4760 584
2498 58
3084 1872
4696 4514
3210 4088
4692 2006
594 290
3210 1232
376 4438
4762 1610
420 3232
188 1252
4778 1266
2424 134
2341 304 1013
4554 2982
330 4016
4492 1676
42 1550
4298 900
406 4610
3342 4588
4600 1092
52 4862
4544 370
2558 464
4636 4066
2816 506
2114 4866
122 3848
3602 912
3594 4788
4842 3486
704 4930
364 420
4466 3744
3512 686
4739 2766 45
2818 4106
4602 2438
34 3938
3174 4782
4826 1836
2130 214
2794 468
4530 228
4492 372
1106 32
3138 4908
2290 4842
400 3194
2354 1454
2872 4878
3912 4466
1820 2902
4929 4539
308 4754
2216 3604
4690 2384
592 32
4904 1422
3454 4844
158 2968
3624 410
2536 4470
4438 2346
4786 1692
3854 1792
3234 3186
2108 4282
414 3198
4406 484
1400 2962
1508 4266
778 3628
224 2486
3502 2288
3906 4734
3934 1562
4838 52
2460 3608
4704 2510
52 4186
4692 66
4838 238
4504 1624
3656 22
3228 1710
1694 28
4862 1370
4386 1150
3088 790
1864 4624
2202 3804
2972 1834
4372 3578
4096 1026
3738 4802
2146 98
1116 4516
4803 4584 45
3424 1986
4675 4745
1686 4856
4230 2040
4912 2512
4821 3413
348 1914
4204 568
3594 2284
1616 3448
4642 948
584 66
1404 4930
32 2342
4758 1232
1180 3490
2956 582
4094 306
4122 912
2048 4926
4522 2600
656 3618
2102 4184
752 712
4112 6
3814 164
1069 4548 1013
2130 4768
4172 1410
1974 3922
4790 1736
4636 462
1066 4348
3484 798
152 1794
502 1966
824 3850
76 4842
1542 2678
4404 1296
4832 1882
106 814
4884 2788
480 3882
4810 1060
4782 1008
1082 4840
540 2612
580 2368
1272 3744
1220 2118
1124 2826
1064 3942
4694 1500
2542 4590
2788 4825 45
2242 4910
4880 3312
4078 48
4669 4907
28 4755 45
3038 2448
152 3492
766 3198
1128 3970
2336 1234
3768 2592
4610 18
4816 1378
4500 2268
4638 1798
396 3228
1884 1934
448 3598
4048 136
2276 1120
4266 4622
2448 2816
1762 4752
630 1950
80 4502
3916 1312
372 3544
1860 4820
648 4798
2078 4452
1852 148
4558 280
2578 4856
4832 312
4332 256
4921 8 45
1580 3016
882 4080
1744 2904
1846 4896
3538 248
3742 4748
190 4916
1932 3858
68 2640
3090 598
3500 464
40 2490
2392 4138
4726 2832
1710 4536
1612 4890
680 4414
3790 1904
2960 4666
4896 3624
4364 4836
4038 224
1384 3872
1996 4134
3988 998
4374 1824
166 4002
1708 4428
3304 1068
434 4766
4884 18
682 4722
3314 3982
3462 4932
2122 3616
3888 256
1766 1328
116 3594
1864 2160
616 4342
3168 158
2076 10
3578 460
2744 1502
4662 3860
2636 1368
4932 1724
1202 4872
1032 3766
3916 2378
3238 2102
444 2988
3006 1716
128 4554
2512 322
2082 254
4848 1152
1764 4498
2934 10
28 2336
2736 4908
2096 3302
4752 1492
820 126
1972 2046
3616 2536
1436 4070
3756 432
4486 4030
1946 3380
54 900
2652 4925 45
4306 2058
1476 3818
3941 160 1013
1522 34
1554 4730
4786 372
3440 132
1292 2684
3280 4912
2718 1754
1398 3308
1826 3100
4862 2738
2536 374
1268 3564
1106 4500
2518 3630
4852 3632
4383 3850 1013
3600 218
3246 4916
772 3874
4284 1982
4890 2676
4836 1202
8 4889 45
3200 4640
402 4160
4472 4870
126 1904
2010 3434
3032 1638
810 4846
3992 4656
3088 2166
2144 4764
1454 4808
394 2770
640 2350
4034 132
2682 4696
254 3198
2134 218
2432 4826
3788 2623 1013
1898 986
360 4588
2540 3946
4106 468
605 4827
1934 4608
3354 4804
4174 2566
3004 2232
20 4735 45
4484 1446
310 3928
2268 4892
3796 1444
3956 1572
4859 4411
3652 248
494 2976
3796 1350
4768 1770
4106 10
4672 586
2066 4396
2230 1378
2256 4700
4774 4656
464 4066
4032 1111 1013
1666 4664
4320 1786
4765 2876 45
2470 4692
3506 36
2440 3726
4258 740
774 2568
984 4756
2728 4846
2184 3870
2218 548
2922 2038
874 164
3722 366
4744 2524
832 4026
2324 2090
2104 202
4808 1204
340 3840
2476 1268
4496 1376
4148 2044
4611 4867
320 170
3836 4288
840 4822
1368 4756
4418 2712
1870 4786
2222 3568
2320 308
178 4358
29 4923
280 184
1588 4066
3564 1636
3286 124
3300 86
2272 3506
2184 1094
36 3144
1508 2346
832 3568
10 3832
4826 1246
2138 4240
1006 2892
1694 4
4752 2284
102 4866
1024 4448
4350 452
752 4352
1506 1588
20 1592
2144 3758
1818 4464
4844 412
1278 4486
1224 4814
2996 844
2028 3204
2700 1358
4618 776
4836 2176
4060 4426
853 4821
3892 2778
1274 3422
3642 1666
190 2894
1114 3018
1624 720
38 4742
220 4716
656 1430
670 2398
4834 1018
1054 2128
3978 880
3860 64
748 4892
2066 4806
4236 64
4640 1768
1766 4172
2404 454
3664 496
2592 1576
2498 981 1013
4370 4556
2886 374
54 3638
4860 2136
4548 1034
1140 1170
4536 776
3518 1072
4836 4460
4378 1050
384 3680
1324 1716
1614 84
2194 3980
4174 90
4796 2856
4368 2120
4796 766
692 3312
2934 4806
4720 3336
4724 1768
2330 44
1182 4016
2232 498
238 88
760 3866
1682 1888
1214 2128
1910 2
2250 4736
1018 3172
4236 754
3724 54
1315 2270 1013
1912 112
1644 2
1842 2552
758 4770
1274 4536
2342 3204
3902 2460
4538 612
2896 1520
2406 4744
1052 3902
3984 4686
4680 378
3622 1774
3802 2414
3006 1744
4862 2076
308 4416
4871 2697
958 1910
4230 1064
4924 1608
34 3968
578 4236
4801 2853
374 4702
2444 3190
4406 2270
2658 1462
274 4384
491 1114 1013
3040 4924
3077 3090 1013
1054 4622
4570 2176
2722 1806
12 4804
2148 1170
644 4696
3292 350
2966 4832
3258 1892
4072 422
4660 722
3388 1184
2 4799 45
4392 2460
266 4652
1840 566
3080 4416
4304 2352
238 4442
6 3108
2982 1346
436 4638
4184 2410
164 2604
640 4508
3312 178
1568 4802
1310 3660
1086 4276
320 1770
4798 642
1085 4899
1726 6
4300 14
1470 3766
4868 706
72 4452
4861 26 45
3420 1416
650 1780
2310 4028
982 4622
4891 18 45
3092 4736
4858 3204
2562 1036
4662 728
1774 3778
94 660
2044 4802
2618 4508
566 2530
3558 1856
576 4736
764 4918
2830 1724
1808 4044
3156 4492
432 2726
3946 152
614 4928
2546 966
2026 3982
2682 990
3128 2034
674 3902
3986 160
1546 2744
4442 616
678 4314
4154 860
812 2534
154 2358
3623 4184 1013
4344 1712
4576 4560
138 1122
622 4918
94 4768
3404 756
4810 3438
3270 534
2352 3054
3632 502
4461 984 1013
4 478
684 4340
3710 1356
802 4558
896 3960
4498 606
4232 2518
3592 3582
4542 3002
4094 2176
4756 1336
3660 26
3118 378
4276 2358
1752 3378
758 4036
4462 50
2466 1770
3068 1258
3188 1434
4779 28 45
3658 4808
4824 122
894 4262
3186 832
4644 2676
1592 3994
1668 4546
2586 3510
4844 4112
424 4454
3458 772
1538 168
2700 3958
4420 1582
136 1126
1110 3080
4086 702
810 4820
1144 4664
82 1366
1896 3604
198 1796
1300 2586
4720 1128
196 2168
4746 1206
4298 1838
3292 444
4304 1244
3316 304
368 3822
4176 1178
2350 4238
956 3342
1596 3826
1346 4746
678 4548
8 3612
1124 3664
250 2286
1553 4761
60 3862
1481 4803
691 4763
180 1378
4718 1604
4448 526
1170 3134
2606 4218
3316 4468
1282 3754
1938 2878
3442 110
1022 36
4562 4782
4778 758
1574 4886
1824 3708
458 3016
2372 4320
4912 1546
3570 4732
1548 4116
4886 3144
3040 1338
1116 3056
4132 132
532 4804
2472 3692
282 4018
1258 4916
4694 92
238 4860
3678 936
4336 1154
3906 1002
4404 4826
472 2968
1222 2602
812 4920
4228 728
3554 2380
4902 2436
994 2872
4898 810
3802 2554
152 3366
4436 4716
556 4450
854 3360
794 3220
4430 1866
3772 498
150 2638
30 4837 45
2998 340
4754 3852
658 2184
2654 2364
2886 1410
2430 306
4904 3226
3856 352
162 3268
1382 1460
18 2166
4796 222
4182 1240
4926 2814
1036 526
4684 2532
4742 2470
4864 3172
4352 2884
2098 4390
2310 248
3867 138 1013
1322 84
2250 3998
4280 3572
1514 4696
260 2940
202 4496
1526 4696
22 4484
1424 4422
4908 880
318 4718
350 748
3802 200
4550 3132
4809 18 45
4826 706
4500 882
3036 4390
4820 896
3220 2945 1013
656 3898
4620 266
601 4835
2290 360
3026 1086
1090 3832
3650 1828
2052 262
1228 3936
986 4904
2260 2656
1602 910
1830 3164
46 3592
2252 3194
1474 3328
1134 3078
1280 130
128 3024
4920 274
2232 3634
4686 2054
4797 34 45
388 3636
2034 64
4712 3072
3922 14
2664 2378
320 2944
4914 3964
4638 3762
1886 2888
2220 4912
1906 272
4594 294
90 2938
4896 3806
4662 4078
280 3766
4584 2958
4296 918
3692 2454
3460 2248
10 4524
834 4074
360 3756
1510 4710
986 2672
4716 930
326 4378
704 2614
3138 2206
40 4932
4788 1798
228 2342
1412 3306
672 4788
788 4812
304 4700
178 4330
476 3978
2642 404
2720 304
500 4532
286 1662
3790 170
1282 3106
418 4578
2234 3644
3856 236
2410 4204
1706 3414
4014 4908
3700 2492
404 3194
2545 2566 1013
2170 244
3472 1712
4758 4548
772 3990
4922 1068
36 4869 45
1030 4860
150 3714
4050 2160
3194 4320
710 4694
1158 4640
3008 312
2324 692
1270 4614
2680 1060
152 1784
4873 3114 45
2 3976
850 4646
3378 1542
4901 3971
608 4766
3526 504
62 4498
3878 1802
2942 1910
1972 1936
2770 744
874 1128
216 2032
4927 1423
4498 1106
4752 520
78 2770
4560 2346
4430 808
1133 4907
994 4786
1306 2232
652 4908
180 4756
34 4396
1020 4356
1968 964
4682 2494
4626 1240
4036 84
3486 256
936 4738
1172 3184
4294 720
3048 1038
4504 1504
4136 1736
858 2778
976 3442
464 1502
1166 3400
4156 1870
3380 4478
290 3728
436 4598
4866 464
3808 1582
2904 3932
4136 1398
208 2874
3816 234
4712 212
4404 638
1134 2690
1498 3444
2704 498
1432 4492
2680 1128
2640 4708
230 3564
4214 4322
4070 156
2258 4120
300 4636
908 4931 45
4098 1634
1612 4916
3790 4234
4242 4912
2632 3501 1013
4764 640
4632 2874
3822 1880
376 1200
4796 4098
4356 4344
1950 74
3714 1208
2718 140
4902 3740
1726 4398
1270 4672
4870 1824
3160 1850
686 4522
144 4098
3352 1286
1572 3284
3904 616
2790 1432
184 1148
4852 4246
784 3104
3436 52
464 1996
220 4804
4350 4206
568 4342
2842 1966
4897 4213
4628 996
1368 3756
4552 640
618 3826
2236 4862
3984 128
402 3762
1704 4632
910 2504
2140 4764
212 3976
622 1376
4912 2956
1120 4146
3726 294
2180 618
4040 2682
4830 80
178 3438
3604 1260
366 2014
256 3194
3298 316
4458 4816
3980 4664
156 4750
4188 4640
4400 650
634 2970
1050 2838
4786 2164
4730 1886
3928 4778
2074 4872
1102 3570
50 2956
3424 1014
4824 976
1068 4090
4030 28
3040 10
4 4807 45
1732 4316
656 4898
4840 1198
4904 1170
1242 3850
4498 1226
4786 576
578 4428
1142 2054
3872 1472
182 30
294 4772
2890 4802
3424 1402
1244 4912
4678 1380
3192 1060
1400 1916
1140 4836
1940 996
2196 1568
3526 792
1474 4714
472 3174
4004 328
2162 116
3404 1172
3594 4772
2940 864
3370 2372
2000 1902
1286 3648
126 3112
1638 2638
3866 818
2714 2288
4782 234
944 4840
4800 128
1990 4578
522 4248
434 2950
4616 106
110 3118
4915 1307
2962 100
1178 4886
2058 2838
3433 4839
4712 14
4736 2296
4906 22
4866 1692
1308 4780
3518 1484
2916 2466
598 4678
1850 3070
2730 1470
4434 4894
450 3476
3716 1350
4756 1136
2686 4384
3274 1066
868 3460
1970 4764
1536 88
1244 4014
2618 248
4869 2037
4416 456
896 4316
4436 974
1902 484
2264 4820
3254 2472
308 4584
4879 67
564 1744
4322 2458
3558 78
2084 4582
414 4122
1284 3532
4646 2136
4060 66
4494 966
4846 1876
1056 2146
3312 4256
4624 1102
1548 4740
140 1246
1342 3458
1014 4122
266 2886
1581 4779
3202 1130
88 496
4156 1344
4890 1696
2456 4930
506 3872
72 4500
4842 336
92 1600
4168 2144
3130 4858
3658 1411 1013
4754 1970
4668 2680
44 758
3184 3966
2488 434
4390 1348
2238 4070
214 2986
4888 3539 1013
3848 786
4538 4724
988 4090
4842 1500
3874 722
1426 3116
974 4234
630 4432
1446 3988
2664 4528
728 4630
2954 4614
758 1006
936 3326
62 1950
508 2702
172 4586
4778 3814
336 4564
4160 268
4642 356
2706 4360
802 4682
1528 4916
4682 20
2990 468
1060 3094
3602 1080
334 4692
4190 356
4914 2982
148 4856
2386 1050
3972 1276
1480 1032
3588 978
4928 304
1047 3956 1013
816 2938
18 42
2308 4728
3942 182
2472 438
4192 20
1776 3032
3372 2852
3568 646
3746 2484
1276 3662
4238 1298
2742 4712
3694 1966
212 3772
994 3768
8 4813 45
4826 4484
3692 1868
4450 30
4892 1248
350 4314
996 3336
2256 4742
2148 4258
2774 1330
1712 348
832 4536
4790 1460
206 3948
1442 2414
3200 1374
2666 4476
1988 4718
1870 3430
174 4128
380 3504
2594 170
3716 4724
4308 4886
3626 364
676 4532
4348 3698
2590 4492
3910 428
1018 1920
2948 346
2222 3754
1610 4899 45
4036 2152
1384 3964
150 3906
1918 4230
4902 3004
3892 626
188 1524
4830 452
1596 2662
4520 3032
8 924
2654 3802
2722 574
1088 4758
2642 4564
2892 308
2400 4256
1414 2660
3252 1280
4882 1886
1052 3784
2406 144
2672 4920
906 4932
4920 1796
4516 572
112 4738
1290 3158
3200 338
3210 22
2936 4432
1724 4780
4842 988
2360 4685 1013
2080 4396
2596 4856
1604 4854
4848 3616
1404 4698
1122 4700
2184 3472
3934 2576
4598 1466
4918 1534
1252 3828
476 3608
2568 488
3146 876
4698 2272
4392 3398
22 4216
2344 4136
4044 2432
2682 1018
4340 8
72 4424
2240 832
2044 4192
1170 2924
570 3674
3238 4880
1854 4484
4746 396
4606 16
3274 1498
4102 4793 45
1244 134
2026 4394
574 4900
1448 4838
2374 4004
4634 1056
2724 1518
1600 4614
4230 4884
4775 426 45
4646 1002
1176 2278
4930 1012
2478 4674
2166 4902
3844 222
4864 220
3564 284
3262 1190
1906 3992
748 2274
4914 3086
870 4894
722 3474
1184 3580
126 3276
832 3528
4876 204
4774 2846
4080 1406
4780 462
3554 3800
4652 3670
4608 3108
4805 1017
1416 4771 45
1378 4384
1918 4112
3754 4626
1134 3124
4930 2208
1208 4796
4020 696
2566 488
14 298
1906 4842
392 4084
778 4012
4810 772
2352 4766
3556 4487 1013
2 4528
784 192
4791 2627
4853 16 45
4889 16 45
1992 1574
4890 3272
1504 2896
3810 178
4808 806
4164 2416
2617 4745
1008 4332
392 934
2124 3558
1186 4924
770 4838
1752 4896
1134 3142
4270 174
3014 1162
4400 3182
136 4910
2574 1230
1774 4376
852 3884
3298 4696
202 2948
4656 1586
4622 14
4700 2006
4188 424
148 2254
228 3616
4776 392
780 4848
4026 1982
624 2566
2738 4716
754 3412
2270 4782
774 4576
1888 4908
818 1524
1308 3710
2938 418
4336 1896
3789 1612 1013
1342 2914
4196 1512
4870 4014
468 2346
1468 2428
3280 442
1134 3894
2724 1726
4520 664
1376 4894
4032 1530
3284 46
1914 566
2198 4704
4008 1360
3848 88
3468 1228
4860 4056
2498 790
2368 4036
2024 4390
4524 2366
2756 3782
4903 8 45
2560 4100
4072 1312
4016 4702
3666 20
2250 4334
1704 700
3266 352
2044 152
1104 4324
2098 4212
3448 4690
2534 4186
4632 350
692 4890
376 4026
448 4882
4336 290
2718 1624
4914 3930
14 1756
4052 184
3142 2204
4908 450
3998 4854
2968 1026
3660 1071 1013
4840 3020
2884 4840
4206 102
412 70
432 4354
2374 4054
4082 110
3500 980
780 4224
3410 38
4468 418
4769 30 45
4034 818
2881 4791
4314 3064
2078 138
222 3898
4554 504
36 3086
4842 1346
106 1124
4798 972
1310 3224
2174 3308
4910 3454
2260 868
2756 1026
3116 288
3742 376
112 3314
2522 2794
3824 1086
1992 366
258 4210
3496 124
1176 54
4900 498
4074 170
2760 4550
4768 1944
1432 408
4812 814
1853 4903
4348 2112
2778 4804
2178 440
4118 2254
2104 1404
1646 84
2788 1390
2476 950
4489 4899
3206 544
118 1034
3182 3128
1460 4840
3392 928
4706 2262
3538 2
4822 950
4792 798
1388 4634
2504 4100
2430 4570
4452 1596
3934 1366
4490 3622
3708 2170
4536 2178
4821 3633
110 200
4178 1776
4044 912
118 2102
1548 3968
842 94
44 4914
4568 10
10 4911 45
578 3944
1820 4776
3772 502
180 1858
734 4842
4522 36
2759 2044 1013
1060 3460
1245 4839
1802 4608
2956 4824
4078 3422
4406 3892
226 4476
268 2844
530 4652
1152 4912
4834 52
4450 2730
3742 2080
790 4676
64 4632
3236 4904
320 1746
585 4863
2608 4422
1524 3312
1050 4204
2408 4304
4733 1505
4092 916
4426 292
4762 378
4764 3528
3948 1424
3980 4686
528 4136
4708 4032
172 2788
1672 774
4874 1416
4 3096
1880 1014
3110 4514
1556 4854
48 4642
4470 146
1502 3310
3674 94
4174 110
4849 2231
818 3818
10 1048
4788 2090
4616 2814
276 3574
2874 118
4822 280
2602 1074
38 4386
1950 408
254 938
2770 1316
4760 2822
570 2666
4298 1456
3330 1756
276 2822
2734 2514
1912 3754
4870 566
570 26
470 2518
1918 3284
170 4918
4728 186
4736 3046
1598 3214
3134 2250
4608 80
4062 2384
3286 1610
844 4370
1080 212
3660 336
4863 14 45
4729 3017
4744 1436
4710 2404
4844 1778
4382 2052
1766 168
522 3174
888 2200
704 3718
742 2882
3000 152
4791 2824 45
470 4756
40 2110
1194 2208
372 2978
4208 1420
4472 4902
724 2720
164 4214
1616 4408
958 170
4862 3324
362 1536
2454 4670
236 2678
4656 862
2708 4362
2404 1858
3308 294
2426 748
310 4282
778 1532
4732 888
4570 4868
162 2340
4138 2196
3060 4836
2150 68
3238 4088
1908 4036
4574 2242
4080 506
4242 482
2514 1554
2026 3836
3650 2174
1854 572
4730 3076
1018 2886
4570 828
2414 4506
2396 774
4256 858
3126 2330
3948 1156
536 1750
638 1802
3418 1058
1120 2618
4800 4308
3288 2962
1964 3250
2856 390
4426 688
4876 116
2914 1142
4682 18
4192 3212
1504 3648
4736 142
2628 2646
4420 4732
2986 786
4224 1918
4364 718
78 3830
126 384
4920 116
4758 4396
502 3244
3816 2238
4546 2526
4732 2030
4412 1320
1524 4638
3900 164
3806 4618
2236 1058
4584 1526
850 3096
304 4892
2240 4916
3312 1640
4158 1846
3068 4108
4890 4180
4048 130
2942 1102
3584 194
2702 3708
480 4344
324 1476
230 2006
1718 3972
3182 1382
2630 4868
548 3824
878 3430
4438 2538
2104 4700
3078 4862
770 4278
414 3710
2546 4744
2450 4184
4710 1176
4816 4422
1276 4592
4050 294
4620 2184
4306 1956
2166 770
4644 234
3660 294
2014 4222
4666 1606
2090 3308
3102 246
64 3434
3136 132
4866 1186
2960 1864
120 3744
336 3954
2492 3234
836 4108
3800 3406
4184 1908
222 2050
868 162
402 3540
4622 2294
4932 3048
2234 442
2340 4862
4833 1028 45
1446 3968
640 4612
4744 1344
694 1406
40 4840
1984 266
3202 328
4046 690
2034 4714
186 3744
4082 4862
182 3506
1822 4816
2898 1984
1588 4722
1188 4846
4292 4886
4510 1486
1832 4736
3640 3280
872 32
4796 40
1730 3996
1478 4214
4878 350
3144 4330
4918 2908
1347 3728 1013
4556 262
2676 3272
2448 4322
1180 4904
4769 2693
486 4390
1832 4810
3118 4912
1902 2282
1362 132
3944 890
478 1238
3280 594
1320 4898
698 4666
1902 76
4374 502
3518 158
4764 2272
4154 1096
4290 736
1006 3556
4763 625
4749 3629
3330 4930
3304 1422
4338 4804
3228 2636
4919 761
892 2250
3896 3366
3540 1410
3961 2830 1013
420 1836
1650 2900
78 3722
98 2566
1132 4912
4518 4628
494 2212
3290 656
3036 58
2712 400
4588 2088
380 4766
3056 92
652 3436
3304 4712
3252 2694
1734 2384
914 4260
3254 4672
2532 4474
4212 716
36 4754
1554 2958
2908 1404
130 4356
660 3054
952 4030
516 4728
3304 20
1860 3584
1716 3280
3468 153 1013
2122 1886
1552 3286
1780 4916
1040 2558
3638 2102
856 334
1488 2984
4096 1328
1540 3428
1850 702
1726 668
2700 500
4791 6 45
472 4726
3426 4928
2448 4862
1010 2368
4788 3680
2786 3242
40 3124
2786 4664
2438 4034
4078 1652
18 4743 45
806 2374
3690 252
918 3058
78 1962
706 3544
3280 1582
694 3862
4762 880
2856 4592
1844 1074
178 4664
104 2202
4066 24
3268 98
1162 3120
1030 4802
74 4036
4366 678
4348 1034
3354 2044
4804 2054
4604 302
2548 112
4608 1140
4872 3830
4828 1436
4276 922
614 4650
20 4248
4658 1348
446 4198
4524 176
1392 2474
4520 2570
2884 256
550 3060
2198 3162
24 1168
2270 554
4842 2338
706 1526
1896 4802
3392 204
4640 148
742 4686
4919 812 45
1686 2488
1228 170
4832 300
42 4596
146 3510
4032 592
1684 4798
488 4686
1946 4114
3544 168
1668 3982
4868 2444
134 3776
90 4172
3190 86
34 4490
2112 4866
4358 2454
1322 1592
3962 1578
4222 3598
186 2924
2088 4118
2990 122
4090 730
4924 818
898 3668
3534 544
4770 2488
4767 1225
2506 1240
2650 4763 45
4554 1892
4240 428
4830 320
2608 3732
4876 88
2148 4680
4768 906
4792 2632
4898 820
530 4444
94 3116
346 4552
1370 3866
4868 1064
4818 4404
4468 1608
28 4896
4796 1476
84 36
4166 2254
2904 382
3272 2318
3378 1158
596 3674
4030 410
596 3462
2620 716
3978 1054
96 1756
3852 2498
2800 4208
1372 3816
2856 4656
4790 4286
224 3786
2410 3852
1678 3600
1978 84
1920 4190
928 1966
492 4504
3670 4828
2040 2
2038 4908
756 2134
2886 318
1506 4242
4484 124
3558 2672
1000 2852
4470 312
184 1586
3424 1430
2944 438
2884 2874
4508 910
4560 2598
2680 2238
4784 334
1422 3782
4698 1852
576 4440
2788 144
2636 4908
768 4376
4909 67
1764 6
3424 3556
774 4096
516 3998
4438 2282
2128 386
1206 2702
4728 252
4418 1270
4396 770
3986 4478
1834 458
4696 4282
4748 430
4896 2234
1902 4900
4546 1376
2444 4712
4842 582
3542 1344
72 1288
1610 3776
1034 3732
4778 1838
4314 1850
2834 1294
4624 2814
3950 1010
2358 32
3952 670
1368 4370
4354 1106
4870 590
2644 4648
3240 592
4782 1026
176 3808
4758 1220
4010 4592
1842 3188
4644 172
4914 3528
2638 556
4768 3396
24 2568
4684 484
4658 688
4220 2160
4 2088
683 4838 1013
1526 4484
4834 104
20 1676
998 1610
4578 4658
176 3878
3650 2124
2792 824
3848 90
732 2122
582 1444
4326 2450
4102 264
3530 944
942 3092
364 2854
3360 1584
912 4910
3882 674
3234 1856
3366 148
1124 3182
4750 1968
4068 1788
4510 3062
2606 4818
26 4811 45
4908 4164
344 3902
32 2456
1828 3832
858 3296
116 3150
1934 756
812 4540
184 2188
2542 3776
118 4278
76 4560
1802 3332
834 4726
1294 2618
4826 3704
850 2990
1344 4892
4891 1287
2856 820
4860 1010
778 4546
3700 738
126 2828
3844 1368
3870 192
3610 118
1450 4486
4758 1826
1606 3662
3788 1402
1656 3306
462 4334
990 4376
570 3298
4843 1963
1882 4164
1002 3508
4746 398
4929 3243
1530 4716
1178 2402
1410 4684
4480 542
3932 912
2314 446
2582 4794
3154 4024
336 1968
272 1684
4654 2724
1390 3946
104 4636
3614 456
4822 1642
1394 3718
4802 1012
4184 1798
898 3510
3726 962
4612 1430
342 3180
2952 1438
362 3338
520 1878
4436 30
4780 1378
4058 818
4778 4176
2242 4682
4738 2946
16 2564
392 4252
3684 564
3688 2182
4912 1182
4892 3118
4668 3694
2942 4816
4736 2592
1252 434
3928 1518
4158 944
3352 4882
3774 3286
138 1548
1402 4038
4860 1770
28 2958
4422 2352
828 4508
4502 390
4930 4460
656 4174
546 4666
3742 1228
500 4500
322 3136
4266 292
2858 774
3662 1996
32 3610
1596 3892
3160 4554
3318 690
3632 256
3070 3916
4728 324
528 2450
228 4082
4414 332
4856 694
906 1830
1644 3520
372 2126
3624 4606
864 3182
638 4298
4790 924
3780 560
956 3620
4761 1670 45
4901 1381
4536 25 1013
2916 4876
512 4368
4734 644
384 3464
3578 1378
858 4858
2462 66
3700 1392
2856 4902
1052 56
3987 4002 1013
2178 2644
4848 2534
580 3758
74 4834
1940 4900
4546 374
4492 2420
4818 116
3946 488
4714 1929 1013
3068 122
328 4724
1196 4134
1426 14
1526 4326
4298 2020
3954 3064
4402 2724
2688 2168
4202 1200
640 4718
4278 1828
1757 4795
3230 1156
560 3794
1332 12
334 2348
4846 596
4842 854
1936 3864
574 4818
2681 4769
2538 2614
4850 180
90 2442
3234 562
4084 2556
4528 3790
860 2334
4376 4878
892 4310
156 4470
3224 2748
2256 4684
4829 356 45
4392 866
1406 1056
2446 3754
3694 722
4506 1772
1266 3496
2696 4714
136 3044
990 2878
2338 4796
112 3192
132 2266
92 3142
1916 4882
2702 4160
184 2980
804 4614
3138 1886
2688 4834
4448 148
2652 28
3272 3562
3136 198
4338 2786
4490 1638
1546 3200
3130 506
22 776
958 2036
2918 546
2752 4908
4262 16
16 4696
844 3148
114 3712
570 2550
4870 2694
2732 460
1784 2122
1106 4020
4716 1232
642 4018
4726 1368
3220 4318
508 2822
94 4702
2380 4652
4822 164
4774 3032
82 4148
4798 632
4528 994
1296 3384
4062 1624
2328 2940
1268 4030
3316 710
4864 692
2652 320
4404 2540
4012 544
3408 1680
870 3644
4728 984
4888 4128
1790 4900
3536 1120
4106 2738
4112 892
1398 4896
2306 4694
4224 370
3724 3524
4748 4544
6 610
1602 4548
1214 4114
1856 4582
3434 668
3262 1278
38 1364
1264 4278
4780 1146
3190 4782
2521 4907
1110 2760
3744 1166
2970 670
1938 4804
724 1780
4918 1250
1068 4030
570 2508
34 2024
2136 4004
3660 1566
52 472
98 2108
4366 2660
12 4755 45
4494 1086
3988 316
1376 3322
4756 370
446 4822
3932 794
3694 4768
3830 3516
3212 4534
4566 450
1312 4738
2346 4905 45
120 4278
4140 1278
2304 24
4398 1852
2319 4779
470 4906
4558 404
768 3490
4198 4912
2870 266
1790 74
662 10
368 1120
1024 3780
1704 3142
4086 696
857 4733
752 1782
664 4048
4718 884
1662 1308
4532 1560
2826 4808
3568 2054
4878 2846
3914 68
4879 6 45
4854 1788
3740 2582
4180 2320
4744 4702
1640 4526
102 3646
800 2344
4440 946
830 4670
2990 4742
1582 3134
4706 60
496 2790
4622 544
1742 4912
4865 1033
1312 4814
3436 3848
4866 1250
4922 3278
652 3716
2384 4456
4890 3436
478 2346
2134 4642
74 1912
3474 1556
4694 1328
4780 4040
2466 4896
3476 1274
3702 166
2430 544
1732 3454
430 2456
4822 2952
410 304
3878 166
4402 1596
4898 4588
1632 4836
910 4838
772 3616
4460 2681 1013
2522 4602
2576 4780
1190 4254
3494 2956
1752 4270
1154 3218
4894 3240
3698 1800
2246 4898
280 2290
672 4010
2668 1084
2758 1104
4410 556
2636 116
3386 96
3610 26
559 4761
4550 2134
1194 2708
1962 4342
2202 4430
3318 720
4776 164
1930 3672
4910 280
1124 3112
1798 4688
4740 982
2278 104
466 1112
1774 348
3134 570
4240 712
76 4046
1442 4602
4864 3564
4074 1454
4528 3084
4500 1046
1570 4906
1468 3554
884 4358
2098 308
2864 3850
4567 1582 1013
3584 262
2714 4362
2968 3654
4786 430
1102 3578
1374 3840
3016 922
1910 4838
3690 120
2142 192
264 2226
1654 3604
3858 2452
2676 1142
308 1196
2 3576
4776 1740
4915 3745
4342 18
3042 4722
4708 2914
556 2108
4040 5 1013
4808 2276
778 2510
114 4910
726 3132
2840 4910
2724 3422
4406 4656
442 4424
1570 3020
14 4132
2488 4050
3274 340
1984 2778
3064 1178
3856 2368
2940 2406
4771 2305
4626 186
4858 668
4810 1382
4180 1652
1662 4702
2006 2632
1539 4887
4700 1608
3710 1174
2380 4888
2100 4366
2194 4782
4174 2548
1058 3336
3568 3598
4896 1308
390 1706
4560 26
196 2050
4350 656
1100 1540
2833 4807
1518 3256
2796 960
3212 866
4388 3844
2656 3460
362 2990
4486 2276
4924 1760
624 4868
4752 502
4262 766
244 1662
1086 2296
4256 692
1488 350
3586 1878
3492 888
16 4332
1878 4778
1682 3892
3232 1030
900 2444
878 2754
3208 1152
34 4837 45
1730 3408
2756 4754
1596 4276
1818 442
784 4404
248 1958
2642 4736
2638 4710
4444 184
4900 1590
2636 4712
44 3132
4734 3372
4486 1016
3564 24
532 4862
4148 494
4074 4864
378 3608
4904 2596
70 2080
110 1980
1918 3276
404 8
2500 626
3440 454
1702 3120
3104 1138
3732 2250
4931 1449
4364 4716
990 1938
3104 4688
4118 4
3802 490
58 2656
1016 3136
186 192
4026 3452
4136 708
1788 4620
462 3654
908 4806
3272 2006
4268 464
3138 80
590 1508
1588 2696
2494 4636
1964 148
3750 2528
3900 896
4060 1352
1590 4468
1580 4098
1684 4264
2342 4456
4194 824
1964 4470
2764 4
992 4680
3378 2528
4849 260 45
3476 2988
330 4782
2092 3986
2500 108
4604 2650
2388 2948
34 3394
4222 2224
3598 1030
4138 112
2848 582
1196 3780
4272 2114
2192 1608
3846 4822
3332 1736
4840 3326
146 2956
4880 3822
726 4416
4328 824
3184 4656
4110 1496
3974 12
4800 390
732 4476
1718 4082
4352 2204
446 4678
1632 336
678 4550
2062 3804
1944 4814
4244 936
588 3552
2344 872
4922 3922
4744 2476
4780 2909 1013
2994 1768
1018 3582
4616 4256
3596 4460
810 1122
1810 4774
2996 168
458 4410
1050 3190
762 1236
190 752
4914 1948
4044 2274
3880 156
1292 4570
192 3086
506 3516
2714 4606
4816 626
1418 4344
4240 160
2714 3208
190 4546
2870 288
732 4916
332 4690
3078 1402
4316 2308
1256 4326
3680 4
3362 12
2852 1214
940 2992
1194 4930
3714 1148
2162 3448
2916 852
4828 540
2154 4760
164 4394
3246 4624
3604 3628
2529 4905
764 4478
4178 578
2564 982
3470 1900
3602 74
2702 130
3988 916
4194 888
992 4414
3710 1932
4854 3602
4596 618
486 3178
1500 3036
4882 672
4376 2152
4558 22
4810 2732
3964 1080
3468 4564
1470 4098
4402 1440
100 3318
1288 2764
2992 870
1362 4310
1800 3644
320 1918
4544 2502
680 4016
2048 4738
4604 3852
1204 26
1884 218
6 2778
4825 2211
3616 2960
86 2972
4850 1918
3908 1562
230 4216
3046 346
4828 4528
2596 1528
4814 630
1620 2740
692 4044
4272 308
2250 336
3988 2764
2812 4418
650 2674
407 4755
4556 28
2838 1048
982 188
54 3914
1654 4730
4130 1102
3658 638
3030 1684
4656 224
1828 3608
2814 552
502 14
2446 78
372 4346
2436 770
2604 3696
3366 290
4702 3472
4710 1696
246 4834
4850 3990
680 4836
3953 4762 1013
2902 86
1632 3170
4298 6
4746 2182
412 3720
3748 122
744 3864
2800 184
3642 2740
4386 4838
3466 1792
4564 2210
1292 4628
4404 1270
170 4422
3430 2432
564 1914
4274 2022
4556 1472
334 4648
3798 40
2366 256
440 2676
3714 2034
4252 1690
100 4226
4352 2192
4752 1640
4642 2586
1116 2714
962 3137 1013
3956 102
1378 1150
2578 990
4330 758
4370 116
2916 558
4174 146
62 1898
3394 1118
18 3338
3718 178
3692 2580
3024 2562
768 2406
1596 3712
202 2530
4442 662
3896 4826
174 3122
3722 214
1844 1024
1456 2970
3534 786
4398 1938
1296 3832
694 3992
3512 2170
4418 1560
4768 3164
1288 4732
3460 100
604 2646
4562 2488
2952 4546
2204 4820
4128 1746
90 3494
4008 178
450 4028
1812 4914
4052 1708
216 4504
1062 3078
3318 70
442 3914
4556 4420
66 3382
2360 4218
3242 22
2172 516
1700 4792
3006 4812
2910 4908
3754 476
3686 4764
4898 1306
4918 3322
1756 3396
4440 2750
4410 2796
4622 456
2556 232
798 4646
4474 4880
2182 4188
3924 160
3054 544
1956 1434
3140 152
3070 3635 1013
134 4282
4586 1038
1262 3764
4282 2212
4886 1736
4886 2046
2664 496
3786 4852
400 3040
3956 28
1190 4742
4614 36
1668 4322
4050 886
1252 370
1234 84
3630 3664
1108 4296
4628 1990
4808 3050
3982 2774
4836 960
2576 4814
282 3372
2462 4602
156 3446
4804 622
1138 3224
3170 1574
3860 1774
170 4880
1794 3322
1584 3682
4806 2913 1013
238 3916
462 36
1478 248
4036 1506
4758 1408
1254 4176
290 3380
4864 1044
1720 4820
3908 868
3864 762
3222 4782
396 3560
3602 4770
2308 4776
2414 1026
1064 3518
720 3776
1840 3440
1702 4080
72 4072
1334 68
1594 3036
4418 4876
3406 4808
1938 284
1090 4706
3760 698
3028 4904
3440 936
2750 4402
4738 1146
298 4624
4833 2977
3676 3807 1013
542 4418
4692 1618
124 4304
4572 1096
1056 3306
2176 3408
3142 1364
3780 1094
454 4750
4826 3992
3644 2718
3908 352
2936 2160
4022 1624
3330 4864
736 4812
4338 1978
1260 4680
3738 80
4690 2908
4736 1562
864 1356
804 4210
172 3388
4714 546
16 3130
3160 4694
604 4794
4 3778
1440 4846
3452 3882
942 4536
4418 2116
4662 554
978 4002
4838 4162
2242 4475 1013
4730 3292
918 2672
1746 4056
4508 3906
2670 3950
242 4276
3158 3734
140 1432
4650 1402
4580 2026
3870 378
4800 2826
4866 200
72 1388
3734 704
3926 464
190 4308
2304 4386
4920 1082
1770 4636
2028 2130
484 2844
938 2840
446 4728
10 4733 45
4728 3904
792 4280
1744 4764
1660 4652
4100 1730
4780 780
4056 1970
330 28
2834 26
2996 4252
3186 794
4534 2512
100 2336
4212 3888
2696 4750
2320 3664
104 4926
3566 164
580 2970
108 2904
1758 2210
4566 4346
996 4418
422 4384
2048 4858
4354 4894
4306 1646
900 4692
1758 4
1618 4250
78 4196
2384 4838
4566 76
1966 3148
1956 1688
924 2672
3649 1206 1013
1504 3264
2888 3598
2908 4658
4741 4301
1326 580
230 2056
1404 4891 45
1666 3448
1036 4782
2986 1380
3042 2877 1013
1298 4112
518 16
3476 610
56 4528
2000 22
4864 2928
1246 3880
4720 4384
1370 4252
388 3772
566 4460
3788 1396
60 4690
128 462
3588 316
2064 4704
4802 12
2662 4016
22 3202
28 2202
4866 3140
1394 2422
2944 20
4422 2536
1132 3772
4822 354
864 3146
4842 704
2964 330
2398 76
2274 580
3960 372
338 2988
4670 2588
4824 814
1238 4684
2512 3958
4811 1095
2100 4932
1092 3910
4694 4821 45
3926 1378
4192 206
2114 4912
2758 974
1996 4696
4718 4874
2234 236
740 3838
1864 400
4930 1996
4636 352
3159 4837
3476 3086
4620 2382
3846 1798
1134 3070
3350 3262
3628 135 1013
2838 126
8 4674
4391 4817
3646 956
3316 3052
3820 1316
638 4138
4086 568
2066 8
272 3306
40 3700
2984 1312
4284 916
4676 3920
439 4857
1810 310
4919 4570 45
2212 936
1068 4522
748 2506
454 3240
1602 4146
1482 36
4016 3330
4730 118
1678 3796
1528 3708
2004 4042
24 4847 45
4765 439
4678 3536
3770 936
4606 3532
1028 2088
4302 844
2142 740
3128 4808
1434 2312
4240 212
4010 4636
4780 476
1392 126
1616 376
4742 3082
918 4428
468 1660
4442 3124
1918 2876
1092 4734
2440 1064
1878 2356
4815 36 45
4726 756
278 4442
3214 854
2878 4820
3376 4758
2586 4298
3772 1024
3722 280
276 32
3348 540
4438 1276
6 4596
4188 1324
4344 362
2300 4522
3706 106
4300 476
458 2370
4742 3962
3544 4152
3888 2720
3694 932
3880 408
4820 1656
4820 1944
188 4714
4234 1368
222 4180
1404 4654
4896 142
4769 16 45
3586 516
4886 1128
632 36
3230 1478
3468 1824
4864 6
4072 1402
4055 2178 1013
3994 4828
4504 1282
4504 708
4326 942
2782 1062
114 4842
944 4234
668 4742
4130 378
3736 1654
1554 3624
1096 4370
1802 4850
138 4862
630 2040
2480 2366
2688 1814
2962 368
1320 3764
74 1162
2526 1158
2760 4012
26 4322
3361 4859
4896 566
32 2206
1504 4030
414 4388
790 3694
2590 1554
894 1944
4712 2690
3554 386
4748 676
3840 338
1332 2918
966 4602
4154 3473 1013
4296 4790
1564 4826
3676 4652
2456 774
4700 648
2452 580
3072 210
2370 340
3844 58
4634 74
4736 438
658 4608
4878 2536
1942 1726
3898 382
4892 1534
3454 2364
36 4783 45
1390 392
952 3676
4848 2808
346 4302
624 3622
4700 672
1944 1028
2420 4680
3958 4816
2480 454
286 1946
1044 3420
1290 4844
4666 4878
787 3794 1013
2076 240
3530 404
4790 2588
4812 1672
312 3258
4400 226
4772 454
1396 2890
418 4140
4564 1676
792 4620
4894 964
1258 4708
2406 4676
4120 2728
4138 242
3980 14
3938 4558
806 4848
1342 4574
2726 1020
939 4817
1680 2322
32 3348
278 3826
686 1980
4824 1650
112 4252
2474 3912
4782 338
3550 1644
4520 210
2512 4774
4362 3684
1324 2382
602 3716
1674 4826
4850 640
3456 1438
3756 2550
1252 3662
4442 890
3502 98
388 1750
430 4046
284 1228
3840 3174
1856 3464
664 3856
4098 4904
2120 4818
3792 426
722 4726
310 3824
56 3230
4742 1332
3628 92
3732 438
1164 3992
4796 4724
3834 590
2960 4754
628 4804
3760 8
196 3418
3852 1146
3258 914
38 1826
78 4782
840 3404
3378 4896
4468 244
1300 1888
466 3124
1800 3934
2124 4846
3726 86
1640 300
1926 3448
2024 2596
256 1596
2832 3494
24 786
4808 1574
4728 1336
3728 1504
1900 4008
4764 2344
2960 810
4916 4314
104 2350
788 3754
4188 1096
934 4028
4144 766
4604 830
4310 1142
112 4724
3216 4004
1482 3290
4862 92
3772 2214
4298 3298
4012 4790
4288 1424
2674 4890
2778 526
1894 4764
2556 4264
2352 4806
2330 3850
2406 4544
4716 2836
618 4556
4788 3480
708 2630
4724 3798
52 3716
940 4868
76 2216
1188 1961 1013
84 496
198 1132
3124 4690
138 1810
1108 2182
3850 1984
4913 3344 45
166 1130
3994 1302
1344 4722
4761 2446 45
1152 3970
4850 512
1074 3380
3384 308
2810 3740
3512 840
2162 3704
2454 4702
3846 3068
356 1962
892 4324
4733 3901
434 4168
2472 2394
524 4522
1716 222
3250 620
2716 812
4850 2012
620 3718
1096 4212
4356 780
3860 1896
852 3652
2862 4866
4820 1400
1092 4284
934 4362
4640 2188
462 4922
4182 316
4752 4162
3272 192
1790 4172
1950 2840
6 4857 45
462 3610
138 2398
1946 1386
2768 3502
4856 3364
3352 4412
3512 898
3620 4767 45
3692 4826
32 4220
2100 4620
1484 4534
2334 122
3856 622
516 4362
2076 4909 45
4310 1534
874 4742
4702 744
62 1368
370 4780
1814 3998
2390 4468
1112 124
3608 2092
3950 2192
4064 2394
78 1600
2512 4910
2862 1378
1690 4234
4314 102
4094 1664
818 2738
734 3224
1630 4172
4760 4576
4264 144
3528 844
4894 80
4098 1368
1096 3132
380 1898
3968 2392
4632 2392
1908 736
3124 3584
4116 1958
2586 4696
3902 1298
1120 42
526 2860
3110 3240
4516 2964
3392 772
2274 1847 1013
2666 4842
1500 692
4362 1224
4830 62
390 3806
40 4766
4300 854
1980 198
4790 312
4900 278
1854 1479 1013
3812 556
2646 270
4306 1272
83 3072 1013
842 4480
544 2024
3856 2588
1304 3048
284 4370
3242 1660
4742 1940
1118 4844
3996 584
2658 4298
4750 2454
2404 932
4590 2948
184 2288
2290 4708
3382 3751 1013
1538 1280
4856 2470
4224 1510
1062 2820
582 3242
60 4016
98 744
1198 4190
4788 898
4841 982 45
3872 508
4744 4182
162 4826
166 4470
3514 554
246 2760
4294 952
3648 424
3292 2052
974 4196
4690 2270
4520 1790
3764 16
400 4724
2068 4790
486 4374
1096 4
384 3640
3046 4318
4482 130
3238 2082
2806 92
566 1214
3702 1820
4860 722
3370 718
2990 1594
2430 4912
892 2634
2552 4898
3988 4496
4680 596
984 3658
826 4456
3990 3234
222 4386
1102 4530
4348 1696
3158 846
4827 792 45
884 4438
1992 4818
124 3266
704 3756
28 926
664 4030
166 572
4318 402
4896 2348
652 2816
1953 4897
4088 164
4238 10
4354 178
2820 4704
3730 2136
1330 3436
858 2618
4388 816
4754 1402
3736 472
4268 3840
142 798
3512 262
3350 2506
3510 3034
400 3696
4020 2814
2388 404
200 3830
2334 2734
2744 3854
1866 982
2554 898
650 2294
880 4424
2864 4768
3442 2126
4838 2826
3154 1078
2578 4240
4858 2822
266 752
1840 4586
730 2852
1802 182
2670 4682
3652 282
4312 1132
1602 916
4668 4856
4784 3710
4336 1314
4096 1920
3112 4440
2140 4792
4460 2776
570 4682
2044 4820
1196 3648
1028 4022
828 4796
1360 3260
116 4252
852 3212
2034 4384
3868 96
4410 2604
2572 446
3606 1104
3960 106
4880 2042
4642 932
3916 462
4768 1622
3550 1112
3446 584
1540 4816
4908 3398
1744 4540
1472 4370
4904 2634
4924 1996
3290 1878
1250 4105 1013
345 614 1013
948 4592
598 2078
236 4174
1014 3146
2310 898
160 1544
1110 4802
4560 1130
3616 4586
214 2992
1032 3828
1398 3514
3626 16
704 4778
4492 1016
32 4749 45
3314 132
4548 470
4766 568
4256 80
2590 3310
1790 3412
3316 262
580 3170
1060 3820
610 190
1626 6
3666 2666
3926 4752
4644 1788
1810 4396
968 4838
850 3060
1200 4760
1656 3314
794 4810
2188 196
4700 2236
4914 856
1232 4640
74 1920
2808 1336
1968 4742
154 2742
76 4756
3310 916
1102 4882
2518 4548
3318 38
1542 306
1974 66
1774 4025 1013
2904 472
2408 4022
2552 4392
4082 1596
2994 4712
2120 4778
4928 36
144 2720
3554 1634
280 3446
3720 340
3346 1062
38 2640
4524 84
4742 1238
4118 2528
2852 2358
2346 3460
4806 4712
284 3180
3766 1456
3670 408
2706 664
4735 2659
4672 2602
490 3632
3674 848
4206 3204
4074 348
4742 1002
4370 2552
4858 562
1916 3620
868 2326
826 4468
1476 2036
2282 842
408 4132
832 3216
3668 40
2508 678
4744 1112
4222 134
4744 3018
54 4750
4720 108
220 4294
3010 636
4648 140
4520 824
412 4694
4160 1266
3172 4558
862 4240
2916 1518
1420 2998
4844 1750
4042 2136
4812 1590
706 3292
1968 3440
2846 2870
1738 4264
3512 4686
4162 2930
738 2388
4862 854
104 2442
348 3568
38 1380
3810 160
2342 3952
2012 3996
20 4882
1160 4512
2512 4134
56 3302
4290 1488
3620 3234
2920 4602
3126 4862
4852 1266
348 1674
1718 4778
4126 2276
2878 4728
4752 936
4748 1830
1324 46
1444 3810
1102 4558
3248 4800
2772 330
256 2172
4336 1932
4152 3450
1396 4260
3762 1296
2092 3926
2227 2216 1013
714 4238
4446 36
2016 4428
1484 1914
3898 1796
18 1498
4905 1637
2226 4392
1312 4690
3222 612
926 2898
3641 1248 1013
4808 1974
1844 3536
4050 1182
3672 302
640 2900
4652 2604
1216 4632
4576 197 1013
2726 232
2456 4592
1086 3354
3186 134
256 642
3698 360
4354 4795 45
112 2840
3992 1526
490 2150
4426 1376
4582 782
4418 176
4849 4450 45
620 3982
3858 386
4214 722
2810 202
434 3194
3498 764
1290 3168
4548 2386
3306 4608
192 364
3696 4906
4018 2628
2286 1044
3062 1068
1556 4068
4888 3174
4730 3154
700 4218
1082 4590
360 4020
4911 1749
4688 1048
108 849 1013
4774 2960
3838 1150
3284 2400
2200 3950
1362 68
4566 1966
874 3442
1264 3912
1522 3350
714 4752
934 4906
3808 1748
3058 62
2832 950
4890 2766
974 1702
110 626
2470 128
20 4476
4322 1710
4220 1970
640 4226
1266 3186
4826 2442
2728 216
2692 1064
3778 1412
594 4308
2796 3716
410 2164
4872 1862
944 2718
1678 4434
4194 26
4928 1602
2682 4600
4618 818
2 3828
184 4396
22 1208
1140 4204
1864 634
4678 278
966 3326
3320 256
302 4436
4784 2666
790 4882
4394 480
188 2666
3644 354
3314 2540
4556 70
218 4564
1854 56
4168 908
6 4821 45
3178 10
4073 4731
192 3240
4892 2694
4530 822
4636 3840
1840 3402
364 4668
3964 432
90 3238
4682 3930
2330 4606
4764 2434
1944 4835 45
4760 2000
264 4112
4080 1072
1725 4755
2416 3668
3080 2734
1120 4010
4396 408
1720 2312
4900 2050
2494 36
4274 2354
2592 1008
3268 480
3558 3978
1196 942
1698 3270
4907 2671
2725 4873
2262 4478
4704 1114
226 4410
496 4376
2302 4708
3518 4678
4866 4676
1896 4716
2872 4926
366 2642
4690 1008
6 3746
4536 1264
4644 44
3442 10
240 1492
3522 26
152 1470
4026 604
3798 492
2264 2918
1928 4586
2784 258
4926 1046
3882 4926
2808 1622
1416 3432
652 3270
4478 3134
4144 972
2748 1356
1018 3784
3007 4873
1340 4834
3914 1022
362 3314
2246 132
1924 824
4769 1864 45
4806 1966
2508 3898
1512 36
160 4132
3280 194
696 4736
4890 3314
2772 1810
3586 64
672 3792
2594 3632
742 2104
3908 648
22 3526
4628 4914
48 3164
4838 610
2682 1992
78 4746
532 3604
922 3858
3400 4929 45
1452 4782
3860 1088
164 4758
1828 4442
84 4002
14 3848
4410 586
4712 4722
1864 2868
4754 2544
2336 38
4836 2998
1412 3366
16 2982
4930 1008
38 4838
1062 3268
4836 164
864 3026
290 4818
356 4858
576 2214
3714 2540
4526 4898
4786 410
4615 3536 1013
4742 1640
1464 2258
4650 2618
4196 20
3304 3864
3492 778
2388 3450
702 4400
4906 146
3052 1470
954 4922
3012 4760
4150 1754
3930 4570
2978 1254
254 4916
14 4838
2610 3718
4290 70
3604 92
4408 1358
1804 4548
2542 4810
580 3986
1808 4572
226 2606
1800 498
4780 994
3450 548
3742 908
3180 1634
4930 3580
712 3794
164 3112
172 4884
2038 1324
1816 3174
3430 4760
388 4298
2292 4928
434 4150
2868 438
2662 3458
4620 2584
4598 1874
2350 28
2374 1378
3240 460
18 3050
3730 1870
4538 30
786 4918
992 3948
3772 850
712 4538
4881 18 45
1214 2542
104 4722
3866 808
1652 128
3930 2646
2106 3572
3458 492
3798 2048
236 4208
3246 1478
1232 4780
240 4582
4838 720
2404 4764
2714 4388
3366 4402
478 4828
2106 1656
920 3622
2810 3822
1024 4710
4512 1072
2692 4792
4768 1764
2134 4802
4470 644
449 3956 1013
4928 3976
798 2448
60 1464
1084 2610
428 3438
180 4700
2124 3176
1592 4540
3216 728
774 3408
126 414
2974 4738
4010 2120
3546 3028
4470 3190
4850 4710
3852 2514
4856 1624
3612 62
3524 2076
3156 348
4728 1306
3804 1994
386 4162
4516 1004
1232 4542
1948 4468
3348 824
1138 2882
4468 3454
3164 1066
3722 608
2066 4404
4412 2686
42 3656
122 536
3386 64
3438 1094
3698 1672
190 1904
2724 4000
98 924
4002 770
216 3548
3366 3556
1074 2532
3182 670
3352 4858
4414 1494
118 4546
3058 1032
4568 2126
1352 4827 45
256 3872
4751 2413
4352 920
2178 4670
4258 678
754 4580
4342 1162
996 4896
3080 106
2168 4678
1680 1920
2448 180
2629 4875
1912 2998
2384 2372
3576 634
86 3736
422 2430
1414 3352
2790 1208
3828 58
2662 3826
28 1366
3876 1098
1676 3346
4520 1590
3624 734
1878 4918
4628 421 1013
4504 3050
174 1354
2896 4388
268 3090
1484 1918
4827 2429
2083 2098 1013
4276 4832
1484 4154
4212 2470
2980 646
832 2428
4522 752
1318 4444
4067 4867
3890 1826
4890 1096
1959 2484 1013
708 3942
4830 1900
3912 64
3144 492
556 2474
462 4082
4924 26
4737 574 45
212 3346
3304 442
4604 2906
4698 3270
4216 1452
304 4932
952 4908
2494 162
232 858
330 4626
4865 3641
2474 332
2510 4866
1182 4884
304 1690
2056 414
992 4616
1582 3746
72 4248
2338 846
3522 4336
2174 4830
4887 1323
4886 1562
896 4606
2716 1994
1072 4280
710 2674
1196 3344
240 3870
1390 3080
3136 2320
4792 1886
2312 540
358 2824
562 4928
4074 508
4924 1798
1638 4578
3746 4817 1013
1912 1202
4624 1598
2272 4828
4784 3002
606 4628
670 4556
2486 756
14 1870
3296 1492
4746 4472
2388 4928
324 4272
1414 2492
3044 1488
3975 4753
4112 132
268 22
2492 4164
1454 4356
2182 4516
1250 4620
3564 4594
24 790
294 1780
3716 286
4204 1810
1632 4430
2236 118
4266 4762
266 4328
4526 908
3666 4830
1917 4913
4612 272
2410 124
4906 1248
3174 302
114 3716
4432 4816
4634 4326
4921 1885
848 2440
3686 1280
2142 3978
1984 4224
428 4790
4518 286
3602 2216
4822 3480
1298 4634
344 4674
362 4308
1820 4014
314 4710
18 4896
4804 34
4648 1010
608 3174
2504 574
4406 2054
4796 170
3726 1110
630 4726
4026 2066
4808 3582
808 3248
4638 3396
2035 4923
890 3350
3226 208
3510 4806
1452 4812
4872 1568
2374 3710
1302 4376
3738 1088
4674 102
4850 2928
16 2954
1980 2798
656 3718
964 3398
3454 1224
220 4218
380 1908
36 4674
3428 166
626 3052
3544 1828
3342 60
1786 4202
1230 3460
3404 1294
4792 156
276 956
3548 630
2636 4636
4849 3494 1013
138 3540
734 4828
4500 80
20 4718
3500 546
730 3690
276 3958
3644 846
1836 3232
1696 3304
3670 1364
4856 894
1401 4867
2354 4698
2702 4376
2728 1098
1900 4886
1464 2
40 4514
276 4058
1184 4920
4902 864
2886 4734
150 4
666 2868
4010 724
2468 418
3158 1744
4 1552
4278 428
3520 894
120 4020
3484 512
32 2640
4100 1280
1316 1888
3870 262
2464 1560
247 3876 1013
744 2304
710 3614
1272 2380
2642 4696
44 2361 1013
2068 538
300 4652
44 1764
4806 316
4412 382
2106 4570
3554 622
710 4624
3232 4324
4022 4226
138 3778
944 4142
3116 164
4872 2506
1802 692
1104 3738
1100 138
2200 4726
3976 686
662 4312
4076 2142
4624 1202
1835 4807
338 3390
2412 4562
4434 2042
2796 428
4874 1482
898 4714
1030 1330
2104 522
2740 2158
4920 206
3444 3922
4790 1710
4911 14 45
4840 138
3368 84
3155 4777
4230 364
4904 3870
4240 2282
4758 3398
4106 218
744 4690
4744 1214
4454 2362
4427 4761
2482 4268
4354 2428
4872 16
2604 4794
294 4808
154 2556
4452 1184
2404 916
4380 2328
3506 486
3918 596
986 30
676 4704
2128 24
2652 4845 45
2028 1138
3346 4924
220 4876
352 2474
4194 1672
3792 2776
4538 196
1388 4926
4850 18
3728 1024
4268 2634
3284 4050
172 4798
2976 1962
4864 3780
1612 4720
52 4828
4378 3252
4532 316
4526 1340
3502 506
4060 4908
490 4278
4390 942
1432 3292
3924 260
4652 3296
4729 3659
3469 4731
2898 3398
4850 770
4918 662
4925 4093
4688 4016
2588 4902
948 2908
2672 1634
1028 4458
1208 2676
2134 4002
4706 2510
3248 4888
980 3776
1916 4372
4744 1702
444 4228
3864 1762
3175 1222 1013
4806 252
656 4862
140 1562
2252 680
822 3336
1778 3408
1438 3666
1613 4881
394 4492
1380 2012
4246 2164
2998 408
4750 2688
858 4034
4882 3488
494 2252
4562 382
6 4758
4723 4737
1180 1902
1996 18
4698 1398
4406 166
2246 4514
514 4476
3434 2482
1134 4908
3348 4841 45
3722 94
4608 2760
198 3514
2696 3192
86 2320
4518 1376
4788 186
264 2814
156 4464
2224 240
974 4622
1814 258
160 2614
3656 294
4528 598
3946 2530
4789 263
4850 3846
2658 1160
1862 1880
3888 1590
2424 4896
4382 1300
808 3174
254 2998
3680 1040
4314 176
3486 1824
1546 2794
490 182
2018 932
4258 2146
4818 1660
4442 1026
3250 258
1650 3832
942 2976
3248 1092
2250 3908
1420 4148
742 2106
2256 4866
4851 875
116 3622
4506 4694
2540 46
2148 3756
2190 4458
292 4548
3024 4872
4930 1162
898 3968
4502 4902
1700 178
2664 34
4516 1068
964 4040
1920 4412
4114 1240
40 3198
4812 2300
1516 3154
30 4785 45
2074 4664
4704 232
3836 2128
72 3834
1088 4824
4802 3414
4834 978
3398 4932
3268 600
116 3172
3686 1922
2596 1170
4588 1152
590 4282
4474 2484
4002 1290
3270 4241 1013
4666 668
4610 200
3278 1996
2668 4758
4110 2034
2250 30
4710 2784
3350 190
3312 808
4 890
1478 4500
4140 4454
2230 4856
4070 4798
2200 578
4204 1626
1454 4902
384 1882
4046 4776
4330 606
4924 138
2038 1144
4130 2326
3460 4566
626 3914
958 1744
654 4496
2502 4812
312 2086
2146 650
2476 4366
3588 378
292 1422
1258 4046
50 1142
2288 1282
3222 852
2288 4802
1308 3702
1304 2994
4460 756
1160 120
4829 1483
3230 3100
76 3540
3674 1326
3852 554
1006 1934
84 3136
3970 1204
1330 1900
4532 392
4240 1766
4104 1358
1576 4016
1308 4574
2250 3438
1052 4048
4880 3922
3492 412
4924 24
1382 4540
1830 4300
972 3064
4476 100
344 3616
3296 1922
1862 2140
2554 371 1013
2446 3874
64 2660
708 3352
1672 3416
2220 850
1378 2468
568 3286
4922 2078
1836 4522
2586 4400
3234 1216
2450 3466
4366 2440
4729 10 45
4578 2154
4132 1052
3508 1132
4426 3623 1013
1676 4410
4903 2066 45
480 1646
4476 1012
3766 908
3200 604
4366 3964
4130 316
62 1106
290 3886
4172 2070
2404 3190
2254 3658
3862 1348
3174 1830
16 740
4828 1004
26 4824
4618 888
4718 1230
176 4124
12 1122
1326 1048
3782 3288
1776 952
270 3416
4068 1804
4798 3890
132 3284
1470 3822
1546 4794
2580 518
270 2626
1104 1656
4881 483
2936 1362
2936 686
3986 3460
4394 1458
3332 438
478 4040
1772 3684
1406 548
4046 2468
1571 1374 1013
442 96
2854 1052
2330 4746
2338 4134
852 4658
3884 4788
3720 4826
696 4034
424 1866
1188 3312
4002 1638
2700 4626
1642 4024
3558 1174
2650 3469 1013
2738 3994
570 3056
142 3964
1996 2750
4732 1866
1480 766
476 4324
3314 2010
4626 864
4834 120
1220 3164
2726 341 1013
392 4394
856 4128
4804 2514
3736 1436
2814 28
1234 1962
3102 1858
2688 1476
2644 3880
4540 672
664 4844
2542 4470
2452 408
798 1134
88 4208
2890 4158
4824 2050
4664 2026
4744 1176
2562 4016
2314 4828
4874 1576
312 1862
392 3132
4328 762
198 4248
4020 736
2676 526
4318 252
2176 1268
3654 4880
1864 4410
4042 4778
2152 3500
3820 522
324 2814
4792 594
116 4898
4798 4364
246 3644
1900 4386
564 4866
3404 4838
934 3072
3120 298
2724 18
3536 4676
834 3346
3022 2010
2342 1380
42 4696
1518 146
632 4780
4278 2606
660 1770
418 4794
2174 4922
634 4846
602 2726
2384 3382
1510 4910
424 1826
460 3132
4494 4736
3788 1140
36 3408
2030 4748
4608 274
3102 2032
4322 2354
2954 1108
4232 2932
3996 788
4766 1024
2754 4666
3468 1602
1810 3424
4794 618
1320 3444
2576 3392
1246 2596
558 4690
1186 256
2198 110
4761 3651
3092 4858
1592 1136
2366 494
4722 998
2650 4542
4784 1378
3842 232
1408 4002
2176 552
774 2916
4776 4116
4476 1722
4108 1686
4598 378
958 4598
4858 496
306 4080
2102 4260
1270 4166
1036 4728
4776 1610
4034 658
878 3216
1116 2694
42 4900
1430 3088
914 3150
590 4038
2126 36
208 3588
624 1260
3686 4608
4668 2946
4842 1908
4888 4356
2020 336
3770 4434
538 4764
4586 3204
124 2610
4794 2380
184 2922
3746 330
2882 4654
374 2730
216 4568
4902 4660
4782 2220
3754 1350
4744 1610
32 694
34 612
3256 630
1138 1786
2572 390
2498 234
4242 1834
3400 1520
484 4732
1074 2122
4816 18
824 583 1013
212 4230
2260 796
684 4402
3920 134
4922 3672
4900 2278
2206 4306
1702 3150
4330 3186
1130 3578
1668 4294
4714 722
130 2494
2302 332
134 4476
4260 908
1554 3122
2036 4636
3350 1054
4600 1194
4780 312
4770 3174
4740 946
1169 4134 1013
3008 4180
656 4732
1232 3004
1404 4860
3194 28
1914 4850
2 1244
2903 4781
804 362
3648 142
1968 4564
4516 36
2158 26
20 2158
302 4
3806 2294
3646 3470
4870 3142
4634 1090
1898 202
2054 4902
526 4494
3512 316
188 2554
2902 3062
998 4884
3608 518
410 4008
1710 4572
682 4628
2854 1102
3842 610
4590 478
1798 4912
3944 8
4590 1136
324 4488
2624 4526
4548 1340
2600 2498
834 3882
1606 2332
1634 4510
4420 1820
4862 2648
3784 716
2082 3778
1924 4544
164 2122
3794 784
4902 1728
4792 724
3646 550
1280 4418
4738 772
4374 1766
168 4526
2716 762
1250 3194
312 2190
90 4416
868 3072
3096 694
2546 4820
2218 1034
4802 1264
4334 3370
4410 2230
1498 4814
4454 4560
3800 1790
2705 4799
1336 3958
3384 60
924 4894
1848 3189 1013
4742 3510
4694 2796
2512 3892
4316 1456
2308 1048
322 2620
4192 118
4630 808
388 2272
582 4672
274 1650
3644 4702
4842 1978
4268 390
4756 386
4888 996
1494 16
870 4294
4478 1242
3342 2426
196 1750
2332 386
4086 704
582 2236
176 1732
4752 1686
2294 126
3764 2778
912 4498
412 3528
4564 1754
2852 1776
4182 1504
1164 4570
4576 20
1498 4806
3316 94
4160 954
1148 3652
34 3488
124 1376
4768 3080
2 2286
1770 24
1056 4884
2268 4832
1274 4784
142 4192
4156 586
3038 1308
1968 1776
2448 4806
1192 4590
4806 700
4792 342
622 3812
4854 2744
60 3794
1564 2644
2258 4622
94 3586
80 4544
4530 346
1466 4336
4354 816
982 3002
1290 2966
4544 110
4428 912
663 4710 1013
458 2812
3186 122
2592 4840
2628 886
2356 4720
1064 4164
4820 372
1430 4854
184 2410
1130 2652
1092 3152
4743 32 45
3870 4836
3984 148
3110 1036
2256 10
4226 1886
3048 4210
2117 1902 1013
2770 4734
1658 2254
4308 4930
2924 26
1404 3286
1524 3640
2124 266
4876 1394
554 4322
2756 3222
3384 2812
4534 4060
3852 3224
4796 2382
4818 2712
756 48
464 4918
162 3490
3434 4880
4614 76
3116 4700
3934 1352
458 1622
806 1398
4716 780
534 4860
2868 1054
1960 3878
3936 96
16 4660
2212 4698
966 1782
134 4682
4686 3168
4788 2080
1070 3866
3414 2536
1134 4632
3830 1270
74 2280
4892 2424
1480 4920
4777 4509
4604 2608
4796 2732
2820 3086
3542 1358
1754 3046
4920 934
2466 598
4254 3466
3290 572
4394 1652
4924 2240
4878 132
2211 1022 1013
4062 3286
30 222
4630 2442
862 2446
3304 3966
1460 4910
3260 594
3162 948
1224 4838
1036 4006
1464 4048
4905 181
1876 4840
510 4338
88 3002
3492 1618
4182 582
214 1764
4648 1350
4811 22 45
3776 176
3400 146
4596 2108
4746 2254
4091 4488 1013
1930 2990
864 3024
3342 720
4736 784
4860 636
646 4348
2250 2898
2096 1072
3482 4804
410 2522
3818 1166
2872 4814
824 4832
3758 328
4864 1430
780 6
206 4270
4678 2860
4786 1074
4781 2072 45
250 3814
352 3804
4654 1048
274 2120
528 1692
2490 290
3496 2534
3742 3250
388 940
2445 2874 1013
3048 166
202 4724
312 3440
3608 1480
1806 4564
4110 4814
1768 4162
832 1514
2938 3626
1630 3160
4538 1158
3722 4564
4748 926
2140 4238
2790 4770
3422 430
4547 1534 1013
14 3496
14 116
4870 2794
3946 1348
4102 312
2262 4194
414 2534
3128 610
3021 122 1013
2267 4881
1382 752
3050 1080
2914 626
594 2640
4224 1306
1898 4332
1002 2724
4909 3397
4258 294
138 1812
28 4911 45
3496 622
4828 232
26 3246
4682 374
4026 2438
2512 60
1090 4580
2992 4652
4918 1662
572 4452
1820 4650
2728 4384
2022 3186
2204 794
3198 4810
3686 780
4116 30
4526 2794
4440 2030
4434 398
4286 102
4766 4282
2388 516
1522 4828
198 488
2904 314
2766 4508
4630 1646
1026 1914
366 4642
2018 4720
810 3806
1782 4648
2678 1188
180 3666
4314 162
1154 4360
2198 3580
1628 2506
294 2118
3028 8
2302 770
2074 464
2304 28
2538 4358
3742 4830
4786 2066
4090 804
4078 3008
4664 630
276 1118
1032 4384
2144 30
30 3444
2018 3862
4728 914
4878 108
2918 2038
3206 1034
4726 2018
3618 530
3732 158
604 4710
96 1236
1196 4928
3952 158
1600 3410
4680 2678
2669 4881
1514 3390
4874 810
1930 1138
4912 306
1094 3014
4312 1380
1200 4008
2684 3776
2200 380
4896 4270
2260 4702
2092 4122
3972 2334
2706 166
974 4154
474 4206
4734 3526
3928 1840
3800 2026
38 4847 45
46 850
2618 94
2018 1286
4644 60
238 3284
2952 900
4458 3752
1446 530
1102 2272
3908 4738
68 3270
2390 3650
4834 2106
4751 680 45
3730 292
654 3392
3526 14
1660 472
3978 166
3190 754
3396 2116
4882 626
2642 3634
1751 4743
4654 3182
3016 4762
2324 324
2700 4754
228 2158
4050 4358
1154 4848
1390 2828
116 4562
2670 216
4706 2970
4168 1896
3796 302
2296 3480
2290 3928
1446 4890
3972 406
466 2354
812 3582
360 3868
4930 3068
3804 4612
1996 3942
1242 3524
4704 1018
2310 1906
868 1868
4856 3868
3154 1424
864 3172
4804 2184
4558 248
566 420
4902 3390
1800 3362
424 2350
3424 2284
4190 1450
4224 954
686 4096
240 1350
472 4574
3732 106
3802 4576
4738 2150
4720 26
2216 2181 1013
4790 248
4152 1944
3848 356
876 4784
890 36
1138 4378
4394 4356
3076 4618
2086 2920
3750 2258
2474 2866
3944 772
4924 2594
1348 3970
4728 860
2406 1150
430 4780
3600 1168
390 4584
2206 661 1013
1648 3390
1304 3666
3314 286
4494 2352
638 4358
1234 4662
4716 2920
1320 2158
4130 164
116 2308
3698 186
480 202
1042 3094
3822 1742
1088 2660
380 2830
4745 4679
3700 4354
4816 4084
1196 3348
3726 4440
4828 2730
552 3270
3366 252
2350 4926
4914 3526
1542 3974
2794 504
2084 4234
3506 666
816 4932
642 4920
4718 300
2848 110
2866 3586
1084 2914
3030 4760
4284 220
4794 2240
3832 4892
4806 2324
2204 2822
3836 1004
46 4300
2510 4644
3214 4724
4218 124
1344 3450
1292 3992
4220 2374
378 3044
628 3692
3962 1592
1190 3976
576 4094
2836 4836
3684 4558
3354 2034
3586 194
1012 4562
3086 1526
2944 4706
128 4544
1270 104
152 4864
4716 546
30 3916
1978 36
4612 3530
3256 6
60 4270
4915 3307
294 4312
3762 3070
4356 2466
864 4274
1046 4150
4501 4909
1078 2528
1126 4744
356 4672
4186 4
16 4845 45
4304 2342
4308 2322
3244 4660
4916 2688
4438 874
2410 1090
1178 4558
1062 3614
1910 3722
772 1492
4838 3544
3650 2494
1104 1301 1013
4136 668
3390 718
2492 4376
4870 2062
3332 4858
1942 4664
1240 3870
1404 4544
3098 1832
1770 2518
654 3558
2786 1450
1836 1558
508 4846
2074 182
2426 4722
3194 4902
2418 4652
426 4048
3056 1244
1894 3572
4586 532
3338 1222
4428 16
4076 4582
4580 2260
3231 4811
4574 248
316 3982
1598 4570
192 3852
332 3902
4330 688
630 2370
3570 4616
1768 2782
3495 4775
1872 3468
2506 4670
1158 2830
1214 1642
4898 1986
530 4754
1754 4628
3422 264
3794 4838
4154 1256
4822 1756
2268 588
116 4652
2112 3996
3044 526
1676 4848
682 4666
512 2078
4542 1418
52 4660
184 1982
1650 4846
1088 4838
2478 4036
1304 3850
466 3672
3396 906
4806 346
2600 4556
4670 214
3134 92
4532 1736
3026 3588
2566 3190
164 2976
2228 3712
3158 4702
1518 4638
4696 566
1032 4270
1652 660
1220 2706
118 2848
306 3074
3810 1450
4528 1234
3960 550
356 3234
4760 3440
4850 2164
1654 4102
4322 10
1726 50
1182 4814
1206 4930
4072 476
3386 4876
1210 160
440 1822
4078 432
582 4212
1896 4406
1834 3644
4690 2486
4584 330
4730 3884
3858 4800
3560 1120
3018 367 1013
476 3254
2812 4558
2966 26
2926 90
3742 3348
622 3550
4468 4882
4452 444
4262 718
388 4632
556 4882
3564 1854
1448 3274
504 4090
3512 784
802 3966
3736 3404
2014 3510
2762 254
3926 516
3330 1868
12 3516
3378 20
2236 1094
126 1234
3398 2142
3034 3414
3278 572
156 2758
4716 2586
4554 1304
1166 4698
3020 4902
4212 1612
910 4138
1858 3312
2350 140
4818 744
3250 1000
548 2710
1358 4440
4294 352
2304 3262
2616 4664
810 350
3264 2182
4766 2292
2088 2464
4848 76
988 84
3582 1554
1284 4590
1212 4662
414 4730
2358 782
380 2636
2652 3466
2084 2570
3850 1528
40 3010
796 4722
4694 3786
2356 1006
50 1856
1214 4842
4866 1676
284 4662
4336 642
3506 476
4638 1432
1958 3618
1766 4780
642 214
4918 2372
3694 804
1124 1840
4096 1720
1434 3480
3562 4850
186 2806
3344 4656
1960 2694
2016 4524
4814 3340
4390 3458
826 4476
92 3240
4082 2460
28 4496
4803 10 45
1114 3254
3056 1906
4310 1266
4678 1230
2 816
3278 2626
2146 72
768 4864
720 3436
4478 1618
900 3156
70 4456
36 2024
4362 682
4838 468
1498 4868
1154 4671 1013
3270 1524
4622 1192
846 4914
4602 1392
4114 2548
574 2922
406 4592
4816 3132
1324 3458
3778 128
194 4900
4174 812
4720 1788
604 4198
94 3906
2 3884
1398 3758
1036 3498
2672 230
3770 2
1378 4896
94 2760
3134 28
716 1184
284 3436
204 3026
168 1498
510 3856
2928 1602
568 4628
1128 2388
450 2370
1850 324
48 3104
4320 1612
4916 594
4526 1504
4382 850
4804 332
2360 250
3554 214
634 2020
794 1310
1372 12
1828 3986
4784 140
4764 2744
1972 4781 45
4752 42
844 70
4888 440
4506 2828
66 2558
4892 2240
4182 448
126 2546
1070 3308
3850 1386
3290 1712
646 1812
4849 6 45
1054 2082
4870 3538
2334 1048
2120 4912
3530 698
2212 3948
610 3866
730 4852
4638 3334
246 4562
4408 2140
418 1898
908 4456
2498 300
3728 54
1716 2494
4872 1220
4545 40 1013
516 4708
3212 2224
196 3128
4010 902
2099 204 1013
3354 978
148 562
1098 4406
2058 4746
418 3264
2784 1046
4700 3088
4142 332
1988 3362
2442 146
4724 2278
72 3558
4733 4364 45
3750 518
1212 3008
3912 24
490 4758
170 3614
2850 1472
4524 1194
3186 830
1234 4781 45
4674 4000
2662 1940
1222 3992
1604 194
4763 30 45
626 4874
198 3474
608 4630
4800 2760
4912 2388
3336 4776
4834 1064
1848 4890
2872 4847 45
3774 2278
42 3008
1678 444
2226 3360
4008 412
3114 106
4732 1902
4432 202
2506 4328
3402 4859 45
4078 932
418 3404
2340 2610
1282 4712
2868 1176
426 1930
2548 1020
2250 4832
1886 3594
2812 204
958 4730
4384 438
3872 108
4382 4876
1622 2824
1010 4854
1194 4420
2650 4156
586 3566
3326 3510
2544 218
4770 588
4132 730
860 2892
630 4861 45
1040 3252
4776 508
100 4534
4814 4222
2196 160
4690 4062
4294 644
234 3400
4338 4648
2930 26
116 3740
340 3406
4836 4578
3462 2060
3760 1086
3348 542
4668 1152
124 4822
106 3986
4298 898
196 3828
4910 12
932 1573 1013
4864 746
1450 100
2334 4380
3330 4894
1774 4406
1618 4738
440 4490
4830 956
2716 1424
2432 1186
10 4833 45
2396 3780
256 4458
1734 4004
4046 118
4650 1606
641 4755
4880 94
3796 444
3568 168
2574 3160
2812 1018
424 2310
1065 4775
358 4740
1882 4638
1994 3680
4376 82
3774 3110
736 4880
3800 2814
2188 3204
3796 2704
4887 1901
4254 2282
1270 3672
3826 396
4778 708
4722 2686
2900 4848
3768 114
3964 2862
1206 3166
162 1044
4324 664
532 128
4022 4468
2364 4442
2084 108
3528 872
4682 4660
4678 1374
1177 4138 1013
4162 2672
872 4114
1312 4530
2030 4830
466 4748
3586 1046
3700 1740
3302 1448
946 3632
1142 2572
1198 3030
706 3826
1614 3812
548 4738
3600 2106
252 2824
4904 1792
1168 4272
712 2846
1710 1128
1026 2950
4887 4579
4500 1598
386 3770
148 3630
80 4106
4228 2382
3870 1776
312 3284
4564 1510
4568 2634
484 3284
1502 4536
2810 4560
4522 290
1380 3342
4746 1052
1726 906
1516 2590
4358 1694
57 4853
1178 3992
810 3124
2202 4820
2322 4616
190 3842
4638 392
286 2642
1250 4710
4904 1998
2356 4498
4234 906
582 4898
4916 620
1374 296
658 4466
4348 3006
4184 266
598 4296
4652 272
3716 212
728 3172
3796 362
4 2542
3338 538
1998 4140
118 3982
1360 14
3828 2450
1902 2948
4440 1524
346 94
1656 276
88 962
4196 1860
154 3244
3348 1942
1216 4916
1080 3700
4780 1242
4834 1380
1258 2560
1358 3290
784 4790
4924 3460
3852 2214
3195 442 1013
3094 56
374 4880
4780 2998
2304 3358
992 2136
4670 3818
4718 3062
4108 984
2550 670
4740 980
1150 4902
2570 4866
4650 4860
574 3584
2088 2050
4270 1650
3340 4618
2650 386
1894 3516
216 2486
1664 140
2582 4126
900 3572
430 3184
3040 1398
4 4837 45
4758 886
1384 4894
478 3060
1938 4388
2616 824
4846 322
332 4484
4136 1956
308 3850
569 4859
1104 2278
3636 4684
108 3300
3174 1062
3604 1152
76 3468
4232 1644
984 176
2766 2184
1664 114
4918 692
4000 808
94 754
1106 4798
4088 70
2596 4796
4862 3716
2192 4670
232 3254
3988 4608
70 3924
848 2164
718 154
4712 4682
3756 4752
3198 520
3596 2202
762 1994
2160 152
3408 2462
1078 4664
1872 2214
12 4132
3284 4434
3664 3514
1512 4616
2274 4170
2214 58
914 4290
4702 1878
4342 1696
2600 1314
56 4258
262 1578
3094 3724
1520 4328
4198 1146
4072 394
2546 342
1116 4806
1902 2692
172 814
1688 4532
4610 1086
4928 1238
3954 1614
2134 580
4894 1644
4648 1100
3224 4928
4620 1200
3144 3872
3910 626
4322 1946
2758 4538
828 404
3068 964
2572 492
486 282
2057 4781
4478 274
4584 220
730 3560
4838 3124
2692 4712
1072 4350
4662 760
4232 2152
592 4710
4378 1778
1394 2088
370 3368
2516 1300
4800 2204
2286 3610
3160 4814
2282 1460
3398 4890
2372 3320
4666 3242
4680 1524
2844 1424
1444 2538
3156 2372
770 3402
2974 764
348 4922
362 3444
2712 4906
3702 84
892 4896
4388 1264
74 3128
1920 207 1013
4364 1482
4560 1056
588 3174
1210 4192
4766 3040
2372 4906
1018 3298
6 4228
4083 4849
2084 286
1258 3558
4286 76
2778 4814
3488 2024
2386 2410
2438 4900
4078 96
4924 20
798 1968
1288 422
418 3684
4774 1908
1512 4828
688 4930
4870 3340
992 144
4592 1374
4842 910
4088 3524
3338 2556
4802 4242
6 830
1426 4802
3476 364
4792 3516
76 3162
678 4354
1262 3436
4102 4570
1088 2090
2226 28
126 4038
1530 4304
4858 240
1228 728
404 4268
34 3656
1568 4774
3816 1506
1270 4754
4927 4235
4748 18
1386 4910
4843 2175
4924 2754
4869 20 45
916 2026
2844 3302
3048 1288
1548 4472
414 2844
4704 3126
578 3822
1724 296
874 3684
1986 3534
4180 84
518 2430
4620 832
932 3964
4858 430
148 2080
54 4834
4142 4812
316 1478
176 1314
1056 1482
4220 1878
1608 3382
1086 4548
2390 3484
466 3204
3270 2072
4784 3602
4882 2882
90 4918
1100 2320
4658 4250
4434 1918
172 824
984 2782
4014 1558
4930 3046
4865 30 45
4926 1216
1652 4632
4910 1874
410 3726
44 4130
3750 24
4532 934
2412 62
524 372
4396 502
4406 406
58 4212
26 936
1444 400
1402 3462
258 3318
2980 1176
2534 250
108 2518
4826 314
2772 1886
3282 720
4648 3242
4834 2988
524 4924
1332 2716
3714 1458
102 3686
3932 1424
3026 1020
436 4404
328 4054
3706 686
664 4294
2032 886
3258 3854
3654 96
4744 4396
4788 1582
554 4810
3690 1132
4050 1684
378 4368
767 4881
4554 316
3014 4644
4626 1066
2986 1714
1454 2840
3196 220
3628 1068
4522 618
206 2374
2256 948
484 3656
4734 1674
66 2098
4650 770
4889 1425
2461 688 1013
4920 3936
518 3772
764 4816
4888 326
184 3712
2516 4014
632 4850
652 4022
3770 1762
372 4898
384 4808
262 1188
1222 4082
296 3102
4794 92
210 2424
4754 874
358 4636
3540 468
2824 1702
3124 750
4034 1004
712 1608
1374 3516
4060 4864
2998 1656
2700 1254
1090 2294
3798 1576
4772 2884
4858 864
3648 124
3712 4814
4718 1000
146 1848
1828 4696
4740 622
256 4440
2534 806
1030 4552
262 3476
4090 1242
4840 2266
4606 1214
1312 1246
652 3376
2896 1276
910 4782
456 1364
4222 1868
1436 2782
1428 2818
4152 1692
2116 3690
4450 562
126 4732
928 4658
4842 2498
4318 3432
766 1458
3908 574
82 4258
82 3838
4640 458
388 3712
868 4646
2422 228
4232 198
2766 1162
924 4496
4882 406
1936 1670
4394 470
1324 4734
3078 1150
738 3808
1554 1058
3344 1534
2186 476
2636 400
4838 4398
60 2162
3006 868
4880 4188
4294 36
720 3644
2442 18
382 1170
1418 2368
764 3014
3736 206
4843 10 45
4610 3640
3508 984
3276 622
530 4610
706 2546
3690 1494
3292 608
626 2590
3674 72
4581 4739
4078 694
4214 3904
2396 3758
668 3770
2464 318
382 4266
4174 1018
3798 18
4906 512
4694 644
136 4682
3328 1656
2286 1160
2930 1120
180 4550
3250 1080
3692 3798
4380 1486
1648 1588
1818 4544
4708 3046
3578 382
4336 2266
3596 900
1560 694
800 4270
1520 2970
3600 3286
68 1068
790 2406
4076 22
4222 150
4 712
4926 1526
1222 3056
4262 1758
424 4328
66 3206
3040 4408
2678 4382
2366 4824
28 4869 45
3636 2406
3050 202
1220 3010
4448 866
4182 186
4584 2542
4298 602
4262 1564
1136 4528
3000 1592
514 2618
3488 148
308 3392
454 2382
170 3826
3042 2260
796 4476
820 3514
254 2540
3346 4558
18 1024
4686 3190
3538 2154
1468 3098
2845 4851
408 4288
2372 940
2178 510
3920 176
2038 3310
4868 1828
402 2094
440 3594
2416 1980
40 2206
4488 3616
4698 1846
460 3630
4880 1210
2928 760
4480 3285 1013
3458 4732
4728 1614
6 4436
4826 4586
1098 3056
3804 1534
2984 30
2000 4002
4778 896
78 2652
4752 1638
4136 198
1366 136
2664 3672
4784 2830
4608 1852
284 4212
2760 714
76 4690
3742 4690
176 712
4840 2530
226 3112
2880 4698
1366 4780
4322 1020
1322 1018
4150 16
272 2030
2354 4908
2588 3568
4236 2404
4540 4832
180 4746
4720 1792
4760 32
4568 78
4694 1330
4550 1722
3652 1568
4532 926
1774 4852
252 3562
2894 904
3220 106
3390 38
3002 730
158 1208
2362 4692
4606 2336
566 2300
2374 164
1180 2886
3850 3510
302 3964
4768 46
2508 4858
850 1850
382 2770
2566 2056
2132 3690
4822 3208
1184 4704
4919 4122 45
860 3022
3726 866
2072 731 1013
2750 3780
1590 2924
1364 4920
2226 3546
616 4414
2626 654
470 4876
1858 4
4478 3382
710 2488
520 1554
1510 3044
3314 1330
28 3248
448 3078
4668 492
1354 4886
2496 1652
1980 4856
2839 4889
4836 3950
4074 1430
4340 2646
3478 4188
4862 1290
4922 3828
3974 2028
2051 4839
586 366
194 4470
2738 18
414 3250
4614 3438
2 1972
4718 1120
176 3370
3236 1058
2588 128
1220 114
1968 32
64 760
1558 4614
4332 150
4788 1098
368 3848
4464 260
942 2066
4420 820
3656 222
2284 4488
952 4894
4800 3716
2424 1924
1194 4076
4916 3076
1820 3466
3594 1116
1214 4074
4843 2291
4762 1072
2114 4839 45
2656 3696
4066 182
576 4900
4300 44
558 4372
2192 1244
1130 3376
666 2066
390 1554
4520 1382
536 3250
3970 1970
4392 2410
178 3310
3508 860
1320 1427 1013
3508 850
4917 1665
516 3394
3484 2684
4604 720
3280 4036
3498 4854
2746 1206
158 2318
1190 3168
3400 1542
4372 174
4674 2170
986 4920
310 4654
352 2118
296 4676
842 4328
1156 132
78 2786
840 2388
4320 4582
4470 2566
80 2050
4822 1978
2484 420
1208 2862
780 4886
3404 668
3558 40
2300 4755 45
3600 502
4882 1470
2844 4588
2482 4700
1324 4012
2142 3340
12 4805 45
4368 1624
4612 4790
278 3556
2700 4662
122 4736
3288 4808
92 452
3210 3846
2918 46
3934 150
2272 1212
4730 3456
30 4658
4818 300
4743 4502 45
3516 4786
1918 3920
4376 238
108 4894
4744 3096
132 2288
3282 38
4763 12 45
6 4831 45
3108 1958
1383 4318 1013
4364 3092
4220 384
1520 3232
1564 2690
92 1164
3772 4870
4800 568
984 3860
862 4272
2016 912
3514 3936
4260 1036
12 148
4738 76
4582 3426
4098 2222
850 3946
1910 302
1733 3628 1013
2122 3626
42 3498
2684 4798
4732 1452
184 4554
808 2818
2016 4002
3926 1960
628 4378
3954 4564
3432 1542
4224 1624
3026 3778
2056 884
1142 2480
4860 2830
780 3182
66 4766
1548 3974
838 4734
1318 266
936 4550
454 2714
3706 1214
236 4402
36 420
36 4094
3080 1076
4238 1234
2222 16
4410 733 1013
4676 1734
2112 4088
3248 1978
1380 3380
4726 1206
3810 1750
3536 2182
2846 2804
2910 4886
4210 4744
2631 4789
4318 1920
758 2956
776 142
2978 662
4808 1464
4854 1220
204 4438
3192 678
4640 4756
1782 438
4793 8 45
1536 4005 1013
3350 2188
112 2876
4634 618
1454 4562
2628 2
4268 4806
3804 616
4438 1548
564 4546
2070 392
4652 2728
3784 4736
3954 1880
652 3464
3198 1894
142 2094
2130 4288
4597 4837
2976 3378
4760 354
872 4768
4698 316
140 3466
329 4815
3926 898
1494 4224
2830 314
3078 1177 1013
14 4831 45
66 972
2318 4710
2572 1094
4384 942
3124 990
450 3252
3660 1746
4106 392
2464 764
1784 1180
4360 762
2068 386
4426 3326
1432 494
2432 48
4704 20
660 1794
620 2894
818 3440
3160 1733 1013
4722 2990
4350 2
4234 2702
618 2744
3204 2772
2668 760
3308 2058
4870 188
98 4924
4900 1364
3540 18
3134 380
4198 2130
850 3126
2344 196
3448 230
4918 500
150 3620
2878 158
1166 122
2082 4256
3992 1516
4668 1348
4466 742
4022 98
266 1218
1648 4478
2172 4784
4440 1398
3192 1316
342 3990
3218 1418
258 796
846 4808
3350 1018
3086 3126
3148 2458
218 3162
1112 3942
140 3300
4358 2096
926 2588
3092 1258
1492 202
4168 2364
2456 1086
4010 1470
702 4748
4740 1664
4624 1444
4364 2572
124 622
3956 1202
4792 804
4146 1234
2718 4428
744 304
3746 2988
4230 84
2612 1436
942 4306
702 2376
4864 2810
3844 1406
4272 1446
3218 2312
998 2148
1094 4736
3112 1950
4872 304
4654 122
3952 1014
1612 372
1312 3596
2274 28
4738 2058
1892 178
4676 488
3906 76
304 4386
2954 114
3000 3974
2728 502
3106 1550
4436 614
4190 4398
200 3730
3626 1134
3804 2854
258 3136
3574 1034
1658 4810
4652 1432
4786 2678
3934 904
822 4894
2244 393 1013
902 3764
4866 1824
4890 254
1364 74
4 2158
2594 3240
3474 1722
782 3480
2180 334
4180 4840
654 4836
4800 3184
4808 2944
3486 1078
4688 2182
4660 2906
3458 1748
2540 4274
1336 4928
1450 3932
858 2714
2586 1826
1588 4902
1906 3534
1054 4698
4494 234
4164 386
4876 1184
2526 1780
3622 6
1222 4734
3556 898
3522 1032
4824 1094
1824 2848
4852 1756
1386 4122
3612 1592
2240 326
2024 3840
4682 4731 45
4870 3666
1080 4318
135 4909
2964 1540
196 3244
3874 34
4262 680
6 1926
3386 962
1886 4610
1166 3042
1806 4116
4528 1120
806 4398
4867 2009
3976 3734
904 2342
3862 1368
4924 2134
3682 96
4890 548
3898 1044
2286 3584
4074 1556
2784 1124
3862 708
4804 4630
4492 1384
928 18
2984 4520
711 4811
4876 1682
1418 3264
46 3132
3706 2614
88 4600
3930 1662
4744 1286
4882 2416
4772 2822
4894 2580
4722 1954
2768 4897 45
80 1264
4094 3050
2730 60
4746 1282
2572 4852
3558 704
258 4788
1880 3486
3426 3720
4926 3162
2796 2096
3782 810
1750 4878
4778 2464
3516 4386
3782 786
1550 4628
4506 2926
4030 2286
2036 4906
4908 908
4568 2914
1284 1552
1628 4452
3410 238
2526 2536
4600 2068
4612 104
4572 216
4877 4430 45
588 3494
208 966
194 4914
3506 4842
4790 288
728 4438
3670 2328
2798 4812
4600 1488
2576 4790
3950 354
1130 3886
4014 4866
4884 4806
186 1756
2142 4810
818 4518
1190 4756
3374 366
2714 22
1186 4138
3622 1594
238 3766
1652 518
4862 3584
4908 1926
4908 1272
1756 4124
3194 44
3192 48
1948 4738
4928 944
264 4594
4865 3331
3248 440
3216 28
4512 402
1968 170
3842 3500
3080 1518
4864 836
4760 4410
3080 2200
4280 4654
318 3886
314 3492
2660 170
286 2860
944 4910
4893 1747
500 368
934 4284
4672 2210
4706 681 1013
3026 4814
4754 1780
4492 616
1996 3850
2712 1844
2770 3682
4280 2066
2302 1140
444 4714
4898 144
4864 1284
3394 1066
3510 208
4702 1234
4408 2232
1220 3468
232 2626
316 3226
3146 4712
1016 4398
258 3312
2588 764
2038 4098
2694 4266
4222 2880
2466 3478
2848 1262
3536 1220
782 1622
1864 4096
4896 314
2148 22
3812 1892
3838 748
3864 518
98 3692
3698 928
652 2932
1894 2200
3930 294
1051 3980 1013
4704 668
4746 2814
92 2850
76 3914
4492 1744
4738 1594
3986 2140
668 4574
2514 2494
96 4012
2586 1582
912 510
10 4520
3052 458
4762 778
3928 288
4686 964
1822 374
146 3100
4833 643
3106 4900
2284 4874
2618 100
824 2960
4584 2926
2716 4844
4726 528
1036 1968
3640 1376
1646 3228
1502 4826
3410 430
314 4256
3838 1586
4062 904
2998 144
4236 1282
4042 1000
3022 96
1245 4799
2546 3954
2950 4472
3390 1652
4740 2642
3772 276
1534 3548
2826 418
334 4354
342 3420
2488 4416
2250 2994
2860 680
548 3406
1774 400
4606 178
1130 4844
4354 2802
2481 4887
4756 88
556 3700
2585 4797
114 1472
4618 2690
778 3168
988 4034
48 4338
2938 2186
4588 1116
2012 184
1168 240
4504 2184
318 4762
350 3846
3814 3110
906 3996
2866 4860
144 4194
4745 24 45
2358 118
4256 204
4438 1782
1724 4042
3650 2690
2540 12
3412 4784
4434 1218
800 3190
532 924
3688 528
1292 4925 45
4790 1766
2122 116
104 4218
1306 4346
304 1758
154 3362
564 3236
12 1972
240 1595 1013
4884 1228
396 2730
988 2670
1984 4774
2066 612
390 1496
490 3842
4828 2858
4736 2844
1553 110 1013
2440 4876
4686 2148
840 3688
1278 3762
1138 3858
820 4864
4838 816
2402 4284
4396 2812
2588 4922
2288 4026
3386 66
4518 738
4648 1836
3270 4780
334 4808
4656 962
3728 2588
736 3070
3890 172
3534 1172
3896 4830
4630 2440
2330 648
2587 4813
2074 4736
1668 4870
272 2150
1956 3898
3134 1814
3052 1716
2312 3834
1578 628
2778 554
2354 2858
2538 338
3816 1876
396 4726
4818 990
4698 1340
4759 1408 45
1890 3554
4272 3158
3590 2954
4814 2694
1474 2340
1096 4662
1750 2930
2546 480
2149 4759
3181 4646 1013
84 3620
2032 4450
4146 18
2852 4269 1013
296 3740
3438 132
388 3344
4676 3390
3462 60
2238 2920
612 3564
2878 252
1156 22
1974 3514
2662 2770
86 3848
4929 3784 45
2232 142
1692 660
4476 1642
4742 118
4374 4698
2814 678
2632 4834
4220 966
246 4756
782 4710
1508 1612
358 4382
346 2736
2064 278
4590 240
358 1194
344 1994
4930 848
4524 2024
608 4884
2464 600
3390 3854
4766 1128
1832 108
3412 1716
4208 1298
400 2852
4864 2058
906 4254
1560 3072
3428 4234
3426 1808
4916 1462
4744 2116
1762 1022
2666 228
2804 4680
3540 708
838 1954
4760 2518
2360 642
14 4821 45
78 1642
218 3604
306 4834
2016 4890
1808 1042
3642 4720
2842 4466
3244 4728
2848 1600
4804 1488
2604 4722
2014 4700
4822 4220
1086 1710
164 4030
84 3624
16 3990
3566 24
10 1586
490 3062
3784 4844
3990 380
3922 794
370 3354
962 4472
3134 962
3688 2150
4844 2920
4892 606
4602 604
666 3884
4186 1524
924 3238
2876 3642
1556 4216
3292 338
194 160
2168 4026
3282 826
2436 4288
2888 4210
2308 4930
8 4877 45
972 3902
4324 3388
1436 3650
62 2286
1270 1938
482 3490
4416 4720
1988 2450
3492 704
1156 3836
1984 4870
3268 36
4488 4684
2742 4486
4394 1856
4868 2050
404 2862
784 3746
1118 3180
3950 1742
66 3680
4732 2064
1452 352
1932 4660
1636 1008
4616 1286
1228 4038
4712 616
4853 3227
4506 1352
3034 734
3980 1092
4890 1262
4754 166
1734 2203 1013
288 1636
544 266
1328 1316
3832 18
4214 2318
3120 4569 1013
4760 2586
4526 4758
616 3422
3164 182
596 4408
654 2222
4110 600
3686 1466
1800 1652
2126 366
4368 90
1392 3392
4638 2440
4876 476
488 4692
3614 1141 1013
4378 3586
1968 238
2706 4544
4370 2718
252 4578
4490 568
2944 4710
278 1638
3202 1166
788 3530
1042 2710
586 922
4192 1512
1204 2142
3910 572
314 634
32 1972
4650 4772
970 4680
4234 1256
1088 4712
3516 2596
112 3300
432 3310
476 4350
24 2844
3608 166
590 892
1432 3496
482 3078
3564 58
4580 3282
3322 1628
1106 2142
252 3974
3232 2110
2018 3506
4048 1012
710 4790
3976 74
4908 230
4552 82
2160 1880
2886 2414
114 1528
4108 2620
1366 4308
4292 3220
538 4872
4534 264
3956 4826
3806 4762
