4932 9621 45 1013
3459 4923
3269 4779
3865 817
4909 943
4813 629
4109 1495
1506 4734
4879 3917
1911 111
4838 3 45
4923 965
249 4565
3239 2593
4825 1245
3627 91
3021 859
4845 1649
111 3313
3237 89
2409 4203
2387 445
459 3239
4755 983
4279 791
4507 901
583 3995
3757 555
3525 4913
4743 2523
4407 1615
1663 4093
1567 4871
2237 2711
23 4247
1833 117
3414 4822
2117 4775
4744 17 45
4867 939
2053 4405
2871 4877
4764 626
4509 3061
89 1411
551 2777
3309 177
897 3925
1967 1035
211 3975
4809 2541
1681 4875
3485 1077
3897 1299
2687 4833
71 4247
4931 905
27 2335
3509 2013
2143 29
205 4287
3695 4209
277 3555
99 4533
2411 801
1155 131
183 4799
2271 4827
4874 2726
1943 4819
27 2201
3976 4754
1279 129
3601 73
1023 4709
1079 3049
3907 4879
4327 423
2283 4873
4117 1169
925 4531
1005 757
4551 487
1819 3701
1427 2727
2743 425
91 4861
4831 4275
4009 1469
4895 2233
4757 489
899 4297
267 4159
171 3387
1439 2515
2025 4579
625 4815
2919 4411
477 4589
239 1167
4321 2457
4925 4057
3309 1551
4105 1123
201 4431
4917 1249
4760 1407 45
2089 377
1827 4867
1017 4833
3985 159
79 3475
719 4837
3159 4813
1197 3029
59 2511
4925 3161
2221 3567
3867 95
2545 341
3307 2173
4129 1101
309 1441
4929 1205
1901 1179
2675 123
1581 673
2541 4341
73 4833
17 4883
3741 3249
4921 953
211 4585
3593 4771
433 1251
3443 361
1061 3077
2915 2465
2989 467
2813 27
4911 1131
1107 2181
4025 603
69 4455
2989 1593
2387 1127
2269 4781
2531 4683
3181 1123
2221 15
4861 2075
4725 2199
4659 891
71 4423
3193 433
905 1725
1133 3893
2037 4907
2212 1021 1013
2079 4787
205 2373
1193 4075
2253 4745
2199 3079
753 4235
3847 121
4915 1527
733 3253
277 1637
403 827
555 4881
1971 1935
3969 1347
2349 423
4317 821
2731 4809
4769 3381
4515 571
4569 1291
4681 4239
1343 4753
1991 1573
659 1793
807 3311
4751 3925
127 461
481 3489
3303 4859
4807 3287
743 97
2599 1313
4013 1819
2045 1971
2869 287
709 3613
2125 4567
2981 15
3 1095
3815 2237
2743 4821
4375 2151
3815 1505
789 23
787 2589
4631 349
3835 3447
2731 459
2675 4643
1643 4893
4345 371
3395 2115
2887 1885
117 3609
685 329
2169 3511
719 3775
303 1689
2215 75
2251 493
3991 1525
4001 977
439 3593
169 3613
4763 2743
4877 4375
161 1371
803 361
3047 1303
4413 331
2923 1951
1311 3915
2565 623
35 4243
4850 4084
1673 4917
3711 4813
1779 293
4833 305
65 1973
327 3201
4599 2731
3156 4778
1683 3029
4801 2287
219 4863
821 4529
4875 4029
2249 4735
2485 4689
4685 2275
889 3
4231 197
1701 973
1401 3787
593 3279
1477 3245
4229 1063
4899 2277
2141 1203
1505 2455
4553 1891
1547 137
4895 995
1327 1765
2561 4015
4347 2111
251 4805
3713 457
3077 1178 1013
4928 1424
1031 3827
1871 3467
151 3365
3047 165
1067 3839
2625 231
1311 4529
2755 1025
4721 1953
2119 4009
17 4747
4033 1003
853 3359
4115 1279
4739 945
4219 2373
3221 851
4313 2317
191 4111
4761 3954 1013
3709 1355
3927 287
469 4169
779 4715
4689 1311
2627 1
951 4907
3208 4872
3095 693
4449 4850 45
1957 4115
819 3719
4869 589
655 4861
3135 257
4713 187
2061 4869
4677 277
4683 4799
4745 397
265 4327
39 3197
139 1245
457 3051
3663 495
2961 99
4735 2591
4051 183
1023 1843
3219 2946 1013
3665 441
449 3475
169 2593
4743 1435
743 2769
4865 2113
1773 3621
1911 2997
185 2658 45
1717 4355
105 3705
2139 4763
1159 2657
3319 2371
4736 2660
2207 4929
2427 4353
1893 4763
3923 69
181 3505
377 4129
4793 417
4854 58
1361 131
1023 4765
41 4789
4257 2145
169 4879
1750 4912
4801 2393
3077 437
2967 471
983 3657
3329 4015
3313 2009
1931 4659
1781 965
2987 3745
1493 4413
1621 4791
163 4373
2255 4683
768 4882
1237 4927
2953 1107
3539 17
17 3337
1129 4559
3767 1643
1639 3311
584 823 1013
4861 2447
3719 4825
4047 135
3341 59
47 4077
2172 1265 1013
2839 1949
721 4659
617 4555
4789 709
1063 3409
189 751
1603 193
4905 3611
2965 689
4697 1339
545 2917
2809 3739
4777 703
2183 1093
191 783
1485 4379
243 1661
3145 863
3021 589
123 3647
3703 1709
809 4873
401 4159
4881 447
1211 3637
75 3161
4267 389
4753 1269
4221 2315
4143 581
4837 3543
755 4725
1939 4899
287 4429
2587 4669
1069 3299
1517 3927
1189 4741
143 991
17 4808 45
1175 2979
3695 2655
149 2637
3377 1541
4923 137
539 4827
4637 1881
2175 4093
3397 2965
4821 4219
431 3963
4916 1308
4071 393
3769 385
501 3599
3593 4787
4415 3079
707 3861
1009 2367
4687 1047
4245 4851
3913 1021
1995 4929
4377 627
3125 2329
3755 671
3411 1715
3261 1187
4721 4711
315 4531
4459 2682 1013
4643 1493
2343 4763
159 3923
2259 4579
519 4751
993 4343
1675 4847
2409 3851
677 3191
4893 1375
1 3827
3597 4221
1465 3231
179 4849
615 4711
4393 469
3737 345
4861 1289
2741 4485
4743 3017
4145 17
4175 1177
359 3953
1003 4827
3699 1391
667 4135
2285 3609
1965 927
29 4449
263 2225
919 4351
4457 2189
4553 2981
2367 579
4039 2681
1483 4153
3555 897
515 3585
3161 217
2017 1285
2277 1175
1245 4313
4299 13
3231 1519
17 4815
921 3015
257 3545
495 3895
3845 4821
629 883
3111 163
2009 3959
1967 1775
1203 4589
3931 911
2301 769
771 3885
635 283
4429 1865
4159 27
4873 1575
2517 3321
2349 103
1195 4445
743 303
7 3759
2113 4840 45
4875 4417
1429 655
4303 2341
2899 639
897 4297
4763 1419
4563 1675
483 2843
575 4899
2451 579
1359 3259
4153 1255
1397 3757
369 4779
1797 4923
2633 4567
1507 589
1641 4475
4315 895
915 1601
4891 1247
2669 215
741 4337
1763 3691
4161 1189
2389 3483
2783 257
2969 633
3779 1195
3581 4807
189 609
2019 4297
635 3009
2775 4681
4805 4267
3905 4797
4881 3487
2025 4393
495 2789
4927 943
3911 1263
2947 345
1715 3051
581 183
29 181
1783 1179
2173 3649
3505 665
3685 1279
3865 759
2941 1101
4755 385
337 3839
797 4791
3773 3285
567 4203
3637 53
2212 4826
1211 3007
3339 4617
3323 4861
2813 323
4187 1323
499 3349
95 3935
4748 690
1743 4491
4745 2181
1011 4929
1585 3837
2033 4109
353 4821
315 3537
2539 11
943 2717
2591 1325
3243 153
739 1843
3163 47
3739 2581
4365 2659
4785 3515
2001 3803
4455 2341
1671 3415
103 4721
3291 2051
3737 1087
4808 3 45
821 4893
653 2681
265 2869
1275 4437
839 4821
4685 3979
1 3769
3993 2737
2683 3775
807 4629
2383 1733
3567 4413
3725 293
1497 4427
795 257
4181 2205
4319 4581
9 3831
2959 823
2191 4669
4171 2069
2477 4035
2309 423
1907 379
4927 2291
3411 4783
187 1251
115 2051
4607 1801
2659 169
3993 4827
35 631
4743 3095
3359 1583
3949 4835
4795 2381
4559 2597
3593 1885
4663 2025
1625 4333
1591 2999
2617 4649
2161 3703
805 4807
1758 4796
1201 4835
4101 4794 45
4007 177
2729 59
7 747
4255 1569
4883 4805
4222 4866
775 4857
29 3783
4451 4699
3681 2769
1047 4653
1079 3249
1377 4815
1655 3305
213 2991
4477 763
1991 3705
897 2495
989 4375
3545 2225
1845 4895
1377 179
3133 4477
4033 817
4763 2143
2571 389
469 4875
4841 733
4019 2365
733 3623
503 3525
719 4603
1157 2829
1177 4885
2065 4279
81 4467
579 1325
4647 1099
27 925
2005 3271
967 3571
2357 117
3181 4399
1365 4779
329 4625
2955 49
2377 3915
367 4679
4889 2673
63 2659
3373 4725
4613 3437
2129 4287
2351 3053
4767 1763
3881 3451
4503 1503
3763 2777
3839 1373
189 4545
159 193
619 3981
3039 4407
493 4791
4219 1877
4385 2303
3189 4781
4265 291
1133 4907
1035 4781
517 1651
857 3295
1917 4849
439 3247
4259 1035
4847 1153
3325 965
2213 3771
565 4459
1449 2473
3927 2289
4895 891
2359 4217
475 4299
965 4493
3951 653
923 4495
95 4011
2231 3633
33 4395
2553 897
4810 17 45
1139 4835
4017 2627
4557 21
1127 873
4457 3751
475 4071
4825 2431
4303 1239
1753 4563
4207 1297
4747 925
2569 4519
3585 193
4687 4015
1681 3891
2387 2947
3759 1179
4853 2211
4307 189
185 3743
3693 803
815 4837
3433 2009
4607 133
1991 365
2493 129
2791 823
3843 4387
4783 671
4837 2383
25 4719
4045 2071
4351 2203
3067 963
545 4713
629 3547
4837 37
4439 1357
663 2705
819 4545
753 93
4343 361
19 2943
2687 4869
2311 1433
4817 4403
4587 4897
1509 4843
2977 519
4889 3271
2601 1221
4897 3999
2037 1323
2931 4231
1439 3759
4333 1315
4911 1545
2469 127
2969 669
4367 89
2739 1619
1287 4731
4181 1503
2575 3933
4831 4691
4061 2383
4183 871
2801 4353
867 2259
4695 1827
4361 515
4029 1067
1299 4337
4901 2165
655 3897
248 3875 1013
4069 4797
2693 4869
1047 2333
4297 601
79 4893
1131 4067
443 2987
4413 901
4183 2101
1955 4305
769 4849
4329 67
1835 1557
2539 4273
4735 3909
2359 249
2019 633
4409 1863
1797 4911
4237 9
4261 2749
29 4537
4867 2049
1427 2817
4888 1902
2003 4041
1257 4045
3341 2425
3397 4391
427 2795
4767 1769
3241 581
2927 4863
4631 4049
449 2369
4131 1993
4287 407
2025 2987
97 2145
1093 2235
15 2953
3331 1801
4767 971
4735 1501
515 4727
4553 1635
1947 4467
3973 2027
2843 23
4525 167
3587 377
4263 1683
2289 359
4795 267
265 1217
1543 159
1901 2118 1013
35 4870 45
4863 3563
4487 323
1071 4349
205 4919
37 4385
1637 3031
123 621
155 2433
3533 1905
367 1119
61 4825
3679 2243
1217 4433
11 1307
4889 3397
1465 4335
2005 229
2259 3041
467 4771
2331 3841
4013 1557
1901 2691
2053 4901
721 4713
2733 3079
395 3143
3557 71
1169 4903
2863 3849
4843 2715
4241 1205
2183 657
615 4491
911 3787
4663 2155
4629 607
1775 3303
2595 3515
2737 817
771 3989
1375 123
1281 4503
4341 1695
3131 45
1149 4385
4343 4355
543 2429
1649 273
2969 579
2381 4619
2309 37
4261 15
4255 29
297 4623
4777 707
667 4857
4583 655
1887 4907
1443 4521
2595 4855
3093 55
2497 2599
4465 741
3851 2513
3841 1523
4808 1620
755 3403
107 4893
2351 4421
387 939
4629 747
4557 3683
1749 2929
405 3977
1187 261
703 2535
1819 4419
3511 315
4337 47
4841 1345
4835 1631
4789 923
959 2795
1221 3337
3787 1209
4913 4071
4855 893
3303 29
1361 4651
2851 2357
29 3035
261 3869
4905 3399
2537 1443
535 4099
3635 4683
2927 4849
4639 4755
1263 4535
2611 1435
1993 761
3543 1469
3 3999
165 4753
3343 4655
2473 555
3649 2493
1891 3811
1417 4557
563 4511
4131 729
4115 935
2237 4069
3955 450 1013
4351 2191
651 3463
1449 4189
4507 1375
4909 11
391 933
2151 4231
1385 4909
87 3509
4921 2217
3491 151
291 3729
2023 563
2115 4417
221 3843
4693 4505
265 2885
2081 3237
2509 4643
4901 2587
4899 2437
4827 477
2967 1419
4353 333
811 4539
2481 1161
4815 3131
3133 379
3453 2363
4731 1901
1709 4321
2065 4785
4765 2351
4603 3851
4433 4893
3869 4903
2401 1177
4677 3535
4929 1403
3535 2181
4911 305
831 3215
2317 3271
567 4799
1073 2531
3109 1035
3709 1307
2241 4476 1013
3269 67
3793 783
3907 647
973 4621
4019 735
475 1773
4097 2269
597 2077
2171 249
4583 2957
4597 957
4765 433
923 2671
2487 4769
715 4587
441 3279
2257 3973
2387 4911
153 353
1143 279
4647 333
4919 1081
4527 55
4383 421
2783 4709
4331 149
685 2935
1675 3345
3855 2587
591 4031
4930 4540
2249 3907
2547 111
1691 4151
127 4799
4405 4655
4029 113
2389 4467
3171 727
915 4091
1655 4677
863 4625
657 309
2183 2765
2215 3603
139 1003
2009 4571
757 4873
1049 309
1227 727
2067 385
2515 1299
1323 4011
4489 1637
5 3621
757 43
2447 3677
1271 4907
2715 1331
4751 501
4841 113
1449 99
3391 1391
4451 443
1035 4727
15 4846 45
1387 4633
4781 3221
4505 1771
3833 2311
433 2949
743 3863
1535 87
3855 663
839 3403
2967 3959
4543 2405
2267 4831
4869 3339
2843 1423
3493 89
2485 755
3663 2319
1219 2705
3703 1735
4811 1671
1729 3995
21 4812 45
3715 4861
4659 1823
4809 3113
423 3647
629 2369
4681 2669
1351 3933
3767 113
1631 4429
617 2743
4637 2439
4691 1181
761 2715
3627 136 1013
831 2427
3181 779
3777 2081
4567 655
773 1671
4711 3071
4791 2631
2333 859
4849 4709
485 3177
4901 2855
2749 3779
1539 1099
4887 3173
4787 897
4838 4598
4882 484
2257 3749
4757 4525
4753 873
4753 2959
3619 339
3873 721
3189 85
3 1689
4635 461
2033 4713
4733 1323
2665 4783
2639 31
2313 445
2759 93
3683 873
3849 1527
1071 157
4831 823
4745 1095
615 1703
4242 3269 1013
3539 1409
4850 5 45
183 2409
2881 4881
91 3055
1073 4555
3799 2025
3857 921
2150 4760
117 4545
1049 2385
2763 773
3771 1023
1555 3473
1809 4395
255 4331
2631 613
3557 77
567 4341
3313 4889
2235 1057
4609 529
2469 2819
1591 3961
4907 229
587 4769
25 4823
261 3475
2875 3641
1133 4631
493 2975
19 4575
4917 89
4382 4858
463 1995
427 4277
3539 401
4915 3525
4601 1441
35 3407
2337 845
163 4309
713 4751
1175 2867
1963 147
4875 3903
3143 63
4435 301
573 2721
4563 1805
4271 307
3981 2773
3619 83
1869 4225
2449 4183
2199 379
1981 69
4589 1283
4099 1729
3511 685
4756 1726
2549 4901
3969 1969
2411 687
1025 1739
1131 197
2281 1901
1973 3921
1039 4345
2089 3307
4926 4094
4203 1809
1067 67
3469 1899
3240 4832
4217 699
139 4783
1061 2819
4412 4860
1855 4581
261 3315
1741 4911
1905 3055
1769 319
2909 183
3749 2527
2853 3803
1007 1891
361 3795
4205 3203
2949 4765
2100 203 1013
1703 4471
4709 603
145 3099
3015 167
2985 1379
3653 4879
361 4307
2733 2333
4931 303
4773 3031
3145 4437
3385 4875
289 2489
2229 1377
1955 3897
21 775
977 3353
4401 3365
617 3387
4801 1011
735 1907
4229 83
4103 1357
811 4920 45
701 1849
4607 79
363 3475
321 4845
3611 61
2067 4789
1765 3839
1525 103
1541 3973
985 4919
3371 1363
1933 4607
4779 795
4077 4661
2979 33
131 4877
951 3675
1589 4519
1401 4071
2827 125
1533 3803
3701 1307
1005 2891
3801 2317
1237 4917
83 3701
1363 3141
2937 2185
457 4639
3843 1367
2031 3101
253 2761
4219 965
1567 4801
4921 4363
4901 3389
1969 3871
1183 4875
2989 4721
197 4243
585 4155
3605 1103
1049 2837
3567 167
753 3411
4641 47
4525 907
3835 3167
4769 2789
4121 2091
4597 1873
629 4431
4387 815
4527 2663
4899 1589
4267 403
9 4523
3579 2197
1701 3149
2663 33
4625 2553
2757 1613
475 2185
4261 679
1465 3685
623 3621
107 4719
3429 2431
729 3001
1839 3927
4679 4913
1377 67
2063 3307
1451 4781
4669 1025
2699 4753
1017 4173
4921 461
1107 4295
4101 311
3781 3287
4727 1161
3917 595
2229 4409
3741 4747
275 3771
963 4771
3243 4749
4743 1125
3165 767
2627 2621
385 2649
4497 61
4213 163
211 2893
2469 657
683 4401
2319 3135
1159 2285
1627 3321
3902 4734
35 4521
1993 2715
4525 193
399 2711
4183 731
4297 2665
4187 4879
4507 2617
333 4807
4685 3453
2057 2837
1051 167
1921 3295
4623 709
4175 4777
1137 3857
1193 2207
3771 497
3689 2115
4617 3075
3941 3133
173 4371
4667 3693
4603 829
2603 3695
1389 391
3409 237
4791 341
573 4817
4663 629
1161 2765
2703 497
191 363
1967 335
19 4493
2863 5
1915 1399
4459 1305
4691 65
4752 679 45
1839 1123
4827 2729
579 3985
345 4805
4647 1009
2430 4828
4021 2407
4875 115
4839 39
2191 3949
13 3623
2781 4623
1901 2947
1771 979
4392 4818
1833 3643
3251 2013
1531 3073
3379 4477
671 4539
4897 819
3505 485
3361 1987
4661 1095
2895 1275
3642 4866
1523 3269
3771 517
2597 107
3955 101
1995 4133
741 1517
63 3911
4031 609
4583 1525
773 4095
63 2033
4589 1191
4739 1507
227 4743
1923 4543
570 4860
4631 2391
437 2471
433 4149
2529 4839
3673 71
3425 1807
47 3103
4841 1977
4619 1199
1083 2609
17 2165
573 3039
371 4667
2303 3261
4403 1295
4391 2459
2239 325
2035 4635
509 911
4809 553
2633 61
2251 679
2301 1139
1317 4777
1179 3107
701 4085
2783 4839
1077 3153
3157 3733
4295 597
2221 4097
1805 183
4063 555
3601 2215
505 4079
2303 4737
2101 4259
3429 2499
4291 2767
1243 1
2453 4357
307 4415
151 1783
3349 1521
1373 295
2691 4711
25 2491
909 1749
955 3619
2383 3381
4869 187
4581 239
1521 485
4843 411
77 4567
3725 1109
4871 335
4323 891
4789 4611
1525 3085
4279 4653
3523 4087
663 4293
1405 2905
1977 125
4731 1579
3647 1195
295 847
4081 1595
4317 1384 1013
4083 4815
4097 2037
3511 897
3409 429
467 3539
3247 1091
4667 363
747 2273
691 4889
3753 787
4393 779
4469 3189
3711 1595
351 4635
2609 123
27 4895
399 3039
1453 363
4800 217 45
137 3868 1013
4703 2509
1567 2195
3521 1441
977 4405
3941 1111
4703 1183
1149 3837
1331 2917
4027 67
4593 1297
2595 1169
3769 4433
237 2831
2781 1435
2639 4363
959 3213
63 2987
2219 4911
2269 4689
3071 4635
3625 2937
3435 651
4321 2447
4755 179
4517 285
4233 1689
1437 4073
4915 1215
4863 3171
1025 1913
2095 2795
2477 4255
3271 911
2005 4691
3673 847
195 2343
1007 4929
27 2439
1001 4645
2455 4591
45 2539
4673 7
3483 655
3911 4465
1954 4898
5 3569
4779 1145
4757 885
4757 5
1348 3727 1013
1619 2795
4261 4669
153 717
3228 4854
1967 963
979 3499
3153 405
2119 273
601 3945
4859 533
2522 4908
1055 3305
3157 3449
43 3193
4919 1183
1879 3953
3327 1655
3143 4329
33 1521
4067 1555
2307 4727
3383 1295
2309 4027
4736 3337 45
2247 3459
2353 465
4543 109
229 1313
187 2817
2205 4305
1609 3285
2057 4745
175 3807
523 4521
3475 3085
4927 3425
1277 3761
453 2381
3661 1995
3475 609
1563 4825
4601 2437
1333 1377
2907 4917
2287 3501
107 2903
263 4101
1467 3097
861 4655
993 3767
2647 4861
4641 3463
3719 3425
2559 873
1553 2589
4861 2737
4603 2905
1981 827
3157 4701
1153 3217
223 4037
1743 3829
2811 4659
3263 1417
565 1913
4691 487
241 3239
77 4195
3827 2449
4167 2143
4768 1226
4629 2441
2929 4161
167 2995
4033 657
517 3749
1059 3191
4087 2111
3457 491
3721 365
4776 2165 45
4111 263
4213 2317
35 4093
251 4577
325 4779
4273 935
3849 307
4727 2877
4001 1999
3073 603
2857 773
3493 923
2727 4651
3471 1711
2899 1495
3769 935
809 4845
2541 1213
2679 2237
4087 163
4639 2121
3035 1593
2197 109
4637 1797
3793 4837
239 2223
101 4205
4883 607
4115 29
3636 3069 1013
351 3855
3159 587
2903 313
4854 15 45
3021 3779
1611 4889
2149 67
279 4909
2567 23
391 4105
1207 21
4443 529
3553 2379
4419 1193
4039 1409
3035 901
3441 2125
4539 4831
789 2807
4599 1193
223 1557
4765 2291
1717 4825
57 4211
217 3599
4377 325
2497 299
1741 3821
3909 625
4211 1095
2767 767
3997 2249
147 2079
1379 3341
3581 3591
2511 4773
3697 359
2339 2609
3491 37
4275 921
459 3577
4181 447
1175 4743
691 2517
463 2557
2265 4839
1275 3661
4397 4837
989 2681
2781 983
4836 1943 45
233 3815
973 4153
1911 1201
1589 85
3873 33
1485 4509
4800 1246
25 935
4157 4639
2661 2769
149 3
3241 1513
4427 2015
4125 2581
151 3945
1885 4225
1033 3573
4747 2517
1857 4387
245 2079
2713 4387
965 4259
1319 4411
4051 4851
137 3539
1471 4555
2785 4337
1021 35
2943 4807
4925 2349
4807 2825
1897 379
3237 923
3263 417
3335 4719
2617 93
4815 4431
3639 3279
207 965
527 1691
15 3989
771 3615
1901 483
529 4753
91 3561
4725 629
4903 2595
4828 1351 45
1203 4807
387 3771
4621 981
1041 3721
4499 71
4653 309
2785 271
1241 4779
2267 4891
4709 1509
9 4519
3843 57
3267 35
3711 579
4923 657
777 3167
1853 4483
4805 3599
1775 2851
1673 4733
4675 487
143 1847
4079 305
3533 4337
3367 369
845 4913
4845 1797
869 3131
3263 659
2307 4775
4529 227
137 2077
4921 2173
3977 475
4441 889
285 2859
4723 3715
755 4459
1285 3647
615 3145
1059 4209
1053 3977
4677 3517
4569 3929
4025 831
379 2829
1309 3223
3043 1509
1555 87
1027 4457
2357 4275
4585 3203
303 4231
127 2587
4771 2821
4861 3125
4303 1529
1517 3255
1233 4323
1917 319
4907 2909
4699 2013
1747 3457
1391 125
1211 189
4627 1753
2843 4587
3691 1867
3713 1207
1851 817
539 3347
239 4589
1121 11
1597 3213
283 4369
2129 3663
4732 4698
2511 4909
4781 909
2171 515
1251 3661
1131 4311
3529 403
1959 3925
779 4885
1461 4915
3259 3065
101 3649
3173 1815
4029 1267
987 4927
4625 1065
67 1333
1112 4031 1013
2361 4453
3965 3183
483 4405
3865 807
4321 9
1017 1919
2249 3731
1149 3715
1101 4881
4761 1071
2447 3037
905 1829
4313 3063
621 3553
3985 1247
1457 765
4829 3665
4905 27
21 4139
961 87
2915 851
4595 41
2181 4187
3471 2165
4375 767
2651 3465
713 3635
677 4365
3105 1549
4693 641
1855 3463
191 3271
1899 4007
4751 935
4707 1257
2787 1389
4651 265
4075 1869
4377 937
4808 3682
2113 4911
4428 4762
2453 4749
4825 3895
457 1833
4903 2937
3259 593
2201 4429
831 1513
3685 4763
3163 181
4535 2347
751 1781
495 4457
3197 413
4111 891
3349 1017
4471 961
815 4931
3269 4697
659 1651
3221 2755
333 2347
4475 133
3443 29
2903 471
3595 899
4089 987
3669 4827
4905 2371
23 785
4885 3143
883 4717
1395 15
3397 2141
1983 3849
2813 551
1945 4113
4611 639
701 4399
1171 3533
4495 1375
1871 3083
915 4351
2613 3705
3489 1179
175 4753
4897 655
465 3671
4803 3601
1695 4709
3431 4317
2017 931
4027 4765
4900 478
719 3317
4863 2943
2541 3
595 4161
2855 4795
3585 663
2023 4389
4841 1685
3831 1649
2109 39
3919 1917
9 4834 45
4814 7 45
625 109
4277 1263
2749 3917
4081 4861
283 1227
1459 1381
4635 3839
3871 255
4881 3235
3867 359
4717 1119
3921 2047
4153 403
4870 2038
2987 337
19 4870 45
311 1861
2591 4839
575 4439
4527 1
2153 289
1529 4715
383 3463
2605 519
4903 1179
895 4819
2479 1141
2617 1293
4905 2035
2141 3977
4251 4881
2409 1089
2393 2471
4621 1191
4732 4681 45
3103 4687
4015 1575
991 159
355 3233
373 4879
851 2279
147 3629
1825 423
2671 4752 1013
2861 3963
1519 365
3995 211
4465 3743
891 3369
2441 4873
617 4595
4679 377
4157 339
4787 671
4249 1617
845 4807
3641 2739
997 4883
1403 4859
1919 1679
4471 1547
4651 115
609 5
2371 3221
3881 479
2645 2627
83 1233
4127 4887
3435 3847
1827 4441
1649 2899
1131 3771
4531 1735
4663 1077
3279 4911
4547 1070 1013
4151 1943
4920 4569 45
3691 2471
3271 1549
4549 2133
2187 3203
119 4277
4849 1913
3133 2249
4729 3075
999 3157
4717 999
335 3659
4867 623
4599 1091
4525 4897
4845 507
1157 3377
423 2961
115 4919
243 2431
2225 4391
1019 4321
985 1897
829 3443
1463 2257
4427 15
3203 4857
801 4789
1683 4797
2717 4427
2249 4333
1403 4697
1995 17
569 2507
4897 4285
4547 1803
2517 469
4369 2717
2177 509
4911 1789
4491 3155
4727 1915
2665 569
4835 4363
1379 3379
3513 3663
2435 4901
1039 3679
549 3059
777 1531
65 1869
2759 713
4069 1613
3967 1547
4923 97
4679 991
4529 1407
123 4483
4651 529
13 3979
3799 3405
4932 1450
107 4493
3079 1075
3505 475
3203 2341
4511 401
1569 3019
3537 3081
1501 463
2361 941
3631 945
2317 3505
3695 4905
4299 45
4007 1359
389 4583
3377 2527
4375 2701
4317 251
3709 1931
3525 791
2431 4043
4911 4197
2717 1623
3313 361
807 3999
4681 3929
4215 1555
915 2403
4759 583
4773 1567
2389 3649
411 3491
3575 633
2482 4888
3183 4655
3507 849
1095 3131
3669 3387
4575 4559
461 4333
81 4257
313 3905
1749 4843
147 3487
2943 4709
5 2735
3403 899
3885 1129
3377 1751
1745 319
1737 4647
4047 425
759 4441
4730 1551 45
4845 2727
1187 3311
173 3121
2999 3973
2065 4395
4563 3125
7 3027
4197 1145
465 1111
3865 1069
3863 1935
667 3769
3009 515
2883 2873
3977 4769
175 1391
2625 653
2875 4766 45
2587 4789
15 4331
1275 3971
4491 1675
4451 2077
4787 3679
1977 3497
4437 507
1681 563
849 3771
4829 3741
4767 2863
685 4579
4781 77
1795 4919
2113 4271
2017 4725
4893 869
3101 245
1677 2857
3999 4673
4772 2306
775 4535
4727 859
309 3927
1021 4889
1187 4845
699 4559
809 4819
3745 5
2321 4307
1265 4883
427 4825
4655 4773
2453 3691
4143 2601
3301 1447
143 4897
2481 3433
1403 4892 45
3859 1895
2215 2182 1013
4861 2197
2989 361
3599 2105
1503 4029
3 2763
35 4816 45
4092 4487 1013
3597 447
3489 767
3607 1075
2861 4865
127 3777
3515 4791
4381 4875
2585 1299
2369 457
695 4575
346 613 1013
1913 563
4417 995
2405 789
4365 2099
2489 3391
527 2449
2689 4817
285 4207
247 3537
4738 573 45
1707 133
3069 1133
4215 487
1287 71
1539 4541
2075 239
3801 489
1799 3697
3491 313
4915 1257
547 2217
4755 3751
3845 3209
1409 3889
1593 3621
1973 4923
1297 4237
3133 315
1207 2789
413 2533
509 4337
803 4613
3889 171
3253 231
2173 809
635 4381
3191 111
4241 4911
1111 4743
95 4077
4489 439
581 2235
2287 131
4787 2205
1261 29
4889 3435
545 4665
4049 4357
3413 2535
4199 1019
3993 1591
135 1957
2599 4555
3213 853
3988 4001 1013
1095 189
3731 1033
2630 4876
4645 2135
1423 3931
1667 4869
3835 2025
1129 2651
4777 1877
3627 69
1781 4647
2803 4679
4015 2661
4905 145
3375 1129
3205 543
1655 1103
825 4455
435 4599
4353 1105
655 4731
3905 1001
3669 2327
2253 4117
4763 3527
2033 3713
3801 4575
719 4657
1639 3891
4671 3253
3275 1917
1129 165
4011 543
3733 703
1345 2981
3745 2483
2605 4817
445 2571
4711 13
4589 1081
4637 1523
4743 2545
4841 1905
835 4863
2925 4505
1433 3187
1459 4839
3209 1231
407 3879
2989 849
3299 4850 1013
411 3527
4761 1609
679 4413
1165 3743
4843 663
2859 525
1765 4373
751 4043
3809 1749
279 3765
4211 715
4251 1369
957 1743
293 3767
1115 3055
641 255
3643 719
1863 4059
2695 1587
4807 2275
1943 4767
2121 731
3795 1349
37 1363
927 4657
1821 373
2483 419
731 4475
3365 3895
4915 253
3227 395
4229 4883
4849 639
3715 647
1017 4181
3747 121
1445 529
993 4785
1025 4683
183 4229
2405 4327
403 2387
4847 2807
4397 1937
4853 581
3393 1065
4649 2301
1153 4359
4361 681
3645 549
3425 1461
4919 2671
451 4349
1067 3061
1435 4069
1178 4137 1013
2285 3583
2575 4789
3683 4361
469 4465
1591 3663
4758 2289 45
3669 407
4059 531
1831 3149
2689 4773
4477 1617
4223 953
183 4553
2213 1871
1241 3523
3829 981
4890 15 45
4843 2919
4623 1201
207 3909
2211 4697
3207 4821
2023 5
4389 941
2071 3269
3173 1829
4305 4887
3701 165
1987 2449
1479 19
1105 31
3891 1887
4923 615
1437 2951
2147 4679
3399 4930 45
323 1475
2027 2129
4267 2633
2779 95
2659 1087
107 2499
1659 4651
4383 941
4553 1069
829 2449
4131 131
299 3021
163 4775
497 2231
3521 25
1903 4163
4770 1863 45
1839 565
4863 3329
1965 3147
2891 859
3305 4607
2307 115
1316 2269 1013
4127 855
4001 1289
3607 165
3331 437
237 3283
2087 1027
2707 1155
1379 4677
631 4849
1239 4553
2357 153
4239 159
147 561
1423 3947
3921 4879
799 2343
4775 3335
4844 2292
4929 3045
2581 4793
1189 3975
2699 1357
4715 2919
4885 1899
2645 603
721 4237
2049 221
3719 411
4407 1357
1323 45
2539 3713
4753 1779
4023 1641
4523 2365
2841 4465
475 3607
4897 371
3347 31
463 17
3113 105
3019 4901
4421 1423
2645 4851
303 1757
385 3511
21 3209
3681 95
2159 151
983 4462 1013
2643 2177
1098 1529 1013
139 1663
55 4845
3455 4729
2477 351
1983 2777
1791 4903
933 4027
2963 1539
19 4475
2771 1885
3281 719
357 4381
4597 2421
1011 4561
4029 663
1185 255
2191 1607
1753 2717
1135 1591
1549 4627
2543 413
3521 1031
2441 4825
4601 1391
4737 1947
4686 2359 1013
197 3473
1677 3795
83 1977
4753 1969
4419 83
1249 4106 1013
4865 1185
1127 3969
2987 2561
3649 2689
4753 307
2029 4439
3659 1072 1013
4911 91
1213 2851
3307 293
13 3921
1041 710 1013
2869 2845
121 2533
29 3915
2057 4863
83 1613
141 3967
197 487
3413 1705
2181 3263
3871 3143
1367 3755
37 3281
1115 4587
4745 395
3645 955
31 591
4743 1701
1291 4926 45
4497 425
4127 173
4823 121
2719 143
4031 4707
1962 1187 1013
4829 1689
507 4073
4241 1505
823 4519
2845 711
4883 2787
1575 2591
2571 1093
2939 2285
333 2223
411 69
4759 1199
4729 1885
183 1585
35 461
739 15
2299 4521
2431 4045
4899 1901
4033 131
4744 1752
1667 4293
2695 23
83 987
453 4751
1181 4813
1305 3773
2335 99
2057 3307
4865 1249
2295 3175
1595 4451
2039 1
983 1473
1377 1149
219 4217
281 3371
1623 4855
4497 4909
1165 3399
3343 1533
4171 1409
4433 1677
4135 707
2635 3227
2275 4485
1239 3869
3755 359
1773 4405
1825 3099
4015 1181
709 2673
577 3821
1377 2373
1363 3623
4789 1735
387 3343
4835 4459
1017 3297
1779 4839
4719 2017
1823 3707
845 3781
3405 4807
2191 1243
667 3403
4469 1963
325 4887
619 3647
31 4744 45
3775 175
1497 3273
3332 4866
4822 4693 45
4545 2525
1047 49
1463 4807
373 4527
3267 97
353 4759
1105 4019
3917 1951
305 3073
1409 4683
1469 2729
4697 1053
4077 431
4311 1677
2429 517
1779 723
425 4776 45
735 3069
3807 737
4399 649
4209 257
1169 2699
2085 2919
4051 1707
3957 2699
4541 3091
1733 2204 1013
4341 1961
799 541
4557 279
3927 4777
931 4077
1491 3295
1971 1
2951 4545
4095 1863
4563 3953
4361 4791
4155 2649
4007 411
3307 1397
3157 4271
2937 417
4733 1091
2446 2873 1013
3849 1833
1501 4825
1599 2847
2497 4841
2629 4867
2509 4865
1960 2483 1013
369 4543
4817 2385
4811 4141
45 849
4721 997
2209 4563
191 185
4143 765
4923 523
4779 631
1189 3861
1085 4547
3611 7
4723 3797
4812 3232
4545 777
1417 143
1655 3313
4049 3283
2781 1767
1789 3411
187 981
3303 1695
621 3275
2777 5
4830 1484
3869 2183
403 7
4783 1451
3775 1609
4883 1181
4397 805
1165 3041
2319 4179
1627 2505
2899 4847
2059 3461
851 3883
3837 747
385 4768 45
699 4869
1135 4527
2127 1213
289 3885
4801 1109
3627 1067
3665 4869
405 4689
1785 4319
2677 2595
813 105
3441 873
3851 4875
4789 3003
1923 823
2969 1519
133 3185
4029 163
505 1997
1447 3357
4735 3045
2819 3085
303 3475
1745 3659
107 1831
2919 2237
2511 321
1743 4797
3457 771
2029 4731
4531 675
3511 783
739 3837
1215 4631
1639 4525
891 4309
1643 3519
3929 2645
4261 765
4920 762
4863 745
1611 4915
3485 4841
4101 2105
87 495
479 201
3803 2201
4551 81
4415 455
2529 201
4917 785
4437 1547
101 4495
2811 1017
691 1499
4819 2201
477 1237
693 3861
1551 3
4798 2586
1229 2573
2907 4747
721 3693
2983 1311
2387 839
4419 4731
1643 1
3249 535
4607 3987
4689 3123
3015 1579
3855 2367
4563 3721
151 2999
4803 2183
4861 2235
4661 3859
593 289
4705 59
4619 2583
43 4913
4809 1059
581 4181
87 4599
3613 1937
1595 4275
3297 1843
3209 2931
1357 3559
4039 4799
4779 1765
4883 2977
4281 4765
4427 911
3045 4317
1426 4890
33 3025
1491 4751
371 2125
4223 37
4031 2097
4767 3163
4085 3117
1857 3311
1187 226 1013
2017 3861
1471 2577
3491 703
125 4731
9 4774 45
4399 2585
3477 2133
2833 25
4325 1525
787 3995
3123 749
4793 1449
3187 1841
4377 1137
1083 2991
4909 1509
4703 293
2781 1061
1 1463
4575 2889
891 2249
2391 3967
4475 1837
2153 33
1095 241
4811 685
591 3239
93 3585
1031 1479
1157 2525
4043 691
4087 3209
4439 3381
4807 3049
1375 3639
4888 4580
3625 15
591 1523
3269 551
2585 4715
2931 651
2765 4507
2921 183
2695 541
3553 1633
153 2555
763 3497
1789 4899
165 4405
375 1615
253 2539
437 4383
4919 811
2601 1073
2687 1475
4037 125
4159 2701
4809 3197
931 2403
3715 285
4089 729
2079 3441
127 4543
2783 245
3985 2139
773 2395
3211 4191
4571 1255
33 3937
2241 4573
2843 413
4581 781
281 485
4839 1197
625 4225
1169 381
121 4761
4521 1835
4913 3527
4747 675
4689 331
1029 3597
4111 4843
643 4695
4874 3008
4575 4759
691 4255
863 3955
3660 4730
3383 759
1799 2997
821 3335
4849 511
4746 4676
287 4789
1383 321
3945 2529
4031 123
3321 1793
4139 417
129 1867
2231 3003
4605 895
797 2447
4759 2585
701 4747
4587 1445
3541 1233
501 3243
1867 4221
703 4085
3059 849
1183 3909
4341 4721
2139 4237
3493 2831
1861 1879
823 2615
4537 195
841 4479
3955 629
1545 2743
4822 13 45
3729 1869
25 4923
2711 4417
2811 4417
4859 1029
85 3735
2511 4533
4347 1695
3637 2101
4635 103
2679 1059
4907 455
4693 709
2339 29
3879 155
4927 1601
391 2069
2851 999
4609 3639
4745 179
4667 2941
3665 717
4111 5
59 3861
4813 4221
4139 2101
2749 4401
79 2049
2639 1891
1343 3449
1647 4917
2405 2939
93 3905
4199 2405
4673 343
4582 4740
489 3841
4835 3869
1095 4889
829 4669
553 4321
531 4803
43 4299
667 4665
4079 1405
4471 4869
4803 4337
287 4685
1255 4233
4515 2963
175 3919
372 2553 1013
1937 989
1821 439
207 3587
851 3651
631 4797
1995 3941
1523 817
255 3887
1811 645
1219 3009
3563 611
4549 677
3161 225
983 4727
4527 263
4617 3841
1647 4477
41 3655
3929 293
4767 45
1693 27
1179 2885
1031 3765
93 4767
2041 4879
159 3809
4895 3805
101 3871
2995 843
1066 4776
417 2825
3182 4645 1013
75 4565
3985 3459
4893 923
3901 331
2912 4818
103 4217
1017 4703
509 37
4527 3083
3751 205
2681 1017
1431 493
1361 2839
2335 1931
3261 1189
1299 2235
3233 3989
4107 983
4851 417
971 4797
247 1477
3485 1823
2685 4411
4679 595
549 109
2177 4669
2553 187
3557 1257
311 4789
4793 1545
4751 1637
3013 1093
3603 1895
1661 4701
3343 1195
3553 1467
1417 4343
2011 4849
175 3289
1407 4757
599 4735
649 2673
4255 2399
4107 3067
153 3349
103 1269
2103 741
27 3921
2537 2613
343 3901
4655 3991
945 4439
1079 4809
4863 819
4821 163
4897 809
4239 369
125 2837
4625 185
349 809
2173 3983
639 2349
1511 4195
3689 3665
507 4775
3429 4759
4671 1269
4281 309
3283 131
233 4781
335 4841
1375 4517
3699 1079
3115 163
427 3437
167 2431
1669 1935
4429 4878 45
4754 4305 45
4323 663
4383 4719
1265 4851
4791 1699
2859 679
1379 4833
4911 3117
4733 3905
2379 4887
4297 1455
1433 1955
2711 4817
3257 913
3269 533
4842 31 45
81 2827
679 4835
2963 329
4057 2453
3791 425
4885 2909
4753 2755
2731 4795
1101 3577
455 3613
283 1937
3387 4323
4415 725
4741 1001
3439 311
571 2111
330 4816
1335 4755
547 3449
273 3005
633 313
227 3651
4631 387
4874 3113 45
4159 1265
167 1765
3821 367
3845 1797
4517 817
2083 4581
837 4733
265 4691
37 4683
4029 2285
1163 91
4631 2873
4167 403
2589 1515
685 3975
4793 91
4619 2851
1941 3347
4255 65
1649 4823
3239 3109
4228 4766
2759 4799
67 2639
4135 2343
23 3565
1397 4439
4826 849 45
4299 1829
4903 3225
3279 193
4479 2571
283 3781
3851 4753
4879 4429
945 4873
677 2813
119 2755
4327 2505
265 543
1587 3863
503 4553
1965 4543
3039 4467
709 2487
501 4395
1079 3963
1801 3877
4721 681
1591 4539
1397 4697
4913 193
3943 1827
4741 37
547 3405
171 4797
4449 2729
4305 1645
3445 155
4265 1507
2015 4523
4297 5
477 3059
4744 4501 45
977 4467
2145 649
1241 4477
4679 2677
4817 289
959 4835
797 1133
443 4713
3479 923
505 3515
1601 2833
3089 597
57 3563
45 1467
217 4563
4367 511
1147 3713
2565 1965
4735 2641
2323 4805
1793 151
3125 849
2293 3805
143 4263
2429 3589
133 2423
3039 4923
99 3459
4391 2409
1539 4457
4047 1463
4529 177
1407 4001
1205 4725
283 4661
2809 3821
4693 3159
3193 19
2203 4819
4603 2607
3423 1013
2695 4713
2253 147
4267 3839
3345 123
625 4873
2691 1063
1033 3205
109 2847
1429 4853
517 1959
1123 105
4097 143
35 2271
617 23
4854 2094
4384 3849 1013
4047 663
4293 1719
3403 417
1943 1027
1327 61
2793 4525
1183 3295
3687 839
4743 4395
4661 553
661 4441
1875 4839
3807 1747
677 4313
3711 2227
4149 1045
4891 3513
4189 1173
1349 4367
177 4605
4545 373
199 3801
75 3539
1017 3581
1539 3427
177 451
4103 973
3883 1651
145 4607
309 3823
4755 3623
781 3479
3855 509
2211 4281
617 4793
4593 3563
3475 2987
3887 2719
4073 1429
4263 4671
4363 4715
3205 65
2063 277
31 2455
3801 2413
3655 2301
4547 2517
4845 397
4567 215
1691 703
1909 301
3151 4927
3123 4837
265 4619
4489 2025
1207 3861
1117 3393
2565 539
4623 2813
2147 4257
369 4785
4825 2593
2879 4697
4437 375
2829 2025
2103 1403
1511 4827
3291 443
3455 1437
1857 3101
47 2431
627 2835
1889 3553
31 275
2049 195
4205 473
1623 4061
1651 4179
3799 1789
1949 61
4721 1587
693 1405
4485 1015
4053 2373
4219 3159
1443 4623
2081 253
161 4825
4567 2913
3597 4213
4901 3003
3227 1645
4195 1795
4829 79
815 2937
1621 2823
981 3523
2581 1105
4751 1685
3115 93
2753 4923
4667 2679
61 1227
4085 567
2477 4673
4547 291
1233 4527
3785 4851
4581 3425
3153 4729
2565 4921
4909 113
389 1705
4449 3001
2061 4755
817 4617
4039 477
4913 3085
4719 1611
4707 2913
4113 1213
2835 4605
4303 2407
1955 4135
4827 231
417 4141
1813 257
3907 4737
643 2031
495 2663
73 1789
4901 1453
21 4075
4785 1073
1719 4095
515 2387
2183 4503
1617 4417
4803 2053
4745 4471
4029 4485
4293 1197
4133 2337
3123 1133
1134 4908
2275 1119
4885 1561
1861 4871
461 3653
1823 4869
3325 4425
1455 2969
1748 4894
2672 4908
4780 1582
3329 1867
4801 3737
2159 325
2949 1025
2727 767
1263 4387
4723 1169
4855 1685
4836 602
1219 4871
21 267
2749 4439
179 3665
3085 35
167 1509
3061 761
3957 2511
669 3951
269 1997
4671 3159
281 4017
4765 607
4607 2321
4398 4848
839 2715
4479 541
1321 83
4389 559
1411 2877
4105 217
103 4833
3437 177
921 585
2767 3501
113 3715
895 4777
255 3193
647 4699
4647 1349
173 4269
3779 1093
4747 1059
4637 45
4006 1535 1013
871 3527
1207 4577
2103 219
487 2669
3813 163
525 2777
1839 4363
709 4687
4929 3579
139 3465
4925 2393
4443 2549
3337 2555
2201 3621
2005 2631
3489 161
2747 2425
565 419
1255 3819
1205 2701
4026 1773 1013
2707 4595
3477 2465
2041 4433
501 4851
545 3783
255 4439
4799 2203
1563 2643
97 3691
4913 3781
4423 1665
3453 4843
4427 1707
4737 2047
3117 4891
225 4409
955 113
755 4877
4183 2409
349 4313
2441 17
4745 1205
4437 2537
1023 4447
4707 2639
271 1683
4711 211
731 1717
4683 317
579 2133
4657 4039
1881 383
569 1359
2809 4863
2413 2885
2889 1043
61 2211
4381 1299
3135 131
3031 4519
689 1849
4737 75
2165 3753
2617 513
4377 3585
773 2567
1331 977
1787 4853
4111 1917
149 3713
3949 245
3793 559
4233 1367
1731 4315
593 4791
3847 785
4569 4101
4793 2239
2717 139
3933 1365
4121 1013
4873 1921
4585 1839
569 3055
15 4770 45
841 89
2706 4800
3529 943
4665 481
1593 4065
925 3315
3385 65
489 181
4735 987
3845 349
4811 813
95 3021
941 4305
311 2085
3413 4891
1881 4163
157 3951
381 3577
3232 1355 1013
4681 4711
429 4779
1285 3351
2971 85
307 2319
991 4525
4907 4059
2737 155
265 1317
2705 4359
2453 873
2363 4167
1899 4829
1553 165
4808 1836
2331 385
3085 3125
4823 1895
3465 4253
2735 345
4163 2415
4919 3935
769 4649
1917 1483
573 4899
4395 4757
4733 2885
4611 1429
903 2341
4463 259
71 2303
793 3931
809 2959
4303 1243
1401 4841
1431 4451
4734 858
1451 4811
4171 1629
2129 4197
1105 4499
3501 215
603 4793
4219 383
3345 1061
747 2211
3977 1325
1189 3167
3603 3627
3527 961
1353 4885
3917 59
3951 3081
4675 3535
2123 3817
111 493
3883 665
3819 1059
2957 27
2133 4487
4921 3921
3473 1721
4393 163
4493 233
1595 2661
1423 3153
4491 371
3861 1367
2997 1655
2725 231
4931 3047
2287 2713
267 3089
227 2617
4759 2517
1931 4335
4729 957
1819 2901
1011 4475
4125 4717
43 4129
1629 3159
4897 1985
4795 4097
4269 59
4767 1621
3555 1005
1623 4929
3367 83
3655 221
2513 4803
1883 1933
4335 1895
4035 1505
4897 1263
2123 4845
3385 961
2995 371
1757 2209
1341 2913
2325 867
449 4307
3421 263
3393 515
4743 2115
857 231
2713 4813
865 4447
4381 2051
315 1477
2643 539
2443 3189
21 4483
1021 1761
4505 2413
11 4764 45
3977 917
2511 3891
3191 47
4834 644
3499 3841
4613 1269
3447 1925
4041 1723
1651 4077
1105 3485
209 3071
1207 157
3677 935
279 3687
1499 4785
4921 3671
1215 4925
1603 2181
2233 3643
4715 2737
849 3095
2855 1073
561 3233
1457 4393
2793 1545
4401 2723
3985 1333
1779 649
21 4269
4519 663
127 3023
993 4273
4637 435
3243 397
1759 4539
2013 365
1819 3465
3067 4929
693 31
2285 1043
2605 225
349 2887
183 2011
2469 4741
11 4801
4663 1143
4271 861
4809 3437
9 4804 45
3045 345
4081 227
4883 2485
2903 1743
35 4673
1617 3491
781 4117
2981 4925
3615 4487
3309 915
2875 111
973 4435
2383 2371
3897 2507
1554 109 1013
1445 3987
369 4755
765 1479
247 1957
4073 17
341 3989
2087 1061
2727 4804 45
293 4049
269 2645
505 3129
971 65
1437 4755
1449 4621
2303 3357
2327 4379
2651 1451
4811 735
4323 3231
2771 3203
4325 1255
167 3543
2813 4925
2989 1929
609 4139
223 3785
4395 2811
4235 1281
3447 1665
973 2757
4681 2241
4667 1087
4443 3649
3079 1389
4121 4920 45
368 3017 1013
667 1725
4745 1051
1989 4627
4553 3159
3245 25
589 4037
1869 3429
29 4657
1645 83
367 499
15 4605
63 3433
4730 3018
4762 3652
2309 1905
2249 4583
409 4029
847 2163
4779 1231
1161 3119
277 4441
2617 707
521 3173
445 4197
1869 4155
3913 441
2047 3797
1623 719
3715 2795
1043 3897
1899 1329
2669 3949
4743 4701
3111 125
3963 931
383 3679
571 3277
4507 909
3007 4179
4761 3805
27 3935
93 4879
299 3447
4699 2103
385 4161
1539 4119
1977 4821
1161 4929
935 3325
3751 425
4207 85
4762 560
3803 351
2199 1893
607 3173
3599 3285
4738 4724
2503 573
4907 2635
3189 799
839 3511
1103 3737
495 3785
4836 9 45
1139 1169
4689 59
2585 1825
1303 3849
4077 693
2439 4365
4817 1991
3987 997
4601 2125
2157 1127
3413 3033
125 3275
4169 37
3643 4571
3611 4441
4363 2571
11 4151
15 1961
3803 2295
3309 2589
3679 1171
139 3299
2991 1805
4439 3725
4035 3279
449 3251
265 1983
4433 3283
1403 4223
4770 29 45
2301 331
25 4321
2889 1395
4499 881
4557 801
4663 1941
4661 1211
4607 1851
711 4239
3255 5
485 4373
4737 771
639 4225
4643 3013
4403 4825
4695 41
147 3365
4717 19
1041 4773
313 3153
4779 779
875 4783
4857 863
1675 4865
4257 739
1269 4417
2065 4403
4727 3243
981 3001
1121 137
2263 4819
4507 639
805 1397
33 2023
2683 4797
4401 1657
781 1621
685 3705
255 2365
17 4909
3423 1401
3399 145
2681 4695
4859 1009
7 4878 45
1207 2861
575 4785
951 1775
4765 195
883 2431
3839 4871
4813 2693
3735 1811
629 3255
4393 4355
4782 2904
2725 3717
1 815
1403 4653
1453 2353
3273 339
2233 235
67 3913
2159 1863
2721 1805
795 3201
4695 1513
2675 4889
1509 4563
2871 1927
3443 3921
4215 21
329 4015
1851 147
761 3863
2807 3947
4011 1687
1663 113
507 3787
3127 449
4755 1367
4767 3693
2545 4321
219 4715
1093 4823
4335 641
3641 2411
1967 31
1467 2427
323 4271
2159 1503
4701 93
941 4535
2299 565
1319 3443
1045 4925
1863 2959
1133 2689
779 4171
3237 4087
1773 4375
971 4143
4741 2989
4882 2268
793 3185
637 4297
505 1089
2107 4281
4435 613
4671 667
4233 973
3609 25
1419 4207
4665 4877
431 4353
2335 367
1379 37
1119 4527
885 4049
3429 877
69 2079
3841 231
3509 3849
4037 1401
2307 4315
3725 2439
123 3285
4923 4247
2373 4003
193 4469
3335 4931
453 4771
4037 1227
4756 642
4895 17
3043 377
2477 1183
601 3715
441 95
99 4475
195 2187
4149 1871
2329 3773
297 1261
3429 1651
3865 585
831 2239
4153 859
1053 4621
421 2319
4447 1505
275 1655
1557 4613
1137 3103
413 3249
261 2741
1997 4139
67 1361
1195 307
3471 4701
711 2663
3377 19
3025 3777
391 4921
413 125
323 2587
597 4527
3 477
3341 955
3467 4431
3565 163
4789 427
4405 405
2851 729
4879 3941
4783 1273
2639 37
1709 3227
1393 4875
369 1251
353 3643
5 4822 45
1945 1385
4073 1213
4557 1101
4105 73
3319 1815
215 2031
55 4257
221 29
4255 313
2339 1473
1223 3453
105 3717
4177 2283
4895 1377
2105 4833
4557 403
539 2611
4891 1533
3719 339
4237 2349
2451 3811
2975 941
1343 4721
1981 4025
655 3717
213 3721
2673 4501
51 3715
4863 3779
3697 185
2817 4105
1183 3579
451 91
1491 75
1428 1319 1013
1657 4809
2641 4929
317 4761
195 3243
4447 2457
3247 27
979 4739
1773 3859
3821 4879
625 4881
1141 4723
4727 2095
4777 4041
1995 3849
3871 107
4319 3193
2595 4637
3387 681
3351 707
1453 4235
321 2619
1599 4613
201 4495
4677 597
4721 2033
4191 2043
95 3893
3397 2897
4261 717
4805 3509
2907 947
2907 1403
33 3487
1887 1299
247 2795
1307 2767
3007 41
433 4219
2133 755
965 2545
3851 2213
4924 30
1051 3901
2043 4147
4689 3447
4589 1135
27 4870 45
3763 901
1739 4775
4899 41
3997 2943
4361 1659
1605 2331
1701 3119
4923 817
1721 4475
3423 3555
269 4243
4647 2643
669 3181
4615 287
669 2549
4049 1181
3895 2589
2053 3567
143 2997
3746 4916
905 4767
549 2053
527 3687
4625 1239
3877 1959
4813 4109
1621 457
1687 4531
3025 3587
387 2271
1099 73
2917 2263
151 4773
3721 77
3645 3469
645 3577
429 2455
169 3825
2691 577
1659 471
771 1491
743 4689
521 2103
1221 4081
4853 3497
1543 4265
3349 189
4215 229
2533 805
319 169
215 4503
2497 233
3569 4615
3039 1397
3789 1903
4761 4265
1521 4827
4917 169
251 3365
2449 4325
4163 4907
4775 1609
299 4817
447 4479
3153 1995
4881 2415
4167 907
3239 4893
4721 2425
1435 3735
607 3291
2675 3271
1863 2867
3383 307
3219 793
3407 2175
4073 347
4275 1085
79 3737
2049 4823
417 1897
2481 4699
2657 4565
2525 2535
2463 599
1457 3713
15 4659
3055 1221
59 2161
991 2135
113 1219
4905 1569
3945 849
1971 31
3133 1581
2487 433
1295 4521
2603 4721
283 3179
4859 2135
4651 2379
2759 245
4293 219
4669 131
175 4123
3913 75
4681 17
4483 4825
2497 1301
461 4367
4323 475
965 4601
4784 35 45
3389 1647
1019 2957
3091 941
2167 195
3655 33
4591 1373
2179 617
4255 857
9 3441
4865 2111
4835 905
1305 4223
2385 437
627 3691
65 4059
2241 29
2149 3687
261 3511
3311 691
2195 615
751 4351
1269 4403
863 4273
4851 3631
1835 4825
607 4275
1703 3141
4739 1663
4769 3173
4925 2871
4487 2283
4863 767
2745 1205
4781 337
4003 327
171 4585
1725 2699
4497 957
4521 1067
3291 1431
2695 3191
919 3621
4701 2259
161 3267
3869 1775
3575 1
727 4321
4189 1467
4707 3045
3249 999
65 583
3 4417
4781 1025
2515 4013
125 4195
1035 2561
677 4257
4911 2429
807 3247
695 4085
2859 1669
727 4227
901 4009
4929 4459
1835 3231
1895 4715
971 3901
1023 3779
551 4293
3303 19
4817 1659
1623 4223
2967 3653
3193 2251
3725 961
1105 61
3869 191
3391 2575
2187 3349
1235 95
4007 409
1919 4411
4347 3697
4906 2530
4031 67
4056 2177 1013
151 4863
719 3435
4743 1213
599 4109
653 3557
3621 4489
31 871
2165 769
4715 2835
165 2705
3025 4820 45
1527 2595
275 955
4819 1655
4595 2107
4065 463
4756 2299 45
1347 4389
1036 4742
915 4283
2103 4783
1029 3417
1727 4901
2713 857
3499 463
3245 4623
409 4785
2195 4137
833 3345
379 3051
701 4671
4761 45
93 3673
3233 1215
175 983
4135 197
2967 157
2341 3951
3131 391
289 4521
1195 3347
429 2065
3779 2395
2353 2857
3457 2661
3303 1421
137 1811
4833 2631
4705 682 1013
3691 3797
103 4611
39 3009
4075 4581
2965 25
443 3795
2121 3615
787 4811
4409 2795
3519 893
707 2629
4665 1605
2815 2447
1341 4573
1719 4819
4727 3903
3977 1619
2015 911
2164 4738
4373 501
1239 4113
2211 493
3357 679
691 2323
3853 1791
4381 849
4837 1447
1445 4393
255 4245
593 4915
121 2333
4491 773
91 3579
27 4555
133 4001
3461 595
4587 3573
3583 3123
2565 4173
2723 1725
2031 3029
563 3683
3985 2091
981 4842 45
3689 251
4245 2163
2813 4019
1125 135
3173 4781
3095 1719
587 3551
3403 4837
841 4327
1011 4047
4759 2153
2632 4790
63 4235
4695 1995
2037 2921
4171 1765
699 4875
863 3181
987 4033
995 3057
4367 377
763 4917
4887 995
2753 4665
3173 807
1221 4733
207 2031
2441 89
1233 4661
3739 4901
2819 4573
53 3913
487 2565
1155 3835
4837 983
1585 9
13 4836 45
4926 2651 45
2711 4905
2467 1377
2955 3493
1141 2913
4543 1817
1055 3593
4601 2919
4065 4635
1065 3163
2133 217
3613 1061
4537 1675
389 4501
4907 3397
2839 1453
4353 619
1607 711
137 3777
4917 1533
121 1165
797 141
4923 1607
3109 4513
3769 1761
4805 315
4459 3595
177 3311
2851 399
1813 3997
4547 1601
3815 259
3409 37
2877 1937
1443 3809
3631 1401
1581 4787
1423 2715
763 2955
3941 1063
911 3601
3833 915
2031 4399
545 4715
833 4073
547 2709
665 2867
4283 1981
3101 129
1721 4549
601 2725
3642 1247 1013
531 3603
4791 1885
3581 4837
123 4303
1219 3163
4651 2625
3129 15
4609 2719
4757 1231
1591 1321
4575 773
643 4693
3847 85
497 1799
1251 3827
2215 4761
911 4115
151 1725
1487 4599
3513 197
4251 111
593 4307
2387 4927
747 4891
4653 1265
2135 4041
1173 3557
1189 4253
3361 11
3217 2311
3199 603
1913 1483
4211 1611
637 1801
3855 621
4929 687
2978 4834
3176 1221 1013
3351 1413
275 3957
4497 605
63 3859
4449 2031
3443 1497
2587 3727
331 4803
151 1469
1469 3821
2153 3537
1553 519
3175 141
4783 3001
2545 705
397 4433
2281 4253
1519 3399
4490 4900
2799 4207
3499 545
4181 2585
1553 3285
4853 501
4917 3321
4804 1482
1443 581
1257 3067
7 4339
1095 4187
4840 3434
1559 4417
769 3837
1715 2493
2509 777
95 3385
3645 101
3011 1645
2031 457
4577 1637
911 4497
4781 329
68 4880
2499 2790 1013
4931 39
427 3869
4825 4585
479 4343
4043 911
4699 671
2527 4903
2695 4749
3383 2811
615 4413
1677 443
3603 1653
3849 2361
2445 4762 45
439 2675
4043 1807
2657 1461
115 4369
4635 2493
3160 4838
4927 3975
1421 4903
4263 2555
2089 2323
2769 995
1775 3031
2249 4831
1089 4633
4895 1307
4746 4680
3127 4807
4577 4835
4791 2691
4259 1459
3171 115
285 3313
811 2533
4499 2267
1205 3165
1589 2923
1751 4895
4619 2183
1443 4233
4068 4868
3945 2539
73 1363
357 1193
2437 1263
1267 2475
2071 732 1013
4039 4779
319 2943
1957 3107
4191 117
4025 2437
4483 1445
4821 123
1475 4899
3273 1447
379 3503
4753 2543
2871 993
1599 77
3215 727
3675 3808 1013
441 1817
163 2999
211 1079
4757 1825
2031 885
1853 1480 1013
1407 1099
4811 2501
2785 3241
4903 2633
1221 3991
1771 17
2077 511
4049 2487
4885 1735
1117 4843
1849 4313
3286 4479 1013
475 3253
1749 387
1171 1245
83 4729
4904 2065 45
117 2847
97 3995
4899 277
1925 4907
19 4247
3921 793
3097 1831
4907 2353
307 2097
1577 261
523 4883
4795 1207
4649 4859
1365 27
1807 2755
4061 3285
185 2923
237 3915
2155 3683
4347 1065
2079 3741
1133 3077
4918 1666
4879 4797
4409 1675
4779 993
491 3143
4073 169
169 311
947 4641
713 4047
4535 2177
343 3855
4289 1487
1481 4755
4917 661
303 4385
3297 315
4857 3331
2195 159
2121 1885
1899 4910 45
3093 1059
3673 1325
1381 4809
3921 4575
757 4777
4083 2555
1637 2637
3901 673
3509 3033
793 2203
2065 4805
1005 1933
3141 4869
3641 1665
4871 1201
593 4765
4335 2001
4499 1045
3699 737
342 2725 1013
1947 4913
2737 1845
3369 2371
4921 2587
1195 4927
859 3507
2531 4755
27 329
2729 373
1513 4819
4221 149
1015 3135
3211 851
4219 1969
4825 3703
4713 3229
153 3361
109 757
2231 1305
4563 2641
1029 3231
3695 399
2965 185
4877 1395
4763 1743
413 3555
1059 3153
2295 3479
4417 175
1957 2609
2451 3857
101 4865
1893 3197
3693 789
305 1541
1101 2853
1273 3421
1117 275
3467 1219
3607 1479
1141 2053
4865 4013
4205 4349
203 4255
4825 3991
4705 2969
2959 181
1351 4505
4771 2883
4135 1735
2891 685
2351 4237
1541 4673
1171 3183
4510 4778
4755 245
4213 721
4169 2273
4907 449
1429 3785
712 4812
491 2571
1209 159
2043 3353
2421 1993
1593 4737
453 3439
1327 4095
1581 4419
4679 1801
29 4786 45
351 3907
2829 1723
1081 3599
4887 3247
2651 77
4871 3829
19 4881
2567 487
2585 1581
161 4313
15 4871
4828 606
459 4753
753 4579
1711 347
681 4665
4145 1233
1499 4841
4599 1467
2813 4615
3745 329
4931 3461
3309 431
2513 1553
2833 1293
4301 843
3185 1265
301 3963
2983 1487
1213 1641
4889 253
4479 493
279 2289
495 4375
4717 3061
1415 4873
581 4211
2239 4891
4649 1819
3855 235
4843 3561
4269 1031
4679 1523
199 4609
1405 1055
2161 3447
3597 2887
271 3995
2937 89
593 2639
4365 2475
4901 2851
2669 4883
4839 4179
4881 789
7 1867
251 2823
3563 23
1285 4743
4925 103
3127 609
1865 423
1243 4013
4850 259 45
3619 3233
2601 4207
537 3337
339 3871
4737 1311
2379 1271
2991 185
2075 9
3347 4842 45
2841 1965
4619 2099
4851 1773
3251 2151
3565 3831
413 3709
3193 4901
625 3891
1565 3659
1795 3897
4213 1297
1119 2617
2089 1087
3219 105
4909 2241
4780 2320
191 2141
999 4041
3461 1401
1763 5
3819 299
131 1925
4857 239
571 165
79 4621
3447 229
4497 1105
2105 1655
399 4723
4911 1243
3317 689
4233 3789
695 4019
569 2549
4227 2381
4782 1971 45
1393 2421
4915 3075
3265 351
1533 4813
4585 3615
757 4399
2557 1079
3457 207
3403 3735
2461 65
2239 4915
261 3583
2883 4839
3149 591
1249 3193
1303 3665
4383 1377
807 2817
4737 2945
2743 237
4711 4805
3311 1251
4605 3485
121 2989
2759 4549
4581 2185
863 4901
2445 275
845 3157
849 2219
1563 4261
2809 4559
51 4827
4780 27 45
2535 3615
2677 1541
3447 1615
2129 4005
4848 23 45
4333 3369
4857 355
211 4239
553 3851
1475 2035
687 4329
1699 177
3777 1773
769 4413
4561 155
3257 311
3190 1847 1013
3325 3509
4365 1
3533 1985
3423 2283
1709 1229
3935 1227
2171 3153
4565 3459
4469 155
4819 779
4377 425
3281 825
4907 1957
1443 399
3071 933
949 4017
823 3347
4421 2607
2563 981
4297 1837
2365 4013
1357 2463
3091 1289
4319 1611
4013 4869
383 4807
1087 3859
293 3655
831 3567
1417 27
521 4803
4319 2371
4071 4833
2021 3185
1677 3599
569 3133
567 4765
1685 4107
2197 3161
2617 247
4925 3881
1783 4845
225 4475
961 3138 1013
4257 4723
779 4223
1905 4875
2885 1409
125 1903
3497 4847
2829 4859
4891 499
1161 3013
4805 551
4201 1785
1005 1235
4105 1061
331 3197
637 4357
2043 2760 1013
2655 3459
4453 4139
279 183
2649 3657
3501 505
2551 4369
783 4173
4585 1927
2955 4911
3811 555
2885 373
3949 2199
289 4335
169 3789
4736 19 45
1007 4331
2533 3495
2497 57
2293 125
3963 4519
75 4613
4855 4065
1385 4141
4535 26 1013
4787 4541
333 4691
2415 1979
4827 2313
1357 3289
1799 3933
3727 1503
593 4119
2529 2779
343 2429
4755 1135
4855 147
4133 2511
1103 2757
4568 1581 1013
4561 4781
4915 3577
3927 2097
1023 1991
1509 4223
501 13
1991 2681
2337 4841
1627 4451
3199 337
2325 4129
1827 4277
4795 1475
4661 2699
113 1527
1063 4867
2205 31
239 2071
641 2013
2341 3739
2255 9
769 4001
4257 293
4723 663
2977 1253
3663 3629
4607 3685
2176 4844
3005 1743
521 4247
3807 1119
653 4029
3563 1853
1915 4371
3161 1241
3453 4467
3765 907
3595 4741
3445 279
125 2545
2467 417
4925 1387
4287 3835
4794 7 45
1295 99
3863 809
3563 4025
4451 1183
2509 4115
701 2375
3825 4331
4811 2299
421 2429
2793 467
81 1365
3025 4489
867 3459
3883 1
4781 2193
3505 1881
2910 4779 1013
3963 1383
4609 1085
2765 4889
3033 733
1165 3201
2811 307
1787 4719
3697 1671
1863 399
295 4675
2665 187
341 3419
3507 983
1246 4840
1061 3267
1497 17
1503 2895
4881 3351
4697 1845
809 3805
4653 3181
3561 3271
2693 1115
4415 89
2123 2867
3695 673
1589 3887
3971 2333
2367 4035
989 4159
1861 4731
2205 3137
2777 553
145 2821
237 87
4611 3803
2139 1861
789 1759
4739 1547
179 4769
4645 797
83 4035
1087 4823
235 4173
4191 19
2503 909
549 3959
4877 2845
1969 4763
4627 129
1371 3815
1131 3689
2839 111
2929 983
3137 79
905 4253
429 3183
313 4895
3865 609
1229 3459
417 4577
2881 4653
817 3439
3237 2101
2029 947
4361 1223
413 2055
4485 1277
3145 1013
1133 3141
2123 3557
4055 4859
139 3087
845 127
1170 4133 1013
1540 4888
2615 4663
779 3685
1934 1117 1013
3107 4607
4781 819
3857 4799
3971 405
1947 1243
4385 221
4561 245
563 4865
4901 4659
117 4741
2831 4725
3611 4565
4701 1877
1893 343
4739 357
85 2901
4881 533
3767 2591
377 4761
2561 3023
139 3489
607 3835
3495 13
1 1909
543 3053
2365 2479
1469 4881
629 4862 45
3963 4365
4541 2535
323 2847
4725 721
3803 1993
677 4353
335 2019
1 133
91 3141
4868 4612
4729 1553
3829 2213
349 1487
797 3483
471 51
4770 2694
2505 4669
2339 161
9 4105
1227 3741
305 4145
4271 1167
4830 355 45
41 17
2211 935
3359 813
145 2955
3825 1595
4303 949
1288 4892
2079 4395
422 4627 1013
2011 3995
1397 4895
127 745
1259 2383
1555 4073
145 3605
939 2991
4735 575
1401 4649
183 1147
1545 4133
1193 4523
1307 1661
3825 277
4803 3481
2235 4699
4367 2119
4591 947
97 2565
21 3525
3527 4345
3413 4801
4181 4743
1369 4861
2569 4865
4911 2119
4805 1115
149 3933
425 1945
2713 21
4877 2535
135 3043
4881 1885
4910 136
609 4797
3067 4911
4689 1023
2137 4239
3157 1289
4677 1229
4787 3883
4065 4361
177 4357
4723 4537
1095 4369
2941 1909
4045 689
4841 3505
1503 3647
4725 833
4299 29
1769 4859
4689 563
3315 303
3305 2377
2441 103
1373 3979
2067 4599
3211 865
3765 237
2851 4270 1013
4733 3371
4187 423
1913 4745
581 2847
3097 1779
1151 4847
2743 1501
2345 4906 45
1085 3823
2757 155
1497 4813
1231 3581
4801 2043
1117 4601
3593 1115
3225 315
1701 3521
4309 387
419 1835
611 3221
4151 1397
4615 1511
1635 1007
3825 2661
4615 1285
4197 867
2819 4569
4711 2741
1901 4837
4389 3035
939 2371
627 4803
4753 4792 45
4815 1753
809 4929
581 2955
4799 2825
2953 113
1647 1587
4637 391
2873 335
2635 1367
4853 3997
125 819
3693 931
1651 1799
4347 3005
4349 475
2497 4843
4645 867
1549 41
4653 2723
4223 1983
4807 3657
3671 1269
4383 1281
105 4615
4865 1691
907 4259
3849 823
1339 4547
1875 4845
819 3513
4761 3015
1335 2807
4425 687
259 2939
533 3537
2641 4695
4075 4721
4891 2423
615 3803
2663 3671
3039 1337
4171 89
788 3793 1013
3071 1559
117 2873
3055 1097
335 2781
3615 1515
757 4035
1295 3831
637 4137
775 4617
155 3989
1857 3
1069 31
1103 4323
109 3117
171 2787
4045 4775
2121 163
879 4761
4829 3895
4917 617
4583 4804 45
1195 941
3367 893
189 3841
79 4105
4165 1269
3207 2713
1961 2975
2975 163
937 2841
2543 217
4777 2463
4469 2541
1957 4575
3665 2665
4747 429
4685 3511
1259 4679
867 161
4659 3243
1302 1103 1013
3163 1829
1263 79
3585 1877
2381 1575
2023 3839
4443 1317
395 2729
531 127
4805 2914 1013
3463 1295
4693 2305
31 3609
431 2785
3047 4680 1013
1909 4837
11 1331
3229 55
1915 4881
2171 4899
247 4789
1895 4801
3663 1123
4795 1127
1231 4639
2885 1017
1653 4729
1553 389
4699 1121
93 345
1377 2861
1315 3191
1743 3157
1749 195
4751 4161
1715 3005
557 4371
3947 991
3953 3063
2065 665
3741 4573
1139 3787
117 2101
23 3749
9 4912 45
2117 1219
4779 2997
3627 1734 1013
299 4651
4777 1717
1029 1329
947 2999
3919 347
3929 4913
299 4831
41 4751
2307 4361
2737 17
137 4839
4740 2765 45
2123 265
2093 141
4047 129
4801 4241
3873 1825
57 2373
45 3591
185 1755
4713 1473
475 4875
3219 4317
513 2013
2371 3155
1757 3
4834 2332
4001 2133
2913 625
4561 381
2915 4875
4001 83
823 4663
3155 347
4447 525
4832 5 45
3861 2561
655 4173
4799 3183
4731 1451
371 1611
2129 213
1701 4079
4521 751
3969 119
35 1977
4777 1265
4921 1067
403 3193
3 919
2249 2993
403 2641
4703 3125
4451 71
3723 53
2228 949 1013
1373 4677
3831 1089
4689 557
4249 4657
3439 1967
1139 4203
3630 4750
4903 985
3919 1539
539 2311
4159 953
4393 391
3493 4850 1013
3173 1061
1469 4097
3061 2901
2237 339
2917 45
3593 115
4615 4255
207 2873
2565 3189
705 4867
729 3559
4535 1501
4111 1297
465 4817
4191 205
971 3063
91 3603
3435 1329
365 2641
2227 1827
781 3073
2585 4297
4241 1833
3349 4405
4901 4471
264 4790
4095 685
7 4904 45
2593 3631
1497 4805
293 4311
4797 59
4593 293
4737 111
17 4341
1385 3849
201 2103
525 1035
529 3617
2713 4361
2813 4745
1057 3235
4291 3219
31 3805
311 3007
2949 1625
3335 995
2997 253
2797 1979
3249 1963
3479 4821
2225 27
3563 1635
93 3721
1161 4341
699 1703
907 4907
2273 579
4819 371
1381 4539
809 4011
1347 4657
1311 4813
2683 1291
4601 2461
365 585
4387 2895
567 4627
3201 21
1387 71
2097 4389
879 4907
4734 4363 45
295 1723
2245 4513
409 2521
507 4669
4207 87
1847 4889
3955 27
2931 261
4083 391
133 1243
2403 4709
4775 4115
3863 517
3949 1741
4837 1223
1382 4902
3223 3825
3651 1567
2439 4875
2355 989
4881 671
3803 2061
3979 1091
4891 1799
2045 4885
4145 1119
951 4293
251 3561
1439 4401
3293 4091
4585 531
4801 2133
409 2163
1497 167
453 2403
4467 1589
3487 2023
4521 617
4651 2417
23 1167
4307 4885
2081 4255
3107 5
3339 4813
1445 3967
3047 4209
4339 2645
1651 2495
983 3859
3223 3851
1667 4735
165 3427
135 4909
939 3377
4435 4859
3847 13
1313 4335
2461 527
2867 7
4327 1519
1817 4463
4459 2775
2121 1073
2189 677
2971 1833
3607 2091
4311 1379
143 807
4321 1667
4829 451
935 4737
3353 369
133 2809
2491 3699
709 3315
997 1837
21 1579
4801 1425
3470 4732
4131 13
4531 933
4613 35
1855 3557
4727 445
4569 1597
4207 1855
3991 1643
3329 1755
2793 1579
2727 4559
225 4399
555 4449
1241 3849
165 4025
4869 3771
1711 4343
2183 3471
1979 109
773 3407
569 2757
3911 23
1957 4419
4191 1209
2951 4821
4651 1431
183 2979
2461 3407
1469 3051
3315 4467
2157 1887
1303 4553
4735 4493
381 2769
843 3147
1473 3327
785 241
181 2073
807 4771
3389 1513
3733 1755
3991 1291
607 3811
4057 817
499 4499
1577 3961
4914 3343 45
1507 2345
1747 3697
2473 1391
409 3725
417 4467
2829 313
4277 2605
231 4703
299 4349
4541 1231
991 4615
2469 4855
3375 651
3391 927
3033 395
121 535
2349 139
1635 287
3057 917
197 1795
653 2221
317 2463
2917 2037
3975 1
1993 3679
79 4499
1331 4741
2587 3567
3111 1123
3849 3319
4861 531
4427 917
923 531
4071 1779
84 3071 1013
4695 2585
25 4193
997 1609
1381 3181
3419 1415
4755 2451
3457 1341
1087 4837
429 3421
11 147
4897 115
2939 2069
783 4403
3363 525
65 3679
115 4251
4269 1751
1525 705
3897 221
4734 2451 45
3283 1571
729 3689
471 3735
737 4517
265 751
2497 3851
3381 1607
4911 2511
107 2083
3473 721
2309 897
4771 293
1709 1127
59 3461
3283 483
4925 2567
4193 887
1511 4191
4675 2405
4221 2013
4223 369
353 3949
4775 1819
4812 25 45
3229 73
2095 4357
1633 4097
2684 4818
251 4727
73 4633
809 3123
4882 2670
1667 4545
377 3117
3541 1
2965 4831
3597 1473
461 3609
4875 203
1929 425
1157 4537
3655 1889
1385 4121
2867 437
1045 3585
4239 861
3149 115
1553 2957
1029 4695
2175 1267
2693 4265
3967 33
921 2535
2795 4457
2281 4437
1555 4853
21 2147
3143 35
2201 103
1571 3577
2671 917
4055 1969
1735 3331
4833 2987
4407 2231
63 3585
3819 475
239 3187
1119 3559
15 4695
2615 555
4543 2501
4353 177
537 2067
4915 189
2273 1848 1013
713 4237
1471 2849
305 4093
191 3085
4782 1233 45
2759 4011
2419 4679
2025 915
1159 119
2769 393
1323 2381
4711 3303
3509 2347
1393 2087
691 1801
691 4917
4713 897
69 2379
779 3483
4179 4889
441 2233
4285 101
3333 4637
801 3965
1403 3285
3983 503
2999 3965
4001 173
777 4761
4841 987
4425 2013
2061 4693
4139 1277
3321 1375
141 4895
1315 2769
157 2877
3945 1389
1106 4780
4711 2635
139 1561
4611 3529
3283 2399
755 1933
1621 3899
2649 4764 45
4043 2273
2139 4407
1533 4548 1013
4467 4881
1235 761
645 3567
273 4477
2271 1101
873 163
1591 4789
1699 23
273 4919
659 3635
4703 675
1683 4049
4173 2547
619 3249
3811 1613
3727 1023
487 3945
4609 17
3635 2405
355 3847
1767 2993
4739 621
4779 2573
2773 1329
2491 4375
4111 131
1307 3037
2123 115
1035 4005
4863 1429
2885 317
785 3781
575 4341
347 3567
763 3013
4835 2835
121 3067
3851 191
165 4001
1737 4263
3437 1093
1263 4445
83 3623
659 93
2921 4029
1189 4755
299 4717
1085 2455
4227 443
2011 1379
31 4219
4847 805
1807 209
1967 237
4907 4013
1913 347
4513 4695
4533 263
4777 1837
4239 2577
667 4147
4795 4723
1715 1323
4129 1073
4853 3601
1113 3017
1491 239
2985 73
13 4729
2947 4589
4279 3571
4693 1329
1849 323
4909 1459
361 4331
3927 1833
891 2633
985 29
4131 1051
4623 1597
4863 4059
3241 21
3197 487
165 2991
4770 4198
4841 703
4183 3624 1013
1743 563
3819 1315
37 737
3223 4927
1983 3965
99 4225
4891 605
385 4779
4901 4501
509 2309
3133 27
2141 4075
3087 4699
3739 115
4927 1335
4203 1625
3931 1449
1065 3273
947 1957
2853 1051
4279 15
4617 2689
4423 879
2219 55
1307 4779
1015 4491
4093 1387
671 2475
4637 1431
4741 3509
4003 1733
573 2921
4595 5
4302 4742
4502 4910
2295 1085
191 3239
1115 4515
1725 5
1305 4897
3359 1533
4723 2277
3752 3381 1013
3087 1429
4765 555
2423 43
3169 1573
3533 543
3783 1051
4811 1589
687 3479
3775 2541
1153 4672 1013
4181 315
81 3853
695 4735
3941 707
1537 4017
1617 3521
2293 649
1813 3133
4910 2075 45
3543 705
2727 4383
4377 1049
4875 87
421 2651
1907 4773
4930 3244
2269 553
405 3273
4233 905
1261 4889
1991 4059
3173 587
4697 1455
127 4801
4904 1854
4633 1055
4899 193
3583 193
4069 111
243 2169
1693 156 1013
253 3197
4791 723
2347 4685
3877 165
1729 4909
1973 4807
2213 575
4571 1709
3589 2953
3231 419
2235 117
4929 2307
1721 4627
3963 4913
3963 141
4597 377
4809 2141
1367 4863
149 3619
13 1869
3223 51
1887 1681
1119 4009
1185 4923
4764 29 45
4667 1347
4113 317
4229 363
759 2667
3311 257
2925 89
3197 77
2479 453
4759 31
601 3805
223 3165
3391 653
3935 127
355 4641
27 2303
4229 2039
4834 1027 45
797 1967
1613 3953
311 4469
195 3127
237 4375
3743 4823
3470 2649 1013
4802 2854
279 3721
4691 1617
4809 1831
3162 4914
49 1855
4089 803
4749 453
1373 1572 1013
3989 807
407 1431
4081 109
1797 4183
4577 4867
4865 105
4621 2501
4441 615
907 4932 45
4269 205
2257 4621
43 2362 1013
177 4663
3589 4751
2497 982 1013
4643 233
3517 1483
517 4919
755 4649
4891 337
3401 1839
975 4823
361 3337
4657 185
4659 4681
3717 2609
2539 4403
289 3365
1621 191
4571 215
555 2107
7 3943
4507 1607
4175 1253
3289 1481
3819 521
4799 389
2669 987
2565 2546 1013
2036 4818
3635 3
985 2671
4281 4695
843 3527
2287 4025
4737 547
661 4311
3197 765
303 4927
1 2285
4915 2687
3627 777
2385 4547
2715 811
855 333
4643 59
665 3721
659 4289
1497 4867
2869 2445
1127 4885
1885 3137
4929 2455
4353 4796 45
93 841
2839 937
2163 3795
4791 803
1893 3321
3291 705
4385 4837
297 3119
3721 1909
4577 2153
4131 159
4339 683
3247 4799
1071 3517
4355 1453
4759 3439
73 1911
3617 1957
3853 4891
4081 2459
1105 2141
987 4455
1899 4915
2029 4747
1645 4629
3513 1973
209 4519
4815 2941
2843 267
4105 507
4887 4355
2255 4865
4793 2163
4851 2571
319 1623
3 4363
453 3283
429 2993
115 13
4683 4487
1279 1537
2685 4383
2859 4677
4463 145
1049 3189
2579 4893
4862 25 45
3067 3845
4565 4345
2321 4445
2345 4559
3533 785
881 4079
1525 4925
213 2985
3651 247
4301 2259
3607 2459
165 3977
481 4840 45
107 850 1013
4825 313
4541 3555
1279 4829
563 4545
1127 4765
4689 3741
4571 1807
4789 4285
3439 1839
4857 561
3009 4523
2539 3313
4909 2839
1013 3951
2053 4685
4791 321
4453 1577
2625 3277
1449 3361
17 3049
3371 4375
1637 3195
315 3587
3883 4729
2015 4889
586 4864
2849 91
1335 4069
259 3923
293 4807
4719 1127
351 1451
621 3495
2689 4711
2618 4746
2027 1489
1097 4011
867 3071
2161 115
1695 2617
4579 1473
283 3563
1657 2929
1939 3757
3573 275
1969 651
625 2589
1063 4833
3283 311
4869 2793
711 751
1855 4393
4829 319
4891 1343
2637 4709
3972 4902
1369 3865
1431 4851
3555 4488 1013
1371 11
3915 4607
3123 4441
4897 995
3761 3069
79 3763
69 843
653 4835
4855 4667
2261 4705
4291 739
781 2357
3223 2747
685 4829
4923 1995
2977 371
3341 4587
1601 2927
1471 113
4760 3762
3827 4921
4860 3401 45
4549 3131
4619 1787
401 2093
673 3881
2255 4699
3179 341
201 2947
4535 831
1523 187
4721 3041
35 3505
59 1221
209 1751
57 2213
4675 4865
1715 221
133 3775
467 2345
4883 3235
3325 4839
621 3549
3765 1455
4909 4912 45
4723 1767
3669 1363
2943 437
3131 725
1327 4533
4425 291
43 4643
4167 433
1799 3887
4853 1219
3941 199
3531 4605
4547 1033
449 4565
4543 2497
4872 2698
2855 4591
4797 729
641 2359
363 419
907 3741
2817 343
3249 257
3607 1827
2851 3245
4383 2033
201 3049
131 4869
915 2701
4711 1281
323 2323
1659 3241
3865 453
49 4461
1719 2311
2117 2907
2897 925
2111 3995
711 3793
2871 4848 45
2175 4835
1137 1929
2517 1769
4400 1557 1013
2617 857
4547 469
4711 2443
959 3427
3543 4151
4815 4457
3381 4477
35 559
4621 2293
4915 619
4551 1029
3389 717
2453 4701
2915 773
1929 3671
3795 2703
3553 385
3969 1203
2449 3465
5 4435
853 4841
1249 4619
1563 2689
4785 1691
1247 4905
1563 4683
709 2237
4768 3619 45
3717 177
2727 215
3253 1113
1101 4623
2403 4235
2433 4763
489 2149
1415 4772 45
4811 2797
189 1903
645 3087
3867 4855
3297 4297
925 3451
4137 2391
4557 3171
961 3133
57 3035
469 4905
4355 1019
3823 547
753 2489
337 3389
349 3291
3353 2033
3825 1883
4745 1345
4627 995
2587 925
4906 78
1059 1623
3665 1437
4669 3817
2435 769
3503 463
2047 4857
4789 1537
1673 347
4021 1027
1233 4237
3745 783
4877 349
4910 68
4727 323
1981 577
2961 367
4651 3669
1109 4899
3369 717
4829 1017
1283 3531
1057 3417
219 4283
2439 4629
3193 399
2949 1027
185 2805
895 3899
935 3439
573 4703
2877 2023
3513 3935
1651 3389
4763 2403
875 3145
2355 1005
3435 283
2473 331
4557 3345
4353 4893
703 3717
1469 4289
2825 1123
31 4750 45
4818 940
4859 237
2493 4681
4861 1025
4627 605
4371 1045
1053 3349
379 2899
3437 2249
3870 363 1013
2723 1001
4361 2707
2891 155
2951 899
2323 3213
2019 9
3547 1533
4403 1139
1399 4819
1111 3549
3540 4887 1013
4773 1983
4885 1573
1429 3423
1165 3881
2157 3
629 1949
795 4721
2823 357
2051 261
1657 4057
47 4813
111 3299
3657 1243
293 2117
3391 307
2243 925
3513 553
2159 2935
3565 585
497 4899
1355 1641
4849 3561
1867 867
3979 1052 1013
2855 4655
2827 4505
2723 1517
2303 743
4895 3377
3185 829
2699 4625
1993 343
2643 2337
4555 69
247 2317
1375 621
1237 4683
343 4859
3813 4777
3251 1279
1361 4309
4251 1467
3173 471
413 4813
327 4053
1361 2935
1034 4866
3815 1875
4843 1129
3417 1313
4883 1055
3745 1581
2232 4850
4655 961
335 3953
4741 3081
4355 779
1071 4511
2517 107
4719 1791
4439 3111
221 4795
4141 331
375 4025
3643 1749
849 4645
4818 3745 1013
3395 2093
1965 4565
4829 2173
3991 1163
1869 4785
2485 215
2793 503
3625 1133
1207 3305
4331 1897
1763 213
2231 141
2109 3503
4123 1755
741 2881
4217 2605
3007 4077
4837 909
3025 4813
3847 871
2681 1917
3905 75
115 3621
1227 3825
3203 465
2351 4303
4703 2197
2365 4823
4289 435
4193 1671
178 4794
9 4730 45
3279 1811
1585 737
1743 4539
2771 329
1605 3661
97 3501
1019 3025
3971 1717
1443 2337
65 2557
135 4681
1013 1879
4211 2097
4805 2447
377 3869
3757 579
351 2909
3003 1201
915 4583
7 4922 45
2939 863
4101 317
107 4877
2939 2327
4657 687
2277 3773
1141 49
317 3885
4715 4435
1175 2237
3165 743
639 4763
461 3915
1891 177
901 3191
4234 4918
603 4601
1393 3717
4387 413
669 2397
1073 3379
4899 1749
4643 2837
2159 1879
3423 1985
4213 4321
4827 2857
1245 3879
1745 4127
1149 4901
4923 2133
2671 4161
4317 1919
2701 1855
3453 1731
159 2613
1365 135
3887 4211
1939 2661
1545 4557
237 4837
1827 3543
405 4609
2907 4657
927 17
4499 1597
1193 2707
1381 751
1701 2823
4533 3211
2811 4557
4857 2821
359 2623
587 3493
1535 361
3951 729
1787 4643
1 4349
4287 2435
2267 327
903 2893
139 1431
759 63
1149 2405
4133 377
4857 2507
4875 33
4241 481
1517 145
376 1151 1013
4839 943
2975 3377
4529 2017
4801 1263
251 1531
35 2493
927 3697
3623 4605
4896 2873 45
2891 307
4035 1267
4685 3063
1643 4231
4391 865
3301 2095
285 1945
2743 3853
4137 111
1243 3055
3161 947
4779 1377
3417 195
2199 577
867 3907
3231 2109
3659 293
3989 4849
2895 1519
873 4437
2665 227
2679 1073
3137 1647
1855 3233
4095 1025
81 4375
2739 2157
2509 4705
157 3167
3529 787
3263 1503
3169 579
4910 3398
1505 1587
1399 3525
2195 4381
1099 137
515 3925
2321 1679
3839 339
3861 1991
1807 1041
4705 5
3679 3
2641 285
3059 4835
2701 3979
3707 2169
4329 757
2903 3219
4795 39
641 4797
4491 1383
4817 743
2273 27
3115 1425
1559 2463
3251 1039
2895 1053
4491 1431
309 1809
2035 223
3837 109
3543 487
3215 345
4293 869
811 3581
4756 11 45
501 3631
1609 4743
4561 2551
4179 83
4931 2099
3763 15
3435 51
4435 1729
4269 4895
2125 35
829 5
2139 4791
1955 3589
4315 1455
1669 4762 45
2877 251
4649 613
621 4803
4097 1579
543 3013
735 4289
4693 2795
1319 4897
4379 2333
3761 4637
689 3443
3745 149
163 2603
4697 2271
1429 2625
4717 1603
1645 479
2329 43
35 4753
1131 3507
123 3495
4741 2255
2585 3509
4852 29 45
3305 271
4535 1273
3505 2271
75 4285
371 3543
3433 1929
4161 4837
2925 4583
3353 4803
1071 2095
2677 235
247 4573
3479 1433
159 3942 1013
1845 4157
867 3005
4717 639
4915 627
3495 1265
2915 557
527 4725
1117 3179
721 4859
2845 4773
1383 3871
363 4741
4931 181
3933 903
871 4853
2995 4251
3955 1571
4457 255
1139 4607
4309 1533
123 3265
51 4861
271 2149
723 4009
4011 777
4137 909
4827 4527
4743 417
3631 489
3021 2009
61 1367
3109 3813
4743 1287
4923 3345
2462 687 1013
83 4439
2607 3731
3347 541
53 1175
493 2365
1541 3431
1783 2121
3911 2259
1683 3139
2277 103
3545 3027
4233 3427
3763 1319
4627 4913
4871 2505
597 2359
4591 1275
691 4863
4799 1977
3199 4655
3227 4807
3215 4003
173 4477
9 2933
4453 423
4403 2781
3595 2201
1761 3863
1847 145
1835 4647
677 2507
437 3731
2949 4471
4868 2010
1015 2683
3541 1343
1691 659
2285 249
1515 3991
3371 2851
2973 763
209 2423
1069 3307
219 1189
3967 897
1057 3335
133 4681
417 3683
371 3919
207 3509
2121 3625
4792 2628
19 1147
3421 4077
2065 611
2841 473
1315 4751
365 4641
99 3317
81 3837
3981 1667
1373 3515
4221 2223
1417 2367
1003 4515
2277 1103
575 4093
1651 4631
4762 1554
4741 3961
2861 403
4355 2465
4925 4679
4735 783
249 2533
3285 1551
85 3725
4035 1907
2415 2483
4906 1638
4851 1755
4898 4214
951 4893
1661 285
241 4275
4689 75
2205 39
677 3057
4719 3641
4825 3691
4603 3261
1961 1233
55 3301
565 1213
2445 861
4903 15
3317 37
1905 271
4725 395
4893 3427
405 4591
3229 1155
667 4741
11 1971
3479 4787
1035 3497
3955 1755
523 371
4893 963
3569 1101
4735 3091
863 3025
453 3239
3925 2091
91 3239
4441 2363
2933 4805
2553 4497
3313 131
1421 3781
3789 2431
667 4703
121 4653
507 2701
23 1769
4547 4757
275 1147
1895 4167
681 4627
3349 2505
3291 4729
45 3217
569 25
2935 4431
1941 4465
4001 2015
1647 949
703 2613
4675 789
4291 4885
1427 3097
4765 39
2440 4760
4685 3189
3983 4685
1213 4605
2959 3615
1789 4519
3606 4906
2401 4283
3569 4731
3315 2389
4383 273
487 4685
117 4277
1297 3765
1773 399
1909 957
3505 2017
2055 4841
2453 4669
4739 2691
3091 1257
281 4747
3817 1475
3485 1879
1707 4609
3851 1145
3311 4255
537 3761
1959 2693
3311 4879
1073 1843
1919 73
33 4803
4389 485
301 3173
1971 1358 1013
4814 2588
3945 1347
3069 1339
4743 4209
3903 4213
1197 4189
3723 3523
2029 4829
4397 1851
1767 4639
3601 1595
4861 853
4057 275
3541 1357
3991 1905
4623 1863
301 3
4827 1435
4197 603
4651 3675
2481 4267
3987 4495
1853 571
3643 4701
289 3657
1137 2881
4909 3453
4593 285
573 4197
4871 1897
1825 3889
4471 477
145 3509
885 2627
3657 941
4409 555
4601 3839
2141 3339
351 2117
4631 63
4835 2997
1183 3387
1305 4345
3715 4799
565 4895
413 4121
475 4779
3985 105
3901 2459
4893 1383
1515 3153
4838 33 45
4071 71
1815 3853
611 33
4021 1623
4877 217
4491 2589
4391 2551
573 3583
2253 3657
2457 3147
49 1725
1071 4079
4889 2565
237 4441
4809 793
4233 2353
1083 2913
4669 213
2663 2377
4441 1025
2347 4895
1737 1077
4067 1787
4147 81
4377 3251
351 3625
79 4255
2789 1431
4437 1051
2631 3502 1013
4337 4647
657 4607
451 4519
807 49
4789 4011
1591 19
467 1659
1049 4203
227 2421
4543 2705
3695 333
4507 3905
25 2929
75 4847
3653 95
2181 3687
7 4890 45
3397 963
2747 1355
4699 3115
4848 37 45
923 7
859 2961
3613 1142 1013
4583 307
707 4515
2821 507
4327 823
4209 803
1614 4882
2349 27
4625 3753
759 2927
4321 1945
1339 4525
4643 171
143 4193
2083 4233
469 4755
171 4883
2879 377
2097 2084 1013
4909 911
4775 391
2087 4587
4787 3075
2439 1063
4837 467
4023 3153
671 3791
4727 1305
771 3943
4846 186
1517 3079
391 4251
2163 4849
1481 1055
4699 2005
1269 1937
9 661
4417 541
2585 4641
4245 2331
737 2387
4491 2419
2405 143
4903 3235
4313 4915
3243 387
2819 4703
4617 887
549 399
863 1355
3557 2671
1151 3207
4787 1097
4409 734 1013
1525 4695
63 4119
2777 857
4475 823
3329 4905
141 775
949 1687
1647 4441
4217 123
13 297
3557 439
4739 1629
2493 2513
1293 3403
4709 313
177 1905
695 4033
37 2335
1511 35
2727 1097
4059 1351
239 3869
1833 3415
1169 3133
899 2443
3651 1147
2455 773
4905 969
3717 619
4045 429
4143 1211
3783 4930 45
621 3811
4931 1207
4872 2121 45
1151 4667
1417 4541
2535 4421
2223 3211
3877 175
4635 1769
3289 571
2557 1039
3256 981 1013
189 2893
25 2157
1153 4335
3695 193
3925 463
3437 131
457 4471
4117 3
4789 1459
3847 367
363 2853
4013 69
2165 3087
933 4283
3315 3051
1639 4741
4265 4621
3215 27
2619 715
3419 1043
91 4693
4553 315
4838 21 45
1999 1901
265 4183
3755 703
4137 1185
3449 2387
1499 3035
3399 233
2121 115
35 3999
3797 39
355 4189
1267 4397
283 4211
4893 827
161 1043
1967 4563
155 4069
3689 119
3755 2549
2095 4869
4863 5
3 3777
2685 4721
4573 471
4187 4639
657 4465
217 1883
4795 827
73 2279
913 4289
2741 3361
2749 1995
2379 4793
4649 4771
4931 2783
1055 2145
4223 1917
3643 1799
3289 829
967 4837
1493 3689
1777 3407
3595 1027
5 1625
789 2497
4003 2135
3691 2579
1481 4873
4325 4633
4211 2469
65 2097
4469 165
4781 2219
4031 1503
2993 4711
269 3415
265 3421
3715 1349
3 3095
2997 339
643 4293
2877 4819
145 4023
2283 1137
203 2811
219 4875
3735 1653
1451 4215
2997 407
161 2493
3119 4570 1013
887 4731
3577 1377
973 4195
4001 3067
4917 463
409 303
4585 1037
103 3265
1509 3561
3753 475
4557 1177
337 3291
2167 4025
1545 4695
3381 4817
3141 955
3281 4579
4843 1713
4569 827
59 3793
441 3196 1013
2375 3669
2707 95
3477 4735
221 4179
181 4065
4481 129
4347 645
1929 2781
1893 3571
1687 1955
3961 531
379 4765
4857 3091
4899 3105
1359 13
1781 437
4363 1481
3711 91
4395 183
4661 759
1279 4417
2945 4667
4397 4189
1048 3955 1013
2073 463
771 3447
4099 1279
3631 255
3023 4871
61 4829
4375 1301
149 1293
4287 1423
2593 4923
4071 421
4783 3709
3581 1553
121 3185
3453 4791
4039 963
133 3919
3761 1295
963 1829
4259 1395
3843 1405
4695 703
1165 2377
1123 2783
1259 3603
4800 1 45
4673 101
2837 1047
883 4357
4181 185
3987 1705
753 3189
4749 155
4029 27
4347 1033
4529 1101
1919 4189
805 119
135 21
2923 25
4593 25
3431 1415
1809 3423
347 4921
4637 3395
565 4695
2157 4211
2235 55
3587 977
51 4837
4900 1609 45
327 4863
247 2309
4723 201
3457 4731
3949 1009
2259 795
3697 993
1653 4101
1051 4047
4929 63
65 2803
4857 857
3171 1017
207 4793
4815 763
411 4693
1977 4337
2893 619
211 3345
373 4681
1623 4367
849 1849
3979 2193
65 3381
4677 2167
611 4177
3079 105
2403 1857
3553 3799
3173 3839
1121 2385
4409 1283
4397 1725
2431 1185
75 4755
1155 21
771 3873
227 3615
1209 3385
947 2255
519 3197
2863 417
3741 3347
35 1481
3013 1011
4923 23
4899 2049
3193 63
3983 127
213 3553
905 3995
3101 93
1903 4165
3049 4093
837 4759
4849 1397
1923 4357
3781 809
39 3699
1713 2985
365 3373
4892 17 45
705 3825
1311 1245
2901 3789
1479 4919
2653 3801
565 4869
4931 1885
2055 229
2243 394 1013
305 2429
3845 4849
3801 2553
91 3133
2499 625
4573 1307
3 3395
4027 449
71 3833
3141 941
4437 727
2203 2821
3093 1041
4793 2603
4373 4697
871 4767
3347 599
4857 3351
59 1463
211 3715
3377 2537
2777 4813
3961 297
335 4563
823 4193
4689 2907
4277 489
2355 1877
4267 463
2623 655
105 2305
1779 4915
4161 1767
4409 457
3837 155
1763 4679
389 2855
1893 4171
105 3959
3969 4667
3805 2975
2151 4035
2533 4185
4649 1605
2681 4599
1643 3549
2767 3387
1017 3783
1849 3159
249 3813
4689 847
1025 2967
2345 3459
4735 3895
2037 3309
941 2065
467 4105
345 4529
2357 31
835 4107
27 4756 45
2341 227
331 1907
2043 4819
1829 4747
1897 61
119 4019
889 35
4779 311
2711 1843
3389 37
4757 3375
4071 1311
2723 17
1923 2423
2878 3041 1013
3431 999
3755 2147
4693 1327
2575 4813
605 4561
2509 2243
4293 351
2769 4733
1387 4887
2829 4783
4844 9 45
651 4021
4019 359
1979 197
77 3829
1283 1551
3185 831
4727 1335
339 3405
4753 1401
2413 1025
113 3711
4923 19
117 2905
492 1113 1013
3989 379
1157 4639
213 641
379 2635
3615 4847
4631 1703
1601 909
1823 3467
1018 4806
913 3149
2607 3961
53 3675
4297 3423
2505 3717
855 4913
4671 585
1801 3395
4857 495
2733 2513
361 4637
977 4595
4831 311
3645 1089
1151 4587
1881 4831
3991 693
4766 440
763 2587
491 4667
4693 4887
1495 389
4621 543
29 2983
3973 251
1201 3955
1096 4812
4777 2119
4735 121
2533 4847
3135 321
1621 2807
4735 3569
4149 15
3855 2755
3624 4425 1013
4917 499
863 1949
3391 203
4547 677
1469 3765
1919 4095
917 4295
3709 1173
876 4852
1095 4807
295 3739
71 2145
643 4733
1259 623
1227 3467
1443 3795
685 4521
137 2397
3077 1477
2757 4537
3783 2479
4535 1709
385 3857
4787 185
9 3039
2945 1627
1319 2157
4749 1967
4393 1651
2581 4547
3971 521
4759 2821
4852 2846
4423 441
1755 4821
4838 29 45
4089 1241
3685 1921
871 2343
4033 821
1097 3507
2413 1441
407 2451
4025 2065
4185 3
1285 4825
1415 1039
2157 19
29 4435
353 3259
1141 2675
3991 1177
662 2205 1013
4629 727
151 2043
1349 4843
3241 4665
3491 887
2245 131
87 3001
2235 533
1673 4825
3569 1583
607 3721
1523 3311
3723 3093
3 4223
1599 91
69 3239
1445 4889
4752 2414
3247 1977
2847 1823
53 3727
117 3981
4907 651
4914 1918
61 2411
719 4293
4467 4021
1335 3957
4335 2265
3795 301
765 4795
357 4635
1487 3043
2865 3585
3525 13
4807 1453
4858 440
1281 3753
3077 1401
93 2251
61 3057
4813 1943
175 3369
2119 4817
1665 4663
4825 705
1835 3225
83 495
4901 1677
679 4015
2545 725
4923 1863
117 4729
501 2101
3563 763
183 3711
3547 215
4405 1895
1711 3289
101 4313
3261 1277
519 1877
23 4746 45
109 199
4903 1997
4843 3783
3649 4421
1019 2725
4609 1885
1801 181
1173 2131
3303 441
769 4395
891 589
4882 17 45
4817 115
907 4455
2643 3879
3397 4931
551 2175
2143 3757
2703 1185
1037 3047
11 2219
2711 3593
1067 3235
585 4409
1873 4909
4919 933
35 2979
879 3977
4777 4519
2805 91
25 3859
157 3517
253 937
1745 4055
29 2249
2823 89
3527 2521
4727 1167
33 4489
4673 2169
3633 2641
4705 1089
4305 2057
2977 661
431 3755
2943 4705
2687 4749
3957 4815
4289 69
4009 671
2287 183
1283 4863
1983 4869
3665 185
1309 3659
4369 1367
1851 4697
4803 4629
333 2179
4795 169
431 2725
2665 4475
395 3559
39 3667
4723 3213
723 2719
4391 1037
133 4281
401 4317
1193 4929
3959 895
2995 527
4149 1753
11 3973
4805 1965
1915 3619
581 4671
4351 2883
2897 2249
5 4227
3753 2221
1811 4913
4039 1177
3171 863
847 2439
4131 407
2123 3175
2467 4045
2529 565
55 1853
3959 1379
3103 783
3833 589
4723 111
4577 1989
1039 4097
3539 707
4243 935
3435 1261
2903 381
1271 4305
17 4597
4695 2793
4697 2353
857 4033
377 3607
4579 1089
2687 1813
3303 3863
577 4177
3699 4353
2527 1077
943 4141
4859 635
2503 4099
791 4063
2465 597
169 4421
1981 183
2253 1657
459 3629
1785 1137
117 1033
3643 2717
4891 2693
3099 3229
33 3393
4171 1789
4861 3077
1585 4655
4859 2865
1383 2805
4531 391
3169 1631
4059 4533
4821 279
2491 1413
199 2741
1739 3699
1347 3861
3011 4759
4663 2785
3787 2624 1013
4355 2825
175 1313
1315 1887
235 4207
1057 1553
4359 761
1917 3283
4573 667
4341 615
1175 4709
4749 53
4755 569
1287 421
2025 3981
4555 669
4715 1231
1115 2713
2345 477
854 4822
4677 445
2709 4509
923 97
4117 2087
4417 1335
1481 4771
2915 1517
4863 1043
3755 4751
3237 4879
75 4841
3525 4733
4867 2443
2993 1303
241 4137
1633 4509
4503 707
2787 4826 45
4833 119
3308 4916
3577 4371
1459 2281
4347 3085
2329 4745
3141 2203
697 4665
827 4189
3601 4769
4553 1437
819 2855
339 1667
3673 569
3667 75
2209 4671
4671 1073
3111 1949
567 4489
911 4121
2249 335
4031 1529
4795 2595
4497 1763
3287 2961
35 4515
3933 1561
1309 793
1225 4445
5 779
1919 208 1013
3601 1079
903 4061
4523 175
5 1925
1165 4697
4659 51
4473 2531
3329 4929
4121 3639
3025 1085
4751 2283
293 1931
4787 2089
703 3557
1421 4343
3909 571
1949 73
4411 381
4617 3805
115 3505
1271 3743
4481 893
143 831
321 2513
837 1953
2827 1389
2023 4523
2769 77
3733 363
3131 459
4309 1141
4307 4929
4321 2353
4799 4307
23 1293
573 3907
4810 150
547 1405
2867 1053
2747 4077
4693 1499
2487 1685
1983 2897
1431 3495
1324 4888
3601 4783
3279 1581
4251 1689
4519 2983
4293 461
2575 4779
611 4537
621 3187
4681 569
3797 17
2147 997
4769 757
4616 3535 1013
3909 427
1223 3295
2499 1049
301 4603
4737 2973
4417 171
1769 659
4924 2036
949 2475
2517 4231
4773 2959
4503 2643
1085 3353
1775 4581
1383 4583
717 4363
3009 267
4561 115
1321 2551
1075 4809
1999 21
4699 1607
4017 641
1961 355
75 4559
4119 2197
4111 517
3555 3365
3599 1167
1009 4853
4701 743
1261 2847
4723 4283
245 3643
3497 41
761 4327
3123 465
3623 4895
4393 479
2397 4775
2187 183
899 3155
4605 2335
3515 11
4771 1565
1471 4369
899 53
609 3841
1611 3790 1013
2063 4731
3779 1489
4797 3889
603 4531
4917 1661
4797 231
2393 4063
4655 223
3687 769
4861 3583
3743 119
1709 1085
1233 4701
101 3685
3335 889
1281 3105
3667 2415
2877 989
2537 4357
3891 4405
1187 4489
4855 2229
181 3941
3115 287
4683 483
4783 1377
4221 2879
1349 239
989 4817
659 3053
517 3607
2353 4273
73 3975
4919 641
3947 1599
4855 1979
355 4671
3277 4921
4681 19
3191 353
3925 1377
3979 4663
1207 2675
779 4847
684 4837 1013
4513 39
4731 4429
957 2035
1373 3199
2573 3159
4751 1639
3341 719
4155 1343
219 4803
3439 677
4109 971
3253 2471
3049 4503
1961 77
4383 1031
3735 205
3711 387
1055 4559
3843 437
181 4591
4825 1927
2803 2845
1003 4899
4897 2551
1829 2475
2765 3385
2167 2687
1843 3535
4001 1637
4297 387
651 4203
831 3527
383 3639
897 3667
2797 193
3229 123
2373 163
2125 365
2813 263
2395 3757
1923 1197
4163 2491
1617 4737
15 2097
4809 129
2535 373
2285 61
4469 2565
4837 769
4583 219
4891 3831
2737 4105
4177 67
4301 345
2655 57
2597 139
3203 2027
23 2127
4867 4569
303 4871
2655 2259
4483 3357
871 4113
2105 4569
1041 2709
2011 4371
4525 1503
2505 3781
595 3673
4717 1229
1071 3153
1897 201
4763 537
4623 2553
2759 4607
3659 25
1051 55
3807 1581
3145 4711
4811 3005
4405 2269
1777 4843
29 4866 45
3683 1771
4815 1539
3 3373
4923 2577
2369 339
73 3823
3515 3829
1301 3993
1239 2505
97 3127
145 2441
4797 4363
89 4085
1545 3199
2289 4841
3915 3069
4903 4097
489 3061
1917 4433
917 4927
27 2651
1219 3535
4269 3235
3783 4735
637 3657
303 2719
167 1537
4611 271
3055 449
77 4745
4023 1909
2335 1233
73 1161
2261 4477
3707 2701
4573 2853
767 2405
525 4493
2905 4659
2029 271
3215 877
303 4891
4781 1007
4703 19
4783 333
2293 1089
2657 4297
3449 4151
4153 3474 1013
11 4784 45
3557 39
741 2105
4879 4473
585 4755
3121 1553
4097 2041
1693 3
3199 4639
877 2753
4912 13 45
13 4832 45
4699 179
1079 4317
2385 2409
4015 59
2321 4615
519 1325
3351 49
4841 1907
2147 1169
9 1047
1715 3279
439 4887
1525 4483
1089 4915
1667 3597
2813 3799
4663 3079
2551 1841
1679 3407
3761 401
1163 4569
4213 1477
4757 1087
229 2829
515 4707
3981 3313
133 3111
4597 1465
3303 3965
2723 3999
769 3401
463 4865
943 4233
1661 3929
735 4879
2579 517
1301 4615
3753 1911
4741 1237
4369 4555
3362 4860
957 169
1047 4333
4187 3477
4279 1071
4087 69
2149 4737
1219 4757
2373 805
385 4163
4409 4759
1063 4163
1807 103
2913 239
43 3131
4531 499
181 2723
4527 993
345 4551
1363 455
1809 4773
589 4281
2469 4691
4687 2181
19 4195
4925 1337
4823 813
3787 1395
157 2317
1749 535
4765 3039
1199 4007
1297 3901
2595 1245
2997 1419
2423 4895
13 4837
3047 1287
67 1765
4629 4897
3439 225
4779 461
257 3317
4901 1587
501 1965
4531 1559
1151 3603
4912 27 45
4177 1775
699 4805
85 3299
693 1559
2751 4907
4709 781
1257 2559
2755 3781
2383 4455
975 3441
2123 3649
127 4553
121 3022 1013
3975 3733
425 2105
4905 1137
3871 1471
543 2023
4437 2345
4853 2743
1445 4271
2073 4663
2767 4898 45
3395 117
2267 587
1755 3395
3937 1003
4697 315
2682 4770
3045 1753
2555 231
177 4329
813 171
4687 1797
3123 39
2463 2087
89 3847
4763 2271
1819 29
4541 2649
4919 1363
3753 2445
3195 4375
2341 1379
255 2883
3671 301
1579 2879
4587 359
4483 331
2491 3233
4665 2959
637 4403
3987 915
543 3275
3869 4569
617 3825
4099 2559
429 4857
1081 4839
929 4715
3297 569
747 2425
4469 2535
3087 1523
2467 981
4119 2257
4185 51
571 4451
145 4469
931 1574 1013
4135 527
4377 1777
3075 1647
933 4361
2307 1047
2373 3709
3135 83
1175 4661
3351 4411
3537 2529
831 4619
4868 4596
4828 791 45
2261 4193
99 2617
4821 949
727 4661
437 4735
2335 4403
1203 4129
3079 4767
4639 2187
871 1887
1411 3365
3003 1231
4265 381
1353 3449
1834 4711 1013
1729 3407
457 3015
823 171
3491 777
4421 4815
1087 4711
4315 4387
1205 3650 1013
1111 123
933 4905
4696 4812
1003 3835
3483 29
4311 149
4889 547
621 4917
1273 3475
1631 335
4067 1803
4709 664 1013
2073 4735
1033 2217
115 2635
4837 2825
615 3903
3537 4869
4845 633
4211 2925
225 3111
1523 3639
4657 4577
1541 3399
2977 1929
1731 175
1449 2785
469 3851
35 4445
31 2341
2473 2865
525 2675
729 4851
3159 1734 1013
4081 461
647 2329
1477 4499
4329 605
4385 3515
1543 4593
3557 3977
1979 685
1359 87
4129 163
2985 785
963 4685
3921 703
1137 3107
4697 1499
1831 4735
2261 4189
4585 4775
291 1421
4765 65
883 3899
4387 1937
3019 4839
4153 4831
817 1905
4559 4453
4657 851
2339 4861
537 4871
4905 511
3229 1477
2397 75
4463 155
2651 4846 45
2003 4281
387 3635
817 3817
1695 4889
4689 1007
3087 789
4868 1402
4873 4717
2071 4782 45
1 3537
843 4369
1295 1881
408 4756
3409 1599
2342 303 1013
1059 3589
4475 795
1449 4485
563 3235
873 4741
3289 1877
2701 4233
3359 2225
3727 289
2753 135
1119 3535
4191 141
2225 3515
1097 3875
3069 1849
4239 2281
3009 4887
359 3871
3753 1349
703 4929
205 2585
4113 2547
4849 1801
3261 4589
3897 381
4833 245
779 4745
4467 825
2465 4895
3383 59
809 1121
3315 93
281 3651
491 3797
429 4785
53 4833
4651 271
1615 2283
4025 3451
1 2793
1143 2037
493 4147
3907 1561
1573 4807
3247 4789
3571 2105
1425 13
4805 907
2821 275
1967 169
3397 4757
2058 4782
4905 21
4685 741
1287 2763
4047 1093
2889 4801
4173 89
289 3611
909 4841
2163 4785
4729 413
2407 465
2565 2055
4501 79
651 3715
343 3615
3623 287
1755 95
3693 1965
4147 1419
4735 2843
1355 3671
1086 4900
1399 2961
4863 4073
2087 3
4115 1805
653 1045
4511 3017
2981 4913
4409 2603
2079 4625
2733 877
3849 2329
329 4583
2777 4803
175 4313
13 1755
2532 707 1013
347 1773
2117 4377
3193 27
453 2713
201 2809
4491 393
3773 3005
4205 1937
503 4725
3261 3349
3985 4477
809 3955
617 4633
189 3809
1171 3403
205 3947
51 4833
2331 3715
1507 1611
3785 4693
2319 1099
3079 1109
3741 375
2775 3791
257 4787
3829 199
229 3563
246 4794
345 2123
3433 4879
2303 23
4597 435
4915 3245
3981 315
2351 4805
3881 833
3643 845
109 4173
981 4739
19 3665
405 4881
3301 2843
2241 4401
4835 163
2351 4493
3269 1697
2619 4107
4473 2483
1249 4709
747 2505
107 3299
19 1675
3205 117
147 4447
2783 1045
2777 3891
349 747
1091 4283
1365 4307
4649 4855
3089 3078 1013
1587 3263
2882 4792
4741 1967
623 4911
3389 4675
4735 141
23 4065
201 1491
1939 4741
991 4413
4547 3309
3109 3773
2817 4839
4853 1603
3101 295
1931 3857
1817 4885
3617 655
1269 3829
437 4099
4537 711
3623 409
77 2785
385 2127
439 2177
163 4757
154 3467 1013
1859 4195
2319 85
1553 3623
1213 4761
2541 4589
2671 229
1429 3047
3135 197
4685 2147
1591 3611
3797 1575
2033 3127
4183 1907
4803 4323
4247 197
511 3483
4221 133
3025 203
1823 4865
4009 4635
4711 2481
4583 2541
3397 4231
655 3289
2431 711
4719 2355
4543 1403
1027 3655
2875 1917
2052 4840
577 3943
595 4407
243 4467
4890 2840
177 3809
4925 2047
4259 913
1595 4401
3379 289
7 2065
3063 1177
4837 963
3077 447
3445 583
3129 4857
3307 737
1517 4637
3567 3597
2871 4813
1145 4737
3997 515
435 4403
2253 4165
3809 1449
3231 4827
4727 185
2677 4785
2409 123
2999 211
419 35
505 3871
2759 1109
2563 15
147 4639
195 3827
2083 285
1763 43
1797 4787
4039 6 1013
599 3267
3741 975
31 3745
3743 655
1105 4797
877 4797
3233 3185
4783 2171
3139 4865
4725 1367
2635 399
3271 4533
4575 198 1013
4683 2069
2929 1119
2473 3911
1801 4225
897 4103
2405 4743
3783 715
445 4821
2591 1007
1757 4171
4355 129
4561 2411
1213 4841
591 4709
4735 1561
4795 3761
1633 3883
3657 1412 1013
989 2577
1363 4899
4699 303
437 4569
1771 289
4515 2181
815 4353
1547 3973
3947 1155
1623 4503
995 1939
4021 97
199 3729
371 3959
4723 327
955 4829
17 4849
4265 67
4475 825
4503 889
1639 299
1813 4803
1325 1047
977 4833
2039 629
2281 841
87 3847
73 4035
4797 647
4675 3919
4299 853
4755 87
25 1203
4861 1561
3457 1323
1781 4437
4897 581
3001 4541
217 3603
3873 2445
203 4437
3821 1879
4021 4225
3835 2127
4841 2665
193 1651
1999 4759
383 125
2271 1211
643 4469
4593 263
4049 2159
4861 137
4229 211
1153 4879
692 4764
2569 2083
1941 1725
1827 3831
3201 1129
4261 893
2635 4635
495 2399
4771 1717
131 2265
4235 577
4911 1151
4555 4419
1821 4815
4843 1289
4727 1613
3913 625
479 3993
1523 4185
4761 4279
1151 3969
4429 807
4905 1915
375 1199
479 3267
935 4549
393 3731
1995 3277
4893 1525
227 2157
395 3825
2387 4283
2317 4709
3179 1633
3465 219
2077 4921
3395 4767
131 3439
499 4889
4833 1339
2603 317
731 4915
2693 3251
3181 3127
13 4864 45
207 3225
1511 3395
2295 4735
39 4546 1013
4707 2289
4557 247
235 4401
653 4451
4901 2667
1943 893
21 1227
3779 559
913 4727
251 2645
4605 2713
2361 4691
409 2299
4906 182
4741 505
771 4809
1859 3583
1227 169
77 1641
2689 923
39 2489
4533 3635
3853 3257
889 3349
4689 4061
4635 299
4543 79
1865 4731
1857 179
3341 841
2603 4651
4525 2623
4747 1289
4035 783
4519 1381
4573 789
4065 1587
1059 3459
451 4889
3283 45
555 3699
657 4741
2701 129
1723 4779
4747 465
1067 4089
4375 3719
3523 2075
1223 4813
2829 3962 1013
103 627
679 2477
1067 3303
2383 4689
3947 2211
179 3321
3327 885
4751 1761
2793 2521
3789 4527
2965 1289
227 3379
327 4329
2575 1269
3313 1329
2429 4569
1279 3965
3397 1821
517 1461
3309 1501
2283 3593
989 3123
3983 2283
3027 4903
255 2171
1311 3595
15 517
867 793
457 2811
4097 1367
3467 1601
3899 163
199 4865
1227 4883
1095 4153
1413 3489
1281 4745
4792 5 45
4475 513
4621 13
4691 899
4115 1547
2317 4729
4439 1523
4743 1343
4651 3295
755 47
4647 3241
3649 1435
969 4679
2787 143
4425 4059
549 2917
4931 3759
483 3655
4749 1777
2741 153
719 4785
1949 407
3743 1911
4415 4719
4273 4871
173 1353
367 1903
4561 1453
799 4269
4387 1977
21 3655
65 389
527 4565
4405 1097
4325 941
3729 2135
2677 4381
4335 3521
811 4173
4795 861
3309 685
3467 4563
311 2189
565 4145
471 4725
631 3805
1265 4309
1137 2027
3725 569
2129 4767
3385 63
1633 2671
965 3383
4363 1711
791 4619
3871 507
317 4717
73 3127
4591 4009
3533 1073
3731 105
1469 4843
1577 627
1779 2525
1149 3077
711 3
3647 141
1321 1017
3943 889
11 4806 45
4627 1291
2763 3987
4561 1499
3467 383
4129 315
2239 4923
1209 3697
4759 3029
3821 4841
1375 4425
4521 2599
2275 4125
819 4419
561 4927
3853 3389
2175 4569
3805 389
1159 4511
2521 4601
9 3177
4133 1195
4907 3137
2683 3483
2977 1171
1005 2289
3831 17
1083 2667
1165 3817
3379 1945
1649 4269
1053 2081
1417 3217
231 3969
2021 4273
3049 975
3629 2517
15 1493
1073 3733
1733 645
499 2699
4819 1859
1413 2659
3987 315
4557 3937
1239 4181
4821 1641
4329 3185
4229 1917
97 2107
757 2955
2445 237
943 4157
1561 4429
1397 4135
57 3827
3467 75
899 3571
5 4858 45
2547 1019
3077 481
1199 4201
4803 1487
3955 4825
1799 3361
145 2049
3457 4389
3625 363
1591 697
2923 1169
717 4235
1583 3681
4029 951
4731 483
577 4427
753 3457
4089 503
1919 125
2865 1823
4703 2063
1825 37
2403 3189
3393 4341
2363 2653
35 4927
4443 183
4015 4701
2371 4917
609 4837
4827 733
2834 4808
651 3269
2127 1053
3659 565
4261 1757
407 4395
2889 4157
3359 1201
1225 4497
4515 1067
1411 3777
3043 525
1023 17
4911 3851
4603 2649
3953 2545
1493 4223
83 35
651 2815
1137 3223
83 4523
403 4593
4647 139
1893 3515
505 2815
4545 1375
4567 9
3507 1001
4074 4732
43 4205
4561 2487
1085 3759
1439 4845
2055 883
2087 2049
1791 3465
3441 109
3496 4776
4781 3605
207 3347
2637 555
2445 77
3983 147
4822 3634
4081 1717
1181 4911
4621 455
2527 4117
3649 1827
2159 4219
2537 337
501 3771
4507 827
5 4880 45
953 4721
2955 4823
1029 4801
223 2485
155 4791
4571 1095
4238 4806
9 4734 45
427 4239
3421 615
157 3731
1051 4565
4236 4928
3485 255
1213 3705
4929 847
581 4841
715 1183
863 3023
4295 4789
4785 2335
3329 4893
2355 4497
2979 645
4717 1987
4045 117
4792 2823 45
3541 4849
3421 2723
865 3725
4795 2337
211 3771
3529 697
1607 4467
4121 35
3831 1033
3909 1091
179 4549
4907 2735
485 3943
3905 149
743 4609
567 3285
2545 4819
2131 3689
27 4495
23 1529
4033 2437
4437 883
2545 479
2577 4855
1661 829
4675 1733
4543 4747
4707 2301
3455 685
1765 4789
4789 783
2141 739
3363 4855
4917 1877
4357 1693
4373 1823
3519 411
373 4701
501 2727
4713 1930 1013
125 1233
2463 763
3509 897
817 2629
1261 3763
1187 2677
3391 771
2651 319
3759 697
3349 31
25 4762 45
4927 613
119 4667
3195 219
4495 653
2771 1809
2763 1819
3319 255
2215 2228 1013
655 4349
1129 3577
3499 2151
3517 1063
2465 1769
4879 1209
3563 1267
1723 4931
2133 4641
711 175
35 4293
4551 639
1755 2833
2113 1161
255 1595
935 3657
3417 209
4173 145
261 4555
4239 1765
1299 2817
769 4277
3091 4363
4025 423
4908 4670
1527 3707
4681 801
3931 2903
4922 1886
461 3031
121 4225
3167 1289
4301 4401
2487 4415
1031 3057
733 3223
4605 2329
1315 1327
3891 1595
4671 2601
2473 351
75 4045
4303 985
4743 2475
183 2799
327 3757
2023 35
3833 1503
41 1119
1297 4633
2447 179
4287 4853
1937 4803
607 3947
4685 3167
561 4449
4131 11
2727 4119
4025 1277
4803 11
4209 2887
981 1865
4641 931
1141 2571
3317 69
1171 3561
3139 151
3985 1827
2199 887
4617 421
979 3775
33 4798 45
3643 869
4627 4517
4789 1709
2831 949
4607 273
4909 2795
1093 4735
207 3
2407 1473
2287 1281
4651 2991
1091 3151
4892 9 45
3749 429
239 1596 1013
625 3051
2625 269
3595 279
1601 4145
1749 4877
4871 2073
869 2991
2641 4739
25 4559
1015 4397
3631 4737
4385 1899
2245 4897
1 899
1891 3257
491 4503
2057 4737
1367 2259
3203 681
1759 4923
371 4785
905 3395
693 4855
1453 4073
2699 1253
4869 1335
1809 137
3947 1451
2667 4757
3297 4695
3513 1397
1964 4844
1085 4493
2679 1127
1123 3285
485 3415
4613 2953
1113 4703
3433 667
4845 595
1901 75
1411 3305
2595 2023
633 1863
4533 1483
127 1651
