60
1572 1574
4724 4726
39 41
185 187
361 363
417 419
563 565
749 751
865 867
1013 1015
1139 1141
1171 1173
1245 1247
1315 1317
1333 1335
1381 1383
1505 1507
1587 1589
1651 1653
1861 1863
1883 1885
1935 1937
1971 1973
2049 2051
2089 2091
2371 2373
2385 2387
2415 2417
2493 2495
2525 2527
2537 2539
2621 2623
2627 2629
2661 2663
2803 2805
2845 2847
2873 2875
2901 2903
3085 3087
3127 3129
3185 3187
3261 3263
3423 3425
3581 3583
3603 3605
3629 3631
3665 3667
3691 3693
3903 3905
4213 4215
4343 4345
4355 4357
4453 4455
4559 4561
4577 4579
4659 4661
4681 4683
4711 4713
4723 4725
4805 4807
