60
3918 3920
208 210
3917 3919
3791 3793
3759 3761
3685 3687
3615 3617
3597 3599
3549 3551
3425 3427
3343 3345
3279 3281
3069 3071
3047 3049
2995 2997
2959 2961
2881 2883
2841 2843
2559 2561
2545 2547
2515 2517
2437 2439
2405 2407
2393 2395
2309 2311
2303 2305
2269 2271
2127 2129
2085 2087
2057 2059
2029 2031
1845 1847
1803 1805
1745 1747
1669 1671
1507 1509
1349 1351
1327 1329
1301 1303
1265 1267
1239 1241
1027 1029
717 719
587 589
575 577
477 479
371 373
353 355
271 273
249 251
219 221
207 209
125 127
4065 4067
4219 4221
4511 4513
4567 4569
4739 4741
4745 4747
4891 4893
