4912 9867 1079 1081
4563 1495
4753 1721
4261 39
4657 97
3671 4567
247 2349
2985 4129
1381 4095
399 2503
4573 2835
1097 4689
3767 1195
221 2273
1687 13
4647 625
4579 3593
533 3637
4901 849
4101 339
3511 4599
2775 1241
505 3703
1229 3635
4685 853
4561 1727
4267 693
3323 4787
3965 673
2389 4261
4907 1061
3113 15
4365 2355
4325 2191
3049 2475
815 2639
275 3853
3829 4129
1745 4623
1627 2992 1081
1613 3787
3289 1209
3633 47
4525 527
305 4599
109 4823
4581 733
1905 3535
4631 997
3327 759
1889 3509
83 3025
3185 257
2785 4089
225 3463
2929 4383
4667 2157
3631 303
3466 3665 1081
4309 1701
2651 2041
1523 4163
4597 231
2643 405
4473 283
831 4455
2093 4353
3959 1259
4839 1309
1667 4367
1833 1859
4461 2709
1841 4171
4177 4653
3353 2115
3079 405
1673 4877
1033 4397
557 4753
1107 4179
4557 3201
2559 4393
4529 3537
3613 4765
3671 1429
835 3443
2043 497
1821 2581
2055 3141
665 3693
725 3759
43 3419
4315 4897
2089 1371
3353 631
4039 1485
3861 3249
775 197
2547 4619
4277 4529
4523 2381
181 4393
3811 279
1509 3855
815 4827
211 4255
3851 4297
2043 4819
4589 221
3313 1165
4481 3543
4477 3097
3799 1837
7 3075
3949 1463
3327 1721
3491 343
2887 65
1387 3565
4655 765
2093 3295
183 4847
33 3789
4587 959
113 4673
4771 4449
1423 181
3601 1737
2971 2219
3421 1249
2101 2121
787 3203
4771 841
3693 2089
845 4537
567 4691
1641 2291
223 3357
1629 4509
3231 1191
2925 1281
2179 2905
3925 1769
2497 677
1355 581
1451 1785
1007 3721
2051 4415
1179 4330 1081
4245 35
3033 4867
991 4897
3187 513
611 4717
659 3457
1871 4047
567 4557
3619 4241
3009 341
4777 217
571 2077
1003 2669
2097 813
4471 849
4787 3833
2091 4463
4833 3519
503 2339
4355 2497
1317 2535
4149 2747
4219 1891
4709 2889
4429 2651
1973 4665
3633 1109
4693 1535
3377 2087
581 4789
4623 353
537 4689
4809 2931
513 4267
4381 2787
1547 3525
1551 2855
11 3409
2451 4115
4585 899
2205 4623
4525 1735
3077 965
4653 283
100 363 1081
4609 113
4905 4131
2733 485
3625 1377
4481 7
1109 3315
2915 615
1783 4437
2785 3622 1081
1601 4175
3291 3179
261 3559
4599 1593
3021 781
3907 2557
485 4299
4415 2535
4515 3651
4659 3465
2261 4145
2179 2617
4055 4655
1875 3577
4217 603
1437 4723
3771 1083
4767 3063
1287 2757
575 3539
4493 2229
3141 509
4421 2769
1391 3675
3697 951
2425 205
789 2461
4325 297
3759 1741
4475 511
2499 4427
2987 1099
4543 2643
4831 2209
485 3101
4795 4047
4021 1143
1661 4697
3627 1663
1295 4883
4035 4831
521 124 1081
1229 4097
3339 3503
1377 2829
4277 2763
93 4035
4421 859
4363 1781
95 4525
4653 883
4389 1969
325 4491
4109 851
1127 4171
589 4219
565 3903
3991 4907
129 4601
4611 513
3617 4103
4357 442 1081
993 2621
4589 3993
301 3441
403 3671
4527 1103
1669 2537
2173 4619
1745 4733
1869 4347
3045 563
857 3063
983 4155
3487 4545
57 4119
2107 4015
4315 1671
3831 1475
4135 2819
437 4785
1985 1229
4279 31
681 2919
147 4011
571 4175
4019 2123
1099 4023
4687 2417
631 4103
3679 305
2007 1933
2323 4651
3231 419
1227 4635
31 1857
2365 3047
1421 3317
2349 671
461 2059
2637 4461
2229 1223
3743 2227
4063 2137
949 4011
3393 1835
743 4085
4851 1045
1273 3789
4007 3709
4907 3469
47 3389
4651 1797
4037 319
1531 4295
3861 1517
3383 1243
43 2809
1105 3441
963 3233
1073 3603
488 4909 1081
93 4107
1157 4173
4593 3129
373 4547
757 1579
4393 1515
815 1481
1187 3177
379 4713
459 3963
2269 185
2887 4185
1741 3797
3859 4461
4295 2171
4665 85
2503 353
4811 3659
1089 3991
2985 1165
4263 443
951 4621
465 2391
419 4609
787 4589
615 4761
4091 1619
1497 4611
483 4577
2519 495
2467 3673
4225 39
1417 3809
33 779
269 775
449 2595
1853 4619
4031 1517
1637 1631
847 4751
3635 4513
3949 731
3039 1119
485 3043
3313 487
4241 2069
1397 4711
4447 1543
3415 4621
1349 4569
2311 4329
511 3843
4851 367
331 3275
1489 2625
4011 525
1819 3427
1875 3829
1593 31
3345 2129
2159 4903
3781 1241
835 4479
1883 4749
47 4523
4187 379
91 2269
4085 899
739 2437
4339 3643
1597 4631
1979 4027
3851 1471
3035 959
711 4425
1241 2697
3391 1
2621 1917
693 3425
2523 4539
605 3927
4769 907
1629 591
2507 4257
979 2961
997 3965
2019 361
3009 1201
4147 1121
4001 347
4179 657
147 1519
3785 2443
1 4309
4687 981
171 4779
4637 827
2873 4639
4789 4227
4551 473
1251 3727
2589 411
4731 3739
385 4765
659 4533
597 3627
1279 4383
1505 3641
53 3847
315 4701
1433 4735
4399 879
4907 1041
4729 3101
4527 351
3401 1069
4827 1427
101 3193
4727 535
731 4425
4683 3015
3669 1195
4443 2751
4851 1937
1681 3425
335 2027
1475 3967
403 3165
4735 353
841 3651
89 3177
2183 235
115 3653
3129 4419
3065 327
2397 4635
4051 2513
1039 4523
2997 4327
3759 99
559 2885
4003 3451
3721 427
2203 167
121 3365
2129 209
4397 227
4641 627
1327 4117
1919 4855
3335 275
3939 2529
197 3295
4473 143
2445 4479
1839 3105
3469 563
2985 1555
755 4759
3139 1233
2661 3
3429 1589
1479 4667
3325 2087
529 2671
835 4619
4697 321
699 1719
3775 4641
4107 563
1443 4849
1477 191
103 4205
2209 3907
3949 3017
4323 125
4527 4095
4309 2079
3503 2287
4675 4013
1703 4029
4657 3273
561 2737
4653 147
4075 1131
4567 771
2367 3467
4369 2475
4461 963
451 2469
1855 3091
209 3917
4331 1857
2981 4289
4895 285
4525 1293
797 3511
127 3549
3769 187
877 3433
4623 1831
1073 4677
679 2045
319 4359
4353 403
3973 3959
3605 1959
1935 4773
4413 369
607 3787
3685 139
1593 4711
2757 1055
3325 83
1825 2445
1297 2781
4559 2241
317 3955
867 4445
839 3089
1003 1731
963 1613
995 2061
2245 785
2629 4421
2349 4225
329 4859
464 2351 1081
389 3637
215 3201
3101 1373
4527 955
1589 4809
4569 1189
1035 3613
1677 4761
4685 3551
2941 65
4443 3697
4395 1435
2823 817
3955 2035
4793 3043
3963 2733
91 4713
3323 73
2865 685
67 3321
4827 1467
2169 3509
3871 2847
2181 4439
4613 3633
4857 49
4865 277
873 4481
1727 3719
4351 947
4677 335
761 4427
79 4879
2791 3929
3929 635
2755 3583
411 4233
4753 1379
4877 2733
1207 4223
2445 4679
4809 3391
2497 3329
193 2385
3293 1615
2019 2969
2039 4627
4719 2025
993 3955
757 4363
883 4009
4885 2411
4783 2151
3633 31
3497 153
329 3707
1875 2601
3287 1745
2225 4699
1613 4543
2855 4229
3371 1111
3019 255
279 4099
4227 3165
409 1823
1515 191
3263 2057
4681 31
3317 529
3475 37
79 4395
2919 447
153 2769
441 1651
3913 321
4841 1745
2761 1089
3893 2387
3863 815
223 1703
4833 2095
2723 1223
1987 4789
3705 1599
3765 2927
2495 4891
4023 187
2047 4769
3737 4263
3999 683
3263 115
3327 187
3203 1917
4797 1781
513 2623
497 2733
3663 323
57 4805
3669 333
3055 1613
4505 4355
2929 281
239 3265
3791 4865
1889 15
847 4765
3561 559
4305 1723
2105 4749
4683 1739
4905 1497
681 3035
409 4405
1927 471
3981 1173
819 4599
4681 63
1075 4485
4675 825
4515 3277
4755 2657
3719 4551
4405 1093
1535 4717
2719 1851
4551 3139
795 3533
53 2999
1745 4251
181 4083
4017 4421
1491 291
1831 4637
511 4217
77 4135
4665 299
3543 675
3285 3379
4797 541
4303 457
129 3499
1617 4763
535 4399
4201 3015
3699 2463
105 3561
943 4859
4111 3539
2227 1149
1743 3603
2853 2241
4235 1411
4029 1343
4761 1363
1977 4781
3497 593
4167 4757
4635 1239
4373 4377
275 3751
1359 4911
4075 241
4805 1645
4843 3009
583 4911
2489 1617
4333 3227
4661 2885
1271 1757
1827 889
663 4821
4907 1859
3097 1243
119 1779
1347 2823
45 3615
1115 4255
437 3475
2403 3569
3849 1915
3983 701
229 3731
721 2283
4057 1353
4693 341
4547 1519
3525 1893
3843 749
1641 1091
4521 1195
3365 1295
3343 4271
473 3295
2209 609
4289 977
3937 267
869 4161
4869 273
281 4781
3519 865
2821 609
2515 873
3607 4817
123 3003
4881 3525
1387 3347
2459 935
395 4119
3601 1709
2055 4079
4609 4625
4311 1329
2655 1027
4083 631
3879 567
3557 65
4143 731
2995 3954 1081
3837 239
4315 1191
2141 229
3681 197
4007 3469
4447 1715
853 23
491 4615
1101 3439
4729 2315
413 4833
3253 1725
2841 2223
4045 2677
1045 4219
4895 981
1989 4891
175 3819
4275 309
1397 4559
317 3645
877 385
187 1601
3613 4225
4033 2007
571 179
4235 1909
3863 1357
1161 3417
1133 3623
313 2569
2453 23
3173 4213
2589 4491
1597 4119
3409 4723
4383 1499
871 2077
93 3275
2571 4681
4437 1623
241 4743
3577 505
2347 3125
3643 4467
685 3005
4773 1055
4037 2797
3029 3533
2609 4511
365 4755
1417 3795
263 3821
2337 3785
3257 4813
2337 4807
3413 2043
3189 4581
4843 2955
4287 43
3809 159
279 4845
921 4287
4887 1315
4695 1927
4847 387
1967 1547
3081 4257
4405 2357
3443 4285
4495 3479
1723 4593
767 4413
1669 4739
2187 947
881 3871
3599 4583
2327 4783
175 3733
2199 4817
4035 175
3309 939
3271 1873
333 4843
935 3501
2689 4505
759 3533
4147 2859
4763 1045
4373 3103
137 4671
3245 1807
3767 161
3789 2125
913 4249
1635 4605
4711 333
4665 733
4657 4221
2721 53
3637 417
1333 2871
79 1195
3985 1893
1007 3911
4553 4019
4827 1341
1277 4309
3713 991
2529 4829
2525 869
323 2633
4777 2725
4583 2983
2887 323
3523 1725
3515 597
3487 1651
1145 4725
1315 3255
4833 1723
77 2229
2225 4743
3543 2581
4527 319
4827 2099
2775 529
59 1853
4299 2553
4339 1445
625 2791
4031 1063
47 4033
833 4161
605 2989
1494 2159 1081
3025 1183
2557 611
4697 575
251 4155
571 2012 1081
4777 1841
3709 1469
65 4371
2797 4482 1081
2101 2387
4587 3419
3287 819
4195 343
549 4765
4699 1349
1833 4863
821 4579
981 3349
3575 4035
4187 3545
355 2999
1905 4347
4565 3618 1081
1999 4013
4757 581
3007 1879
4773 4449
1355 1061
4779 176 1081
3259 4689
2167 4661
1711 4505
2465 4765
2833 4855
1573 2031
4487 2421
4675 2201
2631 4317
299 3787
4195 37
1963 779
3445 61
2823 1895
4009 161
1009 1431
479 1915
547 4881
3775 4199
303 4533
3121 1795
1381 4649
3973 1569
3789 487
4015 270 1081
87 4827
3547 363
3719 373
1935 2973
2679 359
3745 4879
4113 559
4883 2407
4277 4619
4601 1259
1291 2893
1683 2919
885 2989
527 4285
4781 1279
1485 107
2073 271
4173 281
1223 3693
4747 2301
239 2757
107 4761
317 3323
1437 4511
329 3665
4619 1931
4301 523
1383 4889
4531 205
2259 3033
745 79
185 4853
2257 829
683 2067
305 835
4629 3769
1783 4845
3823 931
3047 4719
1415 219
125 4887
55 2971
4219 2147
3793 1625
1409 4131
4623 1297
1297 3223
4701 1667
3039 223
1227 2895
4385 2831
3397 4593
3407 175
3723 289
1557 4069
2605 271
3735 401
3803 467
1789 4277
593 2353
345 4467
3355 351
4739 2645
3441 3261
3132 4887 1081
715 4427
1491 2125
4173 175
1665 3743
4737 4245
1475 3867
4105 1093
4665 265
181 1927
4457 1905
965 4597
871 2531
4091 1765
4677 3049
323 2607
4393 2279
4223 4749
2603 437
1849 4811
4013 1591
4663 1527
223 4785
4603 2497
697 2651
1069 4619
4153 1507
341 4897
3779 2465
4681 3309
3371 1597
2847 1391
2671 1125
1877 4325
709 1809
5 3838 1081
2073 2971
1913 4631
4695 355
3897 4149
279 4391
4547 387
493 4557
1285 3959
2617 63
2667 467
4548 4821 1081
2093 3937
598 657 1081
4017 681
759 4189
4863 2777
329 4501
2041 63
3963 1421
3747 3
4823 2839
3657 4753
275 2901
2439 653
3343 1535
21 311
513 4199
2363 257
197 3433
377 4405
61 3239
2369 1079
1933 4561
1149 4277
4623 267
1199 4459
191 3429
4585 883
4767 1657
4731 3573
241 3049
4895 2173
4763 713
1119 4193
3277 1823
3853 865
3095 761
3651 3811
2223 1309
161 4331
2833 1439
583 4845
4817 2521
1949 4569
1763 4671
4293 1459
4893 1171
4245 2631
3655 821
2259 2837
1445 3375
4855 3207
1493 3591
847 2083
4163 189
3437 1619
117 4029
4603 2655
957 4887
1177 3077
1493 2595
3405 1121
4833 2533
3711 1405
127 3133
2059 629
4781 3581
4293 959
4435 1833
4895 3159
4507 4731
3887 59
225 1491
3183 4717
4405 53
4597 3125
817 4797
1013 4255
2901 1677
1523 3137
3021 4505
1171 4311
2427 1109
4749 1667
2987 1663
2945 2673
2415 1627
37 2591
4787 1257
1167 4237
4891 1711
2389 3
3093 517
2569 3983
4217 2499
1199 2505
865 4369
1781 4325
1355 4897
1545 251
4507 2761
1373 4263
4123 157
3851 2661
2657 1401
4799 2695
4465 563
4667 863
4183 2389
4713 3445
1663 4353
4847 699
3421 629
4131 3321
4449 2127
419 4089
525 3335
4703 1753
3223 853
1865 3363
3211 2887
4825 2199
2327 4901
1339 2991
3383 2749
1049 4743
3559 4131
2053 3157
4695 1971
4673 61
1511 2397
729 4845
3761 2087
2035 4383
695 4867
3551 3876 1081
3373 4651
4845 1723
1871 4721
3673 1273
3263 1949
2569 1529
865 2923
1241 4807
3477 2389
3759 2197
4349 2985
4801 843
4769 3665
3049 375
863 4593
4763 1459
1435 4735
15 4655
4427 2527
4301 4323
4821 2595
3435 4897
4255 3425
683 3571
3831 109
1925 795
2225 703
603 4253
2529 4217
1087 4761
4717 343
1683 4605
1173 4703
4895 2783
4177 4643
4481 1635
3219 2547
4669 3461
4541 623
379 3441
1911 4707
1301 4777
1305 3177
2471 4143
709 4439
4427 1883
4835 1089
3639 4739
1615 4537
4687 3349
2909 3454 1081
4189 3431
937 4483
3271 981
4681 457
465 3363
3775 4773
2949 1445
4443 1367
4651 241
4443 663
187 1035
899 1396 1081
4115 925
3193 2247
283 1981
4409 341
735 4853
1083 2751
4387 2817
1077 3137
3091 317
4839 49
3249 2525
311 4647
3179 4671
4825 1657
763 3493
4401 909
4837 3853
4613 4425
117 3769
1495 4701
3935 4653
3423 4805
1311 4887
3543 4865
1213 2435
3593 4693
3955 3941
1101 2249
4553 1341
4791 3421
1865 4649
2233 437
3375 1401
2807 4335
4813 191
4219 2967
249 1799
3903 1129
673 4041
373 3431
4367 3827
481 4643
2215 4885
2809 1133
1617 377
4741 2111
2305 2725
4175 2661
2353 1577
1685 3025
1765 3249
4077 1151
3861 2799
1839 4019
3337 71
3435 485
2645 3949
4831 1113
567 1981
2299 3979
3195 1259
1067 1315
4317 965
3491 665
729 4053
1831 3455
1585 4287
373 4211
4709 3455
1795 4189
4791 2917
513 2603
1183 4737
2887 4693
513 4307
4265 1687
4607 2783
4149 3411
3863 1283
265 4163
391 4835
3623 1755
2213 4899
793 1867
4787 3339
4713 3141
4331 515
4787 2287
2919 833
2181 4413
4861 269
3085 4281
315 4289
4261 841
2761 4609
4853 3115
3089 2427
2959 257
4629 891
4561 3793
2269 4761
871 4043
3435 4787
1925 919
2743 4135
4658 425 1081
3703 4399
1023 3877
1155 2027
39 3402 1081
4319 1505
3085 1175
1075 4051
703 4821
1225 75
3849 4765
4709 2735
4065 2057
4809 2661
3921 4889
1397 4771
3707 2549
3187 787
1875 4677
4171 3375
4051 993
4451 1415
49 2229
4405 3567
4805 603
885 4093
2345 1407
1273 1479
4601 1393
4773 2133
1745 3715
509 2791
2135 265
3133 317
4875 841
1109 4567
31 3993
2577 4449
1949 915
1539 3077
1425 4301
2069 2165
4127 1601
4515 3
3131 1089
4165 2563
1671 1045
3341 1005
4595 1505
4441 243
21 3853
819 3351
1401 4489
2647 387
2587 451
3913 4457
4465 1289
4151 2407
21 4571
3473 4691
2563 3933
3563 1801
717 4473
1627 4871
4855 3015
4445 2707
4543 357
579 2257
1679 4569
4561 733
3069 3811
1631 2547
4763 11
4655 3323
1025 4641
3317 339
197 3851
917 4679
1067 2173
2535 4897
1339 4721
2517 621
4789 2335
913 49
1939 179
3501 1087
4813 3581
49 887
3579 711
2595 4763
1897 4879
1373 1709
4557 241
4735 1473
4895 4077
359 4867
4465 3553
4579 1837
755 4331
4251 4659
4019 1501
4093 2853
4133 2301
4691 2359
4875 1113
4073 1807
2917 1967
787 2897
4573 4323
3847 315
4745 3629
3461 4599
2585 1449
695 4519
1795 4727
451 4761
2383 4585
551 4253
4611 3961
4837 2421
3577 4845
2489 3501
1115 4731
3241 837
4835 3169
591 4833
449 4537
4203 4725
4585 717
3775 241
2789 591
4435 2035
2841 1053
4691 1899
1167 4863
2911 4641
4889 285
455 4825
2891 909
3431 43
179 2260 1081
3181 651
4833 1553
511 3745
399 913
2845 1485
2201 3491
2741 4381
1329 3923
245 3967
875 4221
801 311
3787 3805
2931 1069
4847 2527
1355 4773
4021 113
3309 4817
3443 1119
4807 301
3885 2513
4889 3643
3409 601
2867 4205
2173 415
2587 4273
4801 409
919 3857
1279 215
663 4755
4811 1063
4467 1907
4295 153
943 4395
3215 1267
771 4527
17 1109
3395 1489
1031 3729
99 1913
3 3853
4687 331
4253 3715
2049 109
4237 2579
4839 1443
4747 389
2253 75
4069 2045
1537 4014 1081
1185 3483
1977 4691
701 3815
1043 4199
1935 4515
249 2691
2975 675
4737 975
2617 4701
2375 4671
4367 2235
4831 3351
985 4413
3573 1229
4089 261
545 4261
4819 1355
4603 3921
3943 97
1791 4785
1025 4661
147 2153
4319 4897
4011 527
4819 817
385 3885
19 2847
2299 1229
4231 1607
4217 409
619 3457
4273 2939
4479 89
4899 1245
1719 4091
5 4761
371 3363
3195 381
1709 4799
1679 1129
2477 4607
4677 81
373 3477
3083 4779
4515 3389
4239 447
3691 2783
1329 4409
4491 1033
4397 211
1151 1901
1449 2651
1631 4603
4711 3691
4477 2925
1691 3429
2951 4183
1391 4747
4671 1827
4261 781
3735 1479
4539 1965
3599 2471
1405 3931
3319 4589
1015 4051
1509 1759
4340 2911 1081
75 4579
4103 259
3145 4491
1627 3697
1355 4625
1703 423
793 4761
581 4475
641 3747
3225 1985
4855 1207
2455 489
2959 287
3047 1879
4303 535
1827 4805
1265 3807
3119 4859
1871 4385
9 1811
4197 3549
4567 4677
137 2461
3671 4565
4630 4769 1081
787 3147
4535 313
399 4065
517 4159
3959 2251
1323 1835
3213 779
4609 1835
3681 1479
395 2389
607 4571
821 4307
227 1659
1433 3135
1943 4041
2637 55
1111 2131
2727 1221
667 4837
4333 1107
2447 475
4471 451
3187 4791
3627 1691
3607 4693
1749 4839
4879 103
2819 609
1007 2713
3913 1073
3417 1219
3134 4813 1081
4521 189
4857 2775
2561 3657
3499 285
2155 4759
2159 4617
4325 2695
3441 4539
733 4049
983 1585
4703 3713
4055 2487
199 3457
3115 1145
4036 623 1081
1765 4883
3463 1061
35 2199
4477 2331
4303 927
1377 4387
3193 2155
2187 3451
2897 4801
21 3717
541 2179
4427 211
1185 4637
4189 1325
2311 4487
535 4117
4763 3017
2755 4263
4803 1743
3863 1563
3991 1387
415 4789
4719 3109
2535 3819
773 4821
1925 131
4467 411
4499 79
4435 565
3945 1423
307 3163
243 4229
2473 281
1707 4749
3423 4343
1237 2645
4879 2525
839 4857
4221 1013
4631 377
2423 1835
3473 1279
2587 641
1650 1089 1081
3639 217
239 3023
4127 823
1049 1935
1272 3227 1081
275 2615
3833 1375
4695 385
2241 4475
3339 553
3785 587
4285 255
2507 795
1915 4147
1691 2931
1373 4355
2367 4821
887 2367
1963 4715
2653 4555
121 4751
241 3579
493 1653
1863 4483
355 2493
753 3561
5 4147
601 4227
1549 4427
3649 299
4769 2677
1287 4089
3703 2635
2451 331
727 2641
2565 3885
2439 4833
633 4659
1341 4261
4255 4841
981 4857
1507 397
4401 1021
3377 381
4711 623
197 2987
1117 4059
3361 283
3669 2127
3649 2447
4355 4813
1841 4305
2285 781
4213 2025
3403 669
395 2135
3229 247
4847 357
823 2623
2105 3369
4903 3023
423 479
807 2273
2393 4499
1995 4545
347 3977
3067 4669
29 4399
3821 711
3747 351
3943 4759
3129 1207
3731 943
2043 289
4393 4691
4743 2335
873 2137
2451 3511
3833 205
1077 4699
3797 755
3899 511
945 3413
4497 133
2251 4749
4123 2841
2591 995
3299 3945
1337 3819
3651 4161
921 155
2255 849
3887 1755
4393 923
2383 5
2491 1751
4693 211
2477 3947
4059 425
3439 4889
4681 1441
4509 2133
5 2375
4765 1963
419 4163
2611 43
1983 369
705 2029
295 3753
177 3881
1405 4195
4545 635
343 1889
4061 623
939 209
807 3011
3351 4753
925 2361
2815 2015
2263 4263
1361 4247
1243 1668 1081
4389 1229
1215 3393
939 3705
1219 4825
2061 4565
4701 4247
4757 499
2571 2903
1263 3687
4125 73
4881 3619
3543 2655
3751 4901
4831 1765
4525 1857
2709 4565
2065 3723
2883 2907
555 1871
3851 125
193 2865
1951 2925
129 3013
4813 2515
3781 665
4817 2657
2945 4559
3813 1375
3737 4523
323 4181
108 4615 1081
333 1947
467 3809
869 195
3093 4125
3949 697
3759 2049
3465 1449
3805 795
4629 2899
1241 4325
4833 3289
4873 725
4849 2707
3905 275
4301 933
521 4419
2419 1085
4265 3379
3769 549
4481 2019
4493 45
969 3867
3939 1695
3975 291
4743 2949
1361 2473
1919 4595
189 4227
4687 3573
1315 4509
1951 4459
1859 139
3781 4771
1805 2835
2691 837
15 4491
4615 1447
2625 3981
1793 3635
4703 2171
1365 4447
2059 131
61 3807
4047 819
4841 2787
161 3679
1913 3443
4295 2863
3047 2347
4625 2173
1633 3733
4333 2977
4799 2433
1111 4577
4751 2037
4253 1493
791 4849
391 4297
4563 4187
4799 357
4873 1055
23 1623
4297 2259
1749 3139
4743 3693
2825 4751
2517 3081
3279 4771
3335 4671
3851 1147
3725 1231
4885 2327
4175 4295
567 2571
397 4409
4175 1319
4891 263
1053 2517
4479 349
4701 2651
3427 1760 1081
4399 1121
1867 3963
4713 4145
3345 4711
3897 2457
2045 3473
1339 3951
3237 529
4003 199
2979 1253
1389 4610 1081
3411 4303
3659 4525
409 4867
2313 4775
1171 4133
3683 103
3733 2655
2155 4317
2855 3281
4295 4799
4589 45
2311 4547
147 2133
1069 3815
4805 3435
2939 1553
4827 4429
4515 165
3497 2193
1651 4359
3727 4809
844 2133 1081
4401 1425
879 4733
4269 727
299 4881
2149 3287
617 2153
1785 2911
4609 709
705 4573
577 3485
2315 41
2343 4041
4781 2291
4649 2605
2981 4803
4017 1511
2933 501
511 3751
4855 3077
2869 4405
2745 4871
483 2343
1037 4075
4545 483
3037 121
3763 1785
5 4689
55 2281
253 3699
1395 4515
3297 4519
4133 111
3087 2515
1121 4499
1865 2243
2719 4153
4879 3269
4003 1111
3317 4709
1159 1499
4497 2755
4559 3037
1839 3341
3995 563
1919 3121
1405 3501
17 3897
3699 837
4303 365
4905 833
4707 277
1563 479
4351 353
789 3105
593 3727
305 4605
3941 99
1611 4905
1499 2805
2325 4553
2801 2173
3227 1509
813 363
2349 641
4583 1127
1095 2971
2863 4737
7 2429
1585 3913
449 2825
3351 4095
4111 3915
1487 4753
1515 3519
4601 3393
4151 819
3567 429
4765 2255
4511 2725
4653 2895
109 4425
2281 3439
4649 2107
2395 3909
2225 305
339 4301
4147 2869
2673 4505
3245 2403
1071 4385
141 2837
2671 927
97 2779
1649 3407
275 4411
711 3079
3625 1367
1303 4285
2407 419
2441 965
2199 3895
2963 281
2513 2967
2497 409
3691 2023
1167 4543
4423 3143
813 4435
4775 3033
839 4819
521 3545
1443 4255
1811 3347
4387 2573
875 435
2295 4687
95 4549
2199 687
3963 3749
4143 415
3385 2023
2395 3893
4113 3081
2443 255
3625 4167
2417 3503
3011 37
619 4021
4407 665
983 3273
255 4483
3711 4747
693 4245
4539 1991
3037 429
1899 4845
983 3371
1939 2971
3867 1765
475 4649
1563 3441
4453 15
3635 1371
1879 4527
4609 273
1007 3339
3995 3179
685 3895
333 3861
3721 2007
4737 633
339 4557
3363 2547
1823 193
4849 2689
4217 765
2657 4321
1121 4125
3867 2829
307 2719
4795 4153
277 1757
173 4641
1839 4149
4643 1923
475 3927
4083 3673
195 4655
3029 1391
3505 4609
2939 115
2199 4873
1787 4569
1727 4617
4121 4597
4735 3181
3201 295
4767 3679
4647 2755
4657 1479
4019 35
655 3267
767 2903
2567 111
1833 547
2261 4129
4159 2021
2059 1153
2555 3491
1711 3547
2479 4707
805 2153
4593 2765
4099 3373
4417 1425
1349 3685
683 4353
603 1615
3315 1729
3369 2289
4501 4829
4687 1267
4431 495
609 2101
1575 1987
1407 157
4557 2409
801 4389
3059 79
3419 4477
885 2971
3753 2397
523 4331
975 4703
4911 195
4267 277
4481 263
4207 1605
3927 4841
4331 3295
1187 2187
4337 1801
1349 4271
1457 4325
4431 5
2895 4613
371 4251
2415 1833
3367 4911
4905 1679
285 4781
227 1797
1807 4409
581 1881
1301 97
3465 99
4421 4817
4615 2773
3699 3041
4765 1595
4637 2111
231 3833
1475 4477
4903 4121
4411 1613
1683 1139
4297 335
1539 4165
4271 831
1785 4559
4317 39
3603 869
631 4805
4525 25
3979 3115
1631 4369
1965 69
4745 2035
3473 83
2699 4675
675 4555
4337 211
3545 1351
101 3179
3605 2421
3537 4847
3635 4489
2691 1275
3337 155
1485 4461
1777 4223
4313 2881
4363 1523
1631 3333
4377 381
4703 1967
4097 4759
1775 4553
1079 2157
4623 1619
1845 1373
4867 4253
1899 4309
169 2045
149 4115
3339 1261
1391 441
1405 4617
829 4511
1627 1251
2629 247
2115 921
4663 3515
2163 4679
3951 1203
2193 4886 1081
4669 2037
405 4731
4651 1527
2885 1238 1081
2403 3695
3521 2137
4319 3039
4135 2512 1081
3701 2077
2847 4721
3849 1623
3855 2855
1879 899
1281 3345
1211 4453
3819 3347
2509 4475
2643 4313
2823 3743
269 3021
3723 735
4717 2625
4899 2863
2867 371
697 2601
2187 237
2119 3177
3339 1893
4911 113
3877 1407
4473 995
2615 4643
231 2121
1421 979
349 3405
2907 4491
185 4861
4263 733
3131 4231
1883 4561
4603 37
4479 2195
4717 2867
3949 1053
3895 4687
4833 2801
2303 4685
3059 3719
4840 3373 1081
2191 3661
1207 4801
4793 4203
577 3511
2679 377
4683 3237
2655 345
1013 4273
925 4273
3459 237
3697 3255
1365 1789
1829 4381
2887 4345
1721 4417
4847 717
3221 1949
1307 4235
329 3481
297 1773
1565 315
3515 2043
4633 1525
311 1941
4485 1771
113 3139
1839 841
1297 4333
2289 321
1673 4377
1913 2757
1493 4411
4567 987
1025 4815
663 4749
4053 4863
1559 3341
485 4649
2521 1789
2695 1687
1721 4853
4685 729
3927 1373
429 3771
991 4757
381 4525
3499 485
1387 4795
953 4817
899 4531
1433 1431
861 2821
4155 2047
3335 555
3209 4303
4765 1171
4821 3065
2695 1265
2551 4355
2329 3985
4259 2067
4695 1187
951 3731
4539 4807
129 3651
2667 3561
1215 4719
3017 317
2987 1889
2763 3261
3821 869
3878 3227 1081
2541 1879
3985 127
4501 1247
723 2697
1675 3439
4555 775
707 3831
4295 735
95 355
479 3903
3229 1247
305 3861
573 2785
2309 695
4507 2033
3817 745
949 4713
2195 395
1901 2829
3787 4879
729 4817
3995 1117
2217 529
4317 385
3891 2759
129 4647
633 2581
2089 501
4753 3747
397 37
4683 2895
775 4111
4715 3187
3633 4725
2577 117
1753 3111
4027 2589
4771 549
3321 4639
3359 4861
2347 931
2485 1333
4393 3631
4155 4615
173 4779
575 4703
749 3455
139 4591
129 4089
4567 695
4729 749
4819 699
4845 4425
2355 4463
151 3229
317 3353
4745 2201
4509 3725
1803 4559
4877 1461
4417 1341
4719 647
3327 4885
1955 4703
3671 2153
4847 3809
717 3845
1873 4325
193 4671
4751 1957
1879 3563
2817 4453
601 3397
4055 619
1635 4697
2647 447
4631 3491
4643 2239
41 1887
609 1987
3989 737
663 4093
2559 283
1997 4743
4119 2079
123 4025
1667 4565
4649 3175
1085 4875
2405 3593
2841 4657
4609 3573
4653 3427
4869 2721
1955 3715
3421 1001
1079 3139
4173 993
4231 2665
4393 25
2151 4661
4801 1749
4299 151
1337 4575
2501 4575
2037 3645
3225 1583
23 3595
4843 859
1527 4693
4233 3625
415 4535
4805 2749
3333 163
3807 2211
1519 4415
4111 2017
407 4761
4523 4829
3741 423
1267 4429
4127 957
4229 741
587 1493
4589 905
4887 871
3703 1211
4115 1355
4885 2709
4679 1729
4649 1419
3517 4847
3453 123
4721 2913
4325 257
1869 4021
2791 63
3893 917
4041 2963
4509 617
4813 809
3403 1621
4069 165
2163 3135
779 3573
2647 4689
2457 4269
1913 4199
35 1971
4899 1333
2605 1741
2705 217
3601 699
4551 2379
163 3567
555 4533
4657 2419
4773 2933
4275 1421
2377 4011
1437 4903
4213 1997
1091 2355
4863 2325
3843 1243
1245 3335
4349 499
1641 3325
4693 2561
2135 413
3209 1597
4643 3705
4815 3261
4795 973
4007 203
3171 799
4377 3349
4231 2371
4791 1611
4121 1167
2871 4901
3049 3953
1 1247
4799 41
457 3619
937 2023
4809 1031
4141 151
1783 3157
3893 4729
3673 787
127 4715
4879 3643
3491 867
2823 4463
911 3873
1795 4907
4545 3043
1 4675
2753 415
2641 4733
2697 4869
2317 3481
459 4651
2525 253
503 4075
3707 793
2635 1453
4625 3887
1657 285
1835 1225
2849 4163
457 4495
4783 2813
4453 473
2489 4193
2055 3661
299 3673
273 4343
3511 639
301 1725
2867 1729
4853 1753
391 2559
3679 143
4227 669
415 3283
317 675
3465 1761
4683 967
987 73
4231 295
4589 1679
3145 3913
2049 4617
4125 805
2221 425
1143 4161
4581 451
4345 395
2655 3847
4185 1287
4365 583
347 2791
1027 2883
1245 2357
2503 1341
1073 3970 1081
3295 4845
2467 1307
3457 4697
3507 185
2979 4159
4021 2921
1215 4495
4327 2097
955 2977
121 2585
2765 345
4721 1769
3513 395
2251 4055
193 4295
4301 2443
3315 967
1919 4725
437 2587
3185 4881
3389 1725
1487 635
951 3691
4783 2177
3795 177
613 4311
1141 4573
1497 4873
4753 2539
4277 1177
4837 4339
313 4881
4603 563
1229 2899
4049 2597
4559 1009
4787 1167
1097 4615
4909 1221
333 3213
3785 2941
2337 4529
255 3499
2181 3773
923 281
4869 1437
1207 2541
4813 1619
4151 441
1489 951
855 4165
1185 4471
4761 2123
3941 531
813 4789
2839 3997
419 4577
3247 1473
2559 2245
4253 3231
1971 3555
3921 771
4157 425
89 3487
4663 1873
4065 325
1505 39
4751 2937
4027 1695
931 1933
2093 3413
4161 1291
199 4803
4809 1943
4409 4417
157 3265
4757 2501
803 2307
2073 4789
3731 4619
2283 863
1473 2173
573 4527
983 4771
1915 4087
4407 265
579 4905
4267 193
4715 2003
1383 2883
4529 2383
3433 1287
4867 3565
4217 549
351 2219
2607 1559
2159 4653
2879 3709
3429 1467
4537 1027
1535 3941
1033 4027
4891 3345
4503 1399
4759 3133
4145 1663
653 2085
3151 249
1703 4205
3665 253
4393 1205
541 4737
3821 47
759 3319
1715 1207
4771 469
1951 4579
4477 719
3971 2409
1543 3637
4725 211
4295 4735
3467 2871
2721 197
4031 2307
4223 1195
3093 4135
3783 481
857 3561
4763 3667
4005 179
1253 4867
3617 1063
4805 1963
893 3725
4355 449
3943 1715
1789 2819
207 3971
1329 4607
4251 3269
4447 3349
4289 191
4039 1109
467 2855
3745 4841
3801 1179
899 4709
2585 4175
1005 4273
1767 1043
3161 143
1575 291
3329 215
3889 1297
21 2537
4863 2175
4735 495
4589 701
4125 1361
3949 3839
2697 1267
2075 4757
3649 1207
4359 497
4389 1499
907 4503
4285 2423
4909 2475
3027 4101
1873 1177
3118 1301 1079
2537 3913
1529 4889
4723 2273
1423 3822 1081
4741 169
1663 4005
241 2201
3508 1129 1081
3391 4715
4785 2279
561 4433
3883 703
3151 3435
4513 2183
2527 4681
2347 4359
45 729
4595 1837
4579 2653
813 2247
4721 979
1363 4079
4717 3093
3983 1807
3347 557
4477 4109
673 4377
3919 1859
552 349 1081
2555 627
1175 2989
3767 887
1063 4395
4573 169
2519 4635
2417 4879
1883 3539
1939 2473
1901 855
2979 4539
4827 385
2789 793
4515 2409
4355 3123
2003 4697
3191 367
3829 665
2515 3697
959 3439
1123 2987
401 315
1747 4783
3383 411
4549 767
1313 2009
4355 975
4399 2311
2588 2105 1081
823 4871
3861 4583
545 4257
4607 763
4237 2573
4425 1995
4499 867
95 609
4843 1707
715 3255
421 4683
4347 3075
1759 4757
3805 2549
2493 771
4889 197
1451 2559
2567 4733
205 1639
4829 1203
891 1193
1591 3197
1669 3863
409 3313
4229 475
4489 25
1573 2391
3595 4445
3077 843
4673 1413
4071 1301
4779 3327
4281 1487
4765 3813
4621 789
511 1993
3657 1805
653 3963
811 2753
1809 4115
4851 3019
1225 2893
1349 3443
3469 2119
3133 223
3695 1731
4889 1637
4289 451
87 3791
2983 637
4447 3783
3035 329
3407 1607
411 2929
3467 97
271 2991
2711 687
1387 4705
4857 137
2351 4353
4167 2519
2933 4063
619 4691
3691 4087
1557 2689
4567 1983
1057 4439
3167 1909
4837 1809
1055 4775
2733 813
2329 111
4319 4697
4073 1271
4111 1301
4087 389
1015 4729
4371 1423
347 4325
4425 3677
359 2877
305 1237
2883 225
1095 4391
3061 4205
3539 173
4489 137
4495 4517
3999 2007
3871 2645
113 3273
4729 3729
3149 4707
2543 269
859 4309
3265 4799
4237 2129
309 4045
2295 4223
3041 3867
4045 4727
4775 4391
1069 4583
4517 2593
525 3853
3807 219
2559 3605
3475 3837
2221 4323
3915 2147
1945 2827
2617 3943
2283 4481
751 2791
4353 81
1677 2483
1533 1433
411 3495
2527 4719
4283 2827
2483 157
1949 4283
807 3539
2871 3937
2307 413
4753 2311
4811 2001
1581 3689
3631 121
4397 2703
1263 3649
3011 1483
2747 3901
4329 2373
3639 4141
3047 4625
1867 4703
309 4885
11 983
903 4505
2503 4471
2715 1619
3197 1333
3953 611
3615 3921
439 2985
1267 2755
1171 3441
4601 71
2161 4263
3431 179
1283 4575
4899 2467
2287 1365
663 4285
2377 4765
2853 4809
2765 1623
441 4899
241 2817
103 4887
517 3629
1753 4725
4205 4843
1815 4543
2255 3523
2239 4307
4340 51 1081
1211 3029
1353 4161
4203 3677
2359 3541
2487 1277
3755 27
4333 2351
3625 1781
1037 3679
4601 4881
2471 1313
3217 205
909 2369
4351 1957
497 4789
4511 349
2657 695
361 4539
4527 1523
2799 635
2271 4711
4347 1771
3339 915
2765 1363
461 3095
1439 4231
3287 2729
2417 4091
1069 3549
4873 4323
1839 3317
4689 627
4579 881
2051 3567
2915 167
3603 4745
2241 729
3657 261
4385 1725
3971 371
4731 1971
4053 557
1441 4509
1323 1947
301 4869
1763 3261
4223 911
2183 259
3689 629
1585 4491
3533 209
2117 4397
1869 101
601 2415
2549 3731
2061 4199
663 3531
531 1993
645 3739
3887 2233
3855 2003
4669 1479
211 4731
3285 4903
4593 21
891 2389
2149 4567
4811 1021
4387 229
801 233
3159 2305
3243 4581
1859 1915
4771 2205
1601 3815
4047 1769
931 2137
4003 4505
3947 1771
2141 3007
2681 1297
835 3877
4093 303
559 4093
1405 3403
4151 1473
1917 3641
3869 195
4057 1525
1799 3003
4735 1447
1731 3073
1677 4055
527 4481
1197 4479
2037 4525
4455 1035
923 3623
1487 3931
2707 1133
441 4753
1461 4491
229 3935
2885 4797
457 771
1843 2905
101 2663
1793 3869
1923 307
4827 851
697 2467
1939 3981
1593 85
733 4435
521 4379
2583 1521
1561 201
309 4637
3233 4767
677 4219
257 601
4747 169
4335 1643
3315 1535
125 4783
2381 3701
1501 4505
3953 3829
4269 299
3691 4845
1119 4389
953 4271
4835 2803
1633 3219
457 4473
2233 1151
4817 1041
4807 465
3526 1507 1081
3389 2225
3285 1637
4689 1239
21 4557
4053 2069
161 2013
843 4479
2827 3345
1521 2973
2605 4345
2073 4283
4055 4149
1371 1775
4643 3643
2339 4133
1327 3405
4899 3129
4683 1627
4195 1681
2017 4047
4631 961
39 3309
3541 1795
4495 255
1039 4273
821 75
4287 1575
1281 1633
4105 2023
801 4769
3805 1355
2477 4351
4127 2443
853 1665
1379 2079
2647 4895
1395 2175
3437 591
25 4057
99 2713
497 3701
907 1101
1647 135
1787 3071
3453 663
471 1805
4893 1547
1617 4335
2233 3383
4691 2637
1347 29
3575 1059
4795 2556 1081
4725 1375
4847 1961
1977 4707
3835 755
2417 4707
1237 2147
1551 4743
393 4103
1061 3437
1205 303
1201 4449
839 3649
3459 1485
4361 2045
4869 3389
1531 1743
1761 4797
2389 4001
4639 2989
4559 939
4225 2151
1503 4691
4595 1423
4535 2647
4431 943
1545 4907
9 4265
119 1981
4907 359
529 4691
765 4531
4719 1193
2609 4029
371 3096 1081
1975 4833
4563 311
3353 1389
1393 3781
2523 273
3879 1013
4899 4503
4817 2801
4267 185
153 4619
1531 4765
1011 2419
4467 1767
4433 453
227 4611
1415 3255
4777 875
779 2797
4841 821
983 4231
4315 3239
1213 4339
221 1263
2883 4765
2107 4773
1229 4737
155 1867
4023 3173
4805 2495
4529 1931
3619 2823
595 4697
4751 109
4081 4889
1237 4285
2571 4549
3073 115
3569 4577
1449 3545
4231 1213
2321 601
3801 1803
4059 1541
967 1763
3541 1521
782 4053 1081
363 4533
655 3271
1999 1063
15 4731
1175 3891
4485 3911
3887 975
577 1847
1071 2217
533 3043
1295 149
4023 1
685 2909
4849 1475
1637 471
1181 4429
3831 239
809 3359
4735 3283
249 4197
189 1699
3959 3369
4575 4021
3013 4365
4651 1889
155 733
1303 3329
711 2535
4289 261
2191 4807
147 2823
4617 1901
9 2427
285 3849
1957 4785
15 3643
1919 475
4793 4503
657 2701
2071 4833
4413 557
3363 1153
249 847
4789 3387
15 4179
3011 1245
3287 1649
559 4183
5 959
529 2609
1135 3345
4683 2337
1733 763
2727 4863
4219 541
4839 2649
3165 1263
275 3215
1321 659
3393 4821
893 3819
2855 3867
2117 4077
4631 1419
3805 77
2697 45
2679 1439
4331 3657
3789 4117
2203 1365
3881 3009
2129 2735
557 4501
3400 1311 1081
4553 2769
41 2927
4803 1913
1791 1787
4225 651
4885 2631
1815 575
1237 4723
1393 3197
3595 1623
495 3473
2591 1151
4713 3749
4753 277
4907 483
2613 4071
481 3845
2325 4443
1179 4815
4483 3851
4759 763
1187 2515
2327 3777
3171 4691
4413 2747
2881 4755
3925 2661
4811 971
1567 3085
449 4125
2971 4777
437 3651
4439 1345
3431 213
4873 459
3291 3337
3021 4695
2791 383
147 3843
3109 4903
2196 4447 1081
487 737
1115 4875
2861 4145
2393 4799
3991 3297
951 3073
4577 333
4221 1247
161 4375
2019 4611
2611 3529
4229 2011
1243 4377
1281 201
2485 847
327 3265
3013 1247
355 4329
4393 653
2163 1177
219 2761
3257 1783
2949 4477
3859 2427
1317 3143
583 4801
927 3591
2529 459
2207 167
4663 2563
373 3483
1557 4145
2615 4429
843 3291
309 1607
3505 2719
1395 4667
3837 4559
3661 1153
175 1923
1157 4803
699 4389
281 3081
2887 927
4475 1479
1895 3549
4809 1211
873 2939
773 2359
729 4861
1483 3605
3909 1705
3613 4157
521 4785
3983 1023
1437 4675
1137 3081
4671 295
3991 727
2481 1323
3657 1499
999 2191
4301 635
277 4319
3855 237
3407 171
1301 2375
221 3433
4849 1047
4781 1621
1973 4577
919 3893
4735 1857
1451 431
3785 55
3635 355
4695 205
4003 2981
4571 3145
1355 2569
4529 2385
4901 669
4317 285
4225 1459
2225 4907
4681 2339
2411 4699
2635 4043
1839 4663
2385 4709
2341 3165
701 3725
2409 4721
3537 967
159 3955
4367 379
3229 987
1785 3687
4137 1731
1953 671
4691 2659
361 4105
3127 4131
2575 39
2243 633
277 4017
3813 4817
2209 3537
4767 1737
2393 71
3577 3887
4451 4007
2721 565
1821 4743
3031 1257
4227 1443
3975 105
3953 3743
569 4311
4437 2461
4801 3311
2899 653
4333 3029
401 2607
3897 2435
2599 3285
4405 1457
2525 4197
3573 347
3067 4797
1411 3363
4849 595
3099 421
4827 839
2159 4749
4171 953
2879 361
4709 3483
4427 3667
4183 4389
3707 4775
4785 2095
4077 1707
4695 725
3809 4497
1557 2993
3309 4407
485 3279
1931 3055
1899 2903
3049 4603
1747 161
3349 4887
4761 2593
1581 2779
233 871
4487 2597
2327 4365
2549 439
3723 1577
2889 1921
1707 2783
3215 4283
1187 2171
1673 3861
329 3029
4653 1353
3743 1397
1583 3675
3729 228 1081
1777 4087
325 3559
3607 4631
3653 2867
2007 1223
4791 367
3757 3375
2771 3983
4139 1315
3335 4871
3325 4859
3483 4833
307 1983
817 4721
4769 2089
4293 1635
1617 4667
4345 1393
3187 1535
1361 4425
3305 4677
399 135
3853 943
199 3121
2093 3441
2805 4539
4069 197
893 4085
4343 1865
17 1145
3153 169
3471 237
761 3139
4107 3283
4577 1359
4631 2389
4665 153
336 2679 1081
109 4519
781 3403
1929 3169
373 3821
2939 3423
3153 117
3313 1055
4235 4723
2783 2913
2707 3953
1143 2459
4153 4763
1737 3543
4107 989
2043 3759
3307 553
3729 4273
3829 4583
607 4699
4373 121
3249 161
3201 221
2206 3475 1081
553 4017
201 2257
4131 2509
461 3675
35 881
4509 4427
115 4621
375 3657
3489 1983
4677 4127
1315 2161
1305 4403
3645 1429
191 4907
4807 273
2629 4803
4845 2721
809 3515
2665 4611
313 3989
1551 631
3921 4787
1005 4721
3715 485
2187 3125
1281 3947
4127 3666 1081
3645 371
45 731
3121 1031
4075 1837
1563 3443
1819 3475
1105 3949
2167 2997
127 3625
4253 837
4911 4287
4605 859
3415 1687
95 4857
4427 569
2409 4045
1291 4623
889 4911
4619 2355
2019 2755
3327 1397
4061 1705
3893 1051
575 2559
3995 839
93 2519
4713 1859
3809 3925
4143 157
53 4075
4415 3753
303 3755
805 4763
3899 4409
1957 2234 1081
4389 2623
4403 571
15 1211
1127 4315
741 3803
1189 117
3041 4795
31 2701
3437 4677
3995 2939
365 4753
633 2467
2401 247
933 2845
2905 1207
221 3475
4797 579
2229 4573
2643 1651
4889 3793
4887 147
4203 3077
735 4409
599 3317
501 2835
4431 2195
1545 2199
2135 337
4389 1821
4669 3181
1931 4787
1037 3645
1625 4023
2385 1035
889 3641
2825 3777
4751 1465
45 2131
4575 1413
4497 3489
4701 4143
47 3371
3817 1015
4825 465
2755 909
1229 3251
471 4129
2039 4725
2175 759
2889 2317
4129 291
3017 313
1209 4095
4509 2287
3799 1700 1081
4527 2057
2285 4445
4275 3173
4653 4117
4771 1505
743 4435
3601 871
3897 1429
125 3997
2929 1043
2453 2071
291 4905
3633 469
4539 2087
3035 1655
2429 2175
993 4641
4405 3441
2463 727
2073 4811
3469 2539
2645 4145
1879 3817
1145 4593
2103 624 1081
87 4779
1633 4469
4611 681
4725 539
1365 3999
1737 2781
1193 4859
1277 4797
751 3867
1501 3699
641 4889
2551 1477
3223 1673
1093 842 1081
3635 358 1081
4737 4211
791 4453
3893 1209
1277 3723
4183 1427
1221 4235
773 4503
1763 77
49 4515
4493 857
4881 4383
1465 67
1395 3751
4625 2899
1477 916 1081
1893 4821
2443 509
1545 2175
4527 631
3069 1305
231 4701
1925 3471
2359 4665
2873 3329
4717 381
2405 925
4227 4581
523 4537
2821 441
1599 3849
533 4313
817 4357
2671 659
3905 139
4101 351
4813 4327
839 3379
4839 1659
4153 1187
3933 355
2873 47
4635 2685
657 3605
4845 813
2119 3787
4603 3085
509 3337
4717 63
4235 3511
4257 985
3465 853
2451 4633
1813 3447
4505 4773
3485 349
823 5
333 1859
2983 1797
775 4369
423 3277
3061 4721
4239 1261
4827 659
1573 4203
1519 3741
1923 4547
3839 4415
1853 3561
4881 1127
311 4247
1293 3317
2107 1155
447 3913
4069 4715
457 1777
4299 4527
1 3821
1681 4711
3989 2203
3115 1649
1301 2827
2329 1651
1583 2887
2293 3477
1487 1097
1967 4245
1133 3707
4601 4779
4671 3343
3499 211
4783 1053
2247 3335
429 4741
4765 2721
4519 2619
69 4295
4143 513
2861 2079
3871 1541
2847 171
1597 59
4209 4531
613 4779
3179 617
173 4343
4531 2539
43 1033
4153 3803
4245 3
4247 247
4533 3779
2609 1725
4259 1135
1759 3341
895 4663
629 2201
4741 409
3797 641
1627 3609
691 4465
1321 4891
3210 353 1081
3347 4845
1311 4617
3943 2853
4367 947
981 4145
4489 2929
127 2689
4561 45
1965 4123
4619 1345
4875 613
515 4809
3055 4197
4769 243
809 4561
319 3539
721 3399
4731 437
573 4827
4603 3593
4905 3917
2339 3259
2101 1215
677 4709
4607 545
4725 4467
3049 757
4797 2203
107 4609
4761 2759
2463 3057
4195 2231
187 2235
626 1365 1081
341 2981
279 3287
4879 1207
557 1395
4883 3859
3627 2827
2727 4601
249 4249
4615 4101
797 4669
335 2747
4519 2301
4017 2789
9 2151
2178 387 1081
4627 2177
1783 4769
51 1981
4217 245
4459 2047
4859 2671
1883 3923
3261 1
4687 461
4815 1943
4543 611
1495 3399
455 4485
1831 4801
1195 4847
227 4493
4665 389
4321 103
2677 1067
2473 3899
2921 4713
3053 719
295 4253
1127 4165
4571 225
2965 325
1245 2275
1801 4047
1581 4147
1051 4295
4883 973
2067 4815
1343 4047
337 3683
4693 3569
1697 4345
3969 337
733 4437
2235 2751
1033 4099
4121 1723
867 4245
4161 1595
3117 1129
537 4433
171 3401
4619 1307
659 4909
1377 3543
587 4773
3517 37
3513 933
883 2735
3965 2217
139 3795
2755 4813
2403 947
2019 4357
713 3935
2185 31
355 2589
4369 649
4111 1833
89 3069
1067 3131
3753 1034 1081
723 3895
4455 2741
507 3663
1787 3351
4773 639
4297 4853
3611 4833
3073 85
3477 157
2905 1811
4249 35
4139 2461
573 4455
423 3987
3935 2367
1569 1895
3933 4765
4715 2247
3789 1009
4651 705
883 4905
4505 2155
1091 3281
3365 381
3827 4279
4665 1033
3277 137
2543 4695
4217 4633
4587 557
379 2277
4497 2131
4351 3775
3607 2267
1749 4169
1819 4835
4883 2559
1133 4843
439 3099
2531 4843
3319 2303
3275 1723
3061 881
2225 4843
2771 4781
527 3211
1913 4503
4511 985
3223 1615
4893 2543
515 3123
4183 3513
4111 1639
1035 3237
1435 4465
3871 2831
1361 3599
4347 2963
641 249
2009 2725
4497 937
4843 153
4071 2893
2033 4589
3339 169
4891 3355
1087 3275
4657 137
379 4845
557 4499
69 1923
4161 1805
4805 211
3291 153
4735 1249
4439 3927
1665 4649
2199 3531
3019 4839
11 3679
3338 1173 1081
1498 1787 1081
467 3991
1433 2739
4151 1875
4803 2013
589 4081
4533 1555
4331 2975
4447 121
331 3051
4731 3427
1883 51
4703 703
2209 2221
195 1151
1051 4511
15 3513
3635 745
2221 4309
1677 579
363 4373
1607 1531
4303 3233
617 3959
4281 2853
207 2571
4739 1757
815 261
3345 4763
2323 3663
4057 59
4669 1267
1679 4055
3317 905
1981 4537
1323 371
4859 2507
2975 297
783 2017
1279 3513
4123 933
3531 973
3967 1443
4371 1639
3567 1475
1055 3787
1621 3127
1093 3359
4761 2217
4377 609
673 1181
3831 4879
3309 651
755 3717
3045 1003
1279 2791
1187 3963
4305 943
4597 2737
969 4685
4821 667
4129 2079
4903 1035
937 3811
2851 2687
4469 175
4599 3061
4517 349
4903 2773
4141 1445
4221 793
467 1339
4295 533
293 1107
3427 2667
1095 3273
1055 255
973 4825
4439 2963
4831 4589
107 4707
4601 3389
4217 2449
2099 145
2375 4779
2179 4235
3047 2265
2116 2973 1081
449 1611
4103 3057
4201 4575
3621 299
1463 4525
181 2473
4411 903
3649 391
3150 3005 1081
4209 4483
2449 3817
1673 161
4515 1175
4707 2097
4599 493
725 4701
57 2769
3395 2013
359 3277
4309 341
419 4635
2577 4125
1313 534 1081
4655 1061
869 4103
3451 1307
3209 403
2829 2065
2113 4565
4835 3657
365 3931
4469 775
4477 1373
4425 895
3655 775
4807 655
3195 605
4381 1537
4537 3589
1923 3657
4019 553
4255 3729
137 4455
4033 137
4907 4035
2371 75
1663 4793
2141 955
4877 1599
445 4051
2753 4887
3915 1051
575 3127
803 2117
3443 2881
4851 1713
1205 4833
1729 2639
3553 401
185 3509
1547 3419
4553 2847
1677 3259
3237 879
1195 2587
551 4245
3741 2427
4635 1205
1443 4003
43 4803
4579 931
1095 4451
4511 3213
949 4461
2973 4755
803 4457
3969 2465
2157 4815
1305 1909
4897 2319
4105 1565
2285 4175
239 4231
3279 1045
4767 21
2247 4707
3159 4517
3505 1443
4701 2321
4595 3233
4671 171
1871 4777
3159 2313
3191 983
959 3449
4059 237
4016 391 1081
4807 2873
3219 1803
4231 181
661 1529
4507 2973
413 4163
1281 2211
159 2731
3891 581
4447 1471
741 4613
181 4099
3189 1271
3167 2453
3521 4039
4343 1265
1329 3473
4471 2833
4693 413
4131 2393
427 3029
4725 2941
95 4071
2419 4837
1369 4277
2925 179
4059 137
2125 2427
4007 1857
3801 1599
3801 4897
3181 85
1265 4209
933 3107
4653 223
3065 1003
2223 4767
4891 1621
279 1645
3351 1539
437 3221
4509 2463
2075 4637
4283 3979
3387 383
2135 159
3627 1289
1663 2439
3675 1665
4751 859
3403 343
4185 1547
97 3313
4075 4573
4465 2083
4891 3577
695 3953
1187 4719
4821 141
1055 4699
4141 2843
1599 3709
1605 3587
4385 1981
4079 1443
4275 1303
3369 2035
4395 2083
3693 831
4625 2879
781 4835
3205 4893
17 4603
4735 2413
1603 4621
433 4629
4131 2723
3943 1203
439 1813
287 3119
1169 4627
3591 4361
4867 2733
1045 4295
1253 4057
4695 4505
979 2217
4751 569
413 3273
3659 1845
1631 4665
1979 2347
4823 2021
4605 367
3687 1843
1457 3013
2787 39
455 2339
4417 4049
1835 4867
4765 913
1335 3549
1469 1839
1181 2651
471 4827
4249 397
4689 3337
2013 2885
151 865
33 4277
4755 3569
85 4409
4151 55
633 2625
3527 277
4359 181
2607 4641
1703 4505
2033 4821
1827 2839
2933 53
4759 2087
73 4853
3529 4509
2151 2907
4083 4419
3923 563
2375 1265
1241 1915
4435 1497
423 2447
2963 3007
1447 4641
2543 4065
2185 4133
1597 3437
1515 4077
4897 4041
871 3501
771 3343
1071 2263
2891 4765
465 2295
1451 4797
4839 2133
1347 3881
187 3111
1177 3873
4377 2235
1451 433
4343 4371
3379 369
4503 845
4815 2787
2999 7
4077 265
513 4053
3481 335
3551 1103
4709 2859
469 1817
13 1895
4579 937
2017 4753
919 4397
3179 4591
1191 4735
789 4121
1083 3961
2051 2819
4523 1567
1681 2597
4683 1663
427 4603
1833 4237
907 4185
343 3801
2081 4875
151 2767
2409 4611
717 4343
3625 685
3667 765
3599 2189
4327 1155
1 3907
3467 2675
1545 697
4843 239
4289 739
357 3543
27 4083
2389 3269
3177 3153
4577 1139
1313 4627
3679 4547
4829 211
4889 969
3013 3911
1535 4241
611 4107
4561 3245
3465 1165
4711 3831
4555 2859
507 3779
4119 3821
4489 1353
3925 1347
109 3233
11 2927
1973 2961
4901 413
39 2849
3275 1287
3065 1071
2563 143
1145 3951
3163 1195
2885 467
4125 479
2765 167
1831 4885
1753 4595
2039 4621
4023 53
219 3999
2323 4835
4213 1113
3493 4465
1087 4875
3505 1527
47 4653
1005 3369
2833 2121
2863 1705
4755 2073
827 4777
4137 1143
265 1223
4741 3865
2065 2951
197 3917
4819 3559
241 1017
465 4577
2221 4469
1317 4733
125 1069
875 4623
1571 3043
1137 4549
3537 2375
977 4909
3957 4479
3515 669
4011 1677
3213 4081
959 3551
445 3221
561 4427
1773 3195
4757 565
4163 1375
4123 377
3653 2555
1979 4557
827 4257
3515 13
889 4063
1561 3189
979 1517
2599 81
4613 803
1419 4779
4501 3257
4733 1755
3851 4697
4849 3445
1743 475
3317 4505
3677 2629
507 4029
597 2073
3635 4461
981 4665
4155 2395
4219 2201
3985 1371
2239 4073
777 4499
4545 1779
3073 1527
1863 3089
4375 499
57 4329
3997 4711
1945 4281
553 4827
1519 4489
4429 265
3627 1291
741 4455
1285 2935
1197 105
1089 4325
4537 943
3741 257
3449 369
3301 1377
2057 4467
4101 1261
4809 1663
741 3850 1081
2045 4641
3467 121
3279 1021
4485 1501
653 4289
565 4829
4857 3155
1071 2725
3777 2957
4309 2647
4561 861
4265 2065
3985 2549
4785 379
3537 951
47 1959
1169 4579
2237 3063
763 4163
2911 4525
4713 2493
3863 3001
1669 4691
3483 455
4863 2587
131 3659
4009 845
4229 3435
1261 4027
3559 21
2433 2211
3989 1909
4897 2741
4911 927
3745 915
815 4421
4505 1581
479 2829
4903 2467
3865 1487
3289 1411
1851 2961
4815 2273
1447 2487
4385 3345
4859 3381
3667 857
2871 4319
2559 4188 1081
3419 1463
3917 4569
3531 291
1799 327
81 4177
4745 3763
1007 4315
4215 2505
4843 3795
729 2287
1075 3815
265 4403
2461 673
2181 4785
2151 1031
2111 811
4775 4003
4529 2283
4261 1489
3205 4207
4247 953
2201 235
2779 4449
685 2749
4671 931
4773 1403
1409 3621
2099 3405
885 73
383 3989
201 4669
135 581
35 3555
3855 4619
4471 11
133 603
4863 2061
975 970 1081
4693 1809
1659 4579
3485 1395
655 2471
173 2791
3941 4893
4735 1431
2401 1269
3835 933
799 4747
3673 4761
3189 1503
1185 120 1081
547 3755
3469 161
4735 2251
245 2895
2823 4741
1377 1954 1081
1739 3869
2915 1371
4171 1635
4091 1269
569 2105
3349 4901
4463 3
1749 4295
971 3627
3923 1761
1253 2171
1239 3433
2905 1249
2099 4781
2969 4377
4447 799
4637 2193
141 2445
4299 55
1147 3057
903 4793
2777 329
4565 1067
1619 4317
3983 661
4691 2395
791 4299
4373 339
3107 1515
461 4499
465 4033
749 4695
4447 2069
4417 1565
35 4149
307 3877
4571 2799
2461 4127
1899 2937
4245 2831
4431 287
57 4665
777 4263
1433 4499
3349 1895
4235 69
2791 581
547 2805
1917 1295
2021 21
1643 4503
695 4255
2567 4575
1079 4249
3583 743
41 3955
4459 1651
467 2097
59 3723
4711 611
4797 831
4769 538 1081
4411 377
423 4219
207 4157
3013 109
1795 4621
857 4451
213 3199
3953 1467
2519 4651
2379 4809
1837 3637
29 2781
2909 4295
4861 669
4835 2581
675 179
3285 2001
2583 3663
4301 769
4751 241
1039 4533
3571 2617
4751 3177
2137 4627
3683 2043
4059 623
3159 3819
4543 499
2309 4861
215 4615
451 4531
4575 2291
1323 2987
123 2383
603 4729
4717 319
985 4817
4611 19
3253 153
4675 1071
2341 4475
2395 1349
4647 3231
4421 1049
613 3227
4761 2421
1211 4099
735 4739
1545 4763
3949 3393
97 4673
3633 1229
3531 911
2251 4663
689 2765
3565 729
4693 1063
4717 2893
3115 2093
651 4427
3455 4589
2049 709
1253 4009
1273 3243
2659 341
1175 4537
2991 1871
93 4827
4461 2781
3661 1475
3695 823
2913 1275
3473 1085
856 2399 1081
2587 3519
3007 1655
1639 4375
853 2787
4899 27
3145 1117
1653 4855
4653 2521
4411 2813
1391 4033
1559 3157
3093 159
2483 1529
1021 3653
3091 1911
4321 343
4731 245
3343 1023
1999 4567
4281 3605
3963 1647
1985 4557
1671 3775
1733 2571
2545 1041
3737 2187
3627 791
3055 4861
4703 4119
4863 683
2131 4577
4427 2337
4267 297
4911 1127
565 2225
2285 3683
169 4409
4707 3081
4053 3517
1445 3799
3931 1471
3645 2397
4109 1633
4661 2117
635 4853
605 4751
3847 3419
4527 669
1763 4185
2387 4283
591 4187
3943 4533
3725 3984 1081
3419 1213
1499 111
311 4511
387 1789
2737 319
3737 845
4751 2919
3297 1225
2815 71
4831 647
19 537
4687 2809
1899 4523
2695 4793
2701 655
3129 4663
4847 1333
3905 423
2787 4869
4275 377
4577 3367
761 2829
3705 3037
1735 4297
1483 3889
315 2957
103 4717
2199 3241
4779 771
1571 4439
4891 4256 1081
945 2613
1093 3315
4665 1343
4477 883
4619 3253
77 3883
3455 449
3919 1735
4597 1051
2351 4733
903 4373
4891 4155
1515 3221
861 3779
4471 137
4179 1167
2415 4067
2517 3709
1597 4785
3505 2291
1947 3883
2541 17
1311 2831
77 2463
4647 4143
4879 2987
4803 2279
4025 47
1367 2371
4561 2599
4303 913
1817 905
4823 2793
541 4623
4587 841
3193 913
2409 1421
4839 353
4863 4113
4843 259
1717 2609
4351 2573
1775 3923
4783 973
161 4641
4845 2419
4687 3433
3631 4547
1329 4127
1477 1347
4277 327
3735 2993
4157 523
3711 413
4579 3517
1711 3155
3825 2303
3107 2203
13 4265
4125 2813
589 4623
3467 1011
1575 4693
4241 2366 1081
3847 631
2851 4489
3091 361
4761 2387
229 4645
4357 881
4775 313
469 4823
3859 409
863 4577
2059 2999
4537 3
2289 3239
1557 4653
4801 797
4747 4319
4781 2417
3723 4853
4809 345
1855 3801
3767 1793
187 3585
5 697
1175 4643
3823 237
4907 4303
105 1109
967 4209
695 4553
1405 4445
701 4577
4867 737
3095 1009
1619 4513
2093 1269
585 1433
1493 4379
101 2385
187 3913
2597 765
539 4879
1123 4233
4479 4781
565 3889
839 4775
1565 4741
4773 2481
1583 3397
3833 4675
877 3257
4459 25
4327 357
497 4519
679 4169
4113 2115
3103 733
1165 4813
2853 4133
3907 2145
2477 3941
63 2387
3355 3917
2341 493
1493 3847
4575 1999
3779 209
4757 2851
1085 4391
4637 1189
3647 4581
4581 47
1623 1349
4599 3225
2455 4701
4131 2857
2855 553
3879 4783
3385 4277
4083 4633
1639 4579
213 4799
4269 1375
4539 1337
2603 4911
3237 4711
197 3865
4185 1483
493 4147
4139 2441
4135 1933
1863 4075
3883 1945
4439 169
4259 4899
1683 2713
4659 1523
705 4117
4161 4085
2805 2939
3585 4877
253 3103
4207 377
4479 571
1923 1919
4195 713
1339 3659
2631 4013
3177 1409
4795 795
675 3663
3135 161
219 3767
3265 3
4511 2345
2851 551
3411 1721
3505 4899
3449 4699
2244 3457 1081
303 4359
4459 1861
185 3765
1317 2257
3483 67
811 2693
4375 2627
4015 551
731 3147
4337 3031
4821 221
4821 197
2059 4765
4713 3417
4679 2471
801 4115
4461 2111
1073 2989
863 3461
4873 1957
711 4303
19 4741
939 2619
847 3589
2991 4885
317 4415
2467 4805
3735 4543
4021 1487
2747 4415
4099 1613
3721 2861
3941 859
67 4309
1643 4047
4515 1597
1597 3615
3311 767
3561 2049
3705 859
1359 3341
4907 1479
1289 4405
4829 203
4187 403
3153 1453
4669 2773
4743 267
4903 525
99 2583
161 4607
1337 4521
4363 2225
2457 2177
2025 4487
4501 1311
4173 2235
4355 671
4597 43
4441 4793
2267 4375
1201 3421
3615 2919
4503 1289
3429 3105
1577 243
2025 4851
4055 1215
1089 357
1451 4365
3773 4905
745 4763
4253 663
953 4293
419 2683
2531 4497
3047 1971
91 3377
3075 1775
607 1559
227 3645
1375 3901
3365 95
213 4593
2711 4515
3927 4671
2851 4265
4611 2641
2693 223
137 3553
4361 3135
2229 149
4041 1969
4887 2009
1011 3719
3709 1435
2175 223
253 4871
1439 4431
2465 3179
1467 4085
463 3769
3931 627
4233 861
3649 2669
4701 965
3007 589
3347 1115
459 4519
4135 2677
4715 3531
2947 4233
3295 1513
4429 1543
2903 1429
67 3911
1203 2219
1273 2523
1011 149
899 2669
511 3231
3235 1068 1081
4375 1497
4661 605
3969 1001
4659 1208 1081
4275 139
1757 3867
4703 4245
3595 2545
4283 943
413 4591
4591 2017
1435 4339
4605 3573
2909 4729
2483 4859
4555 487
2573 1081
691 3331
3151 4789
4545 4099
4835 1327
4105 117
2351 4753
4821 2375
3481 1049
4147 371
553 763
221 4711
3871 945
2011 3831
2691 1393
415 4581
325 4511
4341 181
4133 2939
2351 965
4433 1307
2043 3861
4765 565
2279 4433
3527 449
1239 3481
1813 4809
1373 2521
1599 4585
2999 4657
2549 2551
1895 3117
3131 223
1227 145
4657 2969
4487 4685
3113 4759
3999 1361
3873 1495
1611 3587
515 3339
171 2195
4259 2697
1039 3775
1141 3593
4183 1871
2683 4891
741 3275
4767 153
837 3505
2125 3841
2151 3817
3557 4781
223 2727
1431 3043
1283 129
4647 4655
3049 4715
221 4857
4453 2687
413 4637
269 4793
883 2177
2191 4871
1963 3543
3321 707
2147 3409
875 4383
1165 3811
959 2545
4845 239
1135 2881
1151 3999
3615 4571
2069 3879
191 4145
4073 1030 1081
1953 4315
167 4565
975 2935
4729 2183
3627 523
4821 2795
637 4675
381 3853
3777 2073
2119 1733
4659 421
2451 3435
145 4495
1509 3543
1119 2931
3769 1045
43 4691
2605 4037
1601 4675
511 3673
3621 439
2763 4783
2679 3057
4455 2197
4539 3563
1045 4473
1695 3647
2831 3973
4615 1959
4305 1447
3773 4327
4525 385
1023 3935
677 4421
717 3597
4001 301
1331 4881
4487 505
423 3795
4773 4263
57 3497
199 2721
1389 3925
869 4191
3811 1059
4503 2147
4145 877
3557 4797
3573 2009
4213 4889
339 2171
4699 3181
4243 2473
2231 327
1029 2805
25 4343
119 3883
401 837
2479 4761
1045 1623
383 4363
533 4785
4467 2577
2251 4621
4301 325
3675 631
907 3877
1677 3373
287 4585
1399 4745
1345 2615
4123 539
949 1545
4853 377
455 323
1847 1393
4899 13
2621 3373
3419 1635
4041 2291
3979 2055
3297 4037
737 4485
4373 53
1809 3763
3275 2183
1023 3909
163 1735
1069 4655
4419 769
3603 442 1081
311 4177
421 4433
3749 2565
2187 863
2659 3219
945 3971
2639 4751
219 4593
901 2035
1053 3259
2141 77
1699 4215
719 4741
2683 2413
2609 993
4907 553
2429 4273
269 4003
2363 4879
4165 627
2790 141 1081
4453 973
781 3107
21 4387
1215 1819
3893 3045
1119 4399
3185 2187
4685 115
1273 4437
1831 187
4073 3663
249 2757
979 2065
4423 345
4123 347
3091 4427
4539 2865
2597 627
3229 1307
2445 3691
2965 703
3123 4763
4259 753
2147 4049
1629 3175
4809 2609
2445 2511
3285 1131
4065 2049
709 4657
3649 2951
1759 3159
2427 2697
3295 2265
677 1777
1733 3701
3921 1359
4775 3439
1789 2863
817 4131
4341 3715
3003 979
1525 2659
739 1699
1687 787
3407 81
487 2481
1453 2229
2985 1739
899 1933
2581 2553
3747 4639
4729 103
2171 3747
4305 1121
4155 1175
2919 1663
545 3795
419 2979
3157 4659
445 4287
3299 2005
2041 4629
2035 4777
2339 3899
1623 3291
4171 3419
3567 53
4507 2299
4429 2563
1805 4417
3571 157
3601 2729
4853 1471
561 1819
3979 249
3931 863
197 3429
989 3109
2499 4733
4885 3093
4873 3495
2701 1373
4861 1485
2443 3441
3969 2167
2077 3895
1709 2195
3797 87
2061 3941
4843 3325
4407 2559
277 3263
4291 333
1875 4497
309 3437
4045 353
4621 217
4399 2263
3981 1571
1723 3177
4853 3945
4731 2915
1021 2457
3815 413
4743 389
4305 4686 1081
1639 1917
1627 3053
2187 4749
4309 1167
4249 385
777 3691
1635 3957
3299 661
779 4653
4707 1917
1939 4044 1081
1091 4871
4177 915
3859 327
4581 2369
4475 685
4847 2217
3805 513
4883 613
527 4759
4271 1537
4311 845
3341 4673
2791 4333
1331 2613
809 4465
3899 1071
2667 3253
251 4129
3393 4799
589 27
4507 2355
4675 3545
3349 4119
3623 1421
4077 1317
767 4845
157 1163
4349 1313
2531 3887
223 4825
4213 759
3833 965
2995 4681
2395 4133
3713 1697
3197 695
122 1045 1081
2913 1495
41 1821
559 4073
2231 880 1081
2633 1891
825 4525
4347 1021
4757 2599
1511 2141
4829 3417
2421 4815
4791 1567
4571 4551
4911 2827
2027 819
3829 4019
4813 435
1225 4481
4255 4733
1099 4895
1001 631
371 2215
3523 21
1637 4799
4323 4879
423 4891
1299 2705
3573 1823
965 3463
843 4165
2657 373
4689 2795
161 4671
205 4557
1269 3405
3213 4659
4885 3187
4439 1451
175 4707
3631 945
1267 225
917 3313
3997 4655
2097 387
4005 137
147 2509
1255 4695
1393 3137
3253 4257
4517 3043
4581 1805
269 3107
911 4851
2825 1909
3355 4839
2297 4813
2769 3285
823 4599
4813 2353
4617 1651
1993 3635
219 2283
3631 645
2839 3697
113 2409
1109 3043
4055 1163
1725 3503
425 1693
1923 3037
3443 213
273 2247
1957 3165
1271 4385
367 4747
329 4739
2483 4727
3333 4837
4711 585
49 3665
4001 1197
3765 2615
515 3879
4369 3351
2889 4859
1523 4661
4069 2509
1459 4439
3133 4779
4497 2871
3538 409 1081
4911 1701
1881 4047
4163 1179
3767 2055
1541 4681
4451 3557
3579 1359
2187 4337
4135 731
4307 383
4851 369
2745 4179
4235 4731
2055 515
629 3789
2625 211
477 4265
579 2755
577 4709
4835 303
165 3103
4199 301
377 4795
1263 3817
3443 1613
557 4009
4331 2879
3333 1245
4031 393
819 3081
661 4163
3901 3739
4345 1535
317 4359
3549 1183
483 2687
509 2879
3663 705
3911 1835
4499 3887
1611 4841
103 4897
3369 2215
3595 773
3173 1889
3197 609
2931 1617
1023 2591
2923 191
2239 1821
3739 1417
391 4379
3481 2691
2335 1443
973 4435
3987 1975
4795 1599
659 2803
3941 317
4907 3071
1717 3203
2031 743
1993 45
1309 3355
1861 4353
4369 3719
187 3339
2477 593
1509 477
759 3709
2203 69
4617 177
3261 1629
2565 4721
2801 4715
741 2985
3857 1929
4279 301
2227 4295
4847 3365
4669 1755
4299 853
4401 1765
1275 3855
4711 2877
1117 3127
455 3355
2107 3359
4635 961
4587 2127
4347 755
4807 973
3753 103
519 3429
1737 4375
1935 4555
4839 1525
2135 3237
1163 3293
4621 337
2315 351
3505 4529
4247 887
2777 1321
4279 187
601 1545
2781 225
2851 441
4525 1289
1033 1745
3665 845
49 3727
2329 289
3599 93
2971 83
4833 1513
3649 713
1639 3817
4379 2963
1913 2963
903 4249
1229 4267
4543 2581
4013 833
2949 4839
1947 633
4413 217
4129 2983
2239 4355
1121 923
3993 517
689 2963
3359 1675
459 3333
1311 49
4643 1441
3647 4421
4389 875
631 3633
1019 4465
4213 2705
837 4489
2873 773
4885 123
3391 73
4589 2469
3403 1691
1857 4685
3593 2089
2797 4085
4553 2053
1105 4737
4865 1347
4685 1043
4435 2609
4871 4117
1227 1719
3137 4507
4437 1787
2649 1087
3037 925
1247 4001
3765 4819
1075 55
4325 505
1199 4715
4603 1039
2293 4889
4387 65
1019 4753
583 4115
2227 4083
2861 4035
89 4135
1389 4227
4235 49
1781 2687
4281 441
4403 3551
121 3937
3549 1333
217 3917
4705 359
4821 729
4079 4561
2399 3431
899 4447
867 2907
4551 1357
3361 109
97 1949
2349 4725
551 4551
397 4459
1483 4807
1699 4533
3212 449 1081
1515 4761
4341 3839
4421 1693
1155 4677
4867 1247
727 4551
2095 4699
375 2819
1443 2585
187 1549
2673 2412 1081
745 4187
4199 177
1333 4345
4851 2343
2875 1653
4777 793
591 4797
4691 2663
3511 1139
4423 1741
4567 1935
4579 4727
3495 4763
4347 203
1327 4669
1415 4661
2617 1839
155 2937
4845 2541
3031 1215
1537 17
1411 1367
2229 4893
4127 4813
2239 4675
2031 3813
2843 763
4477 2835
4151 4719
4789 1579
3573 1589
515 125
341 645
1063 3855
4433 2599
4149 111
4603 945
1753 1135
1579 4553
4267 917
933 4819
561 145
369 1957
4547 2875
1739 4895
151 3673
2907 4829
431 4277
3103 3251
1537 1056 1081
3839 2309
337 4007
4901 595
4563 887
433 3619
753 4397
1733 3515
4690 2163 1081
445 2789
3979 4719
3211 347
3853 371
3705 2469
4675 2219
1923 4803
3807 1799
4619 1353
4149 213
3359 1999
199 4685
4491 61
4383 1031
4889 1113
1701 4757
3727 711
2869 405
2603 77
4153 1407
2389 4043
97 1707
4877 905
4593 75
2715 933
1703 4523
3487 841
3025 3791
4701 79
2051 4733
3341 901
3447 25
2945 3821
2953 1169
1701 4409
1673 1895
1321 3741
515 2791
4857 1353
1977 4687
4093 429
735 4087
757 1453
4533 4673
1039 4105
1521 4591
4863 1153
1919 4583
1761 443
711 4837
1453 3973
3805 75
3855 2267
581 3211
1053 1439
493 4911
2687 4909
4571 887
163 3871
4005 897
487 4789
4491 631
4697 815
3865 853
4459 2259
2051 4531
1991 225
3959 4861
3923 4849
1447 4727
3549 1593
4217 4547
4025 397
1089 1833
1529 3147
2415 7
4503 1093
4701 2665
3243 2027
4697 1607
4091 593
1735 4515
1021 4121
157 2637
1121 3153
175 4629
4283 1347
1835 887
27 4467
549 2951
125 3351
1431 3169
4377 843
3941 2631
3133 873
279 2947
63 1407
1743 177
93 4789
2651 4335
3545 1847
317 4879
4679 657
569 4393
4635 157
4691 1471
2247 321
1999 251
975 1171
325 3453
1323 167
4883 219
1813 4665
4441 251
4715 2045
4123 295
3877 649
2063 3655
4685 1311
761 3415
3855 1443
4867 1591
4839 3851
847 3785
3409 3989
4699 905
4393 3241
3913 4071
1043 2595
3471 1261
3027 4441
797 3321
575 3807
21 3155
3915 669
125 1779
4237 1237
3059 4517
443 4315
3281 4471
2663 143
365 2089
4279 1833
569 4673
287 3069
3261 1189
3353 1853
3447 3023
4467 193
2625 4613
123 3163
3757 4349
1019 391
1549 2207
235 4221
2583 21
2625 235
2105 221
233 3473
4507 3099
989 2843
4277 853
2883 2857
2933 1603
2681 4885
2213 4651
1581 3465
4097 921
4355 3767
1773 4577
1581 2665
1075 1713
1627 4625
2617 4633
693 4757
4195 337
981 2413
1449 4313
1315 4785
4227 4439
2909 4527
3933 3877
3739 89
4291 2589
2903 189
1091 2881
1913 4395
273 4241
4221 607
3311 221
2999 3813
2925 1
4845 3627
3433 3707
169 4337
1263 3481
955 3625
623 3829
681 3831
4899 3561
1843 3271
575 277
2711 2349
3287 1847
1119 4703
61 1631
13 3115
4815 1391
3465 1247
2433 4643
3389 4691
1211 4361
1627 3207
563 1671
4885 503
1179 3873
535 3021
4553 3671
2807 4333
4607 795
1675 4767
2241 4405
13 1335
4907 77
2349 191
2477 4773
3563 555
4899 687
4101 4887
4909 1405
51 2221
365 4815
1333 4707
3599 4811
4903 965
3735 3133
3709 829
4255 4843
4273 9
4067 4463
2893 657
2095 4401
3593 2145
3051 4437
313 4487
3385 1499
4191 1555
89 2505
2883 4211
549 3649
355 4699
1005 3849
505 4559
4437 2659
2155 449
293 3537
4823 1959
289 199
427 2709
3849 4751
4473 3753
4421 1459
1249 4607
3829 4869
2125 2965
3325 321
193 1469
1835 3677
1297 2489
681 3737
2331 1855
3235 1855
3699 509
1841 3477
2237 471
953 3081
3643 1303
255 3341
4783 4413
1265 1711
945 2039
671 3025
3697 1505
1089 3583
161 4345
4419 2723
1507 3953
2165 543
3683 407
1017 19
4259 1307
4769 1807
109 3353
4801 625
2519 4851
3437 4883
193 1631
3335 1517
1009 4173
795 4799
3493 479
2265 47
4523 665
1955 4579
2343 4137
3177 4835
4051 3433
485 4479
3183 4405
4755 201
419 4823
4633 1499
2661 4131
399 317
1611 3727
2507 3391
4523 3643
2071 4561
2399 4515
391 4709
2915 599
33 2699
4045 265
170 3311 1081
2287 4565
3249 781
4681 1077
875 77
957 4039
4279 379
4331 1899
459 4323
2517 4865
513 4641
1723 4847
663 4391
1285 4583
2657 3281
2793 1557
2849 4213
1179 4127
2039 387
3377 147
2597 673
3295 4645
3311 1403
2221 1423
2706 3389 1081
3945 1171
4191 1261
3633 1729
3015 3399
4725 35
3885 2037
1849 3071
4869 1357
1045 2373
681 4265
497 3187
2937 3911
1333 2841
2089 4631
295 3399
4753 3261
3950 3393 1081
4683 1719
985 4507
473 1085
4531 2035
1739 4687
3333 1561
4219 2569
571 4335
1655 2619
4003 3165
659 4003
541 3105
3971 1305
1433 4597
2193 4759
725 4245
319 4877
2185 3249
225 2167
1029 2039
3597 197
4577 3223
1881 3625
711 83
2003 3226 1081
4395 2399
3519 4707
1667 4633
2415 2439
2043 2441
507 4821
1247 3765
2567 4277
2105 3277
279 2857
369 4513
1583 665
3259 1153
1983 3939
2977 4777
2519 719
523 4777
1369 3773
3907 829
4573 835
2415 3173
247 3717
3 4871
1777 1317
1121 3255
2731 4899
1047 4139
2301 4567
1871 4295
4885 1561
2983 4437
3309 609
1541 4373
2795 4807
1157 2673
2903 259
77 509
433 4387
4105 1063
3885 1441
2517 4619
3311 77
1103 4131
23 4021
2833 4643
1403 1097
691 1241
27 1977
75 649
2135 4009
1917 4719
779 3907
4435 541
4319 225
4397 1445
4775 95
715 4237
4381 2657
13 4629
675 4783
4253 829
4787 2629
1337 3941
3565 4691
2197 3951
539 3603
361 3263
1331 3507
1191 3651
3811 1491
2473 1495
4789 1931
4507 4211
963 3925
3691 677
187 3829
139 2939
3561 387
763 4335
349 4571
3133 985
1169 4571
437 4277
129 3923
1015 3803
4675 2599
3127 4671
3329 1663
3915 2059
1477 4439
471 207
3813 3101
4025 2387
3177 4103
4399 4211
1551 2719
1257 3991
2067 4761
613 4245
4313 569
1033 4103
83 2915
2045 3029
1465 4643
577 1943
4147 2297
1281 3989
4211 4681
4531 219
2709 81
3633 1161
2705 4549
1112 4149 1081
1465 3393
893 3537
4297 133
4487 2177
1695 2687
4075 1375
4651 3447
3763 487
4027 225
37 547
1573 4109
4889 4277
4533 1129
4841 1117
4863 203
569 3937
1703 4735
4371 1587
3263 1059
3287 4885
4161 1799
1607 2777
2595 4769
2605 355
753 3789
2025 4799
1361 4545
3723 1763
4151 137
2891 2303
1183 4697
3327 1117
415 4835
195 2187
1933 1529
2023 3057
3755 4575
1143 4287
1669 4415
4683 1047
4699 781
3695 957
2997 4861
4291 3967
2781 4753
2813 4581
4261 481
4215 4701
4323 2345
3829 1127
2329 415
1769 4643
239 917
1309 2773
2473 4751
667 1217
4903 495
1213 101
1489 4103
4731 395
4467 3399
4697 2657
4687 1293
4419 3973
2593 383
4325 173
3509 4265
4795 2207
4555 637
4811 1373
1081 2831
4837 1629
4625 3777
2523 3921
149 2281
4367 1321
1697 4481
1057 3697
3737 4167
455 4773
4577 1933
951 3659
4741 1325
2353 4417
3113 4675
3137 285
2493 135
1717 3643
1157 3085
3189 2193
4459 447
445 4489
4675 1669
4001 4697
1359 3951
4051 3737
3507 389
4677 3387
1393 4067
4083 4507
4339 4907
1097 2803
4025 1135
4791 1895
4603 147
2591 4853
1455 3093
4389 2249
571 2175
1425 4789
427 3367
13 4825
415 2296 1081
4901 161
1745 4543
2193 4469
2237 4867
4557 3703
4441 4257
339 3761
3649 1547
2087 4255
4237 1471
2475 4361
3355 469
4013 1607
4441 2567
79 3075
1539 3279
307 3097
4221 1101
4723 3775
1167 3919
2363 4685
1095 3599
2813 1405
3361 1321
911 2787
1563 2489
2883 425
4167 919
1421 3969
4747 1159
931 1905
4725 371
4539 4847
1821 2997
647 4893
2331 4463
503 3843
247 3353
3669 4873
3889 2775
3447 2067
4509 3169
2863 4433
2465 4607
637 3173
4747 1009
2481 4113
3647 3523
2393 4741
3555 4801
4433 4317
1597 3723
4669 519
4403 77
4875 687
3777 2599
689 4089
1469 4387
1259 4797
2391 4513
1295 3143
3293 1939
1689 3853
4819 2543
215 3953
427 1419
141 4575
135 4029
3367 889
4439 2837
4325 1879
53 4631
251 1997
4611 1985
2251 813
3253 657
4213 1265
3757 2137
4131 2097
1189 4523
1383 205
3285 4763
2033 1035
1299 4325
3001 1087
3893 1167
2695 1801
4065 835
4579 2395
3811 2517
3497 2553
2243 4673
4735 549
1845 1539
1131 2493
2253 305
2991 2149
3019 4887
3357 1637
1789 3385
4597 1095
135 4461
1636 1315 1081
125 3437
2708 2869 1081
4547 4153
3571 4393
4543 1891
123 387
3001 4733
2893 4569
2415 3175
365 75
4501 1359
619 4069
4773 965
1925 4171
589 2455
3741 75
3329 867
3799 371
1131 4015
4509 3991
2059 4841
2789 4503
4687 1779
779 2243
4319 3615
1463 4907
3327 33
1831 3807
165 1253
4785 3297
1109 3537
1241 3679
909 4903
3915 1111
2457 4419
843 4171
3635 481
1697 4515
2335 245
353 4699
35 4743
297 3281
549 37
3495 2725
4867 163
1063 4379
559 3373
4899 4121
587 2867
3573 4895
4153 943
4515 1159
4693 433
3741 627
4477 345
4609 2459
3185 1321
4823 4389
2675 987
3911 561
465 2977
4691 837
2417 957
1927 4555
4747 3377
1961 4537
4357 2723
15 3565
4335 1347
1965 3883
3555 635
4603 2283
1411 4541
3007 909
345 4095
2867 3189
4823 1595
3681 835
4823 189
2651 405
4273 545
3567 4607
3355 231
2811 3251
1279 305
3013 1305
4809 265
4119 105
1799 3189
227 2363
4821 1757
4699 1091
419 2465
4181 4525
1935 3999
2055 393
277 4903
3773 1677
2263 1785
3077 1277
4889 409
2675 397
2853 165
4299 4609
3263 1523
777 4051
3879 1573
1077 3661
1243 4355
3915 4797
4609 607
259 3723
435 4609
2971 4469
245 4453
3255 107
4271 1925
1269 4717
51 4745
4353 2661
4657 4505
3107 4735
2051 1475
57 4885
4387 2787
3723 613
361 4623
3017 4909
4451 621
1863 4815
825 2311
1963 1175
4859 3927
4757 873
2283 581
2061 4699
237 4097
1667 4571
211 2157
693 2179
3927 4867
1271 3627
4429 2417
4317 2265
4423 7
1635 4197
4911 1211
411 4795
1463 4633
1767 3183
1563 4855
2532 649 1081
3043 1891
695 1891
1913 4089
1327 4851
4707 681
3827 3083
1111 2799
3387 4861
4865 1935
4825 891
3355 333
4185 167
59 3855
4043 399
4509 815
3445 219
929 4307
3095 1085
4469 1503
3143 361
897 4599
4223 3165
1059 3793
1875 4231
437 3365
4889 3815
663 1593
3487 2685
1353 3951
4837 327
4579 3427
3281 533
4673 2455
1341 4377
4231 3193
3765 2789
823 4735
4073 2961
3899 77
979 4609
2713 1639
2843 2101
771 4413
4747 893
4609 2757
1405 63
2141 3707
4643 1875
4539 217
4795 27
1563 4829
4105 1007
4077 2563
271 4709
4165 4797
2803 4019
3763 781
1435 4907
3283 1723
3027 1345
3615 1853
2527 795
909 4735
479 2757
3757 2205
3885 1955
4701 1703
3209 1239
3329 1391
3869 2483
4107 1199
4841 1721
4515 2873
3001 4011
4321 1363
1863 55
4761 3125
1581 1553
3461 1025
1663 4631
4189 791
3829 1063
3377 257
2463 4835
2519 4625
459 4285
1359 4849
2915 857
119 3295
1149 2043
407 1913
4399 165
2191 4757
671 4743
1553 4899
1951 4627
4657 1105
3545 4841
4291 3499
4619 2579
411 4643
85 3515
3531 1725
4451 369
4665 2245
3943 4763
4225 705
757 4621
4755 3053
97 4619
4363 851
4503 3277
213 1703
4401 81
4575 3579
2967 337
2289 353
4613 1041
3057 799
1811 3307
4801 387
559 3117
3161 4617
145 3479
925 4059
4819 1619
533 4143
4699 503
635 2423
4877 1091
1135 683
397 3763
513 2331
1327 4517
4795 3875
4587 1619
1211 4199
4181 1451
3099 699
2247 4841
4571 167
19 467
2881 3113
1011 4643
4845 339
595 3443
1563 4895
2284 1773 1081
4695 1941
2505 4293
4479 3803
2885 1735
3499 1907
1097 3171
4629 4353
3641 4833
4593 4543
3051 4371
4221 2479
4277 1643
3243 527
1839 4291
2547 515
1983 3993
277 1100 1081
1849 4193
3963 933
899 1613
449 1933
2623 231
4443 1039
2305 1137
3689 4559
3611 1091
4217 4385
2693 1937
1829 4749
3789 921
2123 2199
4801 2397
4441 1163
35 2597
291 4007
195 4827
3707 4405
2111 3762 1081
2727 285
2299 483
1449 2271
1961 3117
2745 1329
4449 1059
983 4005
4889 1087
1429 4239
4807 625
4587 245
4017 669
225 3805
1861 291
4723 3203
1705 2723
63 3495
2159 4783
2485 4443
985 4595
3183 745
4791 295
3373 91
2473 4797
1455 2207
4421 185
4357 1883
57 4459
175 4845
429 4675
4471 2141
2703 597
3773 343
3037 4865
2401 2913
433 3021
933 3799
2487 843
895 4751
3669 271
4313 933
2771 225
1093 3523
273 2579
3221 4639
4245 4455
3641 4139
4293 1525
1627 723
1693 4791
1073 4879
4541 3849
47 4487
4897 1977
4747 1415
4172 1071 1081
1999 4067
2853 897
681 4461
2359 4105
71 3539
4385 4163
123 1091
297 3019
4675 1459
4347 957
4791 1243
1535 3635
3083 4641
829 3289
813 409
3981 67
3527 439
1247 3387
4893 1651
4305 963
4313 1025
3997 471
2559 4511
4049 19
235 2717
4385 2453
4111 333
4235 789
2913 4471
1245 4831
2951 4149
4041 2720 1081
551 4721
4761 3185
1219 4765
3621 1575
4645 2905
2899 467
4859 557
4365 2308 1081
399 4233
143 4765
4911 1281
615 4683
419 2119
151 4865
4603 4215
1433 4067
1817 3751
3217 327
4891 851
1008 4301 1081
3639 1169
411 3163
495 3309
4713 2113
1363 4347
1185 3137
4373 1949
989 4533
4869 1483
4519 575
1407 4799
3685 359
445 4305
4829 507
4749 3969
3233 4837
2763 1649
869 3055
329 4771
700 737 1081
3271 3903
4827 177
4269 55
623 2627
2429 1075
27 2939
2259 4155
3755 835
4855 2485
3123 21
1437 3833
2101 4137
4901 2383
4649 1283
3819 2113
2889 173
573 3699
1535 4365
3945 785
3967 4447
355 4211
3425 383
3111 3222 1081
1647 4357
2179 1417
419 4429
3231 4697
4643 2507
475 4271
1457 4783
795 4617
1181 4707
2469 4619
4561 4273
4437 11
317 2395
3555 2387
4349 877
4393 1029
4157 53
4195 2151
3523 4727
2397 245
4021 767
561 4897
1489 4333
1715 139
2213 4845
2219 4443
2805 1402 1081
3867 609
3081 3867
2977 1225
3703 4891
2749 3535
325 4497
3213 4461
3521 1241
1475 4631
3351 1227
2749 4411
4107 1329
1345 3203
4735 943
2181 1859
2846 679 1081
79 4623
2479 2931
589 2391
3205 4125
669 2293
861 2323
177 2287
4801 903
3001 187
2977 89
3699 4178 1081
4837 2249
311 4631
1163 3393
2059 4421
2715 4305
4401 653
4155 1989
1989 4477
4423 537
4159 317
4499 607
1537 4521
4635 139
4745 35
4405 2461
4721 3185
1595 3383
3879 737
4529 1217
3299 1219
4639 1203
2905 4793
4883 1907
3707 869
1585 4359
3765 287
4123 1815
4577 537
2599 4761
4713 4127
4513 591
2811 4543
3379 479
3891 367
3729 541
3545 319
2289 4801
2841 1329
3309 1407
4707 1131
3435 685
1215 4179
676 3771 1081
1793 4253
1795 3713
1105 4429
4409 1027
503 4115
369 4193
3509 1045
3867 947
4749 2545
3717 4793
3695 1437
3299 1395
3917 367
939 4543
777 4369
3719 4645
1275 4203
4553 1985
3167 2255
793 4861
585 1951
4775 1323
4749 1703
4435 2785
535 3763
2471 67
969 4619
4854 3033 1081
4653 2195
947 3533
2509 4837
4339 963
4447 67
89 485
1641 371
4521 3063
53 1237
4545 345
2049 4425
411 4151
591 4213
553 4893
1681 3781
2091 537
4093 1197
4131 1155
4831 1467
1581 2439
4669 1769
4259 2873
2681 235
4303 1101
4653 3739
4243 87
4471 1051
1195 2973
223 1517
2005 3863
3059 333
3775 677
2553 4783
177 2583
1471 4899
4377 2963
1109 3925
2339 1307
893 2441
1269 3701
4737 1569
253 3827
2303 97
1781 3815
4315 3071
535 3641
3603 4667
2027 251
3835 1579
4697 3807
3759 731
1051 2707
4205 129
2563 4265
3813 1373
1419 4705
3355 1523
4323 4637
4739 2101
2259 4405
1235 4035
4401 287
853 3657
2751 515
4369 573
1045 4781
1263 4683
3285 1603
4417 965
3351 4275
2103 9
4289 1733
4151 2059
2057 695
4135 3743
4357 937
2641 937
4233 77
2139 247
4387 949
4787 1483
2923 1191
4047 235
4689 3431
203 1603
4795 1997
3469 1329
4071 737
2133 3359
889 3469
4663 1255
2533 4713
2837 3281
71 2543
3847 1703
1891 3611
3383 475
4643 1893
2635 4123
1459 3111
333 217
4767 27
1503 3415
1877 4639
899 125
4051 305
2931 1065
4673 1655
3099 1861
4487 2171
2647 247
1335 4069
3807 2455
4873 1613
1723 4229
345 2249
1921 4717
4155 553
4209 4873
1327 4703
4789 2467
373 4603
347 3557
707 4685
4393 1565
1405 3813
3537 2687
4369 379
3133 3953
4405 2265
4513 125
4061 2371
4567 109
127 4835
4619 77
1491 4649
2601 4779
3833 1503
2739 565
3261 1453
1375 3239
1343 3535
4019 3815
467 3099
4861 1277
2267 427
4627 1099
135 4737
1495 2951
1321 3505
4801 1637
861 3553
4329 2029
1677 3089
3747 367
1261 2207
1439 2403
173 4445
2405 1033
1737 4455
4425 159
4673 1863
4753 3249
4309 259
41 3795
4055 1293
3501 161
1393 3381
3497 141
4217 1191
1691 3091
1563 3737
2413 3315
315 2083
3273 711
1045 3901
87 4255
4641 1085
467 4725
1759 4081
3173 3487
1465 3561
4821 2659
2627 1069
4343 1007
365 4031
4465 1247
3721 2675
83 3809
4847 111
55 2331
1411 3727
1103 3381
3913 387
1931 81
1639 3231
4831 3817
1201 4315
245 4041
4785 1741
2001 3057
4691 605
4447 1581
4765 853
2009 4705
4539 769
775 4559
3299 4497
2779 3151
2669 4255
2137 3569
4757 2195
1083 4327
4689 401
3875 1107
1868 2357 1081
4461 2185
4831 2041
4631 419
1995 4761
3455 2097
4575 1243
829 4889
4253 1141
193 4855
3825 4595
2441 4777
2939 829
191 2079
4739 3535
737 287
2501 3805
4729 1695
4783 2733
2619 4025
1905 4837
4497 2879
3315 2791
227 3433
1757 3745
1537 3907
2427 4871
4327 4889
1349 4589
2247 1469
4491 2663
4369 1107
2895 175
755 4697
2469 673
3885 2215
2139 4583
4693 591
4445 851
3955 103
3871 4567
3253 3415
2967 365
4715 899
1621 1587
4277 2857
4727 2497
4553 2107
1717 4411
4447 1793
4369 1871
3441 4401
2141 117
1873 4738 1081
579 4817
4409 2795
1247 247
943 2387
377 4769
4715 149
3367 1511
891 2825
4531 1279
1289 3787
4157 2173
4739 3501
3877 4521
4845 417
1351 3191
4577 447
3011 3801
4019 1637
4577 989
4693 477
2593 3937
4603 4359
3771 4161
239 1779
4797 2723
4677 2043
715 3847
3977 1649
2585 1881
1255 4771
2671 4887
1641 1777
4851 1691
4867 787
4755 275
1145 3083
2049 4613
3603 923
705 2879
4607 495
1849 4901
975 4133
347 3455
967 3305
611 1945
2919 313
369 4301
951 3045
3459 779
4707 3415
341 4367
969 3543
3531 1173
453 4193
125 4893
4685 2691
3175 773
3551 133
4507 2205
1893 4629
413 4019
4699 775
3319 763
4609 4041
4325 411
2427 3543
55 2775
4059 803
4907 2291
4669 4655
4171 297
3909 2203
2079 4541
2269 3340 1081
4661 3927
3319 841
4097 915
2903 1351
3101 491
539 185
2423 4535
2687 3935
2867 653
2221 4661
3121 567
3235 827
2507 1155
4349 873
2677 763
3949 1477
897 3289
257 4487
1369 4815
157 4757
3621 1565
1321 4365
903 3569
2659 113
2915 4857
3549 157
2701 4585
535 3645
695 4705
2475 175
4617 2261
191 4373
2925 3955
4869 379
1131 3309
845 4089
203 4689
715 4483
913 4037
4695 533
4583 2453
4041 497
855 655
2851 1169
4521 3563
911 3571
237 4229
4549 1567
3351 1055
4463 1147
3561 563
901 3347
1953 4625
129 2695
1327 2255
4899 3577
1383 3725
4357 1957
3829 1359
4781 1365
2289 4601
1047 4475
4507 805
2459 4183
2201 4855
4021 1969
4849 917
4875 4337
2321 2837
2323 4811
4217 1715
4209 1079
4573 1541
625 3131
4723 1953
3377 11
1849 4553
2049 4727
1681 4475
4703 931
1315 4265
4815 691
1305 3101
4401 1933
1215 2753
1385 2913
4699 929
2411 4159
4163 1819
4233 443
1191 4771
3279 4663
623 2633
1377 748 1081
1165 2963
333 4325
333 4387
3471 153
2029 4693
1571 4683
3591 5
273 3723
3061 4563
1019 2109
666 747 1081
2553 1005
4363 1211
3877 1413
2293 407
2031 4905
647 2537
985 109
3605 4787
1597 4165
2189 215
1675 3201
3221 4063
3345 535
149 3719
1029 4889
1321 3423
3339 4701
539 3745
3755 1711
1847 4847
4557 289
1093 4401
263 1701
3565 561
2145 475
4149 1453
1015 2719
3569 1109
3455 1291
4799 869
135 4343
603 3707
843 4815
913 717
533 4537
4301 3193
4055 929
1141 4789
927 4519
1797 4235
4565 1755
2499 3663
2217 105
4907 701
4785 321
4793 711
2567 4559
635 3301
3865 4335
265 787
3869 707
1001 2785
3433 761
2481 3487
3381 1709
3809 369
4455 1763
4757 1143
4051 2327
3547 1123
281 3277
123 3377
1201 4771
603 3875
1699 4615
4391 215
2369 4657
2503 89
2515 905
2631 3611
4169 1875
4641 539
4665 2041
281 4649
3111 4551
4785 2007
423 4023
4145 2503
4785 1677
1039 4769
4221 2693
205 3855
1755 4687
2815 4637
4405 241
609 4435
2097 199
2989 1329
3359 2417
1723 3781
1271 3611
131 4465
1083 4825
2597 4457
4059 463
3283 3703
249 4285
2389 4759
2975 181
2945 705
3073 1069
1449 4715
1493 4329
2303 823
947 263
609 1305
953 93
4729 2273
1205 2151
2695 4503
2355 3821
4679 3043
2081 2731
951 3387
4773 3675
117 867
99 4773
2115 1397
4271 267
3387 1233
577 2111
47 3577
1477 4353
2169 2871
4769 1757
4523 2345
4271 2335
2415 4825
4645 2149
4813 1207
3923 719
1907 4487
4323 1687
199 2325
3873 1433
4371 2677
731 4613
4911 3459
4809 2253
367 3113
4909 617
4419 729
3301 987
1563 4867
4529 787
93 4635
4881 579
4533 1767
3821 1429
1423 3889
4601 1193
4053 1021
279 3509
577 4313
4865 1631
4605 2371
2379 900 1081
1631 3815
4905 213
2139 1083
359 4813
955 4617
3003 4911
2581 4261
4539 335
3979 2541
2069 209
3867 499
2027 1479
3851 3355
1411 4829
4541 51
4315 3075
3759 1691
2311 927
3451 4663
623 113
2943 2909
2151 235
1321 3437
2183 771
2901 4275
1203 4659
1303 4773
4815 3713
2619 4729
601 4911
4417 2719
1549 2907
667 4845
3347 1815
1777 4713
2529 4055
4543 3861
3089 59
3001 91
1173 4343
1369 4417
2070 889 1081
193 3001
4155 4803
685 4447
2401 1875
3219 41
4121 1727
4565 3135
3287 1707
313 2729
2069 4889
2263 53
1399 3901
115 1611
521 3917
2125 303
4767 3091
549 4667
4449 1299
103 4201
935 3691
379 3901
2705 177
1573 3641
169 3575
2397 915
3611 3045
2165 877
3361 1797
199 2793
4353 1201
3841 71
2519 261
2197 999
937 2279
53 749
2881 4323
2783 215
1733 4129
4675 2773
4885 875
3717 871
2355 715
261 1879
4577 3191
3607 1863
1591 4711
3245 2312 1081
4461 453
2051 4289
2671 2601
3845 2913
207 4775
2687 4645
3593 887
465 4671
4311 1927
2741 983
151 2917
1303 3771
4783 1215
285 4017
1375 4237
471 3323
3107 4577
213 3839
4177 1383
527 4155
3601 791
1699 3025
3091 3959
355 3247
1495 3871
4307 345
2511 1881
981 3441
377 2623
1505 4389
3423 4665
87 1823
849 4447
3411 1915
143 2627
4779 2133
165 4065
441 4039
2477 1325
4619 1489
4045 37
4635 1797
1217 3813
1387 4785
2879 3839
2343 4529
4419 1857
903 2721
4677 2423
1557 4678 1081
4445 3173
2221 4223
4195 3495
1761 1535
1363 307
4605 377
3619 953
3595 2527
1993 1115
4749 2499
2337 527
2653 725
4045 251
3791 797
3345 909
1333 4119
4855 2365
585 3959
497 4539
3331 4201
67 4881
1119 4813
4811 2943
3421 2031
111 1577
3589 4163
2249 3851
4593 1419
1203 4861
4555 1019
195 2279
2595 4621
4567 807
2983 4611
2415 4459
4063 107
769 4783
3195 877
491 3181
701 2323
2373 4315
4185 1937
4763 3709
3843 1361
4029 1759
3447 335
4545 2807
39 1853
3447 1767
3643 743
4881 1109
4347 1843
4327 977
4183 1697
87 3385
2411 3525
1721 4661
1885 1433
3553 4823
171 4749
4057 3237
4171 3169
2513 4855
1191 4049
1889 2727
173 3893
2829 1223
4069 2211
4843 229
1905 3961
4079 465
1831 4633
37 3979
3525 825
4009 1835
4787 607
3109 4369
4513 211
973 3701
4217 349
4409 753
2933 4759
1939 4483
4345 735
813 3602 1081
4223 265
3311 629
3519 2825
1429 4491
3041 4255
4265 3273
4641 1203
2717 189
4677 2033
2983 4801
4465 361
4303 493
189 2489
277 4793
45 3719
1815 4699
4863 2963
2921 213
4799 3107
1859 305
165 1225
1389 2587
3003 4471
893 21
4045 1971
3387 231
3639 4811
3955 4695
2371 825
2457 4335
3979 4141
4389 651
1373 4901
3629 4911
3713 2123
4359 3193
4733 3429
2245 4269
4469 2311
2137 2031
3709 1555
3369 619
4537 2955
515 1953
3219 257
4681 1007
3943 4669
491 4519
2719 3863
3537 3823
1707 3789
4887 195
513 2323
4891 2183
4623 425
1635 573
365 4677
1311 3667
4513 4653
985 2839
1021 4311
3 4413
321 3999
2969 4805
1708 3175 1081
4599 3501
3633 1995
3689 89
2221 95
3121 225
2803 1779
1873 2325
1681 1043
3077 391
2957 75
4247 1117
4699 1727
4671 1665
4565 4323
4251 1529
3875 3837
1139 3957
1943 145
779 4871
3363 4685
4135 2187
4561 4445
683 3087
3189 859
1615 3591
1425 3371
3723 1743
751 2475
981 3395
4541 363
3947 1647
173 4627
2647 4533
1567 4507
365 2263
2537 4663
987 4789
1389 2639
2817 4847
2713 2011
2055 1351
4869 289
1513 2827
4031 3693
171 3791
2717 753
497 3651
3567 985
1775 3171
2973 825
1397 261
2319 2247
1295 4137
2107 4831
1075 3919
415 1551
1647 4545
4447 621
2739 4817
169 4601
813 4229
2301 3913
3917 991
3055 597
2043 4137
4323 195
421 4635
1495 3437
87 4841
4613 1933
2415 3212 1081
3481 2825
219 3751
1001 3577
4801 831
557 4221
1545 941
2505 3157
4097 2043
4873 2395
4287 4479
1231 3039
733 4705
557 2787
2229 4615
3147 1151
1269 4823
1333 4549
157 3805
2607 1451
677 4193
1713 4721
1597 4009
1713 4043
11 4168 1081
83 4887
1491 4191
55 1963
3813 955
1419 4439
4351 751
457 2029
4635 1601
613 4219
67 2475
3495 2165
739 3297
1359 4671
4529 2727
3125 4279
87 1177
2179 4683
721 4071
957 1447
59 4781
1683 4703
93 3433
757 3163
4427 2253
3179 1861
4101 2415
1019 4545
177 3729
3835 339
2541 4721
1039 4865
2709 4293
2699 371
323 1951
4903 1821
1559 4759
4857 1155
4643 2017
3155 4711
295 589
1207 4621
2767 1531
3533 621
1251 703
4681 3419
81 3033
1149 2639
35 4565
3079 1347
3951 441
4799 2119
45 3057
1963 4861
3 3401
4641 401
1149 3469
4135 4879
3509 4483
2955 4341
4653 2323
2611 1223
281 4695
3277 969
4753 3597
4879 689
881 3963
4783 3741
1189 3349
4457 3851
4819 313
4529 1361
3845 1635
2895 4023
2243 1625
745 4039
2347 4831
1201 4077
219 1325
2359 4703
1695 2737
863 3331
375 3291
4589 1221
4543 4835
1281 3823
4033 1989
2061 3357
279 4431
3907 1127
1277 3417
1387 4181
1597 4083
141 4889
4065 603
575 4083
1221 4455
3745 4619
3425 2499
3611 4853
263 3643
3765 1129
1567 4337
3499 1171
2485 1023
575 2203
2543 717
781 2731
935 4029
4817 1679
761 4437
3633 573
913 4153
3669 1429
619 3509
4795 3231
739 2917
3785 4339
1189 4815
4271 3253
3393 4663
4849 3827
2863 3085
2167 4185
2783 145
4635 3067
1065 4229
2067 203
901 4789
4135 617
3097 4715
2867 269
249 3669
1123 4505
587 3271
4719 7
3455 903
1333 3709
2195 4809
4361 4055
3957 4681
1033 2551
1161 3343
551 4699
4867 3173
279 4659
4611 2581
3883 4689
2627 1189
435 2459
856 2597 1081
2607 4835
3973 2027
2473 93
4699 3323
2253 69
4591 1829
1959 4463
4267 673
4159 1021
151 1815
1625 4597
2473 4669
2747 1607
1357 4775
1189 4123
935 527
2521 4693
1401 3337
1117 3627
3295 661
4833 1857
4511 1737
4353 2695
2141 4211
3533 4851
29 4807
285 4027
4039 1407
1685 4255
2699 4909
4723 2165
4867 2227
4216 4471 1081
4211 1113
1671 4369
4179 1243
4315 3881
207 2521
4167 791
4437 1363
3843 735
927 2829
2497 309
4357 493
4607 2951
1375 4887
4721 1717
4343 1525
4325 2405
4151 3303
2039 4827
1995 4739
911 3081
4537 207
3221 901
3441 1025
3573 2435
3603 4727
3165 4869
2001 4721
4699 541
4889 3953
3781 2427
1637 277
1385 4077
2519 3539
651 3845
1917 3389
283 2505
4591 677
2781 4113
1031 4485
1997 4723
4249 2015
4851 721
4747 2313
1097 2761
275 2711
4669 1027
2741 4759
73 2453
4505 2521
181 4399
1467 4665
3581 169
4851 3667
4579 3195
4587 1069
3319 845
45 4033
4689 697
2795 1143
3873 2519
4677 4179
4463 1709
2865 4427
701 3105
4727 4279
1293 4239
3837 659
389 2931
4163 2063
4591 3987
3397 1203
4789 1387
4687 3945
1331 2551
1357 2343
113 4715
2283 681
3447 447
4193 295
77 3697
4883 607
3767 1851
4011 1999
861 4191
1399 4537
1165 4573
4427 1895
4097 971
2231 181
3185 2271
4789 255
1385 4585
1003 4651
3427 1583
4879 1429
4775 1303
3863 4683
121 4197
1497 4385
3875 4483
4499 3161
4347 2333
2529 4707
419 4867
1571 4809
3489 771
4695 1731
865 4089
4665 2547
4581 1763
4843 3229
4823 2805
2839 4345
779 4071
1443 3649
4311 709
2063 4597
381 3159
2987 3552 1081
1667 4263
1063 3561
3643 159
2983 3835
3191 33
327 2999
2513 2049
4023 2545
4553 2015
1333 3401
4691 1603
4799 1841
2929 1081
201 1179
3587 4269
2297 3505
3317 777
1059 2513
3681 4641
4483 3107
1867 1445
3047 3543
4145 1711
4137 1631
2081 4227
1079 3975
283 3741
407 3855
3927 877
521 4873
29 1815
3907 1387
3529 2651
4859 465
813 4515
665 2289
4611 1951
2761 1341
345 4499
3669 4623
1187 3083
2275 4753
131 3363
63 3939
209 2867
3107 4013
4621 633
2185 3549
4571 2913
1581 4257
3245 195
4827 3895
921 4419
673 4351
2199 1227
3931 4449
1439 4649
3669 1771
3987 601
3153 3141
1355 2817
1373 4743
3491 515
2521 4265
4217 819
1685 3651
207 3489
4105 693
1747 1021
629 3663
869 1999
4045 1021
477 4873
1143 4203
421 4207
1021 4763
1239 3533
4173 587
3441 1289
147 4573
47 4433
4675 821
4817 3985
2467 4529
2407 4803
4909 1025
4873 3149
3835 3809
1661 1909
1107 3989
141 1537
689 4031
3863 4123
2433 579
3801 1767
1611 409
2673 4739
3323 2797
2231 4769
4037 855
4371 3135
2209 4305
2831 3481
159 3849
4419 3465
1499 3763
2405 29
3919 2089
4199 69
2157 4401
4463 2169
4711 3147
1709 3741
1535 223
3971 793
4901 903
1799 4365
4899 149
2869 3905
2211 2907
1477 4205
2251 1187
4623 3495
431 1131
663 4719
59 4451
2715 4785
3009 3789
3635 653
3861 2467
4103 1859
195 1761
1541 3245
2433 3795
387 1585
1849 4893
4043 1565
561 3749
4703 2601
1743 4439
295 4117
3895 2109
267 4499
3941 4831
4097 4739
873 3519
451 3311
1991 657
4711 1403
815 2369
1869 4275
3725 1207
205 3869
4533 1461
3589 2191
231 3905
2679 181
3161 2015
4825 1227
701 4835
3053 599
4591 579
2659 1
2483 985
3137 59
2169 4647
2069 4123
4317 1183
2205 4573
4553 57
4573 1785
3367 4867
3327 371
437 4529
4663 797
4641 2599
3933 659
665 3787
1417 4089
1867 2613
851 2941
97 4473
1457 2995
4599 235
4721 1019
4899 647
1781 4309
1393 2745
4727 2005
4767 761
4827 1365
4779 4541
4845 1963
9 1519
3839 1179
3485 909
633 3377
3537 1177
4579 201
3809 911
3677 4893
2785 1941
2635 1433
4573 531
1333 4321
261 2865
1399 4809
1295 4669
4585 3391
2949 845
391 3877
1769 4869
563 4445
4695 3165
103 2803
4421 4149
4015 99
2309 4815
2287 3831
47 4159
3029 41
1643 3131
2085 1161
515 4129
3557 4538 1081
4871 4543
489 3555
3939 1241
677 4291
3771 4731
663 4671
3219 359
4599 39
1171 4611
4547 535
1365 4609
1025 4421
4741 2205
1253 3445
2731 4171
3865 3965
4865 505
4233 847
163 4865
1815 4049
2933 59
739 3729
1027 65
1171 4723
3595 665
4545 1263
4079 3663
3021 4803
265 2733
439 3897
577 4461
2271 2859
4269 1405
1083 4241
4543 279
4707 1967
4701 3247
3605 3829
3515 93
491 2823
4105 4701
739 3773
4117 2719
3199 1661
3603 4779
997 4587
2275 2844 1081
3547 889
2599 4769
4467 1931
4465 1169
3911 595
4209 929
309 389
3001 1335
279 4387
2687 4899
4521 71
3127 1069
2045 3415
2079 4633
555 4757
3027 239
295 982 1081
2727 1129
4087 3737
3003 4475
1637 853
3003 4689
4573 3759
3967 1773
4797 2299
4067 551
5 969
4719 1931
59 2195
277 4859
4571 3637
3202 1665 1081
3597 791
3893 717
2115 415
3505 4587
577 2210 1081
1859 119
1855 1025
263 2881
1585 4353
4269 4669
713 4021
3253 2713
4607 2015
1979 4331
1999 3645
197 3095
2037 4839
4099 625
4135 3391
2751 1469
2909 1531
1615 1047
2809 411
4629 3361
2213 4247
2419 4691
1217 3897
29 1073
2403 969
4035 863
3763 41
3033 991
3993 2617
4045 2759
4053 1351
4407 3105
4727 1583
853 4317
3463 3317
4729 3223
441 3507
3869 181
13 2851
125 3641
4165 2297
1131 3481
1047 553
3703 4421
4887 391
4131 1283
573 3969
2751 4843
2541 1601
997 4857
991 4499
1293 4875
1911 3485
3683 4621
3773 701
4081 1569
631 1781
4779 4139
469 2421
1391 4381
3087 4721
693 4665
1777 3117
4387 375
261 2343
4577 1461
1287 4003
4619 981
1789 3569
3303 1193
3479 557
4687 158 1081
4057 2067
3951 225
4083 841
2639 2117
67 3427
4745 3201
2113 3957
311 649
571 4799
1121 4711
1407 4735
233 1309
3219 1941
323 3221
3405 965
937 4023
4431 321
805 2855
4099 1823
25 3453
3943 807
2595 797
2467 4839
2693 219
1345 4137
2517 139
4649 2871
3903 1159
1259 4715
473 4867
4199 1093
4511 4527
4835 3369
2515 1205
1797 67
3857 1601
1293 4535
983 4691
974 1443 1081
4727 4019
881 4489
351 4745
3305 2187
1763 4243
2795 389
3391 4497
4805 21
2195 129
3795 1171
4137 4539
4375 1207
2107 1039
45 1745
3125 3761
2713 123
4513 2543
1581 4621
4227 903
179 943
4841 1139
1415 4663
3779 1089
3405 389
3915 191
1287 4825
4545 2053
4685 3469
4319 3073
4267 583
883 2541
925 3865
2645 4855
3011 1001
1331 4481
491 3975
3841 641
4373 1717
3727 1749
3927 4619
67 3685
4473 855
1393 4831
1129 4397
1335 4525
4069 2177
1059 4827
4755 2927
511 4391
487 2301
2649 1005
3741 1385
2871 3521
4727 983
2749 4679
3889 29
4583 2413
963 3759
1025 4413
497 4767
1947 4827
4115 679
469 3733
3421 855
2641 3941
3995 191
161 3551
1245 2733
4277 2675
1603 233
1743 2721
4539 3659
4837 1511
1383 3329
593 2151
4667 205
4241 193
3513 1061
2521 4221
1461 3865
1919 321
1503 4499
3931 3619
4771 2477
997 4793
1673 3799
1945 4801
1677 1323
3201 4415
4411 95
4029 3695
4683 3835
139 2457
4181 845
4191 59
4617 1379
3847 7
1095 2457
1930 3697 1081
4377 1237
1217 4073
3551 1287
4341 275
4109 1365
2401 827
395 1231
2397 4729
3971 2953
85 4271
4689 145
2669 879
1617 827
3287 2908 1081
575 3583
1221 4783
289 3017
2713 3069
247 3211
3863 53
2543 1061
231 4667
839 2557
1095 4135
175 3945
1209 4701
504 985 1079
945 3253
2787 1605
2827 4605
3845 3601
1901 335
671 3269
1901 4543
175 4033
2517 4409
3919 129
4577 1015
4629 49
2917 4457
3115 3827
1445 699
1447 3285
4611 3089
1473 585
3739 281
1855 589
4747 2733
247 2543
3683 4795
3853 283
399 3335
3533 1415
2033 4603
4313 1319
3583 1253
4621 825
781 3067
2859 2607
161 3269
1135 3215
2489 667
1441 4791
4831 2755
3707 1475
4803 1747
1311 2175
2945 2961
2075 4701
2597 349
2715 4509
3339 3261
1265 4837
1093 4887
1743 3059
3253 2315
4427 4615
3847 397
4583 4657
1695 2999
4681 3717
1545 4223
4493 943
4575 2189
4645 1941
2013 4095
3399 1589
4379 229
1511 333
1945 3783
4765 697
2627 4533
1367 2533
65 4887
4719 789
1269 2013
1825 3299
3797 1243
545 4241
3163 723
2048 3599 1081
4807 1755
1355 4427
3327 4715
1071 4633
329 3357
4687 1885
4053 4685
1553 4349
4709 949
4265 4857
4665 1497
89 2473
1363 4725
3915 1807
4905 1603
4767 1777
327 3499
3667 1361
4045 491
4173 4437
21 3051
4751 3481
4657 1261
245 2437
3989 99
4531 85
3653 4043
2819 4695
1133 2071
1301 3851
245 4511
4751 2143
479 2569
3741 4837
4353 715
3403 4429
4765 1347
3023 1387
3695 2679
4907 333
2749 3177
2771 4697
2775 1623
4893 389
2385 4565
81 3351
4813 1431
815 4133
2027 4279
1735 3103
2221 571
63 4133
4481 1499
2423 403
2737 4183
3761 2335
3989 261
4499 1961
4635 305
4177 3279
4467 133
2837 3701
4007 4727
645 4725
2111 3405
4527 643
3419 4589
1733 3871
1511 4473
4357 4117
4831 1397
2437 3783
1037 4181
4309 1013
525 4125
2001 2869
3609 681
1517 4615
1271 4081
3257 659
79 4157
1795 763
131 349
3647 773
1575 141
2171 557
4309 201
3557 563
1603 4175
1325 2579
821 4745
1509 3343
401 4701
755 2369
4095 1357
4617 2989
4709 3191
4723 2905
3939 3933
3587 4747
2845 353
825 4389
1645 4745
4239 287
383 3591
1083 3363
1219 3937
273 3687
1209 4253
469 3285
3595 1179
1739 4467
4303 353
4741 1521
575 4787
781 4497
101 3359
961 4781
3155 3821
3437 4751
3555 331
663 3413
775 507
4253 2061
1671 3045
3851 4637
4857 4357
839 2607
3485 3259
437 4301
2723 4663
3585 4101
1553 2595
4419 1079
1881 1125
3091 3549
205 309
2125 4879
311 4567
31 2775
4751 2703
4675 2055
2773 4377
4395 625
2285 4547
2593 4435
4911 3487
449 4783
2609 437
719 3539
3353 343
4455 2735
2735 4529
2721 3439
95 2779
4513 1157
1039 4847
2007 2047
1009 3137
3741 471
4313 4639
4689 1627
1041 4561
2387 589
4537 1797
4183 953
2439 4759
4753 327
3653 4855
889 3053
4077 4545
2481 3671
4243 1793
2683 4587
1053 2981
1763 4191
1449 2719
4037 4763
2137 4345
4033 1059
1409 4411
4397 237
1897 2891
2627 721
961 3307
4487 3287
281 4677
4725 1561
123 3139
3745 4687
2937 1575
4673 2955
1285 2911
461 1391
2019 3771
337 2351
4169 181
3681 271
1469 183
959 3277
4607 537
503 2349
3155 663
2485 1561
3871 2165
571 4869
4739 3615
493 4743
3295 421
2669 4313
3251 4911
149 4209
1657 1067
3449 1197
4505 3695
1803 3907
4599 1209
259 3233
1726 1979 1081
387 4773
2973 4579
2789 4709
1659 1953
261 1771
4217 701
2395 3967
3829 111
2061 713
3873 2643
4145 1035
1279 1427
3297 4537
4185 93
1021 3783
4703 789
2987 4627
4423 1553
2939 4751
4669 3879
3673 619
661 4339
3505 1097
4561 1941
4383 2619
1025 4625
417 2823
563 4221
4823 1183
1333 4777
4707 749
4599 971
4669 2415
267 2579
3359 481
4783 4501
4121 1685
2049 4649
3839 1912 1081
4397 2033
437 4553
1669 1251
4503 3695
4815 1453
4753 1621
4017 575
4799 3315
2299 3865
3209 3987
51 4497
3771 4899
4313 651
2685 1079
4011 75
4893 1573
3157 53
329 3653
2089 4709
629 4761
3767 203
2869 965
4667 2511
991 3087
3749 4353
4759 2527
2395 743
1161 3751
997 3923
2744 2897 1081
3865 1061
3295 1275
2939 663
4183 4763
429 3863
3741 3687
4871 993
1521 1858 1081
3663 4113
2897 4213
4885 925
1363 982 1081
1341 4211
4723 1439
4301 777
959 4849
505 3659
3255 1809
4749 2807
845 4881
4081 3999
2595 4771
2903 1835
65 3813
1747 4751
1813 3055
2133 503
2637 4255
3693 4659
4519 4021
3101 4261
3671 21
1751 193
4861 2439
2853 4429
2051 3371
3381 4667
67 2179
3393 1575
4733 3207
4769 2251
1917 4831
1593 4351
189 3029
2305 125
2207 567
461 2155
3259 187
4857 4235
3607 163
4905 3357
2687 4735
983 3881
4111 973
1109 4755
3281 1003
4651 2505
4375 1247
3923 4799
599 1825
4651 655
4221 4447
4645 961
3111 1461
3099 1433
4737 1211
4477 1243
297 2769
4665 1609
1115 3489
3117 223
3485 35
3471 4075
4839 1035
4665 419
1335 2353
2441 981
3627 261
4507 817
4567 1307
911 3079
4431 1021
4693 415
1969 3447
4363 1373
4177 2031
687 3539
1897 4715
4695 577
2991 1867
2619 4883
4101 45
3819 2995
1023 4865
3679 217
493 4159
3913 2287
2071 4195
4891 3847
431 3407
2309 3030 1081
2737 4505
1603 4815
4021 595
3175 3787
65 4785
3491 697
4243 2457
4715 3117
555 4633
2035 3621
4625 1649
1505 3175
1335 4401
3837 4227
4767 1811
881 4651
3471 4789
1825 2843
4647 4009
267 2967
981 4529
2047 3341
3997 477
4385 65
4571 1575
4263 3655
565 4051
933 3453
1053 1809
3647 401
799 4259
139 4093
2317 4143
4753 1061
3363 231
1519 3249
2617 1315
1877 4401
1829 4303
1811 4101
4875 3421
2565 807
2171 353
4475 1053
941 3279
1443 851
2217 4477
949 2313
4887 2199
1937 4601
1607 3723
4829 967
4869 1179
1809 2629
2023 239
2177 4641
247 4219
4295 2311
3105 4869
1131 3653
2749 1645
4045 259
4621 3327
2139 1989
1895 4671
1871 4739
1261 4631
243 3543
4641 1885
4156 919 1081
4075 2267
4215 899
4011 1911
563 4487
4877 1157
4013 2491
4299 2183
4367 47
3319 751
2057 4277
347 3721
2477 4453
4509 1737
2971 4287
2945 1711
2627 4403
1503 3539
295 4507
1385 4881
4421 601
965 2751
1257 2707
4279 1753
4045 4895
4763 1999
4685 4235
27 1705
4895 71
927 1943
3847 1327
2013 4015
3345 1761
355 4119
4605 1315
3567 991
3839 1339
3067 1137
1 3133
3937 1161
2687 165
105 4809
1805 4165
3469 249
1213 3031
4085 31
1289 4905
2119 4059
375 4625
2021 4353
4593 1845
2553 4391
4039 489
469 4153
573 3577
4129 605
3209 1251
2635 1093
4581 4169
4419 1823
1439 3361
413 3997
3883 2153
2223 4243
4633 333
2025 3917
273 4341
2959 4009
1023 4549
3991 83
667 3141
3253 4739
2891 931
1405 4769
1141 4063
1051 3271
1931 3987
2081 4769
4427 889
4867 1071
1097 4607
3167 511
4671 2443
79 4427
4527 1987
2475 117
4843 1763
815 4475
4319 2633
4189 2445
2077 4385
2007 4715
3971 867
4829 1191
1151 4811
1847 3657
1625 4649
4555 935
3549 471
3881 1171
69 4191
365 3687
833 4795
1385 4853
4269 283
939 3785
2719 4859
2405 4701
3719 4795
1877 2463
2391 4157
2773 2295
177 4805
1635 3521
1371 2885
455 3215
4175 1757
609 1771
3899 1993
4469 939
269 4473
855 1757
2253 179
2098 1355 1081
1963 3857
35 4141
3859 4909
3439 1113
141 2923
4509 2079
4295 2551
1913 151
1189 4069
1391 3441
243 3399
4811 85
3053 629
3579 2637
1457 3003
3691 615
4821 3165
3937 157
4883 1843
323 3917
3597 1803
1697 3873
