61
3829 3831
3543 3545
3479 3481
3477 3479
3357 3359
3323 3325
3279 3281
3269 3271
3123 3125
3077 3079
3051 3053
2991 2993
2977 2979
2903 2905
2809 2811
2787 2789
2701 2703
2663 2665
2495 2497
2465 2467
2361 2363
2357 2359
2309 2311
2223 2225
2053 2055
2027 2029
2001 2003
1965 1967
1947 1949
1769 1771
1757 1759
1731 1733
1619 1621
1571 1573
1387 1389
1223 1225
1123 1125
1101 1103
1073 1075
1033 1035
977 979
969 971
951 953
911 913
825 827
735 737
609 611
567 569
537 539
501 503
483 485
399 401
359 361
301 303
263 265
255 257
3837 3839
4175 4177
4433 4435
4523 4525
4623 4625
