4912 9867 3831 3833
4068 32
46 2676
1146 3062
972 4054
1902 3912
10 4388
4866 332
880 4776
4614 32
410 3000
130 2150
2624 112
278 4492
4472 3522
1422 4398
152 2918
612 4476
1334 338
850 1692
368 836
4088 1388
3408 1738
714 3820
3454 238
4488 2692
202 1082
1784 3706
82 3446
3398 4722
2442 4846
432 4650
610 3812
2050 480
3622 2020
520 3708
526 2340
4424 1358
618 2050
3648 2538
3214 4174
3342 1870
2888 700
996 344
524 3684
678 2734
3414 1528
4170 1330
1264 4522
1682 3274
4555 1278 3831
868 2942
2696 66
754 4420
4678 314
2088 4022
3644 90
2778 1676
3524 988
1482 4700
283 144 3831
2924 880
2862 2094
162 2770
166 3904
2126 98
365 92 3831
4702 516
4068 376
1480 4820
76 1580
2096 526
3228 1888
412 130
2416 310
3702 550
1264 1962
292 2318
4888 424
2392 260
1856 3766
4754 958
426 3006
268 4684
4332 124
3492 3934
4834 414
2530 12
3744 1960
3245 3670 3831
166 4524
4574 1078
1194 3902
178 4560
1340 18
1558 4444
734 236
414 4046
26 2242
1492 3912
4756 156
1654 1428
3972 3368
4548 1946
416 2382
4202 488
2008 268
106 3940
1084 3554
4232 1304
3996 4674
1656 412
4594 1374
4842 392
274 3036
4026 1320
672 4368
116 2028
2998 1502
682 1782
2466 4490
3910 1848
400 260
3670 122
702 406
1534 1628
4550 4100
670 2690
154 2758
414 4568
4264 4838
4528 596
74 2264
98 4070
2994 4592
2902 684
4014 328
2862 180
3372 540
4464 558
548 3378
560 3436
756 4488
1186 3662
628 4386
426 2316
2710 116
3250 1994
242 4250
2378 3596
1280 3184
486 298
240 4344
4290 372
4524 4604
1190 4178
324 4126
1204 3358
2776 2882
4486 2646
4344 600
3666 692
3928 656
1302 3822
370 1052
112 1358
3676 4860
1096 2464
3598 404
4094 2886
4596 2518
1856 2450
252 4308
440 4196
4850 3508
2980 352
386 4594
148 2658
638 1562
2650 514
4906 2484
1944 2894
4190 1018
4580 1052
3974 1208
1216 3856
3116 1552
3540 2392
4088 388
4154 1380
3264 1626
2702 3632
4176 1034
1692 4590
284 4738
3156 174
4714 228
2614 406
4574 356
2126 3308
4576 2562
3618 2996
830 4282
74 2446
642 1660
4820 2440
636 3124
466 3332
404 1188
3746 792
508 2044
3962 1868
1684 4762
2588 3040
2968 112
4760 1622
3464 198
3554 962
516 3468
1494 3366
118 1194
3604 1558
2624 4248
2286 538
3620 1596
2950 198
262 3910
604 2692
292 4798
452 1054
94 2870
666 4666
26 4522
3548 86
2112 96
1470 3564
3168 1626
3364 2006
4602 4112
4000 4514
3018 486
860 228
304 1408
450 2822
3980 1806
294 3606
3824 78
242 1734
4802 3336
3480 316
4470 680
118 2916
3262 2584
2808 164
3862 998
248 4648
2950 4134
4640 2334
2692 444
1568 22
1074 2604
234 2442
844 3578
856 3388
1534 4434
736 2882
1644 662
4734 3970
150 4168
1098 3312
2684 3460
356 1712
1486 182
2256 592
1316 4196
1100 3958
1050 4860
2846 856
4250 820
2208 4696
4069 2780 3831
2370 3852
184 3218
520 4344
904 4030
2966 4280
570 4640
4624 356
188 2874
1214 735 3831
3704 660
4740 570
3552 666
618 3042
1146 558
1268 4542
652 1812
1964 170
666 3960
150 4108
3450 388
1112 16
4040 2776
4502 2104
1566 3098
728 2746
444 2602
1288 4786
2546 1446
4228 1478
640 1974
402 2568
4660 1086
696 4564
4066 1128
302 2894
1912 4720
52 2950
2308 4642
4806 1658
1348 222
232 3906
36 3452
1618 4794
2042 416
1687 2910 3831
1490 570
2372 4896
738 3312
2288 196
1206 2772
4658 3858
2180 4100
58 2400
2620 24
1682 660
2932 376
1042 2268
640 1184
1346 508
998 802
414 1752
3302 4464
3088 2070
3420 502
1574 4744
2270 3262
714 4612
1736 1760
4494 282
468 4062
2498 1738
4132 1664
1076 1438
1370 2486
1692 4476
2100 502
1126 3624
1216 2398
2580 566
134 1310
184 4164
140 4458
1758 4892
324 1494
32 3582
4580 202
4444 3096
2432 800
1691 1802 3831
4004 178
3726 2742
86 4820
862 4608
3908 640
4442 1590
210 4124
2262 578
4546 62
28 3082
1690 336
1524 222
4658 2470
4756 278
1046 2084
218 408
214 1464
56 3758
428 3142
4544 720
240 4852
404 922
1444 4664
4650 3966
86 4062
1622 4538
216 1682
2200 3230
886 4628
4570 718
122 3302
4690 260
280 3388
870 4514
1364 3844
4260 624
744 3038
3480 178
3232 1488
1374 4226
1276 4496
734 4898
310 4876
486 2660
4688 2746
2398 4008
354 2346
3412 408
4672 1334
1224 4284
454 3714
1836 3948
4150 1594
482 4908
4616 3140
348 2852
255 4488 3831
1362 228
2140 10
1222 2468
3444 4730
98 3888
1340 4134
3202 22
4040 2398
2286 4290
1958 572
4446 2816
3508 982
2082 528
2458 240
1766 3384
148 3694
170 4524
4330 112
380 970
3720 1610
4374 4728
1387 3406 3831
1040 3736
4484 172
1158 4886
2316 4057 3831
3694 1614
204 2178
1528 4826
3188 1390
1666 212
206 2936
238 900
168 4092
2460 2842
2614 3684
1598 2500
136 4390
868 4662
586 1140
4258 4058
4818 4558
104 1186
3444 2666
364 2208
192 3144
4152 1498
1538 3468
4046 1584
1250 800
2888 426
3160 1802
4798 1650
254 1700
3520 1776
68 1336
1710 190
4590 2026
452 4778
310 4486
4504 2416
34 1126
4472 2092
2354 725 3831
3072 136
408 1892
3468 772
4492 1814
92 2538
728 3626
2132 3616
2188 3842
3730 176
1780 4786
4848 2026
2526 3970
748 2616
1356 4848
916 4788
632 1308
410 4140
3452 336
1312 3204
250 2376
3200 62
4436 220
3040 250
1158 4610
1660 2246
432 4386
4602 2972
942 4046
4222 1582
3038 2512
3144 244
336 4494
3108 1256
3726 1736
3464 1368
16 2594
46 4494
1280 4282
3428 2068
670 2456
4268 1282
776 374
288 3286
1670 3640
220 3338
956 434
768 4722
2896 270
2282 900
4510 2490
566 3008
812 4868
96 4184
318 2994
38 2832
3824 588
3675 2028 3831
4816 2964
3046 2300
1524 44
3786 330
3952 268
3554 1572
116 748
178 2500
4622 3052
2060 2672
482 3892
1452 3888
848 4748
2566 1866
22 758
2424 4246
216 4158
2332 370
4848 542
3118 6
218 2370
4630 1060
4458 2574
950 4260
2 3986
4350 1868
1432 162
3630 1050
968 60
1420 4434
248 2554
654 3778
3986 394
2002 3128
556 3030
734 3698
1781 26 3831
4536 60
1460 3980
228 4798
162 2440
1216 3962
4728 60
2794 3180
1928 4172
626 434
4454 628
3812 4006
1092 1758
2348 4106
648 3598
1928 564
4376 2822
4056 1998
374 4696
346 3926
2914 3850
1864 310
1080 3476
3072 742
686 332
4152 1480
3550 592
1858 52
3862 1020
900 4080
3908 2264
212 3948
2066 1042
1850 146
3718 1146
1120 3854
404 4296
62 3868
610 4378
2658 1390
1298 3316
4128 968
4912 238
3914 2716
558 2674
4478 4038
3286 230
2282 28
2730 4654
838 4410
3636 2426
2936 226
2118 92
416 1522
4350 990
1276 4524
2354 4522
3014 604
3419 2754 3831
3334 360
1788 2726
8 4700
494 4392
4578 236
590 276
2898 360
410 2766
4622 906
1716 3322
4714 4624
2122 580
2472 136
44 4342
4866 260
4532 1754
3997 3436 3831
1104 4446
612 1720
1818 4152
2234 1218
303 3524 3831
226 2618
2206 64
854 3372
3624 1472
2690 3604
1816 4606
1788 634
3176 2132
222 3244
130 2754
4846 2438
2534 4013 3831
864 4180
146 4152
2710 4746
4240 2316
2852 660
2032 3822
22 2230
3564 642
454 2654
2930 4544
3282 4720
2550 4686
2664 4568
524 2944
4812 3044
1138 190
1614 416
4718 1044
3492 1290
1242 2760
516 2796
656 472
4602 4892
3606 2574
2050 1828
1922 28
3532 264
3666 912
582 4158
348 590
3308 706
3094 1486
838 3076
66 374
2692 4818
1998 4298
302 4894
1998 4746
3762 3012
4838 4092
2080 2792
148 1100
2138 4858
4536 3296
3918 2852
388 3620
1562 4788
3506 4850
1824 4854
24 4628
4674 1890
3466 3956
2426 858
3332 3360
3954 64
2868 1498
430 2974
1800 4546
68 1222
778 1820
696 4504
4232 896
2754 260
2576 486
1380 4704
626 3338
4350 310
1910 2
862 4468
676 2334
4378 1268
1476 3316
386 614
3206 836
142 3658
1124 796
4690 2186
130 2586
3490 4732
4874 688
1434 4768
4688 2030
2360 522
2788 1124
2680 3762
4086 656
4332 1022
3880 516
1910 224
654 14
2776 1392
950 3046
1750 4502
4546 996
1314 2865 3831
3554 1334
1574 3020
1058 2058
168 2878
736 3530
200 1496
1596 4314
3178 388
560 2218
1696 4586
618 4380
836 2796
820 2060
2140 238
114 3072
1160 2516
1394 206
4674 682
2226 460
2086 3612
3626 1362
2784 4704
2566 2934
1030 4210
3546 2380
3518 4356
822 3644
264 1738
4328 2962
3518 1614
4330 2
1426 2
3284 1738
4326 740
1516 320
2960 4242
436 1494
1204 150
2252 782
26 4830
1856 4868
1508 3792
3920 2292
1970 2004
306 4376
1792 3118
2620 4506
86 4442
414 2520
1418 4850
636 3764
198 1796
3332 2474
1628 150
1194 268
3828 38
778 4296
3474 2234
4810 184
2162 3444
1252 2722
2768 1320
562 2956
324 82
3686 2018
1034 2844
254 4280
2832 144
154 4386
1044 4732
4358 380
1196 4158
2250 222
372 4862
1092 1968
2544 4158
248 1490
4366 1158
228 3944
2508 1320
92 4406
3356 768
3368 150
3216 730
4682 2290
1312 3176
288 2960
4810 1160
4862 168
3280 3632
92 2880
2174 96
128 4534
3396 1052
898 2900
1112 3110
3296 1982
22 1210
3426 982
346 3804
3316 398
1726 4416
2898 2098
212 3246
1350 3034
3004 924
4602 282
2016 2169 3831
428 3838
4350 468
862 4348
3278 1392
1086 1798
70 4760
1440 2868
4684 70
4398 2858
2534 362
632 2060
3888 252
4522 534
2726 4050
3444 526
100 2398
4306 1126
4140 1318
376 4380
474 3494
3482 178
1612 3926
4764 3902
646 4330
536 4532
106 2118
68 3014
1706 58
2258 4568
2284 126
316 3862
4420 556
4778 4514
678 190
2932 4862
4224 1950
1996 4762
864 3722
1570 3404
358 4238
678 4124
4132 1846
4824 2408
2572 1748
3244 3662
1432 2082
2610 4816
4548 2650
146 4416
3814 18
4790 1750
720 3794
1780 4596
10 4636
536 1950
1814 406
1092 4866
1828 3756
3970 1060
4216 2446
4874 3060
2630 4232
4248 3330
152 3236
434 4824
1036 980
4228 2048
432 3216
3430 106
1822 4552
4706 4442
238 3842
3114 4664
122 3472
3580 1204
2834 4722
1590 258
3850 518
388 4532
1220 4082
342 4746
3804 32
306 4118
944 3492
2028 2900
414 3480
404 2450
800 2798
624 4598
2116 828
130 2762
4788 3844
198 1726
160 4472
3620 226
2100 3508
4340 944
794 2834
2742 4560
2184 1312
2034 1204
2088 162
3066 1256
188 446
3274 334
3752 1280
1474 138
2682 4586
3476 1218
150 1896
478 4372
2608 1754
158 4638
410 4068
3438 2862
4024 1444
2174 4348
492 896
1278 3684
216 2142
1776 3390
4656 1694
162 4804
4740 1020
408 2240
550 2688
618 178
450 2558
3402 4580
892 1992
740 3904
2694 4562
770 4400
4438 684
4842 312
636 384
120 4644
1116 3172
246 4708
2164 1736
150 876
4880 2214
4400 2290
1212 3644
1050 3556
1270 4650
2570 384
616 3178
568 3580
4642 2840
272 4740
572 4732
1284 2
468 352
3464 2642
1472 3742
3974 1128
34 590
1586 4154
2604 4218
2216 4868
452 1700
4754 2778
4762 3098
4044 1310
580 3616
2074 916
1292 4614
2360 1416
1376 3962
1774 3834
76 1060
4666 2774
98 3310
2072 3860
1780 3928
56 3560
1680 318
226 1018
4094 1832
1074 964
2640 184
972 4596
3904 3482
1750 4606
4792 1282
3330 2026
2780 134
424 4468
1180 4738
1832 206
1012 2166
3710 52
552 2438
3186 792
3118 292
588 4740
1108 1126
68 4674
1476 162
422 4282
1886 812
4740 286
1000 4466
4532 1060
376 4706
494 940
512 4626
3302 4504
1176 746
24 3276
1564 3018
424 3512
2650 650
892 3426
1734 2448
4356 1566
688 2564
1584 3522
4452 226
452 3964
4416 2180
916 4442
1716 3580
4084 660
3170 3382
3242 3868
2436 460
318 3490
2782 3802
3984 858
3186 352
3156 4058
4438 1530
4900 284
3282 544
304 288
1232 4642
3596 1770
2501 2240 3831
488 4754
4090 314
4296 954
2376 1000
4246 76
2304 402
3930 758
4324 3058
1444 2794
3480 2174
466 4792
1364 3578
3476 44
2824 144
2492 426
1480 862
82 2872
754 4866
4546 1722
394 4416
3294 100
200 3964
1048 172
1718 334
84 4348
2108 1974
2662 858
384 2630
1822 146
1478 4428
676 4198
4366 2108
1204 2396
122 4546
4652 924
3430 1024
1586 198
16 598
3376 392
4734 2974
1058 4708
128 2818
4716 996
2748 190
214 3984
1216 1658
288 2034
1042 346
1622 4070
964 1520
4542 1817 3831
2562 4449 3831
48 3566
486 1246
3918 2322
506 1604
2438 4796
4338 1106
4854 1190
254 1220
304 1340
3668 14
1560 4282
3006 446
1370 3176
3894 192
832 24
1624 4016
44 2216
470 3546
1568 3152
420 3970
3472 1028
286 3600
628 2490
3390 254
182 1174
216 4338
3964 2600
2354 1308
4806 850
4165 3536 3831
4536 706
4584 1884
92 4772
3746 1020
870 3200
1126 2794
2186 4628
320 3190
4706 2342
312 3720
2312 210
404 1744
1104 4544
1254 102
4638 2012
1942 4028
3570 884
266 2158
812 1328
12 4064
1412 174
2584 4802
2084 4152
3931 3550 3831
4002 1832
3054 2998
96 3960
2646 838
3954 1464
4743 1602 3831
2600 166
1154 340
8 4030
1870 4380
82 1562
1438 4692
512 3892
390 3346
2000 342
18 2266
4814 2200
888 4790
2843 4024 3831
624 1932
2860 360
314 1688
132 3952
520 2634
3364 486
10 3948
2204 4832
3580 364
294 3060
2722 156
4184 1348
1736 78
996 8
2978 48
3854 1650
48 4636
810 1296
438 2672
2496 132
3302 4798
1802 362
3154 884
600 4380
2076 1632
246 1532
2222 4664
238 3312
1644 4752
3028 272
80 3708
3376 642
390 84
410 1636
2130 4768
3632 924
1124 3904
3350 1470
3290 1318
3682 1188
2808 4344
3916 282
340 2708
3526 732
1640 4500
4762 4048
2094 218
1048 3988
3724 844
3508 144
1856 810
1324 2722
4602 4264
3978 1222
3572 360
3516 202
4346 2342
3982 2980
380 3452
542 3490
2660 4608
1662 3684
4618 790
3806 1038
4364 1264
4552 2894
2314 144
1046 4414
2996 82
3484 1244
1860 158
4010 540
240 2670
658 1872
2144 360
2422 3162
4880 636
1470 2032
3854 1102
582 2034
1192 2906
3036 588
4688 2132
4362 898
656 2406
3526 922
3264 2150
1756 3130
412 4584
196 2992
4588 416
1496 3694
4428 614
696 3722
460 4668
4000 4864
1876 1208
1298 174
280 4580
610 4202
1034 3340
1914 3218
4534 68
3378 4690
582 4390
3750 472
3924 380
4638 2202
4486 2204
4344 162
3580 2072
3340 2522
1154 3172
20 2370
664 4010
3094 1438
4096 782
3558 3852
14 1352
2718 104
1602 4284
4872 1986
4502 446
3350 84
4034 180
1834 4202
2346 636
278 3674
1720 554
3372 1042
4462 152
4360 3866
84 2384
1532 3810
2194 1408
2 2086
4626 482
2816 4100
82 3148
160 3426
760 3726
4094 314
3728 276
214 3564
3314 1208
2004 184
3962 1526
1198 2958
1892 218
1270 574
3814 890
590 340
3178 398
186 3330
170 1220
3968 1500
460 3702
4356 692
642 4828
714 3870
4418 2394
4622 784
3388 620
4526 140
286 3744
2012 638
86 1018
76 2404
374 4144
1846 244
330 2994
3874 2806
144 4670
616 2654
294 4836
4406 1134
232 4456
36 3756
164 2662
652 4874
2288 300
824 4494
3520 312
3216 568
1858 4316
4386 3978
4680 4042
3744 2062
294 1168
2510 3966
4020 2472
3104 3860
980 4254
3944 1370
3794 1874
676 2784
4222 3672
3350 4434
2226 978
152 4120
780 2574
4098 4652
3916 56
504 3886
68 4100
2606 4500
4870 2302
288 2740
188 3352
3254 334
302 2272
598 1842
518 4834
4220 668
4318 64
2360 3908
1492 38
64 3996
4390 1286
3042 730
1190 3170
1040 4002
1074 3734
1760 3792
3492 1596
4092 334
494 3090
130 3860
1464 3716
4198 486
3566 1032
2396 4292
2390 4640
4736 3170
4338 3098
624 2862
2100 788
2342 2010
294 3424
2730 614
3104 2284
232 702
1704 3674
1540 4822
1574 4726
2436 966
27 2720 3831
3656 1882
1554 52
2570 4652
1630 3190
3116 4686
2959 3536 3831
1828 310
680 3790
4534 44
1586 3192
316 4870
2836 1212
2720 154
1806 900
3506 2568
2854 72
68 2700
3278 1068
1288 3132
3746 676
3032 3788
1472 4534
1572 3154
28 2586
282 3316
1054 30
3242 598
750 4648
1390 186
444 3280
1010 4348
1470 628
1344 2510
4694 914
4430 2226
1232 272
468 2628
80 4322
1682 4494
1082 2626
384 2982
544 4048
1850 392
1572 4012
250 1398
1184 4372
4400 302
4904 640
2172 532
1600 3858
1682 266
2498 812
1220 4248
3386 220
3166 162
1672 2714
2912 2044
2684 298
2470 612
862 2586
1234 4902
680 4836
70 4654
3062 1952
1222 2890
4180 478
2718 4854
4068 824
2364 2362
30 4694
1520 312
30 4306
1110 4172
3508 644
1314 4820
1904 70
2666 2594
2222 3638
52 3428
3242 544
1584 2416
3770 710
1278 3378
390 1176
52 2474
4746 348
3030 164
1400 4898
1008 2044
4044 4718
664 2898
3286 224
694 4666
990 4194
1264 3470
42 4910
264 2042
176 4280
1700 832
2846 4710
4742 1506
596 4060
4516 1066
1596 4384
3016 2022
536 4240
1072 2788
18 868
1858 4044
3436 964
3328 626
4454 262
4530 1322
4158 1116
3540 12
4514 2410
918 4074
4708 1696
4858 614
1652 3724
1734 4812
972 2436
2028 252
1622 3290
2902 2200
220 3104
2358 4286
4756 1108
4292 466
2186 384
1048 2614
2396 48
4698 1712
2994 4438
298 758
400 1278
1282 3968
2850 750
1126 1738
156 4358
2880 236
4272 1072
3552 1070
4848 1100
218 4380
2292 2996
1768 342
74 3388
2764 1626
70 2382
1118 4490
2788 4610
3144 270
1278 2920
1098 894
3516 354
2248 212
770 4380
536 4070
1448 3464
1886 3568
2584 928
2398 3708
4136 650
4232 648
482 4634
1242 360
4752 582
702 4558
692 466
2162 4398
3450 280
448 4222
790 3724
1216 2074
2276 452
3526 1566
372 4550
4518 2778
1002 1976
4726 3082
4310 660
1936 136
2096 3558
440 4770
3140 2629 3831
1008 4774
358 4426
4628 596
3500 338
2274 3184
472 120
392 3718
424 4776
4536 2234
2678 740
408 3332
842 4134
124 4426
3430 1308
160 2562
84 3710
2710 4844
4880 1722
2710 924
1110 4446
4793 3728 3831
3324 1484
3456 588
2894 1142
1272 80
2054 358
4810 34
4744 340
3792 608
432 3688
136 4120
4446 2246
4192 2630
170 3540
1596 4574
1834 4002
858 3234
3862 402
352 4868
1704 926
1994 4466
4804 346
1770 4552
2734 230
3792 514
748 3374
282 3652
652 3572
4516 504
3156 1046
2516 3402
170 2578
38 3826
1076 686
3556 44
2 4718
718 1418
2788 2486
3104 1658
1218 408
2368 3872
154 1800
1936 3958
916 202
1396 4876
1504 4902
3900 658
2024 204
1322 4908
1364 716
498 3244
1716 3520
3318 752
3816 3426
384 2446
3354 1756
4454 590
2578 4668
2736 272
1918 1094
848 2370
620 3954
3328 560
604 2834
3954 326
22 2418
1396 66
2306 2054
2710 3548
2122 4404
1080 126
14 410
694 3868
4380 1632
348 2204
3042 528
4166 4247 3831
4624 1896
3320 562
3634 3486
3634 1400
4416 1212
1142 3610
4126 2016
956 232
1270 270
4308 222
412 3554
138 2600
738 4342
758 3738
4236 1222
436 3540
290 3622
1938 582
2714 88
594 216
126 1574
1950 1906
3330 1516
88 3686
4142 2420
3538 676
588 4580
4776 1360
4732 1938
2470 1128
434 4564
2870 4416
160 2602
176 2050
492 3220
2812 776
3510 202
1072 4842
272 3920
392 3576
2322 60
1311 4100 3831
690 3706
4230 50
4328 3480
3782 1604
2788 34
120 2218
2894 2158
176 702
90 2108
2884 4208
32 1294
4866 1524
6 4580
3734 4712
1422 4046
4090 4908
3618 244
728 2976
3524 1560
368 4278
430 4658
2304 3920
298 3816
3580 1364
3736 1376
3286 3662
2970 872
98 4548
36 3822
3296 4086
360 2066
2942 1866
3758 2806
604 3212
1166 4910
3770 752
502 4536
4530 606
3164 1774
2564 4272
4122 1312
1334 4202
392 1036
3636 52
2032 3778
3474 2510
46 660
1340 3090
3460 2278
4284 152
4108 406
4570 592
494 3056
3038 1336
536 4304
2816 206
4670 1370
1168 3998
760 4000
1652 98
2860 1756
270 2406
3412 1214
326 4072
840 3642
648 1534
2626 404
4416 1262
2132 800
3090 4504
798 3104
92 4250
986 46
4524 2118
4690 2220
4710 1146
2792 4682
2274 3764
808 2890
1376 2538
164 2754
44 2126
3640 1124
74 3254
4456 440
4702 188
4010 686
1882 576
4004 2158
1048 578
4490 890
924 4530
784 3180
636 3736
1998 182
3648 76
2242 3788
404 2780
4152 476
4602 402
2476 1130
24 992
1280 4866
2776 850
364 3346
4544 1534
1174 3496
4240 2444
722 3358
1780 960
2304 884
3338 2926
1336 1026
4516 664
4096 94
2122 4530
374 2826
2440 4732
3920 958
3462 4480
1784 320
4838 320
310 2258
2286 380
4734 2653 3831
3034 4014
3766 450
4830 4202
3378 3152
4770 2286
1330 3824
4212 336
2170 778
220 3378
1522 4912
4074 2306
4098 2544
1308 1084
986 4308
3820 2278
1182 4684
1216 3408
600 3980
3382 3306
3024 4570
3040 1642
2870 3764
2678 546
2556 3668
136 3580
4866 426
4106 1902
1906 3034
4382 2920
1075 4908 3831
4462 624
3754 3414
3362 2058
1066 4906
3158 226
1486 334
50 2588
3584 2072
644 3538
366 1234
954 940
3608 1736
4512 1178
918 1974
2122 4566
3598 2296
862 3838
4584 1878
3688 1616
348 3846
4752 3240
1164 200
4404 2034
244 4712
2144 4856
2888 996
4552 2034
1102 3748
2214 4
172 4894
1272 4788
590 4718
242 4618
4050 2630
3156 144
624 3180
2448 306
480 4866
4662 2914
1524 3188
3226 590
3120 670
1012 3514
3592 546
1344 336
362 1194
390 2532
3338 4622
4400 1108
1144 284
2810 4289 3831
946 4668
3928 406
2882 1492
3194 4214
1344 3804
1162 3752
4060 1256
4836 1014
4868 1298
4308 784
4608 1052
2104 4870
334 2958
368 814
1832 3960
2462 1402
3338 1292
2252 104
3236 128
3758 2406
474 3454
3064 1842
4648 836
12 2586
1252 2858
1394 2088
720 2424
1240 152
570 3906
608 4468
1160 440
10 4418
52 4120
2216 4190
2904 2188
3148 30
3844 1786
4866 2040
422 1768
1856 2912
760 4444
362 1774
1370 4238
26 4042
3536 1612
2816 782
2110 3816
948 3916
1168 3156
98 3050
3886 376
3886 4848
256 3652
1848 4586
36 4008
2928 302
1940 2797 3831
3526 118
3920 862
1082 3438
4146 892
374 1350
2069 2638 3831
328 1522
1852 4032
4596 4238
4010 2192
620 3278
1038 118
742 1538
4086 1678
960 4698
1332 132
1274 174
2306 3462
4660 1214
1578 42
2686 830
424 4032
658 2826
2052 878
1502 3192
1896 4596
4626 328
1092 3484
730 1962
224 4216
972 4382
1220 2824
4468 1692
4516 454
534 4392
1628 2144
128 2732
2412 156
3490 1091 3831
220 1306
386 2004
832 3344
4324 694
1980 4854
140 4274
4694 1146
1574 4360
4230 914
2060 104
4702 108
4126 1710
388 3056
3648 704
1042 4032
276 2838
2474 3250
922 1616
1974 780
3998 736
356 2928
4452 3522
4302 806
1184 184
914 3548
3192 252
1376 2226
4628 896
2962 302
524 2664
92 2254
3954 4908
2252 988
4018 250
48 3874
4714 1792
2944 892
2080 270
2022 2610
1184 4736
3246 546
3220 122
1698 3646
426 4656
802 4580
556 4096
1002 4318
2370 4842
4790 1910
3738 2950
142 3930
4768 4352
118 4118
4178 568
1056 3312
3900 692
1398 4316
4282 810
1438 2707 3831
4820 728
4832 512
4332 2630
1008 4682
1252 3836
24 3800
346 3606
62 4192
3820 26
1628 2314
464 3614
3196 2304
156 4348
516 3994
1240 4762
2988 642
4570 1422
3638 1618
282 3000
3878 458
760 3970
3582 2362
1242 3484
4806 304
798 4410
1784 14
3050 4858
4418 1440
414 3922
26 3956
6 3872
790 3098
3214 298
4814 898
4544 1464
4854 1776
28 3988
3742 3938
4638 1698
2950 68
4794 3134
1878 3258
236 1608
788 2336
4244 386
3620 38
1766 4126
60 3192
778 2094
4738 878
30 3618
4900 14
1124 1904
270 3448
3974 444
1062 2252
922 4830
152 3826
790 1050
1924 4028
3522 166
3946 230
3362 4498
4318 12
1086 1830
3530 4708
1274 4696
248 4760
1856 2234
4502 118
4564 1508
3436 708
1890 1466
1150 4426
1980 140
4310 4780
4340 86
3372 1668
3442 60
416 4780
2122 4398
552 858
262 3386
196 2020
2424 1412
2546 978
2344 930
708 3210
4026 2546
4098 3432
2566 3982
948 1048
4624 2870
660 4618
1514 4618
1548 3618
4716 1048
2364 928
108 3268
4748 3688
1522 104
4256 234
748 3316
3264 936
2218 410
118 4080
446 4568
550 4156
4432 1554
628 3676
946 3140
2994 188
1824 4074
278 4820
3672 588
2020 3688
1394 3398
3412 894
912 4566
40 4392
1796 3018
3172 490
2456 644
3814 286
4602 666
4410 214
4446 2014
110 2284
762 194
3694 88
450 4910
2 1454
1506 4738
3574 4446
4356 414
4462 2444
608 3466
1848 3842
328 3528
4638 1162
4408 48
1128 4326
3324 104
436 1816
4036 4528
76 2494
4084 402
4610 78
556 3266
568 3378
3006 1414
852 4290
2314 4832
52 4184
1602 4146
2916 700
4754 1270
4580 1700
472 2346
4884 3098
4064 442
890 4912
3178 994
4690 1782
3982 334
2436 562
442 3862
3268 4634
162 2956
504 4744
3056 80
2244 1264
6 1444
2660 4838
4168 1096
832 3642
1150 3104
642 3960
258 3852
1002 428
3414 432
714 2852
4322 1476
76 2492
742 1744
768 2410
272 2868
2000 3638
3100 248
3216 1200
4732 814
2534 104
210 3230
726 4168
1058 4854
784 1084
192 3574
3812 2664
418 1434
556 4032
618 114
2 1546
1720 2758
4076 1672
2052 2834
3606 1462
368 1426
132 3548
8 1140
1632 3822
310 4540
346 4218
3894 160
4450 1144
1758 202
4120 2124
1344 220
206 1764
148 2192
3472 270
3806 580
508 2556
4832 1506
898 3782
1448 4060
2806 140
210 2958
748 4286
2030 148
2602 584
2276 4858
1788 2566
3870 1984
4138 4644
1046 2058
4772 3376
378 4600
224 4768
1404 4634
4576 2778
4236 694
1252 3760
3282 1580
144 3874
4588 1354
114 2794
4138 802
3938 1026
966 3142
1408 14
3272 3822
4546 1166
338 3670
4574 612
3002 206
3328 3930
2870 1052
3226 4900
2936 222
3960 4820
1498 1660
3468 1114
2384 696
1332 100
4250 3320
3392 322
2968 2086
1458 4010
520 4732
3852 1048
3170 1310
3430 1902
892 4890
718 4876
1662 2102
4632 132
2656 4334
1412 314
2964 630
1128 4858
454 3052
1352 3448
1730 196
1122 4742
2436 306
2940 336
4768 2814
2326 4462
3940 1212
156 4040
4912 1652
2384 206
4262 1732
4214 3468
358 2978
2468 234
3912 4282
28 4856
4160 654
1150 3414
294 4760
226 4755 3831
504 1014
112 4082
4750 3178
2296 2734
1186 3302
3415 3126 3831
4408 354
244 3646
1700 402
4446 2028
3418 2440
194 2888
2322 3762
586 2816
994 3054
3772 850
1322 552
4240 872
1134 4052
148 3382
4672 356
1376 4620
416 2782
1562 3686
3398 1692
3986 2026
3828 1440
3654 198
2804 1018
4060 1048
4474 2364
3968 1660
868 3892
3456 130
112 4010
4428 2180
2438 544
3686 278
1284 4396
2162 2678
2316 4148
4674 1082
1558 1062
1454 4676
16 2378
1366 3790
200 1992
3226 1498
114 3204
2866 2906
796 42
4906 1914
682 3474
396 1854
4230 2846
1822 3222
2442 1314
1896 964
572 1198
4232 1176
176 3938
4054 604
1752 4770
4472 874
284 4864
4260 2474
4734 4238
3136 146
1130 466
3566 4884
722 4854
1742 3816
356 4892
1228 3564
4598 2830
450 846
2028 4354
1278 452
914 3552
300 2864
3250 768
550 3540
3260 58
3712 836
74 4560
4790 1774
3932 294
4312 2
3044 638
1430 4846
2820 1500
4694 1106
4858 2950
120 710
4434 2156
2164 1530
366 4378
4352 1002
2380 200
1652 160
876 2116
1037 1362 3831
120 3250
3840 4884
1030 2760
1846 3776
2 626
4668 2018
3498 4694
3056 582
1668 4718
4070 434
2012 3236
2058 4446
4548 4838
3004 2088
4706 756
834 3550
56 556
296 3012
2176 730
426 4350
368 3894
2630 4694
1138 4236
1938 4238
258 916
1172 76
3302 1326
370 3022
2372 4030
4570 1510
18 3932
98 2492
646 3996
4326 3420
1240 4126
4288 106
4900 1798
1346 2862
2679 2956 3831
18 2740
170 4646
906 1444
2712 694
2404 782
808 3850
4860 1066
4474 1292
1098 24
2226 4
320 4892
3048 1550
2682 144
4078 434
1118 4872
3680 1526
812 4562
3530 24
3850 882
156 2062
3954 1362
1466 4888
4554 46
1520 114
350 1852
164 2368
1488 4220
2472 2870
3286 1216
2608 3776
66 4214
144 2318
544 3042
3798 2920
1308 4256
3034 2372
4848 128
790 4536
2242 4254
4892 4020
4464 2088
3612 1795 3833
2326 640
2840 1136
136 3612
3060 1352
1204 3478
3622 752
1364 3018
1148 3666
140 1138
66 3066
978 4684
838 1442
4702 84
4814 3000
788 3792
3724 1564
3124 2050
4236 204
1744 78
3088 4314
2032 600
4640 672
204 4522
4290 854
4304 1046
4456 1294
3232 202
4628 1776
1946 4576
4632 264
1340 3684
3511 2108 3831
114 2888
3210 4490
3452 1802
4 4425 3831
62 1380
3922 16
2290 524
4392 4789 3831
3478 6
3684 2014
336 3924
3206 70
2370 4666
3870 2318
2342 3180
276 2802
4476 384
192 2066
3205 1738 3831
1552 3592
1650 4636
338 4772
72 3796
4064 2658
3578 388
362 3556
1310 246
1064 3290
140 2432
3588 2436
464 3712
3236 2430
866 2896
4 3692
1734 1622
4834 4168
3342 474
1950 3000
26 4718
582 1256
160 4356
2708 290
2916 170
1776 3728
3506 4756
3424 580
3072 608
1580 3352
654 2216
1132 3672
650 4180
82 972
406 2880
2212 3540
4534 200
266 4784
192 2372
3114 548
2452 508
1148 4626
212 666
4514 4596
1152 1788
4294 222
4772 2076
868 2236
1556 8
1468 4852
2206 468
4566 790
4830 1440
4014 698
1924 3584
218 4164
3276 4442
4448 242
400 4788
3074 894
1594 4154
3826 1912
888 4866
4212 324
1114 3213 3831
4664 934
3078 904
626 4870
2310 4836
4722 6
3306 1190
3676 2766
3808 964
582 3014
306 1346
108 2164
1894 74
222 1742
4586 1414
878 82
3508 1510
3718 2326
342 3338
2750 223 3831
1668 3106
2148 4568
4696 996
2812 2526
2576 106
4266 2376
3128 340
32 530
718 2762
1436 4540
2396 294
4380 1276
1810 4180
4720 3444
2824 994
4720 2048
1826 4230
2370 400
2366 4398
2562 560
2062 648
4672 170
184 3898
4224 882
2890 3976
4046 468
4902 442
146 1680
4382 340
4792 1446
84 4710
1512 4742
362 4186
1192 2052
3562 2858
2446 4280
1784 494
1906 4324
1310 4471 3831
3626 1480
4076 1408
4858 762
518 2514
932 3740
3060 4854
3308 1326
674 4626
4462 382
1302 60
4180 352
4648 3690
440 4630
4254 1076
899 3376 3831
3824 2152
4566 1192
388 2002
94 1148
1948 4588
2 4420
4240 2452
3348 496
3976 430
680 1966
514 1210
1616 394
4892 146
374 3576
1308 2954
4572 546
18 4842
3524 2326
82 3800
856 4854
1816 198
2646 1306
354 3110
942 4120
294 2444
3586 2658
1964 436
1340 182
1914 1100
4200 718
754 4596
366 3394
170 2688
646 3684
748 4070
1458 4464
3410 1374
640 3874
1554 4104
536 1564
4160 2196
290 4560
58 3350
4644 910
464 3854
1266 1390
1046 1832
3926 4840
3578 1912
1926 286
3548 2626
476 3550
748 3108
4148 696
2617 4498 3831
3744 342
198 2666
4860 838
2914 346
4350 448
484 2350
648 4436
1162 4694
186 4378
4826 670
852 2542
3544 1140
778 4824
3800 38
2796 2274
4124 792
3174 226
16 1478
4896 3768
918 3796
108 4282
438 3860
1376 4020
3368 3964
54 4356
248 4614
6 610
1014 2440
88 4458
1840 3182
2698 4542
2040 654
2982 446
2260 4188
972 2852
3584 990
1640 3818
3944 4908
222 4076
3560 424
2296 4850
2564 4722
942 3968
4502 588
756 4860
4212 1140
4752 2900
1626 3066
2452 4124
4438 986
194 3720
4344 486
382 3634
4080 752
4442 1172
1300 688
1198 4428
4470 598
2524 4518
878 1338
692 4678
3114 1106
202 2642
3118 186
2014 288
2042 976
1308 2492
1440 4680
44 2192
842 4176
1366 4024
1466 262
1034 3900
2262 4216
2490 4278
1118 3496
1028 2348
3414 1256
3636 1836
2244 3910
782 3504
2148 3290
3598 3846
474 4744
4300 1686
2574 4410
2354 2668
3786 1084
88 2498
368 3650
3916 326
868 2504
1472 3888
1690 3240
2806 82
1942 4858
3074 4072
2138 3672
4494 2230
304 872
4554 2234
4810 958
1062 2664
1472 2820
78 2110
872 4416
1338 4744
4026 4864
3082 112
4648 2778
2912 102
3510 1602
1254 3068
970 154
2274 4098
3426 632
1108 2364
2030 2056
970 3710
4400 2310
2886 3758
4036 1480
3744 334
1064 3314
3276 1628
56 3932
3666 448
1378 174
3532 818
992 4142
644 244
3676 536
76 2664
824 2128
2986 4442
602 3584
4660 2388
698 212
3540 650
646 4616
3666 538
528 2836
1900 3666
256 330
4542 662
906 4576
3186 214
1404 4728
394 4804
384 2530
58 2548
848 2856
2516 3998
3138 1742
250 1462
684 2058
3796 1786
1412 3826
264 4438
3210 4690
3270 636
2318 4116
464 982
2844 466
3054 3080
3152 116
2954 298
2644 4728
1986 1148
2406 1522
2404 438
4490 1172
4636 4338
1138 4672
222 2254
3850 534
1448 3332
3536 2084
1900 3456
1270 446
3196 1710
4582 2462
4578 2886
3706 58
62 3222
380 4254
4800 4290
3494 320
540 4550
2570 62
3190 1132
3746 734
536 2140
3078 2490
3118 1200
4746 2706
4278 2114
1070 4766
4040 432
4372 116
696 2414
741 3842 3831
2238 1192
4150 3180
4864 74
3482 1870
270 4432
1640 4800
192 3908
738 2252
528 750
704 4764
928 3542
3852 160
1850 2676
2820 560
2472 774
498 1712
376 2952
4068 732
3176 458
4322 116
3424 1518
1154 3950
70 4674
1406 4472
3538 26
4542 942
2286 510
2160 26
4448 834
686 4244
2394 4652
414 4452
4812 1554
1782 4288
1476 3592
3132 588
34 3706
2381 4264 3831
492 96
130 4464
4016 908
2960 4398
4282 3362
4608 2688
162 1976
3202 1968
1682 118
4880 1586
4898 258
54 2406
994 4784
4750 1306
2316 4286
4402 1014
2250 4812
1126 3858
1256 2990
4242 1888
3386 250
746 4122
1902 3668
314 3320
3202 1366
1848 92
4642 1244
4342 434
1578 3668
856 3660
4510 1242
3796 666
3870 3232
3696 384
4624 1190
4232 1082
222 3014
684 4172
3800 700
4760 1442
2180 3668
2448 4494
3070 1226
3374 1836
4900 648
4668 872
4772 1416
1916 3092
1066 3586
3746 126
1520 92
468 1740
766 4908
756 2740
3024 2186
2312 3038
2122 4740
4558 1914
4728 492
2560 3336
4528 664
178 3506
3402 2772
242 3018
1922 3046
3408 318
394 4338
104 4398
1292 2878
1514 3324
3686 4768
56 648
4904 3102
910 3470
700 3648
4428 1870
3786 32
3666 1526
4878 2316
1568 528
1250 2414
78 4212
3754 1010
444 4738
1130 2968
4858 2632
434 3716
3932 1472
426 228
4876 4364
3462 3128
920 2296
140 650
594 16
614 4060
2392 220
4510 1704
4308 162
2964 540
3286 1860
4792 1876
3992 4758
2834 3534
892 3770
3142 4304
3422 4622
3074 1596
2928 3684
3344 940
3940 460
3496 2734
4850 974
454 4466
96 928
30 3940
1082 4206
1508 4524
242 3248
1298 992
2298 484
582 2934
3724 344
2208 4736
3612 4816
220 2884
1594 4162
1458 204
1718 3140
1244 3142
1256 2352
2426 4070
1776 3904
3986 2970
376 3738
2992 2024
4868 420
1752 296
4336 3066
200 1468
2676 4442
3540 1100
3844 1098
3410 1724
56 678
2318 142
858 3236
4588 1460
1654 3760
1156 564
478 4348
1900 3608
2278 1210
2972 352
3524 686
236 2490
4868 324
4506 1230
2544 3834
4108 2058
3970 608
2774 2924
448 3894
4324 4886
4416 554
2854 998
4002 1104
4892 1242
1518 3932
256 2544
842 3612
3868 1012
1626 426
96 2714
2892 754
3064 20
2454 304
682 2248
4660 42
4440 1618
780 2518
1558 4682
1480 4692
1260 2046
3980 2068
474 3462
2438 4
3434 244
4072 1262
2018 230
4792 716
3494 4486
1026 2382
4102 2802
4050 336
2268 964
3296 2424
2974 2440
232 1196
4412 2078
130 4788
4684 2772
1312 4214
4428 264
3494 208
142 3516
4132 1892
3820 1554
2760 4296
1616 376
1234 3876
3502 1550
414 3410
3292 1786
1428 4004
346 2612
328 4196
2222 4076
1504 924
466 2717 3831
2812 2792
86 2874
492 4236
260 736
4744 1332
1316 4716
70 1958
2386 232
2778 904
4752 538
826 4178
4726 1144
360 2588
1040 3216
4258 2442
4116 1122
28 1726
2692 2704
2748 1042
3700 1882
108 1490
3020 92
4192 2286
1574 1410
2486 3804
712 1898
4490 694
272 2314
224 3674
3434 6
3834 704
716 2388
4220 646
46 1546
3566 988
668 4188
24 3384
3882 104
1436 4756
2402 246
4170 828
896 4636
4398 784
4376 336
8 782
4564 402
3042 1922
4324 2458
948 2696
94 3294
72 4826
50 3746
2440 670
1404 4294
2358 1422
132 4628
3210 212
838 3782
3656 2206
4910 1512
470 2588
2870 1154
578 3566
4690 1796
234 3184
1536 4280
150 3892
276 2098
4078 1470
18 1754
2218 3112
2218 588
56 4074
2610 228
2120 4714
3980 790
2496 822
18 4628
4608 308
1040 2394
310 992
330 2500
3642 1302
3930 4902
4682 212
4194 172
2108 374
2950 108
578 3270
4710 906
76 4202
2772 442
3730 216
4882 920
3928 2430
1594 324
3890 48
2130 306
44 1084
4038 692
856 4888
6 4430
2164 502
3772 124
3780 2206
2000 2130
836 3398
622 4580
3742 20
4362 2062
1020 3704
4062 22
88 4022
622 3074
576 4744
3550 152
4692 2808
406 1776
4358 280
80 3400
1148 2298
1804 3924
1066 2258
116 998
1994 1298
1480 1206
1656 4036
1298 342
3572 702
3886 2258
1578 242
2662 4100
2194 760
224 4908
34 3016
2782 4868
4878 348
3758 586
4858 2582
1448 494
76 1680
292 2874
3002 902
3142 4652
928 4786
2030 4488
2756 512
270 2298
3374 1562
154 4158
1478 684
3316 4854
160 1562
2268 3676
2938 926
1854 4834
1376 1090
2980 4464
368 3266
1596 4136
4712 604
2712 238
752 4044
1184 3882
1206 4120
610 4560
4094 1626
296 3262
1426 4072
3530 2030
3956 566
2840 158
4698 298
170 4878
4688 1108
854 4110
4540 1482
142 1634
272 1830
3866 64
890 2368
2932 528
4564 4782
4872 3026
462 4292
1870 3804
4554 1694
4732 744
3522 1238
954 2662
990 3030
78 2306
4836 1108
4010 408
340 4208
60 616
2398 1826
1458 324
278 4774
312 2976
2740 294
612 4544
1702 4332
884 4778
3478 178
590 4788
786 100
4798 1260
212 4598
3001 1074 3831
4322 726
3670 734
646 4400
1718 4308
2418 108
4258 1642
698 2408
4014 2980
1452 4050
3150 3946
2062 4900
922 4446
508 3456
3608 510
794 4518
1934 4494
3978 884
3694 976
3852 1476
4692 1602
220 2352
4712 158
1190 2848
3838 4858
2974 1942
460 2096
466 4014
384 2178
4580 3054
1692 4012
162 1994
2762 1096
4870 222
4756 1364
938 4808
4208 1250
772 4762
1932 910
3382 2146
2040 398
2002 573 3831
3972 1634
860 2844
1000 1768
1694 4872
3592 2136
1006 3376
4808 794
148 3742
2008 190
4076 424
480 596
1520 3078
4276 358
256 2072
124 4012
1634 3868
590 40
1324 750
808 3906
4672 508
1576 224
1474 3812
4838 334
3470 658
1404 430
680 4514
2666 1720
3482 1744
42 3286
4014 198
4170 2882
240 3258
2456 3818
2498 846
4588 422
4010 1344
280 830
2762 2006
658 4702
4256 1660
3256 146
4774 1228
144 2866
4192 1514
2488 4708
1546 336
4534 1012
448 2830
2669 1456 3831
4512 212
4036 986
1462 910
3138 3542
3518 2738
1036 4264
1762 124
2714 3368
3048 264
112 1602
1594 2610
3034 588
1150 4132
982 4050
1052 2114
1402 4116
228 2222
1784 250
2914 150
478 2320
40 1244
3470 1058
860 4400
28 4790
686 124
660 1198
400 2522
204 4014
3042 4358
3504 502
836 3762
4214 1814
4132 652
2920 4402
3584 786
4836 1030
532 3522
496 3108
866 4094
166 1536
508 2648
842 2300
4860 540
4454 1580
3518 1428
266 4602
334 1940
2564 4410
228 1550
160 2374
4686 1480
3802 910
3822 4790
4102 2160
3868 150
118 4886
2628 4132
4326 140
210 794
4600 426
1410 2496
4070 742
4360 894
944 2746
4580 526
482 4592
4726 634
3310 1980
34 2550
3172 2308
4604 1476
4060 148
524 4088
1482 4870
4426 1124
1900 4804
3480 3380
1754 2600
4334 2480
300 488
210 3938
212 808
4038 530
3820 4071 3831
4260 1278
3574 1922
1544 954
2224 64
130 500
4628 3256
1852 314
3928 4409 3833
3632 966
3950 988
986 474
2560 100
4114 1742
344 3564
3618 776
4737 134 3831
2193 872 3831
1686 3641 3831
1722 3562
3754 166
2570 776
3592 1728
2602 4088
4630 2354
1236 3078
4684 534
2690 146
4304 3608
1540 4354
4237 1142 3831
2022 148
628 4250
4196 1020
410 2124
568 4518
3294 400
2216 3672
2692 3490
1052 2446
360 4218
36 3314
3430 44
3310 8
4888 570
2000 442
3736 1836
480 4460
4364 696
1808 1484
798 4112
610 4420
4770 2250
3606 654
4764 3618
3798 1566
4846 3448
226 3932
3394 1664
3046 4758
3102 2008
4280 292
570 3048
4074 1534
2090 1170
2960 598
3926 2238
554 4596
2752 650
112 4504
4722 3436
1770 3618
4404 1214
2130 18
3364 2706
396 3586
290 4038
3878 2880
4004 1906
2486 4904
3980 950
3540 102
4668 402
1846 116
2136 4584
380 4610
4030 2178
2492 4444
4182 1154
4805 298 3831
100 586
2254 476
2294 394
4866 2648
14 4266
4082 116
4054 1724
2872 4850
3926 1684
3852 1400
2178 458
4057 2514 3831
3876 838
710 3638
2702 2480
2284 492
408 2392
730 2524
2334 3588
4558 1278
3808 256
836 2350
2814 132
4228 438
790 2072
2244 4014
802 3940
52 4244
4506 152
4710 224
3930 222
2800 200
1066 4198
2414 1488
2054 2642
4752 1412
2486 1172
522 4634
3332 656
4770 148
1942 4830
562 2340
3764 1444
26 1894
4572 2254
3146 1466
978 4200
2712 4678
2776 568
738 2628
3726 2726
3716 912
3272 4542
78 3586
346 4106
4044 114
2006 2702
3964 902
1262 4476
1630 4498
1102 1262
4184 494
458 4776
2930 4606
978 3890
48 1122
70 2162
1000 842
830 1240
1808 4212
2530 4908
594 1874
2510 1218
604 3132
3908 1064
1698 630
2978 398
3778 3160
1874 3682
4818 364
102 3064
4060 3248
4304 1716
452 2728
1906 2772
2608 4788
346 236
4834 1838
4594 196
1686 1035 3831
1170 3516
40 2518
960 1170
4132 214
356 1210
3454 688
3726 2662
802 1374
2336 464
112 4288
2818 80
942 2504
3816 1408
1286 3942
4760 2144
4688 2922
1020 2518
2316 456
3294 1476
4612 3188
2818 512
3894 358
1062 430
1756 4860
2736 844
340 3772
292 3332
124 2982
1036 4522
1292 3348
1042 3180
658 1184
2004 4228
4312 3368
4100 2666
160 1316
140 2978
2052 768
230 3174
3660 2742
3760 50
342 4892
522 4250
4204 602
2420 3782
4736 108
926 4490
4470 650
1370 4556
1152 4574
72 2126
406 2708
204 2124
3966 546
68 2372
3702 4898
1938 4616
4832 560
4596 1560
1218 410
2176 3218
520 1672
3598 1658
1264 3650
4338 1786
3868 132
640 4368
804 436
2882 1100
522 3818
3316 1704
734 2168
68 1618
3616 290
1084 330
1400 3980
3780 70
1678 3845 3831
3176 146
3500 240
3520 82
1052 1664
2570 4430
3254 4686
2226 268
3232 718
2176 408
1372 2554
810 3880
796 4208
290 3168
2754 296
544 4136
954 3628
104 3250
4632 1984
1548 4532
432 2894
4376 4894
4056 420
1598 3804
4174 1996
2424 3350
1748 2956
2080 3474
1094 4738
38 576
244 970
3632 1988
296 4118
4118 1108
1236 710
364 2342
3136 1796
2292 1540
4084 1624
4014 3517 3831
3878 1300
3404 1686
452 3428
3872 352
342 3246
524 4038
724 4122
2262 1384
594 2280
4608 4078
530 3634
1122 1888
4130 2896
4898 3024
1272 774
1182 3970
796 260
1298 3060
180 3168
52 1916
4442 1364
1182 2364
2554 210
4088 292
3880 886
500 3888
3892 754
2542 308
812 4574
4782 448
724 4154
2547 672 3831
2436 4320
524 4112
2314 156
652 4072
844 3356
3038 236
2596 770
4548 1226
3290 4890
4820 2394
4792 1548
3860 2396
1990 3722
1212 2532
4278 1612
2484 640
4678 2730
2386 66
4518 3682
4372 1808
2138 4882
3240 1052
970 2060
4272 4664
4876 868
884 1218
4442 3108
4740 1374
4258 262
1788 152
758 4386
4712 334
2108 3414
314 4608
3044 892
4204 304
2804 3894
3420 1066
3368 4662
328 4030
1160 498
658 4218
2408 1756
2518 946
4668 696
1642 1010
4732 830
218 4632
756 2522
4884 1024
954 3654
2868 552
3346 1828
4736 2330
4720 58
4856 360
4690 1874
2 1662
4548 160
3212 156
1370 432
2576 384
3484 2010
3956 874
3080 634
1206 508
252 2796
944 3912
1470 4318
3480 846
1394 4040
4176 46
1426 4824
4126 1726
842 4192
3580 2428
3438 1046
1428 4336
786 236
4592 914
2564 2202
4342 4734
2254 1694
3836 214
3924 2070
1388 2502
1830 3726
990 3138
336 4430
1984 3832
4252 930
1346 4750
212 770
4014 3300
1556 3276
480 2634
3900 640
3080 676
2966 1030
1880 3922
2440 3552
1226 4640
2454 3770
4400 1726
3930 1032
2082 1042
4090 178
3520 2222
4396 754
4426 2432
2502 214
1692 274
2626 126
2016 112
2930 1424
2422 900
146 1234
374 2948
2268 174
1654 3236
408 256
766 2998
1600 3996
290 1418
872 16
3102 812
96 1100
4692 92
4810 2110
3892 792
2606 882
1196 4042
4586 3114
4396 920
4784 708
2260 334
216 3278
4720 2528
634 1086
86 4718
3890 1570
1002 3078
4502 270
3246 280
4888 1460
2010 3014
602 3742
3488 612
3550 2148
3830 952
1774 3680
786 1247 3831
4692 324
4090 42
4528 1028
120 1870
4134 1454
4548 982
2890 1528
690 1748
1168 226
3692 324
1380 3674
4492 254
90 1360
588 2508
764 492
316 2850
178 3722
1660 174
4734 908
1054 4
1432 2088
126 4338
244 2498
3652 1442
4220 2734
2044 3948
656 1660
4504 1375 3831
538 3274
1132 2486
466 946
1354 782
2878 1544
78 2332
46 4504
4084 24
3570 1378
4504 24
212 2458
2232 3616
1092 4044
846 2914
968 4738
2862 382
4640 106
758 2866
854 4676
4690 88
4728 1406
2186 3692
4056 1850
1790 558
4586 1914
4648 510
4650 22
444 1942
1838 566
4876 1438
4806 206
3154 3404
874 4424
4088 1940
104 2660
1442 124
2526 152
816 3684
4468 626
3520 568
2516 112
14 1336
4298 152
152 2492
2506 762
1728 2726
3664 2008
2480 114
430 3050
178 3664
1102 3422
228 3602
1472 4612
3660 4748
4456 610
240 1958
1732 214
4577 2234 3831
2724 1314
4448 1936
1558 74
1428 4878
4884 514
4212 1098
3752 1496
1526 4530
4906 2498
2574 1654
106 2040
54 1794
854 3988
4230 3778
538 3416
4802 66
1062 74
1172 4838
3892 3166
1858 3100
4574 540
1736 162
4100 4504
614 2360
1022 3738
4592 128
4754 1820
906 186
3756 740
4602 346
3528 60
648 2848
986 3540
4612 44
4688 3422
3362 2194
4804 488
748 4058
2456 2736
528 4848
4756 2276
844 2404
4748 844
2204 452
4228 466
4786 198
3174 18
1272 3340
3512 2256
4240 3732
512 3488
3190 80
294 4816
4634 68
2824 4412
1888 4830
1814 4446
1530 2680
544 1194
4912 1988
3902 2494
2614 4430
830 4338
102 3762
3480 2278
2572 438
3974 354
1246 3602
752 1262
4868 3168
2574 1014
4808 2696
336 4448
3164 744
3834 2228
4776 242
1228 4846
82 4266
462 4854
3330 1486
62 1246
4558 584
524 3794
2800 956
398 2504
2842 718
682 3700
3758 782
4002 690
890 2018
4134 2670
2290 4090
810 3424
2158 4334
2134 4816
3714 806
466 4846
1526 124
4486 1546
634 4882
3406 760
4074 86
462 906
4366 32
3692 678
1952 2940
1456 4294
1370 2258
4132 2182
644 4858
2304 478
1374 4338
1360 448
200 3136
4132 416
2226 14
4142 4456
2368 1318
3580 14
3292 132
3566 630
416 2158
4156 292
1080 3410
1402 3774
3154 156
3240 36
782 3810
4628 1414
4584 142
1162 12
2192 4348
4900 3578
2032 4650
2224 4786
1996 2946
22 2924
1340 4566
100 1779 3831
3596 3136
1196 120
3792 414
2766 864
4598 1956
4548 2824
4434 4490
3120 1146
2526 4324
338 3630
4540 1194
1402 678
1016 2478
2498 3286
318 3928
564 3600
4188 40
536 1944
3274 1096
4 3888
745 4902 3831
1194 3186
2836 1018
2802 452
2626 1000
1562 3126
154 1980
456 4110
2362 3436
1094 2800
62 4002
1538 1156
2112 198
4476 1438
910 4714
168 1150
4796 2336
644 2668
1256 4652
2912 1628
3084 610
108 1944
564 4036
3318 148
3868 618
696 2464
1748 686
2870 816
1514 1898
316 1788
358 2260
3930 1722
4138 4716
4006 1036
764 4802
3790 1926
2432 1426
168 4878
1398 4900
4840 60
4160 1124
66 4526
3074 1808
2290 4536
1658 4198
366 2628
594 2042
3706 112
202 1676
120 4010
74 2780
4540 2256
3858 138
3960 730
1346 3928
943 3840 3831
2854 4452
976 2320
178 1732
596 4874
4052 722
1756 254
4360 20
3968 2300
2714 3686
3562 1368
2412 1108
4682 1526
934 1798
1294 4480
1596 4008
1138 3242
2864 2400
112 4116
906 1204
3222 1286
1686 580
2474 2498
1674 4852
88 4448
768 4036
318 1088
982 4286
3306 900
2660 4734
4156 3460
648 3226
4654 1680
4402 1162
4164 206
1974 3360
828 4882
104 2304
4778 176
310 3874
1584 3530
4290 877 3831
4618 4324
1572 4658
888 3778
338 2412
3036 512
1286 2086
3272 2622
98 3460
4646 642
4200 150
484 4494
2856 446
4402 1168
504 496
2996 206
2834 372
4804 1680
4396 1820
698 310
232 1604
792 316
1660 2598
894 360
4812 2528
4822 1912
4742 2718
4816 1600
336 2782
3724 2286
340 2078
260 978
3264 1798
1544 2698
972 20
1694 2366
3044 566
4376 224
1392 3672
4222 98
2112 2740
4910 1648
4304 478
2086 1568
4296 1734
888 2294
4330 798
2742 1166
3074 764
4376 480
2928 360
2956 128
6 4554
4338 2710
226 3646
1350 4358
902 1912
2058 1632
126 1478
1250 2590
4912 3666
224 2266
4078 1232
1372 3118
3930 1640
1000 4526
292 1498
3054 810
4182 778
3752 976
878 4050
4560 562
2916 190
4348 2688
922 6
3530 1188
2526 888
120 3916
902 4388
3860 964
3804 988
2186 3784
4474 1386
1096 3898
4840 1590
2372 3312
248 3304
796 3586
778 1170
2326 4476
2456 3892
2894 556
4378 796
3942 314
1906 3258
738 3594
676 2340
4116 250
950 3726
4792 162
884 4796
4748 1810
4320 1186
340 4766
2296 212
4742 134
4074 1264
1450 3852
3538 838
2130 3206
138 522
2154 152
606 4400
1444 2374
4662 2886
3470 3939 3831
482 4418
4272 2326
3840 1310
2864 186
192 3200
136 2188
600 3594
262 4032
1238 4452
1204 4154
994 3746
1560 4666
800 4354
584 4856
1604 4874
1180 2258
1634 3374
500 4142
2060 4016
2726 778
3598 26
1928 3748
1052 330
1358 4878
4778 2420
3248 1238
4702 220
1096 3034
250 2662
4182 300
1062 276
3994 2988
218 2972
4724 90
308 3230
2192 3170
558 408
3954 1878
1701 2498 3831
138 3556
4248 1126
1322 3420
770 4498
1824 3050
544 4138
4542 1114
1812 3608
2080 58
3388 570
862 3898
1670 2886
4692 2640
2796 4110
496 2194
2242 2312
584 2884
442 2410
100 4478
400 4702
4778 570
1232 3434
2622 132
808 4796
4474 1814
4234 798
3360 14
4526 2735 3831
3736 2750
1864 236
2704 608
4910 500
346 2764
3464 2262
964 4182
2086 630
3880 3168
3488 496
304 3078
334 4032
4892 1060
148 4348
2906 128
2694 238
166 1326
4846 2734
1774 4800
94 1354
4652 3034
1016 2456
552 1778
4820 806
1348 3526
3526 128
2738 3368
4498 220
466 3442
2646 1058
596 3730
1930 1078
2106 580
354 4138
3384 4252
398 3738
470 1216
4324 290
798 2462
1242 346
124 3334
375 1356 3831
908 4776
3730 1888
108 4856
2900 818
3274 4708
1258 2850
2496 1554
70 658
742 2988
3666 4666
1142 752
156 2718
3974 370
376 3116
122 1492
686 2832
792 10
1898 230
3138 360
1948 2788
262 3116
330 2460
1010 3784
2774 330
3272 1588
3208 1004
4648 4126
4824 1174
2010 4654
1060 4910
4534 544
3866 230
1626 28
3420 534
380 1134
1754 396
3666 1684
1078 1104
2566 82
1260 3782
1272 3408
518 2830
2766 1504
264 2308
40 4436
388 4528
4692 202
2314 152
3784 1405 3831
1190 3636
4912 604
150 1418
696 4310
4610 820
3670 1116
4800 892
4454 2384
4142 386
4342 2836
4092 1258
1370 2950
4506 3000
1352 2864
1196 4666
4636 3276
4374 1168
4408 426
2744 2042
3564 3290
682 1720
3962 1254
2856 1650
2214 238
2182 2832
1290 3990
2684 4836
886 3218
1458 4164
542 2236
4048 1060
1034 4346
1584 4698
1558 22
702 2772
1400 730
410 3624
332 4498
588 3614
2226 4748
2450 3036
1806 3398
1408 2622
158 4250
4218 2856
782 1786
52 4728
198 3016
4778 4332
3558 140
130 3940
1078 3980
374 1934
248 4828
512 3820
596 3294
320 4050
958 218
3958 296
284 3020
90 2074
3340 710
3638 1058
2428 3352
1030 4794
210 3160
2318 3360
1573 2644 3831
1402 314
278 3952
3358 380
168 1712
1090 3632
3474 264
3126 476
2808 1636
3828 2494
986 294
3572 496
4136 414
3974 2294
3606 480
148 2854
4522 78
4576 292
4738 740
1740 2498
2806 898
314 3704
4378 1272
1018 2714
374 4578
218 4708
4360 1606
950 4032
3796 1768
4160 1352
3058 3888
4374 272
4278 984
3878 2528
3922 1826
4556 370
3518 398
70 1684
284 2872
2998 826
1804 10
2 4024
768 2652
2442 770
570 542
3078 46
1484 3222
88 3626
3142 566
3666 412
170 3092
3294 326
3604 2140
68 4496
2098 4842
4842 1576
390 3210
3976 2634
1118 4774
2254 4800
2590 4400
3188 2304
2070 4150
4670 1514
3850 1296
2616 100
3818 1942
226 4582
892 4294
2094 4304
4400 714
814 3300
136 2878
306 4752
1542 3316
4764 1194
4536 282
214 4560
1854 4580
3004 3252
1048 3452
980 4558
3516 2798
3544 98
586 3936
4878 664
3055 3392 3831
3030 1374
1178 3434
2666 72
3306 4604
3054 200
84 412
1268 4596
4072 142
3128 2650
3718 1750
4000 4196
2476 4668
3748 1600
862 4136
1728 2642
1792 4346
4666 1684
824 3626
3210 1066
738 2328
3740 210
4356 2126
1068 1312
4230 1342
3554 64
958 2878
1924 3840
4116 244
4860 1346
636 1528
4494 248
4836 3150
408 3790
4554 1228
100 1656
188 3550
740 4632
1946 694
38 4226
870 1260
4876 4366
452 2132
1476 236
1152 2826
4694 2152
4791 3868 3831
4502 762
936 4566
2214 4542
1694 3110
2034 4208
440 3868
4892 1862
3168 72
502 3196
3520 2168
3228 792
638 1740
1024 3490
4224 34
4640 44
1980 4860
1792 2994
3288 890
4826 658
2506 110
1416 4760
2340 3832
1444 4350
3332 2248
2194 796
4248 1422
3718 690
376 1324
1812 1100
1820 788
910 3626
3000 4762
1876 48
4632 2440
378 4498
3708 4610
90 3730
3452 422
1562 544
3002 1428
582 1618
764 4878
1412 3978
4466 336
4202 2378
1270 24
2872 248
2042 1446
4426 1600
576 3112
1984 4502
4606 3550
4720 3090
2148 4746
2688 1524
406 2152
2842 352
642 4082
618 2004
1538 3512
3558 288
2268 58
3560 752
282 3952
990 3152
4248 390
452 3950
1002 1900
782 2520
3538 188
404 4098
1540 3236
3990 520
3136 4456
1412 4042
2622 6
1508 2802
200 768
446 2336
4610 554
4180 476
1506 4482
2568 390
734 3806
3418 2000
2314 238
4738 68
4824 1844
2302 3690
2008 3706
794 3580
2102 370
358 4138
1432 3674
368 2918
3934 2848
20 4788
3988 1876
1574 212
3744 448
1982 3222
3752 1570
2060 780
4850 232
1604 96
64 3438
868 4422
688 4208
4246 68
528 696
3824 1134
1188 4212
302 952
3236 902
156 746
3724 276
624 4652
336 4580
486 2386
78 2450
3946 84
548 2586
866 3032
3348 870
272 3828
990 64
28 2502
4690 2738
4516 888
4304 2812
520 4260
4526 1352
1026 2680
786 2452
4596 958
4332 438
4856 1416
2670 4280
4846 932
2134 464
486 2414
3045 2556 3831
1134 2448
3892 1634
566 3892
344 3234
4206 228
78 4786
3296 150
3830 1550
3992 626
116 1356
1178 1920
2654 508
4398 1790
3262 554
3592 1490
462 3498
1812 184
1368 72
250 3658
1650 4552
668 4910
478 2128
390 3724
526 3536
3190 684
3194 822
374 4416
598 3906
176 3684
4582 1358
4888 454
1478 2462
4062 3470
3952 1606
2264 3826
4864 1186
982 1294
4752 1146
4862 573 3831
1990 4048
3834 938
356 4420
1634 250
1926 4716
4866 390
2278 790
216 1106
1576 4758
2604 1883 3831
1398 4828
4482 3462
1598 3820
1108 3558
4516 3406
1588 70
322 3084
92 4184
4118 2406
3598 774
3208 2050
1736 3190
2972 2128
850 1980
3696 1100
796 556
1690 3298
4224 824
4872 1150
428 4458
4134 1700
2000 3528
1628 4444
1348 46
512 3148
1408 326
1702 2026
612 4588
264 3630
1466 2944
3932 384
4374 34
2706 3652
1982 4524
382 4708
1724 2720
252 986
4804 1552
4818 502
574 3950
188 710
1552 3474
3056 228
254 4634
4508 2262
214 4138
114 990
4334 96
604 3900
1476 4788
264 2806
32 312
3392 172
4622 938
3292 160
536 3572
4066 680
4766 2404
146 3238
2564 4666
1390 4892
3802 998
572 4638
3344 3018
3346 406
4004 10
332 744
542 1862
468 1318
218 3182
4636 1386
388 2876
204 1596
1632 2256
4148 382
3768 188
3660 46
362 4440
54 4584
4238 130
2730 400
886 2324
4796 2772
186 634
1074 3574
4706 942
2392 692
1158 338
2578 1152
158 1344
490 4906
4558 2308
1044 3174
3644 2512
644 4614
4516 4876
2398 3726
2756 246
2330 4892
2962 334
4618 1712
658 3228
3954 1636
162 4054
3646 2158
1184 4174
4092 72
2044 4508
3880 2362
1459 2004 3831
80 1302
940 2886
4752 272
4550 1366
4716 844
4140 92
4672 2712
3234 3784
52 1526
1122 4826
4244 1398
3520 3066
2040 4140
3354 1572
448 3478
3884 2874
2590 78
784 1930
4232 452
2942 1358
4652 1286
3704 1624
4188 212
24 636
4080 1994
2086 3400
1012 1174
2790 1200
2812 3698
4674 1076
3252 1714
4892 526
1886 472
4356 326
4824 1936
1738 4140
4890 2460
702 514
472 4670
4276 1930
188 4878
926 2982
198 1382
2666 4592
4912 1006
1356 4350
1060 4542
388 3624
2122 4162
3078 2010
3566 2090
118 1230
4618 796
1492 4284
2518 4170
1712 4692
370 3098
14 4226
4662 2916
4284 1250
700 2064
3498 1658
1726 122
3256 88
1410 2626
2128 3912
4624 44
4256 2212
2762 3708
1286 3642
1106 3082
680 4052
1200 3922
1000 4592
126 1308
16 3558
1346 4484
2670 3288
744 4234
4662 758
2562 3948
4444 1280
2224 408
2964 344
2654 2076
198 3714
418 3698
2858 238
1978 3938
4546 166
2816 4526
454 3262
708 70
1584 2040
1506 3264
3630 4784
1192 4486
4572 220
262 2408
278 4608
4038 136
2520 172
750 4500
3420 2318
4658 124
486 4024
424 3394
4846 1592
118 1872
3970 630
1582 712
4664 1762
336 3140
340 3372
1592 4116
1172 4630
3968 310
242 2538
4240 562
3376 4896
4342 114
2401 778 3831
604 4572
248 2366
4124 194
2570 872
1218 3956
1934 754
2036 4554
492 4098
1394 2326
1598 3378
3948 316
908 3250
2244 4034
3836 1776
962 2716
3408 4874
3108 2078
4176 924
4184 2672
4180 208
184 2730
2236 778
3996 1020
4756 1648
3277 3598 3831
148 4066
2316 4564
3820 808
1082 2902
1930 112
1330 2158
4200 892
974 2930
4174 2476
1624 80
310 3282
4294 858
1466 2846
2354 30
4862 2692
282 2824
4554 100
58 1836
460 4440
1154 2716
1564 226
2138 3290
486 404
86 4360
646 4728
4810 712
3420 660
304 4640
4552 448
540 1810
2498 4312
208 4554
2560 496
2332 302
432 2630
962 3710
1350 3112
1224 4824
220 4500
662 3384
2134 3332
206 4232
1098 3282
252 2746
1448 3748
2456 4774
1380 3498
674 3620
326 2786
2354 506
370 1178
3080 478
124 2926
486 4834
3838 1098
72 3192
1570 3378
4084 1204
2514 398
654 4114
4646 1946
594 166
1212 3180
210 668
686 4312
4076 4512
1702 4666
1740 3024
3158 244
2848 1962
1056 2950
1008 4638
1594 4068
612 4144
2858 1146
1566 4012
2828 4260
894 2790
4218 1716
118 4536
1616 4174
2816 1458
4685 1184 3831
2710 1806
2946 3366
3962 1840
270 2480
3222 1154
3610 1270
4052 1360
872 2622
1780 154
4582 1862
162 2210
528 3642
2288 3424
3422 2788
1664 4752
830 3316
3868 1404
3064 720
1580 4750
570 3648
4832 1880
606 2674
604 4846
1354 4892
3250 282
1763 1908 3831
4730 66
880 4448
406 4096
1536 4822
4582 1638
1504 4312
2312 4216
1484 4394
238 2674
4664 664
4360 758
1434 4356
134 4142
2764 1922
1926 3250
4408 1336
4176 4426
248 2940
558 3938
562 3966
3998 1574
1830 3768
2908 1050
54 3970
2156 3626
2494 222
3032 4332
1250 4406
4044 1206
4896 3804
560 2892
1030 2968
4534 634
600 4262
4250 1460
596 2758
194 2982
716 3278
2180 166
524 3408
658 2276
1042 4750
1000 3328
1864 198
2862 1542
3240 536
3352 1724
392 4724
2 2310
4216 964
3980 1114
250 2350
448 1420
1172 3528
678 228
1466 4466
2598 4562
3240 3018
2542 3546
806 4350
152 4908
2704 1006
1921 3286 3831
2638 160
2200 4790
326 4668
2714 4226
192 3934
4062 550
4756 976
3070 2008
2032 1800
1186 3164
840 1250
4594 876
4040 1974
136 4086
2748 1418
1114 3076
1314 3818
310 1320
2674 3092
2110 4254
244 258
1310 4374
558 3670
3226 4126
1210 3702
1026 288
1820 196
1542 3802
134 312
4036 2748
1548 4476
1566 3102
4134 1006
1636 4776
904 4068
1888 3214
998 4244
2900 3644
4768 2970
3468 1964
3576 972
2456 578
910 408
1248 1447 3831
28 2204
300 2980
4826 3090
2320 152
622 946
2470 786
4364 246
4706 138
636 2056
746 2394
3042 866
236 3840
298 3396
228 1444
1494 742
492 3864
2202 398
4598 4512
4878 4032
4526 2266
2528 384
4052 2092
374 2048
3732 2262
4026 350
3134 226
1994 4232
856 3560
4782 2854
3508 718
4258 2212
4138 4406
4496 2090
184 2516
3278 742
690 4648
4596 498
1154 2864
4250 1500
1370 2332
1970 102
3880 814
1138 714
1424 4706
192 2348
3604 74
74 3878
456 1000
168 2712
4370 2748
682 3306
212 2592
4390 376
222 3442
3854 2400
1866 2648
2544 4004
3396 3934
1376 2704
1314 3552
2858 4520
494 4144
60 3160
646 4240
1858 716
1586 4726
2020 344
3874 470
3480 1814
436 2078
4104 1398
3734 750
3210 4700
690 3368
2800 348
164 2726
1516 3710
2712 1422
4626 1794
652 2332
3456 1910
406 4618
1032 4736
548 3462
3150 1652
3718 1940
2644 4822
912 216
446 4886
3070 566
1548 66
368 3134
104 3514
378 3620
2840 4316
140 408
3092 4872
1370 3404
1676 230
202 2036
786 4090
4262 486
1564 466
4518 1400
128 3598
1856 2890
246 3296
2996 1710
4404 4836
3012 370
180 2272
148 4528
602 4344
194 2996
4326 1642
668 4046
890 4726
2366 294
4818 138
708 1852
244 2440
2146 4762
1942 136
4700 1470
3298 376
1632 442
3076 1276
3828 522
3204 1172
844 198
3182 776
1772 200
3518 246
238 3244
4712 3352
1638 2730
2772 4836
156 3770
3668 1580
1284 168
1202 3508
4278 612
2032 158
720 4618
4732 2682
3628 330
1760 4744
2 3554
204 4642
114 3506
1128 2576
3872 96
108 4892
4594 554
1432 2222
4846 32
2294 530
4254 1456
1610 762
3536 1288
1616 876
4392 1368
4798 1840
1642 3932
2282 972
4512 2306
3792 1658
2738 4342
4282 1066
3120 660
3634 4608
660 4362
1790 150
350 726
778 2980
2158 100
456 1062
2090 4096
1540 262
4848 26
182 4668
4736 2626
256 1640
132 2936
238 1080
2134 1762
1004 2710
376 4464
4792 2328
3078 3688
4024 3086
1758 4250
4850 196
2498 454
72 986
3262 20
450 3204
124 4100
2544 332
4384 222
2986 218
652 4368
2998 3672
542 3274
1268 2914
2096 4672
3554 992
478 3940
4182 488
474 2732
116 2190
236 1526
1574 1652
270 2674
714 3702
366 2990
2692 252
4022 3720
196 4570
3418 1040
4000 610
3650 1432
312 4744
4812 1720
4724 2196
4374 188
164 4250
3074 2296
4570 1560
764 858
174 3042
832 4324
618 2362
3438 1252
2254 3388
976 2820
3950 608
3272 3136
272 3710
4386 1702
4672 1864
1128 574
4836 6
2376 3244
3040 3736
1230 292
216 1062
3558 2815 3831
3964 204
536 540
3150 458
3762 914
1964 4068
1214 4340
1036 3500
510 1362
508 2672
4562 1558
3582 2300
1866 194
290 4834
2205 2044 3831
296 3508
2900 110
1572 2866
928 3020
120 4636
304 2156
1680 3950
1832 656
3892 1130
1344 3124
34 3840
702 2030
1648 114
4600 2344
4694 1468
3562 2010
56 4776
564 3360
4632 236
1720 4000
4824 2410
968 3490
4722 1484
4242 2564
3590 1926
1908 4228
24 3826
4548 610
2436 142
4574 2742
376 1958
550 3132
514 4034
1020 1868
1270 390
3956 2496
4000 876
760 118
2228 278
382 2374
4838 1956
4494 750
722 4844
10 1628
2682 718
2428 4066
2864 4204
1630 1210
32 4600
4198 560
236 4548
782 3630
3274 802
902 2914
2044 766
858 3698
672 3378
1418 4502
256 3434
548 2605 3831
28 1586
3384 2980
374 4552
1250 834
460 4122
406 182
1592 782
2 3786
2640 98
3216 398
3994 746
770 4756
3712 598
182 4518
4060 4890
646 4720
1430 4458
442 4462
2762 4320
3188 1410
260 3560
244 3586
1484 180
1314 102
1724 3114
1226 3128
174 4178
328 3314
2220 4102
740 476
240 4800
1513 3602 3831
4650 1092
2468 724
3090 1636
816 4676
1456 4714
4684 526
4892 1196
4572 504
1000 3840
3548 3124
2990 1876
4816 3206
1754 1094
4236 322
4834 756
102 4828
4648 484
2856 386
4862 416
1248 144
4434 1010
390 3874
28 4038
1940 406
3502 84
4252 750
1690 184
2540 598
2722 3914
12 3064
1154 4814
4774 3054
4564 396
3372 232
2110 3134
316 4682
778 1522
2042 1392
3420 584
1340 308
348 2528
1800 238
4616 1632
1962 306
910 1748
4180 248
2718 434
4578 1466
1168 34
234 2164
3702 814
4756 3750
3844 330
3670 436
4804 1082
4790 1460
2024 54
3468 3046
4314 1860
3590 3236
3374 3068
616 4522
1586 292
2826 1536
4304 2926
98 2604
4580 70
284 4022
2718 482
3864 170
2266 380
1948 4210
3166 130
3270 410
76 3284
924 3806
3588 724
4398 4788
1098 4500
4410 1070
2282 1302
1824 302
2298 3568
4402 696
728 3366
3734 583 3831
340 2684
1772 4246
2400 1946
102 2840
1894 62
4218 2256
3440 178
76 3402
828 752
3306 2136
3112 866
628 4664
3538 1012
4648 868
332 2100
4066 2830
1866 3034
3696 840
2814 86
1818 4716
1728 32
1106 2702
1884 3522
4584 1206
86 4528
2983 1216 3831
1780 1178
3906 1574
276 3082
1870 234
3738 1924
308 4546
972 3378
806 3924
934 2858
404 1384
3266 966
3008 952
3094 78
4778 3266
2892 90
4430 368
2266 604
3880 2508
3324 1340
3066 1368
188 2564
634 4612
1502 610
3494 282
602 4068
1868 1302
3948 2162
44 3144
1494 3700
3552 384
868 4654
140 3510
562 1138
3326 3292
456 3008
2194 4606
2518 3564
352 834
3150 332
732 3876
1282 366
2478 1340
94 2370
1812 3540
3970 376
172 2708
4310 1206
2808 1544
2180 130
286 2874
1952 840
508 3820
134 1586
2100 130
4418 1604
3176 404
4284 2854
2132 4884
408 1596
3784 1148
1476 3418
2120 90
2324 622
4320 2560
4026 3078
4126 384
134 4740
3438 1346
1568 2784
3068 320
4726 1328
4892 2376
1408 2616
3120 1044
296 2864
1168 72
3874 66
1062 3612
2622 338
520 222
504 2396
370 4634
266 2744
212 2508
2558 548
1570 642
1070 3670
2688 6
4540 1430
1718 4532
4282 3132
152 2846
2154 868
4028 4840
4244 1510
4432 1278
227 608 3831
2742 210
1642 3070
3108 332
3934 304
902 4838
2516 1268
3938 780
4532 196
4594 2176
4910 398
3120 1278
4204 3104
3024 1926
3850 102
3982 2022
592 3580
4698 2724
3880 422
4870 3880
3198 3706
4042 2382
2026 220
4016 314
950 4454
242 4720
3232 438
2454 3978
1552 4630
3928 96
142 2708
3446 86
4420 314
3722 1682
4294 844
4876 934
1728 4656
3940 118
540 4792
3154 832
3620 858
3470 64
3906 1192
1524 2996
822 4320
4256 2922
4052 352
1240 4614
20 4266
4428 4824
4084 2656
142 1132
758 2924
2396 1102
160 1166
202 1222
4714 110
588 4656
3588 4694
366 2038
550 3390
1428 4564
4234 2868
4716 1232
1320 3772
3038 682
3706 538
2660 4844
54 4448
224 4286
428 3882
224 2118
140 464
590 2692
22 3292
138 1206
2072 2690
4066 1324
986 54
438 4402
1068 2000
4780 446
1656 3130
970 2296
3298 4310
2164 4228
2714 2790
3634 1440
3590 138
3248 264
3634 2122
4212 2590
12 2042
4600 138
4334 116
4548 158
232 2342
2018 260
2440 4824
3414 524
4604 638
4696 500
260 2718
174 4584
3966 1046
2200 3906
3668 82
2480 1118
2306 272
3976 2272
2240 174
1368 4594
24 960
4034 1676
218 4188
1364 1822
4220 808
3250 1584
4742 2066
40 1764
3754 398
128 1616
4674 1648
3124 4526
4702 576
4142 2730
802 3080
2934 356
1638 4820
56 2138
1470 3000
3810 1362
1782 3824
164 3084
4848 526
1458 3082
4676 684
668 458
2908 186
4030 2736
3382 2004
2852 1556
1350 392
894 4878
4140 1266
248 2668
726 4510
3748 340
3834 664
2614 934
630 2840
88 3830
3640 476
692 2434
4146 364
3502 3546
3310 738
1272 2996
2104 226
96 2256
2242 54
2936 4886
916 4436
1151 2802 3831
2434 206
174 3244
856 1676
1262 3722
4490 22
94 4214
594 1298
394 4218
2446 3606
3204 3540
300 4172
4368 1118
1838 4906
3174 1928
4260 2014
3280 1180
1142 3830
4492 480
1116 4826
2964 1692
1396 860
4826 134
4752 1444
2724 338
4766 26
3830 2774
444 4138
266 904
3968 1042
3794 514
306 3584
3100 104
636 3544
1444 3584
3170 110
56 4864
1636 4490
36 2180
2166 4578
3872 300
520 1282
1084 960
2120 3356
3948 596
660 4250
440 4058
130 2736
1382 3740
1728 192
1422 282
3700 4812
636 2856
1266 492
530 1984
150 1246
1246 3552
2752 3598
30 2506
4278 3426
1488 4530
228 2550
3640 1240
4180 332
1546 3402
314 1452
1176 2726
1810 4660
1782 3270
2568 590
3058 2582
230 3650
1900 4784
448 4104
963 1520 3831
1982 3794
890 3976
2400 862
1766 202
1246 4056
4882 232
1558 4458
2988 4782
4826 86
1414 4702
4364 148
1140 4174
854 4450
4834 212
3436 3566
4534 726
368 1870
4350 1352
50 2326
4010 12
4210 92
518 3478
3528 836
768 3202
818 1562
3666 46
704 40
2288 4678
4790 4526
526 4634
3616 1024
2610 1088
360 2806
874 3804
24 2844
756 1300
1918 3456
3440 4328
3150 242
4864 1248
4030 436
294 2334
3448 162
2190 494
66 4556
2116 1590
582 4398
308 2086
3382 618
3482 3480
1800 4898
354 1968
586 4556
1558 996
3928 2074
3438 282
3600 4379 3831
4006 728
402 386
932 2974
304 4306
1024 4348
1234 3672
282 2524
566 1950
3786 748
1988 958
4414 156
3250 1286
334 2518
3294 2198
3114 1910
4302 196
304 2152
496 3948
446 3146
4126 46
2048 4652
4544 400
1520 3448
312 4784
4674 2156
322 4774
4836 778
4860 2192
3004 1746
1068 4196
198 4800
2550 4656
3801 764 3831
4312 492
2288 932
636 2238
2046 4326
4290 202
3440 762
4122 614
3792 3990
860 50
3572 2410
930 2142
1540 73 3831
1514 446
2366 3282
4178 60
2582 450
824 3000
1272 4024
34 4834
224 4512
4146 500
4312 926
657 22 3831
1816 3670
1572 3908
1344 2776
3976 334
2602 514
3656 126
538 4414
206 3732
658 1488
3450 6
1588 54
4752 1234
2272 4186
4484 1876
3854 880
886 4688
2438 1864
1660 4760
2456 494
2042 3580
1112 3734
4700 764
1664 2388
3546 1288
3028 3480
750 3390
2904 1340
4264 544
182 4702
1316 3110
4512 272
4502 2324
1388 3366
4628 1064
54 2194
1210 4408
672 3830
1104 66
4840 788
3418 1514
1466 3100
3198 970
3282 3276
580 1884
2524 4022
4158 1078
590 612
390 3014
1544 2624
258 858
3706 1264
1432 3782
990 4784
4078 340
3050 1306
678 3502
1318 3734
8 3302
3860 3474
2110 894
1878 4232
3260 2038
1480 226
4194 2394
414 4646
416 2034
4736 1118
1864 4538
868 186
4840 1522
1046 1872
386 818
4570 1112
976 4792
4216 148
2112 80
3278 432
3774 72
2562 580
968 226
578 4150
4380 128
992 2390
3612 802
1494 4870
3416 40
1166 4562
4216 1422
4844 678
714 4736
1118 70
3982 1090
54 3720
2396 1832
4194 1860
3410 222
80 3360
4676 1442
4438 2466
570 4196
76 574
2682 4033 3831
3498 166
1092 4912
416 1104
3888 288
130 3692
1688 2928
3992 494
4584 1260
1138 272
706 4492
4760 146
360 4476
416 3976
1750 4190
4160 504
4656 1954
1458 3622
1575 3740 3831
524 730
3038 762
1926 34
4630 2932
1452 244
3930 186
3890 2322
558 4242
1732 4828
68 1286
2994 2990
800 1832
4304 4818
3350 46
3874 1138
156 4332
3612 2538
4422 1812
3624 508
1740 4276
3886 2030
4824 1736
3692 458
826 3136
3466 2426
252 3498
668 4300
152 1728
762 4776
2152 3572
4318 216
3306 216
1078 230
3504 1736
444 3410
364 3890
8 4080
4878 772
1026 3158
4058 3012
1006 2356
1250 2330
3208 2190
1026 414
4636 3156
4744 2868
3728 442
792 14
3540 3068
3494 264
4172 1063 3831
698 3214
3650 4692
3580 66
2394 62
3232 1132
4406 84
2828 3752
758 2654
4090 1218
1326 644
56 1758
4354 840
728 3430
4560 2624
3366 20
568 2074
4498 78
2357 118 3831
3664 1492
4400 272
3808 1472
3808 176
204 1722
148 1064
286 2962
4068 1176
3298 3866
80 4500
34 778
164 2106
1356 462
1770 490
308 3278
1614 4252
1560 3060
726 1368
4182 4868
680 1288
3394 4766
798 3988
4706 2392
354 2672
1492 4058
4712 2656
4906 432
3994 757 3831
2784 2178
114 4556
4474 1016
2714 1382
4868 880
4344 976
3838 2484
308 3598
1732 244
386 3958
1320 334
442 697 3831
710 1836
716 4664
1866 2548
3230 3774
6 878
3842 46
1588 4592
3824 4556
4636 160
236 4832
1918 232
1554 2780
806 3584
4820 878
752 3108
3184 2046
1356 4566
1486 4846
2448 148
230 4298
4788 26
386 4562
4813 4550 3831
902 4766
4316 1286
92 4246
4802 1084
1392 874
3842 528
2652 296
1448 3152
3476 10
3866 438
70 4054
424 1278
4138 1258
630 934
2092 4304
4162 1046
3796 1586
4262 1068
2350 648
4814 2330
1134 4704
826 1222
68 4146
3648 3202
2184 4600
482 3474
128 4476
294 4078
324 2444
4874 2126
1586 4542
4872 2598
3864 2978
2742 4356
2526 1020
618 4178
402 3928
2930 920
1544 3908
3516 1586
4086 2512
4570 1140
3584 1440
1050 4484
1708 788
4568 104
16 4352
636 294
3778 1698
4518 2718
2918 488
210 4210
1060 3224
814 4288
4272 24
434 132
3222 1510
3102 146
2366 1550
308 4054
222 3310
132 1356
4266 194
4038 4836
4872 114
1598 2122
4898 1348
790 4374
2364 1206
3522 98
2762 4678
128 4690
804 3280
1806 4644
2144 4616
3596 2656
2522 4324
782 2056
3198 466
1640 648
4098 780
134 1780
20 4524
3878 768
24 4716
2706 4346
668 4362
4448 2522
2008 120
206 2496
3946 1376
18 836
1608 2726
892 4318
4352 3094
106 374
1880 46
2566 554
3930 2172
3678 878
3408 594
3812 692
4816 970
600 274
1920 3356
4844 2948
3652 722
4234 2067 3831
202 1568
2124 4468
510 4342
2270 370
988 1104
2942 218
4440 3828
1530 3670
4254 3592
4500 322
3316 128
4810 196
2994 58
3086 108
68 1566
3984 704
2460 1746
2494 256
962 3768
1148 4728
1512 3580
254 3710
4712 3632
4856 454
490 4376
858 3750
4674 3134
82 3516
4904 3394
186 1310
3052 1814
1062 4716
2896 802
2988 1442
1476 30
102 3892
2184 1626
752 3114
1928 784
4408 1254
1618 4252
268 1618
4390 612
2244 658
4150 306
3816 2152
1620 3750
2428 470
192 1826
144 3106
3444 1204
3698 1882
22 3592
560 1164
4168 1730
4866 546
2046 708
4190 3286
4287 3548 3831
4216 3368
3092 524
3904 354
2368 3954
1972 4848
3506 874
1110 434
3538 1674
26 4810
696 3198
3278 4340
869 2974 3831
2842 3780
776 3770
1668 2601 3831
1262 3228
3470 2328
3322 900
1250 4238
36 1328
4150 3118
2128 1291 3831
794 3316
4184 228
180 658
666 4026
106 3158
3464 600
220 4480
2558 3822
1944 256
3604 4680
2696 3934
2960 190
4474 1928
320 4694
4886 830
2526 1358
2758 408
24 3944
708 4810
1554 2806
3290 476
4315 4256 3831
700 2016
4340 1280
3056 906
4776 442
4794 2932
4532 1536
2176 316
4566 1702
3348 520
78 1544
4644 440
1190 4640
1200 98
1606 3102
4194 1374
2256 158
1030 2948
4686 302
4664 4066
4402 1682
1582 4050
406 2558
2182 14
2824 1320
4544 2956
290 4646
172 2802
1910 3934
10 3092
2956 40
4196 66
4388 1060
4300 30
1798 60
2776 1156
1930 476
4752 904
4618 1160
618 4844
526 3964
1730 508
332 1670
4056 1352
4368 656
1408 3470
256 4204
1080 4708
4092 238
4304 2704
102 3942
354 3128
4334 3236
4044 2914
4718 3152
3012 2084
1568 3632
1294 672
76 4586
3446 960
1666 4558
3944 1046
1170 2686
2618 690
3370 484
3390 252
4250 1974
3172 128
2982 294
1176 3350
408 3210
2486 2216
512 2980
2938 80
1546 4024
3844 294
4860 1914
4608 3054
3904 1818
3960 1294
920 324
1618 4492
2590 102
3354 4306
2846 654
2262 484
270 3738
2450 4186
3150 70
4770 2350
998 2766
2324 422
1982 3848
3088 2468
188 3160
4912 2254
4652 824
398 4748
4420 2572
3146 1112
4180 4758
1824 2486
4372 176
3724 4796
28 3352
336 1806
1008 4490
4688 962
3782 1628
128 2198
4100 478
2236 4150
98 2756
4718 2634
1144 4796
1361 1926 3831
172 3348
3364 4726
1268 3876
3396 4690
2510 3944
4702 2288
4120 3046
1904 4572
3586 1508
562 4162
4300 38
4488 854
742 2182
4670 684
766 4542
3954 1474
160 1256
3024 1404
3892 860
2162 470
4110 300
2390 3640
162 4066
2430 4756
4248 506
352 2314
2820 3644
4288 518
4810 592
490 4568
3932 2500
4888 388
772 1274
290 4552
54 4636
1974 4798
480 2314
4814 924
178 3210
124 3926
38 3798
4764 2684
272 4286
4656 1536
204 2528
322 1734
766 2616
2864 848
3634 132
2650 3842
272 3466
328 2530
3624 8
296 3534
3943 3938 3831
1988 2962
786 200
1774 4152
1120 352
2812 2070
4290 1084
814 3090
1842 3126
206 3782
1214 4076
1910 442
1376 66
4184 2626
1102 4634
580 1936
3768 320
50 4710
3730 1364
1458 4566
3496 824
754 2502
3576 1094
2408 4630
498 2862
4250 194
3484 34
2394 288
736 1634
412 3602
1334 2276
4904 2762
982 3442
4372 290
1110 3898
2 3212
3032 2402
2416 558
2706 3458
4406 884
248 3446
1278 3542
22 1066
2934 886
3792 202
2032 590
2648 1618
1188 4020
4328 954
476 3130
1104 3496
492 3454
950 1164
6 3054
484 3646
104 3342
1496 3636
3782 4482
2720 1416
4744 172
242 3086
4868 2920
3590 4542
1912 180
2540 584
610 1680
4694 382
3338 1520
4672 838
302 3742
288 1866
618 4760
194 3698
2602 426
3158 1290
640 3988
486 4352
4294 1544
320 2148
2176 4352
682 3930
2028 3542
612 3980
3576 338
3898 2194
4258 1646
1828 632
904 4356
4738 206
2344 3384
2978 346
4284 1124
356 2504
4008 3096
1862 476
210 1200
897 4522 3831
3278 1494
944 2448
1474 24
1778 3480
422 3328
248 3282
2474 80
1414 622
626 3770
3818 778
2838 156
1028 2876
494 3834
1688 3330
4900 3018
474 3568
828 4014
1772 2858
4866 2954
1982 104
1740 890
260 1486
738 3156
150 970
722 3150
3488 124
196 3644
174 2918
1618 2820
3106 998
2370 4196
4524 1406
2966 4580
1000 4726
2282 668
574 6
4898 1270
1620 2974
1382 4002
40 2714
232 3472
208 4218
78 4132
134 774
4004 512
4346 222
114 4700
4440 46
4598 1066
4428 1414
1120 3288
3982 210
2794 854
394 2612
278 2394
4806 3428
3526 1006
3300 370
3564 324
3572 86
4470 3152
1962 764
1034 244
3258 2294
2920 1014
504 2118
894 3276
3270 866
2652 784
4352 480
838 340
788 4434
1190 3150
100 3794
4472 632
4310 184
1398 4820
230 3194
4342 2901 3831
4498 2798
4226 2202
3558 94
2764 268
864 496
1472 3522
4262 524
44 3734
3906 1002
6 3368
3468 574
1748 218
3920 42
418 4768
508 1472
4818 388
2630 310
3080 50
1902 4876
606 4568
3346 122
4364 142
814 1540
866 118
4494 2794
4688 594
280 696
2728 1664
3320 202
386 4282
1820 3458
3404 4436
3442 676
1016 4896
4500 894
818 4568
1132 3520
3702 552
312 1524
2990 4606
1778 4752
410 4006
2632 1474
692 4120
4194 436
186 3466
3238 1554
1310 168
124 4498
1238 4282
524 90
1206 3438
260 4630
620 3454
1916 2746
166 4114
2552 3988
288 1136
1198 3168
3946 1608
4878 2714
1146 4026
1194 4868
4304 1604
474 4204
3386 1840
2276 222
4308 1924
986 242
3042 136
4896 310
2388 4044
1362 4780
4746 728
2524 912
4834 3718
1710 3568
882 4520
2762 252
2206 3862
3312 278
1576 4404
3286 1706
4652 1354
2978 914
944 164
348 1295 3831
2080 442
414 4306
166 4744
4806 152
4756 1342
1592 4206
4818 56
4246 3696
4472 962
186 894
2810 4904
4388 1578
3652 1574
1654 3860
68 3190
3592 1172
486 1822
588 2722
2662 144
400 4322
512 3578
3082 290
4644 2046
934 2372
3894 4522
3626 1638
4664 1244
2470 1472
1432 4578
3526 208
1934 3660
3032 2328
2046 4260
154 2826
4634 814
4074 2356
4908 4216
668 4878
258 3844
2854 492
4808 3716
2618 4448
1394 80
3602 4864
1486 3153 3831
1074 498
3878 4726
144 3130
4804 2864
650 3246
3318 1530
68 4574
26 2904
4590 732
4514 848
784 4662
1210 492
3192 160
3756 400
3868 1144
430 1038
1484 4716
4874 2338
388 1254
3416 478
4230 560
4424 2458
3346 576
1828 3738
3042 192
4618 3931 3831
1208 270
840 2674
3278 956
358 2986
4252 574
330 1314
84 2006
2772 3958
258 266
1864 960
860 4184
1884 1380
616 4578
700 4322
2840 124
2196 4678
3820 1390
2524 1436
1988 436
2408 3714
1330 4338
658 72
3000 110
4814 1448
2954 450
4558 214
4584 1432
402 2188
668 2946
2516 4668
260 1174
962 3574
292 3706
3702 2
4604 4708
298 4422
4660 1248
4748 2060
4386 1670
4752 568
3986 2602
366 760
194 934
810 4044
264 3288
3300 3950
234 3996
2574 232
242 3982
34 2496
3868 2540
4254 1656
3056 178
1482 724
4536 144
3674 1480
4882 2728
3100 4474
326 1494
4458 1698
976 4646
384 1408
114 2520
2346 4802
496 3544
2066 3522
2740 3440
2688 70
4094 696
4592 216
1968 4208
2000 192
860 4356
430 1806
332 1724
3502 1186
2006 2030
60 4278
422 4852
1470 3794
4724 2424
1342 4002
90 2954
182 4476
156 3922
386 3390
4502 1530
2308 568
3234 96
1002 4846
558 3540
314 4874
1286 3624
2562 180
2270 600
4882 3056
4864 678
4298 1222
3850 1084
1772 4404
288 3264
216 4098
1962 4364
108 2446
504 4828
660 4076
1474 3238
4306 342
896 3402
1578 4358
4766 260
630 2526
4552 808
2046 4542
4506 1058
2986 602
3846 1782
560 3052
4738 2438
3478 574
380 3784
2416 4604
1126 3300
4254 910
746 1288
1388 3020
3928 500
4088 238
278 2516
2554 222
514 4732
2244 600
4484 820
80 2842
198 1522
2188 2608
3796 854
3004 678
1280 300
3762 1766
4898 422
3334 4156
3144 988
402 3176
3676 4608
1032 3742
388 732
1478 1762
2218 3226
2150 1652
3004 3608
1736 2794
4146 2010
3542 1998
4064 466
464 142
3316 1190
4526 2874
348 1778
4218 46
1998 4830
136 4696
2446 124
4336 600
342 2114
4384 2242
1054 4504
3194 3686
764 1502
3888 272
848 4310
3012 4578
1278 4168
1856 4114
122 1996
270 3902
2160 4498
3098 214
4296 4
152 2644
408 3202
2392 648
3936 624
3992 816
2624 312
3722 84
1912 4726
3356 2224
3994 1020
618 2686
1292 3504
80 2380
106 4448
530 3882
2090 4422
4726 1654
4276 238
2274 162
262 2394
374 2922
572 4640
3652 812
3180 1398
1474 3800
3370 466
44 1808
3430 126
2246 1486
418 4658
4 4254
3416 302
4784 2718
2430 1044
2432 3590
1274 102
4782 1550
250 3498
1092 4202
1064 4754
556 2190
2798 1560
372 134
2160 3698
1294 2090
4558 218
702 4540
4770 1234
3312 4726
3970 178
90 4494
4772 2468
3966 1380
2592 4312
382 4014
20 1236
4336 452
4576 718
3492 638
198 4764
176 3702
4708 356
274 2040
304 4478
4738 880
4680 3310
1846 278
4004 1568
246 3434
374 1472
3376 532
1358 4278
4118 2386
3734 786
214 4008
166 1202
4688 3646
3722 598
3294 822
1590 214
636 4586
106 4612
1414 4658
1564 12
3942 816
394 892
1950 872
3296 578
2876 74
4788 4014
4094 762
1202 4500
3116 1930
24 586
3824 922
64 1086
1518 2900
1094 4020
130 4144
2946 206
2210 516
1950 3748
334 186
336 3898
4586 160
742 3960
210 2946
140 2780
3822 214
3000 518
3857 3376 3831
182 678
370 4414
742 3786
154 4150
140 2436
404 2198
1108 4838
3932 2472
1748 44
238 1368
10 2446
62 2888
4372 2734
3580 206
122 3018
3338 1976
248 3880
4012 2878
3944 1636
242 1570
1102 3976
436 2924
4654 1190
66 3718
2460 4840
3462 732
238 3476
4528 218
1652 1472
1236 488
306 3816
3428 874
3688 4838
1798 3768
420 4686
1222 3962
3660 1330
282 4860
1924 296
1808 506
1884 4486
2560 3578
3314 1204
3446 1484
334 3076
514 4748
4758 1976
1342 2296
1378 2164
3842 2696
3350 18
426 2742
1084 3038
2554 808
362 342
4142 1570
4262 688
3980 2198
2172 16
4434 2344
440 3402
1244 2786
124 4820
2002 3628
3390 1650
1266 332
2744 450
2740 4498
1496 84
3750 1520
2578 124
686 3470
1206 3780
106 4884
1638 4172
2138 1024
4020 166
4232 302
788 4388
398 1524
1842 6
292 3310
3608 1844
4590 1250
4600 94
474 3436
2270 4508
114 2218
650 1176
284 4480
1876 354
142 4444
4422 1732
3712 1904
2218 3648
3930 908
1054 4586
694 2766
446 4720
432 3582
3776 1832
3470 946
2158 82
1628 3310
3800 702
3956 786
1226 3650
4898 460
4842 1374
2694 470
4856 248
3412 428
3852 6
52 2604
1746 2658
502 3300
1426 1740
664 4000
508 4536
4010 502
276 4086
1838 598
298 3466
2696 4384
4456 418
2808 2325 3831
900 2914
740 3920
216 2256
1998 56
3306 1506
2998 4434
4666 2284
128 4392
4212 696
1188 3706
1136 2088
3804 1376
350 3418
3506 760
2198 608
3350 1472
4906 194
4504 1600
218 4336
2158 650
4164 4860
3690 1220
3860 1932
3214 4724
22 1336
1418 40
1384 2302
3602 296
4756 790
274 1166
2834 784
1096 82
2756 3834
2590 262
2542 4838
3434 3640
370 3746
3428 1454
434 2468
368 2106
1652 3460
4690 1780
3948 2472
508 4504
1046 3148
154 816
3234 324
428 4176
2104 3780
4360 2058
1492 3712
2294 30
818 3704
4288 266
3710 2694
4710 3310
516 4676
508 4860
2420 4558
4494 278
336 3554
150 2318
3948 140
42 370
3096 1162
1080 3538
3392 1940
2584 4624
150 1568
2180 950
620 2408
144 4112
3690 2906
2736 286
198 2906
2668 4128
870 4042
2136 50
3196 540
678 3116
326 3844
528 3416
690 2692
4880 4134
2076 474
3006 30
1982 3844
2452 4776
1701 4464 3831
3030 352
4428 1634
2756 4702
3188 1660
3858 140
1124 3206
212 3418
4772 1990
1158 4078
68 3130
3298 1620
488 2864
516 3784
512 1472
376 3514
1290 3780
2428 58
1432 2596
436 4568
2192 4716
372 3502
352 1668
1974 4774
1022 2154
4850 2122
1560 4804
402 4588
2 4800
1042 3418
1256 4538
2194 3062
4674 1886
2990 270
4816 256
1550 4542
700 2208
2028 3178
1860 4024
808 3874
3854 1338
2670 3048
216 2910
178 4418
2190 3690
4860 890
1118 3742
2692 4342
4040 1780
3778 1568
3856 474
2514 1482
866 3570
4736 296
2878 478
1714 4700
1322 3986
616 4780
2910 1058
438 1910
34 1270
3266 950
59 1880 3831
1780 4912
380 4550
4752 242
2976 2220
2872 2262
470 4250
4054 1208
324 2880
1016 3484
4886 3208
216 1456
3240 1114
3424 652
4704 2046
270 736
4724 686
954 52
134 1830
4726 1802
960 4218
4784 1414
1798 2820
160 2896
1248 4584
2558 1092
4722 624
3556 818
940 2082
196 2046
170 3362
1440 222
2970 104
3868 3290
830 4072
3806 544
3794 210
1574 4398
8 3234
116 3636
112 3276
134 4300
148 2536
4142 346
3426 1048
4826 3736
3584 504
1564 794
2416 4236
92 2318
1316 4122
368 4568
1712 3238
4538 526
2530 4790
1703 4560 3831
1950 4632
220 1320
3014 1976
3866 774
230 1050
48 4762
3476 402
260 4134
3260 4420
736 4832
1818 3828
1364 3320
240 1572
4098 438
4384 2138
1418 2188
1511 4874 3831
374 2390
4632 1636
382 704
788 4464
3020 270
382 2878
50 800
4766 2090
842 4818
4866 880
720 4460
130 3698
4558 794
114 1598
1952 3934
4614 1264
1004 2518
4300 694
498 2378
134 2312
3032 1288
328 2212
2762 688
4200 2852
3702 1884
578 4342
3024 262
484 1510
164 2414
356 4346
3514 410
3910 1868
1752 2898
4536 308
4444 1180
90 4804
576 2726
658 3798
1708 706
3726 218
380 3874
3074 250
3870 3146
4478 2454
10 3878
1136 2314
148 2950
1280 3684
1306 282
4472 14
46 1740
2968 632
46 3322
820 4354
4576 944
628 4658
2240 1968
4250 1382
1558 3390
182 4508
974 3218
844 2868
3705 254 3831
1578 2666
3610 1584
4724 1884
3928 4804
4872 958
4638 502
932 3342
2450 4836
3574 1254
560 2252
4112 4680
532 2126
2168 42
120 4202
2210 4316
1840 3844
1660 294
1744 2984
762 2854
2518 758
398 4864
870 2278
2694 1942
4284 2712
4828 3320
4062 1972
1112 3058
170 4242
780 4802
3748 100
366 4526
4534 2636
3970 518
3566 1834
3394 498
1346 3922
3838 3200
1450 1596
348 1242
1036 3890
386 3034
4356 500
426 2736
1230 2870
2720 276
1516 4312
4438 3170
3438 946
3978 358
2076 2592
4850 2526
2218 4784
1318 4890
4742 242
488 3552
472 4662
2518 222
490 3360
564 4040
1718 3654
4584 1556
770 4182
850 4024
2288 4280
3912 1336
3670 536
86 484
4150 750
1622 1576
2720 444
2982 4832
1508 3948
4784 1262
1388 32
2266 4666
106 3672
1772 1760
2812 174
1864 4156
4488 3220
4442 784
4375 144 3831
1268 4686
4270 386
1624 3502
700 4154
4220 248
3970 482
4466 2266
2952 414
3988 2508
1260 3892
3512 1576
294 1058
3158 348
2444 1208
650 1258
1572 3074
1424 416
1962 3418
424 2062
448 3624
4476 2680
154 2172
286 2776
1126 4614
3600 2904
690 164
2034 1074
274 1592
3378 196
2726 4676
1240 4294
338 2914
4322 2124
3842 280
4652 3516
3514 168
3356 260
1034 4398
1408 3386
2496 484
2510 1668
3786 598
2402 2468
3966 2726
4852 1106
2226 178
2392 96
148 980
4408 588
1112 3314
804 3340
1080 3948
152 2790
3704 212
1964 74
50 2186
3414 280
528 2460
342 4026
2582 436
4280 2332
1028 2958
2878 530
3850 1058
2678 4726
4546 1022
4362 362
686 474
4714 2588
2284 1236
3826 1638
826 1176
798 4764
3698 3094
188 1972
570 3740
1684 3606
3884 520
3246 348
2512 4666
4560 2410
4036 1718
290 3294
3256 3846
3002 1822
3802 336
3602 26
218 3658
2696 436
2216 3646
2876 162
20 2684
3470 74
3022 694
512 4260
4218 3022
160 3534
2266 378
1172 4656
2354 3462
4616 1894
204 2824
684 4100
4000 148
2952 1796
4846 3116
4722 998
3984 606
2698 1028
2886 3434
422 2006
158 3804
3494 134
4774 638
154 2524
1998 4314
1974 4084
3128 1150
1694 2972
3974 1604
4484 238
324 4008
1240 2446
714 3000
1238 140
1626 2005 3831
1978 3628
1352 2246
4530 550
3354 2306
360 3064
3466 1628
618 4720
4886 1974
366 4540
2964 3998
1952 1968
208 2904
1414 3742
3760 1550
2968 4302
1870 396
4738 2018
410 120
4184 4868
862 1176
94 4074
2738 4154
3406 960
3922 996
2966 3590
336 1722
959 1918 3831
1852 192
2082 3602
608 3190
16 4572
604 3636
3916 990
1116 4272
190 3474
3450 1494
4360 6
4340 2128
3334 1078
638 4536
4816 240
3118 724
2748 2844
3480 1040
4096 116
1124 4880
4320 1416
3398 520
3212 4650
4640 2666
4070 112
1376 384
760 1110
2144 492
2844 790
772 934
858 2384
3932 1564
348 2626
868 4604
1896 4
4772 3338
1040 2270
2906 880
826 4524
4500 916
2200 3274
3460 764
4882 2212
312 2186
4808 104
4292 1380
4696 292
2870 1500
2866 454
2612 4426
3770 2118
1016 764
3268 2164
3126 344
2150 636
338 892
1050 1912
4386 902
634 2886
3986 2084
4694 2220
2880 516
3650 1096
2106 578
1550 4448
3706 100
922 3656
1218 3182
352 4104
880 3522
4360 896
1474 2192
2064 4874
4058 876
186 2416
3242 4350
152 2696
674 4466
3672 974
3734 98
1924 274
648 1404
2200 1660
3122 128
1778 542
3398 152
458 2716
1650 2964
3568 776
3882 1792
250 1520
1996 456
4202 1186
3484 1268
2116 4134
824 4784
2970 4336
776 3282
4722 100
2778 4500
3848 684
116 2440
4892 1790
3813 4636 3831
3422 264
200 4822
4752 12
100 3482
864 3098
338 2346
3960 620
548 1900
3526 1890
3590 3078
2108 3884
284 2014
2190 782
2586 1136
2542 4088
2706 118
42 4134
4632 3990
4220 156
2294 184
1940 158
604 4654
1056 2984
2494 68
1836 4070
1626 4634
4454 394
4060 636
2262 212
1100 3508
3378 1726
4472 3262
3982 2776
610 1704
458 4172
188 4446
3204 1532
1226 1172
2738 2484
3276 4060
1182 3962
4682 1080
4544 500
190 3676
4302 960
2982 126
980 2350
64 1468
2194 1050
1810 3178
4590 4458
4462 1602
2386 154
2612 166
2970 98
1222 4136
3864 1432
1618 4716
1844 1102
1796 4354
4512 1266
558 100
2978 1940
1552 284
496 3192
1942 2840
474 3170
4602 350
3558 798
1614 2908
1426 3262
2864 264
3320 4882
1370 1866
42 2486
3126 3122
2768 1006
3862 1642
424 1984
3316 904
4420 170
3340 2882
40 3300
3206 1626
1884 4872
1062 3442
3170 1854
220 3850
458 2172
1150 4516
3314 118
1892 4644
2906 2980
28 1820
2684 4864
268 2972
3322 202
1844 4626
2738 3602
1062 616
224 1654
884 3210
780 4850
210 3586
830 494
4434 2084
3688 1936
540 4722
4400 2582
3722 142
2208 3614
76 3008
4766 1536
4590 2962
4576 1230
4242 1644
1372 3392
668 2082
2754 10
4836 510
1468 3660
4618 682
236 2870
3088 1614
874 4168
2982 1858
3188 1382
4098 86
4894 864
4596 34
1930 302
244 2876
3214 380
3166 110
1812 4428
132 4854
3886 244
780 2612
1340 226
2316 3232
4538 2094
3492 2504
4352 1164
190 2640
4894 3896
2084 3690
1060 4638
1498 206
672 2844
198 2868
596 2282
172 3588
594 1840
4178 504
962 3560
2634 110
1758 3202
4676 1090
742 4616
4 3936
2538 134
1238 3330
4132 1806
4164 1070
4672 162
2868 1884
260 4030
3038 416
336 3774
1446 3902
918 1734
4762 614
816 174
4268 4572
4004 2022
2062 4472
4174 624
1778 2750
306 3664
1562 4094
2852 50
3160 634
1160 3879 3831
418 396
1050 4098
2942 182
4312 4656
168 4562
838 3050
1092 794
4390 756
2082 3832
2798 3992
602 3892
882 1220
846 3520
48 3282
3816 224
3772 660
2470 242
808 3348
306 4368
214 2688
12 4500
3336 4670
3268 168
2576 230
3932 248
4643 898 3831
1006 3110
486 4702
2020 842
774 2452
8 4334
4432 1130
3538 750
188 4268
2010 4724
4504 172
3124 2392
4718 3762
4330 68
66 2952
560 4510
4844 2990
2498 3080
834 3470
1528 3124
3158 180
294 1182
1038 4310
256 692
1810 1662
1274 3744
4364 1144
2166 3306
2334 4646
28 2232
2918 1280
4402 1070
98 2846
2890 4674
106 2722
2320 396
2166 764
4722 1990
202 4328
2606 4110
1262 398
674 3652
164 3210
4494 2506
4046 4796
2330 3392
2126 4002
1604 3506
4340 386
1824 3236
3910 3182
4082 458
240 380
4106 2640
1362 4752
190 3742
2836 4042
20 3340
3080 3824
312 3654
4502 680
2666 206
1006 3786
3394 1172
4106 970
434 4428
2576 4386
4688 2142
4526 3328
4236 622
4372 214
4866 1542
128 2634
1430 80
3094 750
1868 3242
4228 1018
292 2662
112 3164
772 2070
3460 1760
4600 924
1730 3146
438 3434
4722 918
2362 558
3570 248
4 3508
4018 162
4636 206
3858 2156
294 2558
1858 3300
4560 868
4162 2438
2632 4764
4544 462
816 3998
1724 2046
42 3822
1760 4796
210 3046
1230 2628
3484 674
1892 4480
3070 30
2026 568
730 4354
876 2308
1382 3940
1898 58
468 4740
3148 1664
3606 678
108 4310
1520 3698
4284 1860
96 1306
4688 342
3764 2686
4698 2130
88 4900
766 2054
114 1806
2698 28
1648 4586
3652 886
4794 3054
3230 1994
3878 1676
14 2700
274 3710
4078 1036
172 2090
4716 92
504 3212
1174 4632
144 4006
1736 810
178 4364
138 3610
86 2966
302 2504
2854 1914
4248 1084
996 4590
1318 2386
294 3568
896 4338
1748 4510
646 4636
3726 194
4560 2068
4056 462
4418 306
4876 2322
2180 4648
4072 1594
142 3408
1636 398
176 3344
866 4678
3798 1424
1030 224
116 3132
1260 58
2298 4638
1674 2624
1750 4156
3804 4808
4078 848
2156 4664
606 4092
16 4810
804 4062
964 3450
1094 2378
370 4302
1426 2228
2056 4634
618 738
1158 3202
4338 210
3052 1734
3536 1370
4612 912
1190 3336
342 1276
4378 1150
3818 462
722 4044
4608 1234
2650 4860
4766 310
4306 214
332 4462
4386 388
2496 226
4590 2280
4700 1074
492 4054
40 3858
3476 190
2124 1148
1640 4202
2486 1054
4516 2238
112 4526
1164 2348
24 1120
3940 88
82 2704
1216 4836
1602 4836
1280 4882
4476 636
3486 730
4484 1142
4362 846
760 150
368 3552
4148 258
2620 1436
110 4870
836 3596
670 3150
1026 4854
4208 262
840 3106
1100 3538
4534 546
2318 4464
3888 492
288 4538
2194 3464
768 3932
260 2590
4716 1480
2874 3968
3174 446
4814 140
2226 2062
2272 972
972 4814
1406 3582
974 2384
1156 2708
3190 66
790 2948
2538 4908
984 2122
3254 2960
1064 162
3634 4698
370 3168
4688 1450
1690 3616
4150 1420
4788 3134
2814 1508
692 2220
2858 834
4622 8
72 3302
1342 520
3190 1638
2684 420
3263 3824 3831
2824 3542
34 2388
330 1930
1028 2400
26 1564
4738 2990
4830 1104
262 4672
3160 318
90 4444
1242 2432
3196 1270
4700 320
1926 3814
2744 1404
160 2132
1706 180
2232 4678
466 3548
648 4904
1554 2914
3712 142
3528 32
154 3354
2596 2024
4122 1286
476 4902
1172 4286
2238 1446
1140 3236
500 2166
2892 4892
554 4732
3802 2114
1360 4512
3610 628
2268 768
596 2648
298 2140
28 4604
758 110
3858 214
4108 2760
3082 280
3792 766
16 2936
2000 2512
4572 1932
124 3526
2320 4530
4772 24
302 2248
1430 3728
1482 224
4828 1840
4258 106
3054 2732
1880 2654
4610 1282
3396 1578
1036 3506
1566 1094
4704 2844
3524 2274
682 2542
4732 2986
248 3416
3700 574
642 2578
422 3484
3248 1170
4300 1190
3218 2226
318 3076
929 1188 3831
3844 1512
180 2414
1510 4132
4410 2780
266 770
3830 2162
4622 1382
68 2192
3905 612 3831
310 2880
1092 4540
3896 4672
1916 586
4658 1894
4402 1746
2870 1398
386 2926
1098 3132
1508 3644
1896 4600
1032 1904
14 4764
1430 204
914 832
4210 2688
1106 2458
2064 750
2024 4740
4464 2758
262 2700
4606 1036
304 3548
3148 822
2998 1064
3206 164
968 3742
4616 588
2094 3124
810 4654
4096 192
4332 3558
766 3332
372 1064
1630 806
280 2834
3086 2074
2848 2084
788 4108
3198 4774
280 2462
1000 2612
76 3104
2454 730
110 3756
2726 1462
154 2474
2332 3092
4410 28
2678 536
1590 4596
4832 1562
2504 192
3838 994
594 4636
1034 130
354 1076
124 4416
1304 3286
458 4340
68 4184
2910 198
866 3144
2450 1214
3416 8
86 4736
4330 548
1394 4048
346 2930
4754 1104
4438 642
1450 3948
300 2018
528 3188
1568 4378
284 560
342 4564
2524 652
2578 3470
1240 4402
2610 4090
3586 62
734 4256
504 3106
3164 618
644 4630
4752 3166
636 4482
3508 468
3472 404
3804 1280
1166 4272
2344 694
2360 130
4816 440
4446 4894
3798 182
930 4212
2760 4766
1124 3992
2420 200
4302 2356
4084 1006
3246 164
2714 26
4402 522
2802 4336
4050 246
1336 4340
2372 3706
1954 4626
3776 364
2988 4118
2430 3384
192 2912
2354 402
192 4362
4254 86
62 4544
3596 180
720 4236
930 3890
1132 4248
652 4432
638 3610
474 1950
1154 4188
2434 1982
294 3560
4228 1288
4178 1070
4894 2066
820 3716
1244 290
204 2054
3370 1276
4830 1588
1288 3958
4708 1044
3156 92
4626 4176
2618 2140
2826 1588
3000 2156
572 1074
370 320
3854 86
3084 532
3648 1106
3022 1870
3712 560
4600 1994
1822 954
42 2722
1214 1872
4580 1558
4336 1402
54 2430
2726 4718
3300 1470
3442 14
2942 4878
4598 3348
4438 2768
4452 2758
3990 1310
728 2026
114 3276
4334 322
3492 950
3882 2762
666 2700
3164 74
138 1880
2620 4244
2354 4338
1644 34
1112 1902
3784 1796
3350 1050
4596 1822
4634 1966
3668 2638
2490 378
4682 1550
1224 3332
3366 1264
1510 3292
3884 24
904 1954
1974 1490
4460 452
566 4710
1084 894
4198 2558
2932 4346
1302 3022
4170 478
2252 4910
1614 968
4158 566
610 3986
376 4910
2234 4732
2206 960
860 3562
2870 776
1786 242
148 3566
2718 3204
4136 612
26 812
2370 4644
4488 290
3734 1040
2090 3018
2192 4714
246 4682
298 812
68 488
1448 3666
316 3818
1834 4508
3616 2424
3918 440
1942 626
1822 3058
2852 214
1986 4902
1928 3358
2442 3600
4856 794
228 4060
4148 1246
192 3196
1270 4170
3510 3816
2230 2500
184 1020
1408 3592
1402 4274
4776 854
1142 14
828 3446
4048 824
3328 554
354 1224
2256 532
3318 90
2624 4592
3356 235 3831
516 4686
1562 3858
146 4886
4114 466
4224 2148
98 3724
3162 4720
2520 4842
46 2686
1678 3058
2470 4404
1674 598
1050 3244
476 2452
3176 538
1590 126
2906 914
2180 46
178 3466
896 2124
152 2434
46 4750
4244 896
3250 230
3168 662
60 1190
160 1664
216 3252
304 4800
4754 2182
2956 556
938 4422
3106 930
4492 230
714 4844
4290 2280
506 4648
278 3116
1222 2130
3642 1724
3280 1694
566 3550
3756 2240
1532 3520
2 3632
398 4100
2598 184
4898 182
4514 1578
3676 676
3962 3424
704 3946
538 2646
3136 690
4336 204
4476 2304
4790 1536
296 3186
3462 116
4378 1892
1992 4700
870 2524
150 730
1494 1066
3404 1058
516 4160
4726 1084
4340 544
2008 2734
292 4124
1336 4866
1396 334
114 4118
4332 2122
1578 4638
2780 4766
2134 4818
1016 3696
948 4240
92 1748
178 1630
4124 1808
1598 3184
4696 4580
178 2662
2738 50
86 3486
4520 810
2207 1524 3831
3040 175 3831
2570 3556
618 2602
4213 4176 3831
1448 254
40 4454
4414 564
404 2834
668 176
3454 150
2554 4140
974 980
8 2882
4480 526
4852 3282
4392 996
138 4074
4642 1922
1032 598
992 126
4816 1446
1618 3400
2394 1374
4910 2524
3700 2478
4046 2006
3396 882
682 4732
132 2142
4060 1690
4902 1536
272 2002
232 3836
78 370
4378 514
486 3030
3518 1162
2116 431 3831
586 3830
792 3190
150 4902
144 2236
524 4214
3022 2280
14 2446
2884 4456
522 4698
254 662
4420 766
366 2602
4306 692
1711 3248 3831
2358 1260
50 1950
164 4742
366 696
2230 326
1666 3440
1370 48
1280 188
644 4186
3554 242
700 1740
1704 3662
3120 466
1804 194
1044 4206
2536 902
3850 1352
1960 942
882 4548
722 3422
4262 1604
712 338
3742 780
2990 110
52 4644
140 3610
3846 2236
1378 3008
486 3558
2976 62
1542 3488
2750 234
4244 12
1128 1972
4152 486
1644 2524
3342 230
872 2944
4774 820
4786 1364
280 2296
640 352
2050 14
3312 786
1312 4042
3986 2242
526 2126
4412 1980
2732 500
4588 848
4072 38
2346 180
212 2838
2354 520
108 1478
2304 4384
1836 4522
4498 2584
2190 250
406 830
1058 4676
202 4302
958 972
3980 94
138 910
1482 4734
214 2818
4810 1230
4068 1248
2020 4256
162 1974
336 2980
2076 1212
3662 4210
4800 2504
3008 3982
852 3208
2786 464
1348 4352
748 2350
178 1806
3410 1498
804 3548
3444 3074
4131 860 3831
3250 560
4366 3080
3702 104
14 4886
3910 1632
4494 304
3962 292
3508 1412
2168 3584
4558 2324
1062 4788
1436 3072
4828 382
1708 20
926 322
1792 4688
2200 1844
6 4212
588 4566
2396 4774
4594 36
126 4306
4118 1380
116 2614
2684 3690
1802 3454
3976 556
1890 10
4372 694
788 3552
4690 1556
2732 1140
1374 4106
1598 3946
3622 1286
3298 1322
116 3654
3132 2226
4060 2126
4590 2306
4182 1766
148 1300
4356 412
520 4888
130 1172
4476 2310
3650 1748
4696 1234
1914 256
158 1986
430 704
2703 4336 3831
1636 4554
1136 1956
4802 3414
4122 64
692 4350
3796 1286
2386 194
110 1892
24 700
1174 4268
4604 276
2728 1364
122 4618
1268 2876
2166 498
4808 1352
3464 2328
3154 1754
54 1532
2316 864
4018 488
4620 3806
2250 422
368 2860
4772 2123 3831
1424 4142
214 4362
1068 4432
240 3050
4862 3030
996 4704
918 4350
4186 922
4884 2508
3138 1838
3732 484
3708 278
1264 4200
78 1256
1086 546
2430 186
310 554
4776 256
600 3888
4322 3284
2962 454
56 4692
1804 544
4632 1832
3883 840 3831
188 4542
1082 34
2740 3846
2428 3890
1062 3766
450 2090
3608 942
3288 316
2466 1264
48 4750
602 4300
1142 182
4288 2122
2204 620
4746 3590
3150 728
1854 1194
3746 604
3930 1542
1318 4248
1494 232
322 2896
276 4500
1056 3994
4580 1244
4452 1818
2360 2332
1950 534
4718 258
1932 110
2898 306
3842 1014
58 2712
3592 548
3944 294
2728 780
2854 3760
380 3146
4734 1988
4360 4150
4361 4564 3831
3774 956
1004 3890
4464 1386
762 4472
1254 4782
1652 3284
2934 3187 3831
1352 4354
4384 1676
4524 248
228 3870
2702 844
556 4471 3831
618 2742
1076 1038
614 304
2140 244
436 3438
3844 2286
940 3460
92 2546
3758 236
588 3040
3642 3156
736 4602
394 4422
226 3028
2344 3558
270 3038
484 3808
404 3284
66 2096
3660 904
618 3862
486 2048
190 1504
100 4104
22 2730
484 2060
4236 3136
4724 750
3810 386
4394 244
4020 828
104 4648
2590 4052
1244 3718
4720 672
1266 3218
530 3414
2996 3274
2816 4714
32 4334
374 1254
410 3820
3974 4704
4198 430
4028 820
220 4322
4818 1548
3326 542
