61
3830 3832
3544 3546
3480 3482
3478 3480
3358 3360
3324 3326
3280 3282
3270 3272
3124 3126
3078 3080
3052 3054
2992 2994
2978 2980
2904 2906
2810 2812
2788 2790
2702 2704
2664 2666
2496 2498
2466 2468
2362 2364
2358 2360
2310 2312
2224 2226
2054 2056
2028 2030
2002 2004
1966 1968
1948 1950
1770 1772
1758 1760
1732 1734
1620 1622
1572 1574
1388 1390
1224 1226
1124 1126
1102 1104
1074 1076
1034 1036
978 980
970 972
952 954
912 914
826 828
736 738
610 612
568 570
538 540
502 504
484 486
400 402
360 362
302 304
264 266
256 258
3838 3840
4176 4178
4434 4436
4524 4526
4624 4626
