4912 9867 1079 1081
3146 3914
1111 4150 1081
4818 2658
3378 148
1102 2250
2272 4712
1422 3964
3570 4578
3080 406
1104 3552
3650 714
4446 3174
2370 910
454 4194
2492 4014
3864 4684
1614 4100
4498 52
1380 4754
1986 4612
4022 1970
3976 292
1086 3474
376 4626
980 1518
4770 244
1002 3578
1780 4688
1824 88
904 2722
1759 3428 1081
180 1940
1110 3634
4046 1022
2738 562
672 2350
704 2966
1360 3580
3036 330
3402 1070
4276 378
1666 4650
3016 4202
548 1834
3760 964
2994 1558
4502 3258
3190 1504
2070 3880
2990 886
2042 2652
4816 1864
340 4374
4748 170
3394 4822
566 4436
4328 4814
3946 4854
1022 2458
4296 1046
3106 790
4478 1476
4296 736
3538 1110
2988 3551 1081
678 2498
4500 80
1346 2616
1704 4736
4842 1746
4506 3022
4888 1312
4004 1444
3546 4842
1688 4266
1724 3276
4562 3794
2550 3708
3742 4784
132 2060
4530 788
3250 2186
3746 1758
2462 138
806 2154
2038 4670
1574 4110
4528 1104
400 4066
4132 3560
4526 1336
2084 316
3484 68
1640 2714
290 200
1460 3112
58 4330
3708 3434
218 2706
4404 3552
262 2520
480 3380
4132 818
1150 3470
1644 4048
4318 2156
2502 4758
4512 986
3924 998
2828 1946
4872 994
3464 3318
4818 3310
2952 4150
3256 3698
1378 3626
1918 4832
266 4046
4620 78
104 4888
3540 174
884 4906
4388 334
4370 3352
274 4870
4764 1022
3956 3942
1800 250
4484 716
3886 1442
4686 200
2940 874
4650 282
4384 4882
3986 4818
460 3964
514 4642
666 3782
3866 1488
3034 2260
828 2402
3000 2060
4866 1024
876 4384
4774 4506
1454 4150
3924 1762
758 4364
184 1470
1244 4792
3240 1376
4662 1524
4104 3618
4858 222
878 4350
986 4414
14 4826
4254 1142
4130 2986
3796 4844
2528 4760
1274 4438
368 3892
4766 566
3098 4478
4092 594
2182 4414
1194 4860
658 2894
726 3760
2620 4520
4296 2228
284 3854
1070 3816
4888 958
2874 4260
4862 3388
4146 2504
3680 1242
4800 2696
496 3474
4908 702
164 3334
4448 122
2108 3360
3856 1510
2466 3180
4156 4892
4496 256
334 1860
1602 4176
1412 4236
1810 4838
224 3134
4462 136
3254 4272
782 3764
4400 2312
1056 3352
4290 654
3902 1400
1876 3578
4892 1622
4058 1526
282 4696
2836 1806
2826 4752
4884 1844
4504 3278
1324 1836
3446 4714
1868 2992
4786 2280
1820 562
844 4172
3848 316
374 2658
3644 744
2798 4086
4574 836
2196 4758
4810 346
4136 1096
4812 3600
222 3202
60 3090
362 4540
3872 2646
196 1762
1968 4708
3360 810
10 4274
2000 4568
3772 4900
638 4676
2810 412
2620 4026
4682 2996
3452 1308
4400 2264
4678 4128
148 4012
428 1420
4738 4246
3394 3950
2520 94
4084 28
2874 4516
4304 3412
4624 354
3634 1996
3092 318
4180 2746
4256 1014
4588 3506
2458 4270
1284 4650
1518 224
3034 4853 1081
2248 4716
4664 3394
4696 3022
1668 4368
4410 3900
1040 4444
2140 4584
2916 84
4718 344
28 4768
770 4784
3328 1398
900 1880
568 4558
3372 48
500 4376
3530 2652
1832 4802
3352 1228
1176 3086
3556 2388
892 2826
416 2295 1081
2902 4276
4786 438
2016 3162
148 4888
2296 466
4690 2648
3424 4344
64 3940
4648 626
3636 1794
3818 2152
424 4892
3850 4766
4046 38
1982 4538
2044 4678
1824 3278
1128 4316
4732 2916
452 4582
2052 4290
4486 1502
4386 1272
1684 1140
3946 4688
1634 4110
2688 166
3790 754
1086 4392
1302 2376
4854 2592
4672 1896
4506 1124
2580 4238
3364 1866
94 4108
3324 472
306 4636
4410 1028
3969 1074 1081
742 3804
792 4300
3174 4214
372 3095 1081
4584 1128
3854 526
3606 3830
4680 918
2454 4386
126 3438
2160 4654
4142 36
4322 344
2332 514
4830 1564
1840 3106
1362 4000
4014 3108
1054 3950
232 2122
1640 3232
4470 2194
4576 1338
4756 366
4908 4340
2506 4216
2198 3760
3154 170
1832 188
4854 636
4524 2346
3602 2730
1220 3418
422 4434
1914 100
4778 876
22 3718
2444 4672
4284 944
1150 2044
220 3768
80 746
4624 1746
528 3244
3594 888
984 2742
626 4396
3448 1768
4336 2808
2220 1204
3262 1454
788 3204
4120 3822
4316 1202
3772 675 1081
3662 1154
4672 3928
1702 4758
162 4642
178 4828
4512 326
3708 4776
3040 1232
1316 3256
3434 1240
1158 4878
4834 3520
960 4588
3776 1040
340 4558
4912 3460
4314 534
1300 4450
4042 1970
3928 4868
3680 144
1700 4534
2588 1390
4552 3720
3540 320
3510 1046
4274 2588
2316 3254
4296 1872
626 2792
228 1798
172 4780
2326 1874
4658 98
938 4358
3364 1154
436 876
3601 814 1081
552 4722
322 3914
954 94
2566 3886
1810 710
2028 1156
4448 1794
3538 4848
838 2692
2916 600
482 3360
4685 4306 1081
4606 306
970 4686
948 3534
4094 430
2914 1496
332 3276
628 4690
3152 4790
1946 4802
4870 572
534 4538
632 3676
4492 2590
1576 142
4612 2642
512 3746
3654 4856
3080 712
230 2142
1010 3096
3410 4724
3854 1690
4628 1952
2026 4488
2652 4336
142 4890
1956 4580
276 4412
3684 408
4750 1704
4870 380
30 2782
4696 1928
4804 200
3122 200
4050 2148
66 4388
886 4094
150 4116
3398 1204
3412 1916
4580 76
3026 3792
146 4690
4752 1466
4668 232
182 3870
796 3534
3832 240
4346 1536
4582 3244
4204 4726
1056 4774
4350 1554
2294 4890
570 4314
3852 1472
938 3812
2008 2048
4012 526
4710 272
2474 282
4504 1094
3898 2436
1374 4264
3420 4172
3666 846
1916 4148
3926 2662
540 3604
2194 3498
834 4014
3434 222
1196 4224
4236 1910
3254 4740
1624 4438
4378 2236
4334 2808
2666 4232
4490 882
4776 2314
2694 812
4326 1782
2040 4628
3166 4822
300 3788
4446 868
606 4692
4644 3706
4043 1940 1081
4702 2076
48 4524
3658 1848
1758 3868
2504 400
4488 1908
3086 1158
2070 210
4670 798
4834 3290
3702 2078
4258 828
4584 4658
4806 58
3436 2452
990 4578
1390 3926
124 3378
4710 2736
1582 2666
1628 3698
2006 4728
2056 1352
4756 2658
3720 1012
3410 602
4076 4574
254 2526
2610 994
3364 232
2336 1444
4132 2858
1688 4324
2674 4506
1532 2768
3870 708
276 3336
46 2698
2152 4784
2592 1152
2776 1624
1500 3764
966 3834
1910 1662
870 4104
176 4036
2036 4746
2560 1452
4398 1034
3966 998
634 3378
226 2772
2578 4450
4132 3322
4798 1762
3880 1014
3170 4172
372 3328
692 4466
4844 1708
2750 3384
4202 3332
922 4288
222 3476
4164 414
4006 138
1542 4574
3724 1608
420 4632
2510 4132
4274 1014
1094 4406
1414 4576
38 3980
3806 226
3740 3902
4904 3110
426 4158
2670 4314
780 3214
4412 1410
3894 718
4012 950
3428 1584
1434 1886
328 3218
3960 3370
798 4802
3394 1836
796 3806
2928 42
665 748 1081
780 4072
4450 1060
1244 1667 1081
4846 768
4394 4692
3882 4316
4354 2662
4798 2204
4782 1978
1378 2830
4804 1744
2096 4834
382 3854
4872 1092
3984 662
380 4370
4422 2630
1512 334
754 2718
1338 4522
4198 3550
4608 1098
4314 2644
2856 554
4542 1412
480 1564
948 264
4698 816
4506 1502
1724 3178
4274 3730
3692 952
2102 2388
2696 4794
3082 282
266 4224
2512 2446
788 3188
4834 2072
2626 3982
2974 1196
4792 2918
2312 4296
2280 4394
3244 1274
2580 274
82 2710
620 3674
4174 1010
418 3638
2840 4346
2050 3760
4466 1020
4104 1034
3446 4850
2222 426
2034 1036
3020 4840
4220 1892
4344 4372
1564 4868
542 4436
1804 3908
3176 1707 1081
4712 3832
1350 4700
4138 1144
336 4678
3408 432
4572 2914
1678 4786
4806 178
944 4432
654 2086
620 4056
597 658 1081
1472 4900
2828 4912
2907 3288 1081
56 1964
134 4498
4476 3004
1536 3636
3522 2138
1246 2734
16 3514
2720 1552
4304 914
368 4748
4182 1388
4520 928
3542 1796
660 2672
1836 4610
3510 4484
4110 852
1310 3356
4828 1366
4832 648
3036 960
4336 764
2990 4618
4652 2520
4096 4528
516 2056
822 4580
2209 578 1081
1798 2984
4044 872
3714 2124
1504 4470
1248 4502
4846 340
658 4180
182 4232
4122 1168
508 3780
2168 4186
2218 4762
1928 472
2800 4572
3570 1790
4310 860
2394 72
3072 1850
1098 2804
1972 3556
4254 664
56 1864
14 4266
3496 4196
2582 2554
3802 1804
854 3466
20 4612
1010 3138
4896 1564
124 2384
1546 4224
3180 618
610 96
2634 624
44 4598
816 2640
3920 1860
1920 4726
54 750
4896 3160
224 3358
4402 910
4428 2500
4040 442
3928 476
4604 1040
1772 262
4314 1320
2474 182
1098 3506
4256 88
2948 280
384 3388
1540 3352
1608 310
970 4620
852 4446
440 2550
4500 1504
4212 4400
2406 4702
634 4738
2896 4654
78 3806
487 4910 1081
660 4910
192 2924
276 4756
4672 1828
4746 3604
226 2782
4394 3632
3112 3221 1081
4868 3566
2330 3986
410 4406
2478 4608
4614 742
4686 1044
3748 4
2610 530
4860 3382
4004 3452
2000 870
794 4762
2312 4488
1448 958
3574 780
974 3702
3656 4264
1208 4880
1914 2964
4210 930
1550 2208
2522 208
414 2308
4174 588
3866 926
316 4290
1572 3044
4000 1152
4430 420
1672 3776
4590 1350
1284 130
1834 2416
3472 4076
4380 1494
3642 1918
4902 162
588 4774
904 4250
150 1296
80 4624
3132 626
4066 166
2882 4756
1848 3546
4388 434
1454 758
2032 744
4820 1356
4488 506
4142 3980
4430 1544
980 1422
2858 280
2184 4730
168 2208
4554 1776
3488 3174
4776 3440
4740 3640
4734 4256
1372 2916
1890 4652
3048 2266
54 2722
640 3512
4500 2394
158 3938
2290 666
3844 736
3706 3038
3370 1006
968 4684
4692 620
852 4892
1598 4010
4908 1796
126 3998
4306 1122
1602 4676
1558 4654
4772 2206
196 2188
3964 3750
4070 1336
3468 2872
4050 1816
2028 1480
1806 4162
4832 3352
4030 3696
3698 1506
4544 1614
274 3724
4460 1652
1122 4712
4476 686
4732 1972
3201 1666 1081
3974 1570
4654 148
4686 4236
1604 4906
4652 1004
4432 280
4702 1210
3044 4794
1424 4596
1468 4828
594 3728
3338 4690
1602 2542
4624 2206
4312 1330
3652 4162
4222 558
4736 2414
610 3868
3288 1708
4642 628
2642 3942
4266 3380
1964 4716
384 3990
4684 3836
1136 2882
656 4652
1638 1632
2292 4042
3138 1186
3996 2940
4812 2002
4548 2312
2666 4702
4580 938
50 1312
4786 1388
634 2244
2452 4634
1992 4540
120 3296
3166 404
840 4776
3972 2410
620 3370
1250 3422
3652 1192
2368 3468
288 4586
2416 602
3566 562
2874 4808
1118 4248
4852 1938
1586 388
578 4696
340 4302
3952 1360
88 4842
2910 4730
2136 160
1840 4150
2574 4238
134 604
4908 334
2044 4098
250 3152
896 4664
4836 392
1336 3550
1836 888
176 4630
3662 1476
962 4636
3256 108
2600 3778
4374 122
868 4500
2514 1060
4090 130
4358 1884
1172 3500
734 4264
3516 14
16 3114
3970 4750
2456 4702
4684 1048
2316 42
4846 2214
1902 2830
1206 2152
3766 186
2854 4094
604 4066
356 96
3414 664
4530 2384
1696 3648
4592 3988
374 3720
2248 4842
1006 2554
4766 3934
564 4604
4806 2750
2030 4330
4514 2392
3506 2292
1328 4852
4609 1390 1081
918 3314
4280 188
3465 3666 1081
3714 4704
4326 1090
700 3100
2932 2480
3746 916
564 4108
4752 2640
4908 1436
1794 3870
96 4072
1224 3694
1682 4196
2138 3570
4064 890
4746 352
3296 1514
1952 324
920 4168
4748 2302
2174 4158
312 650
1842 4778
346 4308
1530 4252
990 4534
2518 3710
2032 4178
46 4494
912 4852
706 3664
4046 310
4192 1492
388 3562
972 4600
3220 2660
3134 986
500 3868
1820 3476
4802 2984
3032 1258
528 936
3030 4334
114 4674
1750 3140
3316 2792
4430 2564
40 2576
3632 646
1266 3808
3376 3758
4764 3668
4568 2302
4266 478
3282 2856
2588 452
3830 112
192 4908
4376 1640
2280 4804
882 3964
3342 1006
4836 1820
3786 2444
334 3356
3366 96
1872 4722
2050 4650
302 4200
240 3838
678 3692
3310 40
4912 3488
708 4686
4644 2434
2704 4752
4750 2500
4654 780
3336 556
4886 310
2514 2050
4708 1978
1732 3696
4472 12
3280 942
3068 4636
1778 3118
1638 278
4562 1934
1522 4742
4630 434
4052 778
3392 4716
3934 660
4690 3884
1162 2086
4894 554
4218 512
172 3402
2082 4770
4736 3108
4774 4450
1288 3276
2172 4296
4726 646
3472 1926
1966 4540
4518 3060
4200 1044
318 4160
3040 1120
1646 4746
348 3574
4404 2628
50 3728
190 4522
4644 482
3886 2216
650 4370
3002 188
2640 2118
4570 2894
478 3998
4056 2530
1168 4238
3656 822
4460 2416
342 2982
3166 4696
1668 4634
2818 4454
4266 3274
2422 4838
2498 310
4386 2832
206 2426
1762 3466
2096 4786
3058 2024
2174 1068
4758 2600
3956 2926
3018 4910
4860 2484
458 4474
4666 86
3558 348
2962 1974
468 2856
68 4310
406 2644
114 4610
404 4188
3066 4822
546 3796
3470 564
686 3436
3090 2428
66 4386
4104 394
3564 1880
3116 1650
626 4808
3550 128
634 4622
4438 1788
2390 3478
322 2248
954 4184
4750 4224
2988 198
4562 734
3390 4870
4448 1582
3804 4154
4444 2220
1208 4814
388 4802
4532 2540
3334 1632
4270 56
2792 516
2722 4846
2120 3788
4392 512
3352 126
2428 2698
2996 3953 1081
2060 630
2630 1810
2090 502
3696 824
98 4620
1948 1324
422 3100
1692 3092
22 3854
4086 4162
922 156
4028 1262
2410 114
2358 1867 1081
3200 214
4690 6
2824 148
3664 676
868 3330
1898 2892
1046 1624
782 3108
4338 2188
4406 54
1400 4538
1756 4808
510 78
2418 3360
4606 1684
3622 440
2678 4372
3082 820
554 764
4708 2098
3920 2090
3020 4852
2654 4580
4764 3346
274 4242
4 3854
4516 1936
4422 3704
3736 4544
576 2204
4604 2656
1624 3596
4798 1782
418 4846
194 2866
1834 4238
4864 1168
3650 1444
2688 484
4844 260
156 734
4572 4552
1024 3984
1896 1570
1324 168
4714 4128
2158 4816
3470 162
1724 4306
1310 2224
2114 3820
4508 818
4674 4534
3940 1242
3604 870
4336 572
1808 4410
1360 4850
1120 4400
2780 98
1928 4556
2348 3126
2166 2070
2334 4348
814 2734
4690 2796
80 4702
868 3492
374 4548
236 2718
174 4446
2080 2862
1746 1034
3912 562
2032 3422
4558 3704
4444 2752
1456 2208
3738 4168
4876 2082
3782 1394
4218 2500
4422 816
3886 2038
4636 2398
3074 1528
4508 296
1174 4704
42 3956
4908 78
3548 890
1696 2738
1110 4040
3272 588
198 4070
1750 4170
4839 3374 1081
1280 3474
4256 1686
4020 554
3102 4730
4872 824
4134 2854
818 4798
4160 2412
1920 4596
2724 4664
362 2880
4356 450
1100 4024
3494 4466
416 2116
78 2142
1768 4534
4280 2028
202 2258
2962 1852
2472 68
4890 1088
1366 2204
548 3756
1426 3372
3498 142
2742 4456
3338 3292
554 1048
2530 4708
4352 1958
1368 2372
44 1034
4660 422
3206 4126
104 4880
2386 194
388 4774
1444 973 1081
4448 850
3406 1270
4662 3928
832 4456
2688 4454
36 4726
3300 1826
2158 4668
3074 116
994 4642
846 4090
2890 4710
3492 666
4534 304
3898 2458
2240 4644
380 4786
1916 4088
3198 1334
4740 1670
358 4544
1726 3524
1906 4838
2894 1292
4492 632
94 3600
3992 3298
126 1070
1024 3910
4488 3288
4788 2630
2936 976
1752 194
2748 4414
3928 4620
1458 3004
706 4574
4086 894
4898 342
3450 370
4484 3852
2350 504
3876 4796
2578 4468
2544 4820
2188 3306
4662 2168
3246 4562
3944 2618
4150 3898
754 3562
794 3972
4526 528
4392 2554
3562 858
3994 4590
2920 448
4484 1864
2382 3702
3172 800
2798 780
1508 4154
4806 212
4872 780
4456 1036
4264 2756
3634 1162
4600 1210
4486 738
1322 3424
594 2354
3888 976
2324 514
242 4744
630 3312
3096 762
4672 172
2246 2560
2594 384
2204 3108
4428 570
4136 2511 1081
4134 2340
4336 1618
4682 64
350 3406
2242 4560
1434 1534
46 3058
4622 790
396 4732
4740 1996
3782 2428
2442 4140
4912 3368
4756 2928
4274 4562
1022 4160
368 3114
1972 3048
94 3434
978 4910
2430 8
1276 2914
4436 734
2860 2272
622 2518
1398 3744
4176 1758
698 3950
4462 2186
4588 1070
4468 134
4886 3094
4126 480
4718 320
530 3238
392 3650
4898 2320
4358 2724
2560 4408
1106 3442
28 1978
2234 3384
24 4022
3994 2618
3200 1662
3824 932
350 4572
1564 3442
702 3816
966 3406
1288 2758
4440 3928
1156 4858
3824 238
834 4162
2562 4694
488 3790
698 2652
616 2916
4724 2906
3862 4584
4466 1290
3386 2024
1012 150
744 4436
4492 62
1862 3100
612 4108
28 4468
2384 6
4734 1756
1070 2932
1196 3670
3970 1422
224 3040
3970 338
2414 4584
3538 952
4714 1860
1596 3384
2926 1952
4042 2344
4772 550
2354 1336
4514 592
338 4622
4898 3802
952 3732
380 2278
4232 1876
312 4568
1632 2548
2958 76
4192 862
6 3592
4202 104
4288 4912
1394 1848
2002 3286
3298 4786
4890 4082
1118 4060
4130 516
3848 1494
2884 226
3742 1322
598 3628
440 1814
4528 2058
4756 2974
128 4836
3518 4848
3960 3092
3634 1730
3568 992
1838 4580
156 1868
4696 386
1184 4318
1906 4458
2022 4160
930 4700
2678 4136
3284 4108
572 4404
826 3526
4678 3438
2216 4886
1628 724
260 4310
2290 3370
4310 2
2010 3574
3660 4540
3286 4764
4500 608
4066 2544
900 4086
3968 2396
152 4142
1326 220
480 2830
1994 3900
3854 276
90 4136
4228 4790
2054 3158
2134 4780
2616 4644
4468 194
2406 4326
28 4796
2482 1324
1244 4180
336 4540
1624 3850
3654 2868
2582 4612
2116 3354
4468 3644
652 3310
2070 4242
3262 1630
2114 4714
4132 3128
4020 4728
4230 814
2824 4464
3582 4814
778 4370
1582 3690
2784 4896
4774 2134
4144 158
2178 4070
3810 912
2880 4626
2418 4430
2468 698
4730 1696
1172 4724
910 3346
4162 1800
4714 3418
4572 888
2030 706
944 4860
2102 4740
384 4308
548 2806
3846 2914
98 2304
3090 1678
3334 460
4440 1346
4678 1876
2834 4472
3450 960
1056 3788
1374 4902
4610 608
3238 4712
3356 352
4516 1176
1290 3788
4880 3270
4578 3108
4472 2504
2888 4346
124 3454
2670 900
136 4344
3804 468
4202 4576
107 4616 1081
3028 240
1344 3536
2470 452
4754 558
104 3684
4086 744
94 3276
1078 4700
604 3708
1206 304
914 50
4422 2770
4428 80
1758 4822
4358 441 1081
3976 106
4278 432
3312 4802
1438 3696
2326 200
3482 4752
3916 4798
398 4410
4152 56
4228 670
8 4424
1740 2986
4724 4236
2400 3432
1288 3434
4178 1384
3950 1478
4228 2082
486 3716
4640 3222
764 4164
712 2536
2328 4902
4764 3710
2550 3806
4618 1728
4780 4140
4818 1042
4396 80
1424 3821 1081
3008 2964
1860 1834
4750 1884
4154 2720
4290 262
3996 1118
290 3018
4880 4136
610 4436
162 4332
1746 4734
962 3308
514 2604
3966 2218
1434 586
3674 4762
4620 2470
3968 1774
64 2618
4838 328
4694 2522
3544 676
4100 280
3026 1686
212 4694
1256 4664
1440 2680
2568 112
2134 504
2408 4884
612 3954
3838 4228
370 4452
624 2628
1696 3000
1836 2424
3976 492
4736 1448
2710 428
4784 1458
4888 3131 1081
3810 1418
4164 2064
2656 3544
1524 3138
1336 3002
2192 3662
3834 4788
4204 1276
456 324
4388 280
4800 1638
4500 346
882 4580
4700 1728
3778 2328
1196 2588
2048 3342
2138 874
3390 4602
4860 2890
4052 3434
1796 4728
4096 1210
4498 2880
1432 3044
780 34
362 4624
2852 2688
620 3510
1506 3176
4160 48
236 2682
1014 4222
4116 504
1204 4642
4126 1362
3616 4572
4432 496
3052 22
1584 3226
4728 1584
3552 162
3646 536
2712 276
1548 4894
1840 4020
620 3458
2886 4798
156 3338
3900 2340
318 676
2908 2884
4112 334
4336 1644
1122 3256
2968 268
4798 2724
4718 612
4518 1328
3490 4498
888 4564
388 2177 1081
3142 668
3328 188
4406 3442
80 3060
3428 4732
378 4632
4154 4796
4516 814
804 2308
366 4678
562 3750
2388 590
3992 728
8 4482
4526 96
4884 1296
1136 3216
4808 2796
140 4276
24 3596
60 2196
2692 1276
2 4024
912 2788
1170 2852
2112 3406
4510 1442
4352 1594
1500 112
4206 1704
4762 2480
4526 1736
1836 3912
2258 1318
3004 980
4888 196
1290 3442
84 3326
3176 3788
4184 2952
750 3844
274 3688
4804 2014
1800 3190
4448 1544
2650 1006
4254 3716
1966 70
186 4268
1834 1090
78 2230
2688 3936
1108 3990
60 3888
686 4448
3992 1258
2166 544
60 3724
3122 1032
2588 642
1676 4768
4864 2588
4070 620
2050 4426
1156 4328
434 3022
4410 754
3090 840
2348 932
4514 2544
3918 324
2626 1490
2868 4718
1240 4690
1038 3646
4534 2628
1356 4898
3960 1286
3760 732
4762 1678
4220 1046
4186 1764
4688 3434
2416 3176
2630 3678
4504 774
212 4338
4558 22
4622 116
3724 260
4394 654
3062 4600
533 1314 1081
3562 1466
994 4174
3070 1306
1756 3624
1738 3602
4816 2310
992 3918
4588 246
944 4736
496 3310
376 4388
1878 4326
4368 1322
1506 4772
4682 3718
2142 118
4812 1850
4762 2760
2974 826
4682 458
1538 142
4626 2900
898 4600
612 4544
2466 4766
3770 118
4594 864
4908 1464
4538 1176
3972 946
4074 1029 1081
678 3776
4488 2598
446 4288
1724 4846
944 4396
2564 4078
2302 4520
4812 2074
1986 4554
2374 1046
366 2264
2212 4070
4860 2672
362 2020
3030 330
1322 3186
4394 1206
4188 380
1076 3920
4552 2380
974 4826
1566 3622
1010 1432
4472 850
1626 3794
852 4828
4246 4704
1962 4500
72 4522
1926 796
3528 278
4688 982
4048 1344
206 4696
3804 4480
1580 3836
4372 66
1974 4666
2060 4422
210 2130
1808 3984
2438 3784
3430 520
664 4094
4366 1536
3262 2764
2176 572
3564 1802
2974 4508
804 4458
3700 574
938 2642
3616 1598
4834 1514
1230 3634
1622 1588
4250 2016
3998 4712
1208 4224
2154 3884
1460 4764
4470 2312
3724 1598
2052 3568
4900 442
40 1506
3002 4012
4694 592
160 2732
2326 4444
372 4726
3960 3974
210 3534
130 4648
1664 2988
4576 142
4524 1900
4430 1182
1954 672
224 2694
316 2958
4636 140
2172 4704
3138 1078
4222 608
4878 320
4674 3342
4570 1350
4798 1452
2262 4146
248 2402
4370 866
3368 1512
2888 1584
2582 4836
4072 722
3164 412
4768 1778
2914 2402
3472 4790
2356 4620
3134 3736
4184 1872
168 2766
1376 3902
2738 4506
1806 4582
2254 306
476 4650
212 4398
4756 3054
4418 1370
4446 564
894 2442
2098 814
3670 4874
4356 3768
4400 1122
3354 632
1350 3686
4288 4480
1562 4726
2238 4868
2300 1230
970 3278
96 4776
582 136
4544 2812
3192 368
964 1614
996 2062
1310 234
1280 4782
1828 2840
2136 338
414 4020
2606 4346
4766 550
1272 1758
4686 1312
604 1616
4710 2790
4134 2186
60 1854
4598 3126
4898 2742
1502 3700
3774 344
4220 590
4744 268
4422 4018
4466 362
4716 3098
696 3198
4708 3082
2260 4406
4550 1138
4764 4154
4046 492
4870 1438
4896 2648
4622 1208
1964 780
1848 4848
4136 3094
982 3350
1112 4004
4360 318
2908 1550
4390 826
82 3408
1562 4886
4492 16
4298 4854
4430 4828
4200 1094
580 4798
476 3384
574 3970
3644 4340
4766 1964
4604 2034
4724 3776
912 3080
946 3632
4354 2094
336 2028
252 2000
1200 4108
3814 66
1050 4744
4056 1678
4720 2528
1918 3204
3680 218
710 4312
1882 3626
1940 2474
2184 3276
4246 868
322 4698
1612 3588
138 4858
344 4196
782 4262
3878 3934
4618 956
2754 812
4904 526
1134 2708
4652 706
408 4762
740 2438
1612 410
4154 1408
4672 296
2476 118
2186 32
270 4004
402 2608
4848 358
4692 1900
824 2624
2150 4568
152 1914
1050 3482
950 4462
4722 2002
4154 944
4478 1990
4670 2774
1104 4132
1334 4900
830 4254
3016 4684
1846 3660
3306 4678
4596 1838
4840 1750
1620 4814
1256 4772
1150 4278
2146 3908
390 310
1548 3526
1520 4416
4548 3680
1190 118
302 3442
1790 2864
2784 1708
1266 2376
2532 872
4428 4510
3010 342
1016 4052
996 2592
4658 138
4678 2424
4146 1664
522 3546
4112 3916
4090 1288
1406 4910
4482 1500
3674 300
2392 466
1374 1846
272 2606
1444 852
756 3718
4526 2912
1294 4688
4502 4784
4536 2424
4212 1114
654 2900
370 1984
230 4388
712 4838
1772 610
732 46
3140 124
3904 1130
1044 2930
952 4622
4852 1714
1982 52
1172 3796
4784 1222
1536 224
2090 366
2896 1228
2528 4848
610 1988
3212 248
1944 928
798 3792
4620 1490
4150 36
2968 366
444 1762
982 4896
1492 3812
4580 932
1762 3346
3356 4892
2460 936
1340 3660
3052 332
712 3822
686 2910
1750 4296
3598 718
4884 608
3864 54
4736 354
318 3134
3022 4804
1242 3782
4512 1738
3400 3016
350 4518
884 4478
88 4244
702 3726
3378 382
1678 2484
2396 4580
4646 962
1408 3310
4808 466
2450 3818
4144 2472
4788 608
3558 4782
4628 2988
1864 3608
4366 2356
300 4666
2596 4822
4218 550
432 1132
4816 1190
242 3776
4402 1094
586 3960
3812 3652
896 4426
2210 4306
4106 362
4164 4386
1354 4162
4056 1164
4574 4324
198 4822
2468 3674
828 4778
2886 560
3954 3050
4772 2596
2 3908
4724 2166
1364 981 1081
4650 3176
3866 854
76 822
2648 248
3124 516
390 3406
3028 1346
2424 404
3180 102
3506 4610
4702 4106
1237 2886 1081
3068 782
4388 1378
2214 4652
2644 1652
4796 1998
3724 4854
3502 162
4654 284
182 1424
4836 2608
144 2664
3234 110
1226 76
3986 1894
40 1854
3848 2656
1692 3404
4452 622
2648 4536
2554 4784
556 4758
4198 250
1678 1324
2506 4652
1808 3246
3668 1312
4322 104
3692 616
4578 466
1196 4522
2822 862
1340 4722
1060 3812
322 4000
424 2448
966 4318
1802 4048
4868 788
4590 1680
4378 2774
2148 4504
194 4268
1242 2776
3864 430
4852 2344
4184 3514
1804 4560
150 4210
238 3460
3256 1810
144 4766
3628 1292
2882 264
1280 2792
760 4214
192 4374
3340 1008
852 2942
4010 4648
1614 4874
1692 3430
140 3686
4796 3042
2474 4670
1814 4810
3846 718
2858 4278
3050 376
1522 2584
4886 3188
3136 4362
4070 166
4368 380
4302 1426
318 3018
70 4192
1788 4570
1284 4576
1616 3294
1626 4650
4470 2222
4636 420
3636 1994
318 4880
3674 512
4700 542
4146 192
1450 2586
4726 1754
720 4742
2630 4804
4414 4784
1434 1432
4912 196
4728 4008
326 4498
4798 832
3516 810
2776 56
322 1920
326 3454
2610 438
3420 1464
1484 3890
2888 66
4180 16
1268 2698
3606 4788
4118 4654
904 3570
3698 1058
542 3730
318 400
1692 4852
3772 2020
98 4474
4620 2518
4390 802
1384 3330
936 4556
106 4810
772 3922
3158 1560
1408 64
396 3514
4220 424
3446 62
3676 1666
426 1694
266 788
2290 4602
8 3848
3586 188
3040 4320
3498 594
312 4248
4850 1444
3644 4524
3848 4892
3626 1782
4186 168
1416 4664
4232 3194
4658 3274
334 4292
824 4600
596 3912
606 4752
4416 2052
4412 1718
2702 656
912 3874
4722 2914
78 4404
3358 2062
1036 3614
2596 1494
3990 1282
4232 1608
3726 1208
4590 3320
4752 848
4768 154
4736 550
4474 856
1204 4830
4376 1208
4700 2062
800 4260
840 2608
3008 1880
36 4566
1242 1916
4806 1964
3174 4868
476 2448
4244 2458
1236 4036
1294 4056
194 4856
2476 68
4598 1626
4568 1308
26 4490
3056 870
154 3498
1635 1316 1081
1401 2806 1081
468 2886
1162 3752
3260 3486
1072 4386
3338 510
4048 4796
1592 4014
3338 1402
4442 3028
4650 2872
2310 4862
3874 2520
2640 1730
2570 314
2254 70
3934 2564
3760 1742
2588 438
4480 1198
1836 1226
248 2630
3828 3116
2498 4728
210 3780
3838 3876
2114 3958
1430 4240
2344 1358
1766 4402
4296 70
3046 1672
2242 2854
32 2776
246 2398
734 4666
4590 222
438 3222
1656 2620
3988 424
2118 4662
558 2172
1132 3286
4752 2920
566 4758
48 4654
4890 3440
3792 172
3316 1110
1678 2902
4808 1242
1114 4214
800 4748
698 4766
4488 2172
986 3568
2144 4752
220 3808
568 2208
4018 670
3810 4498
626 4802
4902 850
1572 4684
4040 746
1618 2932
4716 1200
1676 3360
2248 2320
4834 414
1434 4598
2956 4674
4186 1938
3416 3254
4866 1348
4436 2786
180 3432
700 4390
3168 1910
2792 752
1738 4510
4752 2940
4706 1388
842 4084
3284 4736
1032 4486
3650 2670
2052 1476
82 4178
2840 4824
2534 4714
1636 4606
4826 2416
4890 1530
4800 358
2598 1682
1816 152
606 3928
1580 758
2600 4762
1564 3738
1496 3874
2072 2454
4624 590
4654 3740
4792 1442
4184 4764
2222 2210
456 4774
830 4890
4124 1190
4806 1828
2154 618
4622 2596
4254 296
1012 4644
2454 24
16 3644
3798 756
496 4736
4370 1872
338 4196
4692 2396
1860 140
2268 4376
3654 1022
4550 768
4164 1820
2508 1156
3094 1456
3668 4428
42 1888
824 4128
470 2422
2712 2350
4216 4702
4790 498
990 3110
4432 1440
848 4234
4410 86
3112 188
4868 1254
162 3768
1510 1760
2008 1224
4506 4658
2156 4760
1642 372
1024 2592
3724 1744
1612 450
3974 1454
176 2896
4600 3502
4434 2280
3658 376
4862 794
4442 1164
4372 1424
1486 3460
4398 1446
2626 4614
4164 1376
2470 4590
4630 892
4430 3404
3474 4692
1980 4028
3480 4496
406 4732
2880 3710
4256 3042
1874 4326
4142 2844
2446 142
2224 2842
312 4564
4744 494
2354 4418
160 3810
3922 4604
36 4250
1426 4402
790 4236
776 508
328 3500
2090 4770
1126 2672
570 3938
4694 2030
162 1748
4704 976
274 2248
3356 1524
2978 4778
4708 2480
542 3106
744 3584
4890 4328
1172 4312
220 4594
4900 14
4764 1618
2116 4114
3416 762
3720 4796
3916 2060
878 3928
232 3388
44 2612
3622 2036
2570 1356
4748 1160
4700 3182
4392 280
1436 4466
2306 1138
4672 162
4016 2108
2826 3520
4684 2180
1144 2460
4902 3752
3470 4008
1946 612
3964 1648
1434 2740
2920 682
742 2986
3430 1590
468 3100
4374 1950
864 3932
1676 3202
3640 4812
855 2400 1081
3980 2542
4410 1702
4568 4678
2372 826
88 3798
4762 616
4420 3130
4364 384
3698 952
2392 1574
4622 826
4346 1698
2904 260
1194 892
4460 1200
4364 852
4028 1034
4760 2742
3902 2748
3144 4424
14 1688
1884 52
3496 412
2754 416
1142 4574
4218 410
4532 220
476 4230
4388 2818
98 3944
2848 172
4338 170
4158 2392
870 4162
3318 1422
2584 22
2090 4710
4210 4874
2466 420
2080 192
3888 1756
280 4846
2870 966
356 2606
4626 1954
3504 3340
3364 1412
2546 4024
592 4798
1022 4054
2991 1628 1081
3882 1348
974 4454
2050 710
2286 782
2506 1200
2658 1402
4676 826
4374 1718
2868 210
4386 4218
4074 2240
4666 2548
4846 3628
2206 3758
2556 3654
4792 1612
952 1490
1842 4172
3908 1128
3318 906
4630 4354
1208 1716
4226 1460
4226 40
4586 3392
4378 1674
4696 1942
846 4538
2136 3238
2664 4492
3130 1208
2984 4130
100 3760
2820 4696
4864 2728
4780 614
2356 1092
4258 3082
4584 3600
2156 4506
1230 4098
1464 4634
84 4888
4092 1620
1402 3376
4902 414
1488 4282
2074 4756
2202 4746
48 4582
2012 4230
92 3374
1542 4060
660 4828
258 4488
4540 218
414 4694
696 4706
2766 690
1166 3314
3996 840
4440 2838
3540 808
1190 4638
1308 4236
630 3690
2042 4832
2598 855 1081
4366 1452
4764 2596
3476 3838
4842 1140
432 1452
344 3802
1326 4190
2812 3252
170 4410
1146 3116
1198 3450
1748 1022
3130 4664
956 2142
2784 2914
4674 98
3792 4866
856 3422
4320 4698
956 3626
4470 2972
258 2364
1812 4102
3866 1062
4180 4678
2036 4384
4536 1294
4824 4390
3440 1676
3682 836
3225 2004 1081
4768 1812
3596 2528
4256 4842
4418 4050
4862 1278
4620 2548
3128 1118
4056 4362
934 4314
3766 2790
1046 121 1081
2532 4844
2046 4716
2982 4290
1264 4546
3388 1234
4098 922
2714 2012
4768 498
3764 536
2590 412
3310 610
342 646
1716 3944
880 3238
4630 50
3754 4474
2236 4174
740 2918
4910 2476
2552 1478
2288 4510
4666 58
4358 882
2884 2858
3862 2044
4074 1272
4760 2390
3062 4206
482 3784
76 3742
2072 1134
670 4862
722 2628
4338 3032
4302 778
856 4038
1136 1754
4838 3234
4288 44
4526 2038
1092 2882
480 2758
2294 3478
2946 3822
4788 1258
4036 94
54 3000
2494 1132
310 4276
1798 4652
884 2736
4568 696
4248 888
4468 4726
1064 4396
3490 208
4064 1142
694 4246
1854 4620
4712 222
614 4876
4676 1438
4316 1192
4556 488
1080 2158
168 2204
1606 4208
314 4820
4846 2420
3556 636
3320 846
3642 536
4376 1248
4682 2528
464 3770
1054 2982
1422 4276
46 1746
558 4502
4828 94
4482 3544
1490 4104
3614 4766
4770 1758
1726 3254
2166 3872
3170 4836
390 2932
522 123 1081
4274 1040
3092 1856
76 2254
4356 976
4154 914
414 3816
1140 3958
2674 1158
4752 2038
3346 2828
4228 1390
198 3430
2920 1684
792 4454
3586 4102
2586 4176
4488 314
40 4262
614 4312
1222 4236
1476 3568
566 2740
4704 1120
3230 988
1322 3438
3312 768
4764 3018
4410 2518
3906 424
4636 1206
4524 1704
1208 3650
3294 1940
3788 666
98 1950
1152 2234
950 4714
4068 1394
4022 2922
1664 4354
1094 2636
3602 792
3644 264
4138 2044
4822 730
998 4588
2984 4438
4738 1230
682 4018
1212 4454
1514 2828
1056 2758
2748 336
4468 1768
558 2788
4354 82
4836 2464
4630 3770
1452 2608
392 4298
904 4506
1020 4722
2454 74
1132 4016
176 2476
3074 1070
4568 772
4678 282
2348 1980
4174 4438
500 4544
4732 4508
260 4046
4858 4266
488 2302
3532 4716
4804 44
2270 186
3820 894
4592 3180
3086 4282
3296 662
3856 1064
3544 3048
2714 124
4754 3352
4448 4222
4126 526
4690 3004
1292 3456
3128 4672
2350 4226
904 4794
2752 2236
3672 404
4834 1206
2056 3980
4856 3208
4876 1294
934 4820
4430 2854
3024 1388
4650 2108
2434 3796
1576 3394
4240 448
4758 500
3038 926
1856 1026
1238 4286
4544 4836
1180 4870
1050 1936
498 3188
1128 3830
664 4750
1382 4650
1072 2264
726 4696
4212 4508
4906 1290
1396 3486
1532 4766
3076 4348
3036 1656
994 4052
3590 4164
3196 4580
3246 2404
4528 956
666 3694
2498 4356
2652 406
562 4898
2742 4382
1046 3770
4784 1216
2548 516
3990 100
936 3502
1942 2786
4736 3182
952 3660
3352 1788
4540 2806
1262 4240
4174 1158
2872 4902
4900 2732
2166 878
1178 2164
1346 4620
3492 2202
1232 396
514 4144
4642 2600
388 2040
3720 46
2062 714
3949 3394 1081
4718 2626
4898 992
3404 1406
442 1652
4230 244
1278 3418
780 2244
256 2444
1762 1536
2290 322
2934 4064
3366 1296
1688 2696
614 4220
276 3752
1254 3446
4152 412
3148 1530
692 3332
4340 1436
2 1248
4910 2688
4184 1428
4530 2728
4148 2870
2544 4894
864 2188
676 4784
438 2604
2688 4646
4676 2202
4506 1712
782 4498
1698 3714
1090 3132
3848 632
3122 568
1644 4504
1692 3628
3286 4904
1238 4238
378 2624
4902 904
4136 2744
4156 252
674 2598
3212 2888
2632 4318
4106 1040
656 3272
4860 466
700 4848
4844 4206
4298 336
1054 4476
4798 3068
1406 64
4878 2734
2516 1188
3906 276
2238 3064
3470 4908
1544 3638
2910 3453 1081
1618 4668
584 4366
4884 3438
1204 3952
934 2846
4578 702
2532 3888
4302 438
3211 2416 1081
1278 3724
592 4214
386 878
4066 2050
4414 768
2600 3286
4480 836
4730 104
36 1972
4076 504
3710 830
1022 4312
3746 4620
1186 4472
3264 1060
4590 2034
4734 2500
4594 4544
914 4766
1652 2330
4566 1068
154 4666
702 4590
1870 4276
636 1488
4648 4144
492 4616
1376 4238
1652 4360
4818 2522
4694 434
3388 4790
2514 4052
204 4690
4528 670
3606 1960
3116 2094
1374 3928
2434 2212
1274 1480
4816 1454
618 4910
4830 3418
3348 1816
4012 76
1990 4034
4126 2578
4112 776
1708 3790
4532 4210
4858 4358
1864 4674
3598 198
1836 4010
78 3900
2416 4670
2964 4864
2282 3440
3936 230
4329 1180 1081
838 3506
4604 4216
2510 4476
1052 4512
3878 650
1822 2582
4310 1782
3940 2530
796 2528
4678 3388
1664 3628
1280 1428
1748 4804
176 3408
4346 1394
3488 1652
3392 74
4824 470
4670 1770
1408 4800
3184 4718
3848 1704
2836 502
420 3232
4444 1368
776 3656
1766 3250
248 2140
4408 3310
742 3849 1081
1530 1934
6 3837 1081
4770 2596
588 1494
3852 4638
1186 3484
3128 576
4808 2192
4790 814
4424 1742
1054 4784
4324 2882
3188 1536
420 2980
390 4088
4158 208
3628 792
4516 1598
4344 174
3232 512
3846 3602
3578 48
4904 2774
3946 1172
3514 1280
4802 410
516 2752
4306 1842
2356 3822
854 4318
4020 3830
2968 4220
264 3822
368 4852
2602 4780
600 3054
530 2672
712 4304
3320 760
4326 2192
118 2578
4574 2206
2288 3504
4118 706
3414 2094
2194 3190
4138 4540
890 2069 1081
2252 4750
1706 3910
4770 802
1392 2848
122 4752
4810 1664
1704 424
4358 4118
4562 4446
4114 4864
2588 3520
4452 858
2852 442
1176 4644
3282 1004
4230 2856
4322 2658
1630 4510
3026 1184
2126 3842
3192 34
4598 1052
4912 602
4170 680
6 960
3620 3932
704 4704
2818 1356
3658 4836
1724 4834
4522 3878
3534 1416
772 4528
3344 4272
2411 2674 1081
292 3532
1298 3890
3420 1636
4004 1288
1784 4770
1880 262
3778 4626
756 4698
4840 1526
386 4828
50 4236
2598 4050
4416 318
4844 1134
4902 2384
3932 1406
4392 216
2570 480
1328 3848
3484 374
3922 1360
470 3356
3572 684
3628 1272
902 3348
2348 3048
4644 2834
3296 2094
1734 764
108 1486
154 3472
4824 2806
666 4408
3814 3000
4494 858
4772 1398
2160 4618
4892 2496
4698 576
1566 4742
3002 3864
120 1860
4566 3672
4634 1832
2218 1072
2800 3862
4360 3194
4082 3214
3414 946
2678 4770
2195 4448 1081
4774 100
4472 3282
4620 3732
4782 4480
456 2340
3694 4660
3014 1306
370 3810
4370 1672
4696 1188
442 4282
1122 4148
4304 928
2658 696
4020 2124
354 2846
4754 2540
4150 4422
4582 3648
1218 668
3716 1746
252 1998
1258 2708
308 1924
2490 4194
72 2816
4800 42
4844 154
3078 1540
2300 484
4248 248
4396 1914
4090 262
1262 3340
262 3990
62 3240
2298 4166
308 2720
4698 1662
3210 3988
4300 4610
146 2100
3030 1212
2806 1030
176 3820
2188 3126
1638 3358
1582 2440
3278 4516
1756 4566
4326 412
4606 2828
314 2730
4782 2418
3150 4708
3128 1622
4848 718
4730 2620
4694 342
1192 4736
1480 3682
2996 1458
2636 1434
668 4838
3578 4900
998 4858
4388 2574
4444 2486
4036 2862
546 4262
3442 4402
1288 3552
4862 186
1192 4050
4692 1670
2874 48
4098 4740
162 4376
360 3220
463 2352 1081
110 986
4544 1892
4446 3596
3802 1768
4462 2112
2324 3664
3458 660
3344 1024
2720 4118
312 4512
2028 3974
4810 1212
3202 4558
1734 3516
4882 1332
988 2676
4906 834
3944 4670
194 4242
804 4060
3088 2516
3734 176
2050 4614
66 4786
3340 916
4852 3534
3276 742
4078 1152
3166 4228
2746 1394
2428 2126
2188 3452
4836 2804
4654 3936
50 888
2844 990
3628 972
4830 4502
3960 1260
4560 2568
4488 48
666 1584
4780 4542
74 3324
4676 2774
2792 384
1348 1478
3356 232
144 2628
537 4770 1081
4198 3056
1160 4516
1406 3502
2586 1444
70 4200
1472 3932
1271 3228 1081
1150 2228
2942 4726
3988 602
4228 4440
4776 208
2108 4554
400 136
272 3670
2554 4300
2478 594
4690 402
2818 4848
4406 2242
4844 1764
3170 4510
592 3438
3540 576
3286 1638
3870 2484
1596 4162
4754 278
2388 64
4712 334
458 4304
1048 4476
666 3596
4708 750
2794 1558
4664 1840
2174 416
2164 3136
2438 246
514 4200
4644 1442
786 3946
1036 4146
1096 3274
122 4198
3710 1600
4876 842
182 4100
3438 1620
1898 4880
1906 932
3004 1800
4208 378
992 4500
2966 2126
4804 1924
2034 4678
1984 308
4688 2418
1378 3544
974 4808
2200 1546
4354 404
4580 4728
4464 1710
566 2722
4804 4156
144 2564
4284 3980
4724 2274
2884 426
4562 4080
3044 534
2008 3722
1892 3612
2770 4554
166 4516
62 3808
412 4796
504 2340
1786 2912
2132 46
2072 4196
2 3134
552 4254
4390 1120
2838 2322
4906 1498
4556 776
4774 1304
2376 6
3862 334
4592 140
2134 148
4300 2184
1862 292
424 3278
216 3330
4788 1484
760 3534
298 3282
1856 590
3186 2188
4562 862
4528 1880
4726 1376
3818 1880
3612 4834
188 1036
420 4666
3362 4630
1474 4736
2336 4744
4766 3814
344 3354
4184 2738
1650 3288
1374 4812
702 4836
2098 4328
3104 4374
2 3822
3884 704
266 4078
1392 3442
4436 2594
3670 4624
2556 3492
4868 1592
486 3436
944 4494
952 3074
2102 610
256 3500
2586 1882
906 1818
1014 4310
3550 1594
3358 330
4682 2340
3882 1172
378 2680
4218 246
3874 1178
4502 1312
1712 3756
732 3950
1988 1576
770 4540
982 3272
4666 1610
3174 2416
4588 558
4414 370
4292 3500
4714 1778
2652 4430
2136 4010
3082 2518
1166 2964
3914 1586
1990 2140
3286 470
4460 448
1718 2610
1750 3728
3698 78
2704 4398
584 4912
1826 2844
4908 3072
1770 3926
4644 1466
2700 4676
1072 4868
1936 4866
3228 614
4790 988
434 3620
4826 224
2440 4862
2324 4836
4096 1358
1110 106
2502 3806
268 2580
4004 200
488 738
4796 974
4708 3416
2102 2122
3216 456
1712 2946
1640 4372
300 3650
4574 170
503 986 1079
2062 4566
4766 1348
4864 684
1292 4162
1972 4696
4618 178
4676 1072
1072 2726
4628 1100
2648 4310
2846 1486
2754 4888
818 2824
1776 3924
3590 2192
2374 4330
4700 2226
4832 3942
4820 700
1168 4310
3496 4874
3250 162
1162 3938
386 4766
4692 1604
1414 3878
2798 4038
274 2524
3202 4416
4122 4900
878 4146
3612 1272
758 3164
3400 244
1254 4010
1040 4524
1800 3808
2770 3286
168 4572
928 4912
1784 4846
2398 4802
4814 2298
4254 604
3760 1692
3724 290
4144 732
4680 2446
2972 1940
4158 80
1806 4418
3442 2094
452 3312
4600 494
3206 4894
4848 1724
2834 4856
2248 4708
3252 3104
268 4500
3944 808
202 4310
4844 2226
948 2188
3318 600
760 4190
1244 4478
2766 1364
1524 4528
1268 2756
654 2440
4428 1550
4810 266
4618 3162
1282 3346
46 3616
4600 236
1130 4398
3280 1022
934 4302
4078 1202
3554 138
3816 1602
2028 820
4868 2228
3988 1932
1388 4796
894 3726
2408 4804
392 4015 1081
3658 262
586 4712
556 1872
2782 4754
3888 2234
4182 1452
50 2230
4624 3496
4790 488
712 4794
174 3894
4776 1056
4144 416
3264 1524
2688 4900
1252 1670
36 4746
100 3942
4724 1998
4000 1366
1714 4044
506 4560
2270 4762
392 4710
3636 1372
258 3742
2390 4002
3058 2680
2707 2870 1081
3926 1348
3002 1088
1924 4548
4704 1956
416 4536
4700 776
2250 4390
1028 4670
4044 1566
3582 170
4406 1290
4758 1144
4548 4154
162 3680
858 3668
3112 4552
2972 1096
2448 3650
386 4318
2332 4464
2610 1726
2130 4238
2314 950
4354 716
4304 3234
3214 4660
658 3606
2260 4460
900 1614
2534 1368
900 4532
4784 2814
4568 1110
248 3718
3922 3616
2464 4510
1766 4832
3396 1490
1406 4270
3808 2456
3340 516
2832 1312
4834 1976
1960 4464
260 3234
3984 702
82 3034
1857 1522 1081
3538 2210
3852 1148
284 1982
1420 4594
4750 2808
270 2868
4024 424
1306 3972
3302 636
1598 60
924 4394
3468 122
4166 844
70 1924
538 4690
2098 468
2950 846
2766 4594
3742 2428
4200 3776
4684 1720
630 2202
3296 198
4816 2274
2142 4472
3644 4644
4132 2394
430 4742
1870 102
3330 1664
1098 1488
1968 4704
356 3000
472 3998
1144 2796
1240 3482
1478 4206
984 3274
3192 4578
1486 4040
3336 1518
2934 4774
1884 4428
2524 1274
2620 4884
724 2698
4562 2072
4516 3390
4390 2624
3652 498
3722 348
20 2848
178 4200
3220 258
3448 2068
3908 1538
1222 4456
842 4262
242 4652
966 4598
874 3134
176 3946
1052 4472
730 2242
592 1630
841 1094 1081
4462 454
274 4342
3232 4796
3260 188
4622 2040
2814 4412
3880 4670
4116 680
3878 1024
4578 1016
3856 60
4592 2018
4678 1156
3930 636
4800 214
3144 1318
668 4846
1546 4764
1198 106
1026 4626
1134 3624
524 4332
774 2360
4372 1588
456 3484
4750 1708
4856 1208
4818 954
1926 4172
4632 998
4068 2416
2332 1856
3140 762
4860 3928
528 2338
422 4636
1638 4890
68 4448
4814 4128
3996 564
3720 1728
3130 4900
3720 150
604 3876
4640 1878
3708 794
2174 4896
468 2900
4498 2756
2852 14
122 3366
856 1758
2610 4810
3986 1372
4702 2322
3932 366
3864 816
3612 3046
1070 3128
3774 4906
4156 984
3608 164
4868 164
2552 2550
4838 1630
3742 284
4842 3746
460 4874
2890 174
3836 756
4448 622
4554 58
4348 1772
4576 2190
1306 3102
4090 2786
928 3592
256 4484
1568 4792
4588 2684
914 718
2500 3426
582 2792
2352 966
3926 964
2096 4700
4640 2990
222 4822
944 3854
4250 250
2376 4672
2172 3748
1638 854
410 4868
3340 188
2146 3594
3222 324
386 4250
950 4710
1442 4682
1710 3602
1590 4810
3830 666
2698 4260
4490 2930
854 4300
1493 2160 1081
4480 2446
3448 1970
2828 3628
1120 4194
4760 3944
1868 4704
1252 3728
1786 3764
4420 4084
736 4346
1929 3698 1081
1658 286
4822 704
4734 880
4682 4212
4420 522
3422 1202
3762 340
2736 2130
1448 4306
838 3242
4894 648
4578 334
964 4340
3718 872
3525 1508 1081
822 4308
1216 4056
1018 20
112 1578
1274 3674
2708 3954
3390 2226
4228 190
4594 22
1932 4720
4782 282
1498 4874
2090 3594
4546 4100
730 2288
1666 3744
1730 4680
4662 2222
2232 328
1508 3954
1156 4132
4082 1570
1386 2914
4314 652
526 3336
4682 1078
4568 1984
3440 1102
2726 4512
4256 2638
1268 4670
4628 1314
3868 1766
712 3728
686 3006
2470 674
4534 2648
1942 4646
3432 44
3294 1164
3678 4894
872 4888
3312 1404
2092 4464
3634 48
1970 4390
1440 3362
3356 4840
4588 1620
4832 4590
1218 3814
4592 678
4356 2552
3708 330
4094 140
1188 3178
1180 4128
172 3408
1332 2552
606 3196
3500 130
456 4826
1046 1672
4712 1682
1958 4358
466 4080
1332 4482
3310 4682
220 2284
416 4582
3832 110
2614 946
3506 4530
3058 2002
2976 182
1990 4892
4610 2758
2200 1228
1270 2094
214 3840
4254 2062
3402 4
1660 4580
1180 3840
2840 3698
2642 728
38 3518
1540 1846
306 836
372 4252
4060 138
1220 4766
2992 2150
1532 4296
326 4492
3322 798
288 3070
4242 1536
4166 1806
1654 2876
472 3550
1008 4344
984 4692
532 3942
3282 2658
4510 3530
4156 2260
1734 2572
2018 4048
2910 2944
2440 4834
4642 2046
32 1594
3534 3030
3850 1916
4546 1362
2940 4274
962 4632
2468 4900
3574 2436
4524 4830
3524 2256
164 4866
3324 318
1822 42
94 4636
1912 3486
410 814
4024 188
3780 2466
3346 4386
1582 3466
4642 540
2256 850
4700 1816
1176 4156
3160 382
1036 4840
4734 2568
4694 3594
1020 4556
4598 1096
4584 2454
4660 1207 1081
1536 4694
2224 4244
3682 4642
92 4714
1696 2688
4666 2042
4542 3850
3250 4754
4500 3162
1594 4600
2644 3874
4824 420
854 24
3834 1376
890 3054
2848 4554
4528 2910
226 2168
3564 4540
2284 4604
488 3764
1744 4440
3738 2188
934 2716
4816 2422
2230 1454
278 1099 1081
2728 286
4178 4644
42 3764
4788 1932
4744 1374
1418 2180
810 4466
2008 1934
3018 3950
4552 474
3642 890
4516 2400
4608 3568
4754 2276
224 2176
2044 3760
2732 782
4550 1568
3886 386
169 3312 1081
4828 1428
4698 1184
3870 196
2570 4220
758 4622
1064 2000
190 2490
2370 816
3902 380
4336 3866
3820 2996
866 3854
1064 4694
4904 278
4538 1616
2516 3698
4232 240
2410 4516
1652 4618
4650 1420
3060 3720
2890 2318
4566 2114
4524 2382
4048 1872
3142 2056
4024 54
688 2712
654 2868
4436 974
1248 4222
3562 2668
3584 1254
1444 4080
4434 454
4888 4102
124 3164
740 3730
2472 4680
3158 1784
656 2472
3574 4896
4768 2224
3486 578
438 3652
4868 3034
3296 422
46 4590
3140 1080
3148 1152
4062 624
4316 3240
4618 1406
480 3904
540 4880
4692 3172
1924 3658
3004 124
3284 1724
1506 3642
4144 534
4272 2336
2288 4788
3248 356
2044 3516
26 3448
1226 166
1364 308
3864 1284
2676 4278
4898 4316
1764 3724
3500 486
266 2136
4370 3720
410 3314
2572 568
3780 4534
1932 4620
4822 1894
4648 3232
4828 2100
3534 1240
4782 286
1234 3140
1984 3994
4902 3350
2214 4248
4058 1354
4676 3114
970 3544
2420 4692
1292 4624
3184 1768
3668 4852
1688 788
4666 694
4896 4046
4810 1572
806 4126
2782 4114
866 3520
696 3954
1918 1640
4534 1462
4222 236
2688 4736
1452 1786
4526 386
1538 4272
1964 4862
2414 3316
1202 4354
4194 296
4760 1560
788 2898
4908 484
848 2084
2728 224
1820 3428
2540 3470
2750 3536
1212 4362
126 3852
1792 4786
3318 4710
730 46
2126 4880
3972 868
4636 2520
3884 78
4796 378
4286 664
2668 3428
1300 4326
3848 54
3950 1106
966 4904
4392 664
1650 4626
858 3064
4072 738
138 4034
4254 1794
2378 4766
2476 3050
4672 932
960 2546
1494 4254
3178 2120
248 4220
3880 568
3444 2882
3708 1134
2710 4566
366 4816
450 1934
12 4167 1081
186 4422
4744 2226
1844 3272
3560 326
3844 148
248 3354
438 4278
2204 3910
112 4150
2946 4560
4554 3672
4702 1668
360 4908
2964 4348
3694 2090
1868 2614
1430 4880
3628 262
2838 142
2104 623 1081
4778 794
4547 4822 1081
228 3646
684 1136
1614 3056
4872 2428
2152 1032
4902 670
36 2598
1994 1116
3166 4004
4198 2526
872 2078
4136 618
62 1632
990 4108
3452 4664
1084 4826
448 3914
574 4828
3368 890
4464 2170
22 2538
4792 1694
1026 4414
722 4852
4908 2226
930 4056
3720 4646
2486 1334
4660 1204
1828 890
286 4890
4840 2134
588 3786
2097 1356 1081
2728 1890
4892 3704
2248 3336
1366 1790
4596 3826
4228 904
902 4790
4598 2738
4806 1646
3416 1688
558 3480
972 4812
4874 3150
4094 1198
1294 4240
3106 4408
2200 3896
4056 2252
2882 4314
4422 1460
4608 764
980 2218
38 3476
3094 518
1112 3916
864 3332
968 3316
916 2398
226 4320
4132 4906
718 4474
2690 1558
642 250
4146 4714
3860 2428
30 1348
3324 4656
940 3786
2796 4822
3912 68
2412 3526
1470 2248
1132 4076
390 4894
1994 532
3790 1010
1434 3874
678 4220
2478 4772
2324 4652
514 4054
4880 2988
306 1860
820 3352
3842 72
1912 3092
4656 4056
2531 650 1081
3812 280
4856 2366
4720 790
4770 1040
572 4176
1598 4786
1040 4534
1608 3408
4842 1612
120 1982
1090 3584
900 1395 1081
328 1800
3680 12
586 1474
4858 2776
1152 4812
970 2404
888 2368
3617 4566 1081
576 4018
128 3626
2984 4584
3768 204
2634 324
3236 1067 1081
4164 266
1882 2512
218 3918
3954 3744
158 1408
1218 4530
26 4526
4250 914
4030 118
3914 4072
1268 4430
238 4098
2216 3370
1604 204
3950 3840
1158 4804
4576 2292
2932 1066
4554 1342
900 126
4852 2520
2442 982
870 2526
3288 2730
1454 3154
3136 4372
3588 4748
1032 4384
1130 3507 1081
4682 3958
1532 1744
1172 3442
3604 1744
4146 2862
3814 4818
3118 560
2482 4774
4672 466
4026 48
4592 1522
4772 330
2190 3600
3250 1520
4796 796
4826 1658
36 2200
4714 380
1008 2714
3524 4728
4538 4
3875 3552 1081
114 4022
4394 1030
4722 1770
3688 366
4566 4324
1392 462
36 4020
4278 1790
3548 364
3956 4696
294 3538
3376 1446
4688 3746
4336 1348
478 1510
4084 4508
318 3354
378 4606
844 2488
4120 1598
2792 174
980 4722
296 3754
222 3312
1890 3174
4672 194
1384 206
4666 1344
4610 3574
462 4688
338 3684
782 3404
1214 4232
3816 4020
3598 1804
186 4854
2806 1500
3444 836
2138 4064
652 4226
2880 510
1146 4726
756 4760
2788 1606
4782 962
4658 2420
4686 4054
1520 10
2184 4514
1054 1810
2776 530
4102 46
2074 3778
4616 2230
2350 192
2804 660
1734 3872
4072 2894
3300 662
400 3336
158 3550
682 4266
1562 3334
4826 892
3512 578
90 2506
2752 966
4658 1480
3814 956
224 3118
2616 3766
830 2940
3340 4788
4706 734
598 3516
3520 4708
942 1546
1318 4078
3304 4152
2560 4884
3622 1576
4902 596
1958 4786
1132 3482
416 4790
694 4106
4258 546
4828 88
3116 14
4860 278
1760 4082
3740 1418
4890 642
4000 684
514 4612
3588 4270
3314 98
3670 334
4334 1490
4192 870
32 4682
4166 856
3202 4746
3260 1678
4790 94
3938 1220
288 738
1064 3618
4666 1632
2212 1282
130 4206
1358 4552
4334 2792
4796 834
4350 2986
3776 4352
4598 2064
3742 424
1520 148
2624 514
1562 2486
4754 3262
1366 4610
2306 2726
3952 1146
314 4776
3342 1760
2174 2802
4346 162
4518 4496
248 2350
2818 242
4762 2388
116 4686
3404 344
2786 1002
4702 232
1166 2986
4394 1516
4340 1446
2098 200
2518 140
2800 1112
2228 4084
4012 1678
3364 4686
3146 4572
1214 4340
4566 2386
4004 4776
879 2232 1081
4908 4304
1208 4802
3318 778
4624 1832
3966 674
330 4502
4854 1386
4638 310
540 4124
3896 4688
4238 716
3264 116
4886 504
4422 1050
1742 2606
1562 202
492 3182
2474 90
716 3848
4346 396
1264 4684
4234 412
174 4780
4732 3740
4720 648
4512 2610
2880 706
4840 3852
4384 2930
230 3732
1244 4576
4546 2054
1750 4802
1478 4440
4192 1764
2974 2115 1081
4548 2286
1774 4578
4032 366
2496 4806
4778 2972
2066 2952
194 4296
1962 4538
3664 630
254 3666
2474 4798
1362 2474
4378 610
4006 898
18 1146
3646 372
3992 1388
4846 1900
442 3952
934 3454
4546 4078
2154 148
4396 2084
636 4546
154 3292
2372 4232
4816 1604
90 4480
2696 4354
2056 3662
4586 1600
8 3000
590 3008
3160 2314
1612 3728
4171 1072 1081
4720 1188
4602 1260
682 4708
2120 3470
582 1882
4650 1440
2752 1084
892 2390
4484 3108
880 2670
4746 1400
1210 3894
2304 824
4450 2780
3900 2474
220 4000
528 4012
478 4874
3852 2662
1780 2804
1684 4704
2516 874
86 3074
3692 2784
1608 4698
1598 4166
1504 3540
262 3560
1312 4618
4564 4188
3942 318
18 1538
1346 4138
4504 3696
4774 1404
1838 4076
2938 1576
2036 3956
4290 740
3658 1500
822 4676
2838 3282
3364 372
3742 3688
3148 732
1270 2014
3880 738
4490 838
2852 4266
4832 1246
2112 4742
636 2424
656 3268
22 3124
4666 1814
4120 58
1262 4192
214 4906
2036 4436
436 2460
3262 3340
1090 1649 1081
624 4035 1081
3606 2422
1914 4504
2130 3346
2056 3768
4528 320
2824 1348
4840 2650
130 2696
4854 3116
1640 3818
4674 1414
2398 3754
4676 430
4734 3430
890 3470
2612 3530
3830 4584
32 3994
4792 296
4468 346
2205 3476 1081
4764 3124
1902 4544
3170 1432
524 3628
4462 3860
3860 410
4604 18
1892 3044
1008 3912
1604 2934
1872 4778
4558 1980
3354 1854
442 1392
4356 1374
4642 1026
3226 1986
3796 1418
2892 932
4644 412
4526 826
2938 3912
3270 2390
22 4768
2758 250
3344 772
4474 996
3042 3868
3020 256
4614 2896
3030 1392
1682 3782
1324 372
1266 4344
3524 3648
3102 492
4662 2152
2992 1340
3828 4280
54 4076
1566 316
4596 986
3154 3178
3490 772
302 4002
4744 36
3894 3046
3908 2558
1362 3600
1734 2120
2026 4214
250 2692
310 206
3862 3250
4390 1500
4380 2964
538 4578
2719 4042 1081
968 4830
4608 1330
478 4694
2924 1192
2036 4778
1532 2910
4800 2026
4602 72
2544 72
4026 124
1784 3258
856 656
284 2560
4812 2944
988 74
770 4420
3918 522
2032 1574
4422 1026
4510 2080
4262 482
4544 940
624 4712
2386 1036
1988 4528
4778 2442
918 4268
2970 4658
114 3274
4526 1294
1356 4116
1600 4878
1802 4338
1650 2764
928 2312
1246 2358
3186 2272
4478 2836
138 4490
498 4360
2246 786
410 1824
3836 2984
3296 2266
2312 4330
2296 2774
104 3754
4884 614
4860 558
3038 4560
4864 204
3058 4104
4068 4464
530 3318
368 3918
4428 562
3844 504
3044 1110
1564 3864
2132 4578
1318 4734
3800 934
3390 4692
2016 4608
3322 68
1934 932
3168 512
1286 2936
2240 4676
2972 886
1410 4132
4842 1118
1494 3592
4276 3174
4212 2884
3212 528
4898 3436
4722 3088
1852 2720
1120 2932
3318 1294
1580 4790
3606 1484
4586 884
610 3198
2458 140
3924 720
2910 4296
4452 1416
2098 388
3950 1464
46 4034
1172 4134
1816 4544
3978 1650
244 4442
4766 2256
4228 4582
4612 1172
2460 4184
4522 1538
2972 84
4616 1518
3194 914
1648 3948
4808 302
1674 1896
2340 3260
266 2734
3646 318
2780 3152
4056 2488
742 4456
178 3796
4500 3888
1034 2406
4718 1536
84 712
1090 358
4278 4530
1224 2612
4776 1324
450 2826
3088 684
2002 2870
2828 4284
428 3722
2070 4448
4288 2972
1758 278
356 4700
508 3664
2852 552
66 2942
4268 514
3194 102
1302 98
1366 625 1081
462 3676
762 2830
68 3428
910 4904
694 3426
3708 2142
1074 30
4314 1450
3982 1174
4448 800
4664 2564
4562 1728
134 4298
3712 4748
2974 1522
2258 580
158 3806
4836 3178
584 4802
816 4510
446 4306
4104 1860
3828 4850
112 4848
2100 3406
104 2804
2180 4236
4640 3748
2484 1530
196 3246
368 4792
714 4196
3242 2200
1554 1582
2020 2756
4614 804
798 3512
2232 4770
90 2978
1128 4166
4726 212
4704 2360
3092 4428
4896 1740
4418 2720
2014 2886
4696 1732
3642 4834
3866 4742
4786 2008
4296 534
3008 1656
4574 1166
2182 4786
4150 3412
904 3456
4378 844
1206 2516
3840 4416
1726 3532
124 1092
2348 4832
2610 4436
286 4896
234 802
4886 124
2808 4546
764 2844
2522 4654
4382 1538
1012 3468
3986 2550
382 3366
450 2596
3432 4690
4352 674
4684 2338
1312 2176
228 4398
2516 4814
4906 1680
952 3046
3198 1394
4830 1412
3946 1424
1858 4736
126 4894
4286 2424
3336 4872
4187 2560 1081
4218 702
1420 4780
302 1726
1628 3208
490 2456
4534 1556
4438 2660
2236 188
1808 4770
2960 258
4906 580
3462 4670
558 4054
4070 4716
4470 176
4398 238
4600 3462
292 4008
658 4680
3478 374
1696 3940
3774 4328
2978 1226
298 2976
3220 1634
2698 1242
1926 4272
686 2866
4220 542
2300 3866
696 4520
6 4148
4626 3888
562 146
146 3480
4888 2200
1212 3704
282 3740
1304 4286
1422 2410
3114 4760
718 2544
738 699 1081
4326 174
2726 2010
2694 1938
2594 4518
4862 1486
4278 1644
1636 4172
4730 750
854 4686
2654 4556
1074 3914
1812 2906
854 4766
528 4286
3420 4478
656 4808
2916 858
3168 2454
372 2868
2046 3030
2646 1238
2930 412
2032 4906
3798 1244
4384 1280
1798 4236
4088 1778
269 4016 1081
4728 1448
2074 272
354 2504
4872 4544
4668 864
3316 4800
3072 4316
4272 268
1306 3178
734 4582
1124 4234
4702 4144
108 4610
774 2874
3318 4506
4302 636
1304 3644
2706 4550
3706 2470
4386 1872
2666 4612
4802 832
2004 4716
4302 4324
2076 4758
226 1492
3748 368
694 2180
4756 3570
2352 4734
3574 1230
1920 4856
4800 2394
2632 3612
1812 10
4828 1948
2482 3488
338 2968
1276 3856
3930 2792
4664 2538
4885 2194 1081
4584 1286
494 4558
506 3704
2468 4840
4252 4660
4878 1674
3761 2112 1081
240 2024
2158 4402
1652 4894
4878 1092
4714 3750
3730 227 1081
4106 1094
2662 4810
1866 4650
2804 4020
4516 1736
4406 3184
4674 2244
92 3002
4604 38
232 3906
494 4358
510 3700
2020 4612
26 4394
226 3952
4766 2884
4658 3000
2058 696
3916 2148
3818 1264
746 3818
236 2626
2880 3840
4762 1364
4320 2872
964 4462
1080 4250
78 3312
3688 1264
1452 4440
1602 188
900 4710
10 2428
646 3740
2060 1154
1622 4754
4790 2074
2740 4818
1006 3850
2700 34
4654 884
4882 68
3330 2874
3470 4686
3544 1738
1646 2750
4730 1016
2832 3974
1890 344
2684 2414
1366 4110
1950 916
1908 4468
1172 4894
1152 196
828 3236
2508 4258
4780 3604
2608 1560
4610 2460
3374 4652
3952 1354
146 4496
4 4246
3536 1906
2596 1554
6 4432
4594 1724
3314 1056
2856 3856
4750 2188
3772 4732
3342 1840
822 4842
4326 334
3344 1510
2092 538
2618 3572
1054 2518
2938 1900
166 4400
4882 314
4570 3918
672 4744
2986 1556
4718 1922
2702 32
4834 592
1616 3224
2226 704
4856 1564
4664 798
1406 3814
4134 976
4296 2552
4296 4800
4658 1106
3506 2720
2732 4172
360 3686
496 4608
3348 558
3424 4806
3134 4760
2252 4664
2642 4734
4758 2852
1960 4824
4670 520
4046 4728
3572 912
1342 4262
2620 940
1080 2370
1230 3636
2344 4138
1314 2472
4702 316
1118 3628
4802 2898
4054 3518
3610 1628
3228 4334
2452 3512
716 4428
270 3108
632 3634
182 2680
2582 3544
4506 4004
1170 4572
4352 2478
2486 1024
2172 1254
2536 1318
3296 1276
1038 3680
3254 2668
1168 4180
1214 2436
4576 2000
4562 1884
3012 1484
3932 4450
2542 1880
56 3786
1772 3670
434 1452
3354 110
408 1914
4638 2112
4504 2790
844 4816
2178 4628
1674 3862
3438 1062
1174 4344
894 4748
1174 3532
4442 252
4456 574
246 2896
1182 4708
1510 3544
4770 378
1278 4310
4168 4758
3546 4676
954 4248
4334 2978
3646 2398
2868 3190
4120 396
4910 1026
1330 4108
4880 3746
966 2442
2138 2032
4846 3578
46 1994
8 4720
2330 416
3422 630
2700 4910
4894 2230
2132 1112
1462 3866
4734 3002
2290 3240
972 4098
590 28
4538 944
356 4120
4572 226
346 4096
1960 4616
2728 1222
1098 4690
4512 246
3296 4646
4418 4410
4032 3694
2158 212
1322 4892
4734 3208
3206 4208
3576 4036
4530 438
1780 240
3862 1518
4814 810
2034 4508
1184 3550
848 3786
1004 3066
4026 398
3420 3848
4868 360
1010 4560
2704 598
4810 1032
2878 360
1722 3328
3216 1268
732 4136
4418 1426
4880 2418
4292 2590
3866 3966
2344 4530
854 4278
838 4692
2240 1822
1896 3550
960 3278
576 4084
1184 4824
3898 1218
1380 2080
1516 192
1060 4828
390 4744
3894 918
4638 1832
1810 4694
4200 1914
3442 2444
292 4906
4428 762
2896 4024
908 1102
4222 1102
258 3378
4186 94
134 3552
870 4800
4840 50
2506 4294
798 2596
4854 1722
2956 4538
2370 4658
1282 1634
1408 2346
1110 3926
3401 40 1081
4464 4
2734 4868
3508 1332
4310 1702
4222 876
4132 2662
4128 1330
4448 900
354 4352
3752 220
3710 4008
4576 3580
1472 4692
1084 4328
660 3838
4638 4324
3570 1110
4568 1936
126 1780
38 2592
1890 16
342 2660
1118 3146
4406 378
1998 4744
4122 1022
4774 640
1010 4748
4356 2240
4196 38
1368 3626
2446 1826
4426 4614
3694 832
4576 2568
3522 1242
4076 1376
3800 1699 1081
4654 1354
3238 1036
158 1164
4692 3566
2482 488
1698 4482
1022 4432
3862 306
4898 104
4770 2252
3646 1430
586 1952
4548 4218
4146 1558
4570 1190
1440 2834
558 4500
4714 2494
2904 1352
4828 554
4750 1668
548 4882
2040 4828
2328 4886
4856 2514
3324 4788
3026 84
4100 626
3868 752
4458 2598
4790 256
4672 1764
372 3800
992 4758
4322 1364
3852 1302
2616 4430
3754 4416
4566 168
2198 3952
2018 784
2018 4112
3190 4582
246 4732
4176 1320
2502 4576
4080 2056
776 4370
4736 1432
3134 4780
2594 4762
2034 4398
2336 246
3562 1064
1918 4708
528 4760
338 2352
1958 3166
2640 1150
1914 2758
346 2766
582 4476
1022 4812
174 4642
4690 3260
1144 4288
146 2784
4244 1794
1262 4102
2318 4144
1440 4724
4570 1680
3350 4688
982 4666
1916 1860
1704 4506
4824 2022
3256 716
4736 1434
4610 436
4430 1106
456 3356
1290 3628
2772 4698
4156 1990
1434 3100
4816 2788
1524 4164
4022 1488
1055 1538 1081
56 2638
2756 910
2912 4339 1081
4046 2410
3674 4084
2646 3950
2246 4270
3878 1408
3498 2554
1732 4138
4254 1210
4230 1066
426 4624
4274 926
4770 4629 1081
1824 4420
4290 452
516 4810
4434 48
4074 2962
3978 348
4800 3108
676 4556
3632 122
2046 4362
1450 2720
1462 3112
2980 4160
4046 252
458 2030
116 1612
3710 1470
4726 3634
836 4066
1222 4910
4762 1088
818 4722
4800 3924
3134 128
1744 476
3636 4514
3578 4892
512 3900
114 624
4580 2974
3878 308
574 1636
3982 1572
781 4054 1081
4842 3928
3234 964
4712 612
3216 276
1280 4532
2628 1070
4702 4248
688 2200
3832 1476
4656 3998
700 1446
1278 3078
1080 3976
4390 876
2232 4196
1722 4418
416 3284
54 3158
936 3692
608 1560
702 3106
3118 4716
4186 908
820 4600
378 4854
4306 944
1780 4546
1142 4790
1214 102
4468 2058
3730 4730
2142 4212
4444 664
4394 2560
4148 2860
1660 228
638 2984
4284 3216
1244 3384
4894 1574
382 4378
2976 4332
4044 3654
118 868
1132 4708
1264 222
4666 2360
242 4076
1404 1098
1216 3032
4214 2850
712 4426
706 2946
3602 872
2376 3538
1274 3790
198 776
1002 3970
72 3540
82 3352
4044 400
3058 2464
2348 4360
3454 26
4040 958
1712 1266
460 4324
1406 4770
780 3908
4260 1136
3920 130
2486 848
1242 4326
486 3280
4708 2418
4656 1070
4234 400
2090 1372
176 4846
4832 4036
728 4552
4508 986
4388 22
2924 866
1686 4122
2692 1394
1000 2198
1212 4364
3882 984
208 4538
1782 632
2140 1084
2656 346
4674 570
3640 218
1590 3574
4588 842
4462 578
1062 3464
4316 3076
4152 820
3550 3092
4018 2790
3578 506
702 3774
4404 266
1362 4248
4028 1696
376 2820
4304 3210
372 2216
4752 1958
3670 250
1188 3084
540 4726
2788 854
3874 1180
1128 4172
4188 746
122 3938
1536 3942
4730 2316
4904 496
4892 1712
3796 42
2848 4722
1728 4122
64 3496
458 4496
1634 4470
1370 4278
1416 220
3958 4480
4294 960
320 3546
3522 1636
352 4102
152 3230
1042 4614
4000 1936
3884 1948
2798 3324
3920 1168
1764 78
4512 2346
4378 3350
330 3654
4070 2510
3894 4730
2872 4498
2504 1342
4882 300
1038 4076
4668 206
1958 2233 1081
1704 224
70 4236
2802 4834
1784 4438
902 2036
4808 1484
3288 280
4722 1718
4124 158
4818 2802
1822 2998
148 2510
1528 4652
938 4024
4888 66
2722 4766
620 4022
3498 58
580 4882
4586 900
4786 2716
4226 706
4774 2108
2946 2674
1252 704
3298 4038
404 3210
410 2498
1330 4410
130 2196
10 2152
596 3444
118 4106
4048 1882
304 4094
788 3148
4626 4610
4782 2292
3756 304
16 4454
2416 8
2696 4504
176 4174
4794 4504
4158 54
926 4060
2076 4638
3834 1504
2304 3826
938 2024
4664 3516
1168 4788
3596 1180
516 1954
3340 554
3650 1264
3032 1214
1734 4290
4400 182
3842 642
322 4786
2242 4476
1484 4870
2514 2968
3860 328
368 4606
1250 4736
2410 4612
1094 3360
894 22
1812 3308
4318 40
3621 2786 1081
1270 4824
506 4866
3262 2
4438 3052
3004 4472
2544 248
4634 556
3644 4880
1352 4054
726 4874
3532 664
4538 450
2674 4740
4614 1934
1026 3462
3884 1966
4068 552
1814 3448
4264 2162
2062 4864
3896 686
68 3686
3944 4534
2774 4616
2854 898
915 1478 1081
4294 1636
3676 1584
2992 4886
4702 1704
4844 3230
1448 3286
4674 1656
1850 4194
3416 1504
1358 4776
2246 4666
4140 1316
3466 1166
2550 3732
2582 4544
1968 2918
4348 756
3366 438
3636 4462
1076 1714
438 2234
4212 374
4844 230
2230 1224
4568 3872
4134 2940
4692 2664
2572 4550
932 2138
441 3604 1081
516 126
4748 1392
4112 1302
2658 4382
1410 3622
4234 78
4484 4210
4 3266
1844 4348
4784 126
288 3120
772 2494
3360 4862
320 4360
2894 4718
4858 96
4600 3512
242 3050
4326 1880
2780 1582
1636 4482
3784 1946
4294 1526
3420 4590
664 4822
980 4610
1786 3688
3850 1600
4128 3665 1081
3572 4394
3910 2396
3250 782
2134 3360
4710 3456
66 3558
468 2668
2722 200
4418 966
270 4862
1418 4090
752 2476
2408 420
4224 3166
1834 4436
182 1928
3692 2024
1190 4070
3684 4796
4670 1756
4324 2222
4780 3328
4842 2788
2722 198
4510 2716
4096 1382
1350 2396
1226 3298
4270 4670
2700 372
2670 1004
1314 4350
422 4208
2156 450
2252 4622
1336 4402
4052 566
200 3458
358 4328
240 4846
4558 290
3038 430
2810 1134
88 4780
3340 170
4432 288
4556 1936
2764 4784
4546 3044
3014 130
538 20
3810 468
3010 3790
412 4468
688 3540
206 4532
1554 4900
836 3756
3086 1568
3938 268
328 3000
3082 1138
1092 1642
1124 2988
3860 4910
3450 4700
1268 4688
1106 4738
1114 4890
2916 4858
540 186
2832 1082
402 316
830 3908
1386 4078
1844 2906
1930 3170
662 1530
260 2184
3334 1246
1028 2884
366 4304
4422 1694
4632 1262
1790 2522
954 4294
3606 4282
1166 3812
762 3434
348 3456
1636 3958
686 3626
3434 878
846 4182
824 6
1062 4908
462 2156
1280 306
4820 1620
3716 1956
3956 160
4278 4890
1670 4416
2396 318
1192 4218
2872 3938
1546 252
4572 1576
730 4846
1834 4280
2648 388
806 4508
1060 3794
1500 1160
1562 3190
866 152
4688 1740
264 4892
4698 1636
4048 820
4450 4772
2584 178
928 2830
2638 4692
818 4358
1644 3132
2524 4540
2734 4784
3316 1094
2602 4704
3942 4894
3132 1068
938 4498
1264 3482
4214 2898
3186 4762
4370 574
768 2904
4706 1420
4474 1512
4010 846
944 180
1438 4724
286 3850
3438 1598
4296 154
3184 746
2026 3918
2814 1406
2172 354
1566 4106
4326 348
4620 3856
2306 3160
2544 4696
4576 4022
4800 2434
206 3834
3209 354 1081
4888 392
2646 4856
3264 362
4754 1020
4246 4456
4704 1754
4120 106
3742 628
596 4850
840 2558
4316 444
924 3624
4648 2170
4546 484
1374 4478
3050 4678
2106 570
2750 4412
4648 312
256 4286
2052 4734
378 1618
2778 330
362 3144
3806 1356
3076 8
4440 1058
582 3212
4788 576
4554 2016
980 2962
4708 1912
1184 4738
1830 4382
3554 402
3254 946
1068 1658
2824 3620
974 4784
4808 274
26 4058
4748 1416
4094 560
2684 420
970 4890
910 4736
2336 3762
382 4526
4420 730
4836 304
2268 3608
4670 3068
3458 2243 1081
4540 498
4778 524
2164 4689 1081
452 4472
458 1778
192 1478
46 4562
4588 3420
1574 3880
14 1336
2686 1080
4328 978
2542 1208
890 4912
4698 2658
4000 4082
2376 4780
1772 3948
4412 1494
1894 3526
212 2626
416 1552
1430 3822
2314 4748
4720 3980
216 4616
4754 442
648 2538
1520 4548
2054 4554
3012 3802
1290 4526
1896 3118
262 816
3562 560
3556 4802
1934 900
928 2672
4642 1086
1334 2872
3424 4666
4260 4900
2672 2602
4828 840
2954 1170
1238 2148
1718 3204
2276 1246
766 4656
1244 4356
2952 3650
4912 1212
3852 4298
910 3486
4486 1772
3654 1132
3096 198
4116 2452
3056 4862
4104 632
1116 3348
182 4084
4090 420
982 2414
3016 4856
1618 828
3406 1122
898 3290
550 3770
878 3258
3636 4490
4726 468
3322 708
4858 50
1542 4682
3828 4368
232 3834
74 4126
136 1648
1092 3282
154 3254
4096 2014
322 3326
192 3430
3924 1330
940 210
1446 3800
1858 4008
4528 4300
2282 56
4232 296
4412 378
1472 4238
4692 2360
1890 3510
2544 270
3222 446
1908 3500
4854 74
3180 1862
1458 4326
4102 4616
4120 3350
2964 4440
2696 1266
4258 1582
4386 1726
1726 3504
4900 2864
1648 4546
460 2530
4702 402
124 388
1282 202
4846 3348
4582 2370
3762 2088
3348 1388
4456 2198
1120 3444
3680 4768
4 4516
3062 882
3554 862
4324 4874
364 99 1081
4512 3214
1874 4737 1081
4530 2386
242 4752
4790 1932
3768 1196
2324 702
484 4578
3636 746
4170 182
1796 764
2014 3396
4330 356
2886 1372
4188 592
4222 2522
3646 2038
4836 1328
290 2044
398 3848
2210 4832
1854 3616
4362 3592
3864 1670
2608 324
198 3918
3544 244
1830 4750
3458 4698
4482 2284
3442 1026
392 3878
2042 64
110 2050
3430 1468
2112 578
1596 4766
3606 2560
3562 564
492 2824
4872 4
4588 2128
4406 1458
884 2542
296 3202
2226 566
2908 2212
4436 814
3730 178
138 4472
3904 566
4912 1702
2266 4318
498 3702
4620 4278
4844 3326
1094 4888
414 2136
772 458
958 4128
4772 842
186 3510
4060 624
1832 3456
3272 1874
306 4052
1916 480
806 4764
1568 4338
1326 2478
2810 44
4122 1724
608 4572
4284 1348
1628 3054
3442 3262
554 3308
356 3636
2256 3168
764 2678
2850 40
1896 14
580 4592
3326 2088
3068 1138
4242 546
2416 4102
4716 114
4848 1040
114 3140
1000 2192
2222 572
4848 1334
318 3956
4376 1498
2498 3330
984 3372
2344 484
3252 1230
2346 4324
3688 1844
4834 2534
98 1708
34 3328
424 480
2856 806
2788 40
4712 2878
846 4882
396 2196
1778 1642
4090 1914
2504 90
3766 1130
4898 4320
4828 3896
2826 1910
3578 574
2616 276
1920 3122
1966 4124
2262 4130
4494 228
3428 4654
4872 4118
1322 3506
2444 510
2904 1430
4880 4324
4612 1952
4578 1462
1500 3386
2864 1706
3486 36
4684 422
4344 718
2148 3410
1984 3490
4544 2644
992 3088
4644 1770
4492 1430
4454 2478
1632 194
4818 986
848 4766
4222 794
1072 3066
4537 3558 1081
3364 132
3652 842
4678 1074
3288 4886
1808 4074
430 3772
4430 266
4814 1120
126 4888
128 3986
572 2078
3614 4226
906 4700
664 1594
1542 3246
126 4514
3094 4126
302 4870
3399 1312 1081
1384 4890
830 3290
4282 2854
252 4130
4596 1506
1438 4904
3264 278
3084 4780
4784 3880
1796 3122
3440 2722
4540 2980
1178 88
3444 1914
2842 4658
170 4602
4912 3630
298 4268
1196 80
4806 22
346 4546
690 2964
3998 2840
4702 726
472 4828
4740 736
4658 710
2854 3944
4140 1048
3960 618
2378 4012
2490 1618
3470 250
2000 4068
1454 2636
2728 1130
4826 2200
2632 4246
4622 218
180 2254
4594 1146
4350 874
1356 1062
3388 952
678 1778
1170 4466
374 3822
4016 2014
1558 4070
1376 3814
1668 4566
2638 3580
4632 3608
2972 56
752 4352
1826 600
4866 278
4428 2338
3768 888
4530 2284
2132 4498
1710 2196
4608 538
1100 4896
122 2586
3344 1536
4426 110
4300 152
4686 2364
4154 470
1730 3316
4130 472
4670 202
4666 1468
2288 3832
302 4280
4160 518
678 4710
4452 60
22 2022
1725 1980 1081
18 2542
4728 2050
1522 3542
314 3990
2850 4164
1950 4284
292 1492
2352 4354
32 4086
190 4164
1360 4912
1516 4078
1112 3372
2220 4676
4730 604
2146 476
4136 1934
678 4194
1052 3916
1948 334
4378 1238
2020 2970
410 4742
1444 3506
2134 4510
256 3342
2572 208
4676 2600
838 3700
1900 4332
2446 4190
1792 1788
2190 216
1700 4216
48 4034
754 4398
4252 1746
1564 3444
4354 684
1628 1252
3080 1348
4664 1874
3638 390
3136 4566
4326 258
1602 3858
4240 288
4904 1036
1440 1054
4078 1708
890 4428
2918 4458
3916 1808
1996 4546
4128 2462
528 4482
4870 2788
500 4350
2232 182
2248 3194
870 3822
994 2622
534 4696
4062 2372
4142 1446
4340 3786
286 3500
4774 3776
2304 4686
1352 3546
552 4246
3260 1054
1942 4562
4648 2756
1576 4694
1480 3736
3940 1984
3914 188
3220 42
3400 296
730 4054
4768 3064
912 3532
278 4268
4204 3078
3864 2720
3998 414
3810 4848
4124 296
2732 2082
262 2866
1886 4688
4264 2264
4750 2546
68 3982
2300 4508
1196 4848
3404 1622
4314 578
1554 4424
4704 1328
672 4356
3964 654
330 4860
1664 4684
4632 2390
4592 1830
3482 2692
2994 3736
1194 4602
1710 3382
1044 1768
580 4818
414 4638
3640 4142
4050 734
2240 4308
1152 1902
4450 2128
4148 494
3496 4764
4712 3346
222 2106
4530 2468
3210 1598
2474 4752
18 1110
4228 1444
946 3872
3058 800
1624 2766
3856 408
1802 2696
4162 1144
4838 2420
226 3122
3258 4814
854 1666
3050 758
1906 3962
522 4874
86 4812
4272 86
3176 774
4124 378
1406 4196
4724 1238
4396 1436
1698 3874
1298 3224
4716 150
4166 628
4426 1996
492 4520
4706 360
4684 2896
1056 4874
84 3474
4302 326
4554 4020
2252 814
3658 4754
1946 4282
792 3598
1552 2856
342 4410
1334 3710
4218 4634
576 2560
4540 4808
172 4750
4808 2338
1308 4434
1260 4798
3022 270
3820 1338
4540 4848
848 3590
4402 1022
4840 354
1700 3026
1306 1910
974 3532
4214 2706
2678 1068
4866 1632
2188 238
508 4030
1872 2992
398 3764
1920 476
2080 4634
3808 4698
4696 4506
4758 694
2722 4870
2178 4784
1086 2420
986 4258
1114 4876
3020 4888
1864 4076
4626 1356
678 4292
632 4084
1476 4850
2634 1892
4578 3368
1774 298
4594 76
4262 1490
3300 2006
2150 3288
2388 4284
4398 2118
4604 428
2056 4676
4736 2252
4302 1007 1081
4682 3420
4072 2614
1578 2354
334 3060
4046 1972
2046 680
4482 264
1334 3402
1248 248
4890 410
4736 4296
1102 4304
4414 772
3586 4878
2934 60
3858 1964
808 2274
2838 3702
4762 2124
1476 4632
296 4118
288 3766
4136 78
4846 584
536 4548
2898 2743 1081
1810 4116
3148 4712
3840 1340
2154 3672
772 2184
2 3392
204 4830
1510 3228
470 3734
4256 3730
4810 2932
3260 1154
464 4060
1786 4574
2934 54
3228 3877 1081
610 2210
4912 494
1986 1230
3490 1116
160 3644
2406 30
4858 982
4408 266
120 1780
3048 2366
2860 2608
3442 4540
308 3098
2782 1298
2468 1308
110 3014
14 4630
1932 4468
334 3214
4406 2462
2958 3778
496 2520
1840 1470
2048 4460
842 3320
2590 356
486 3044
2952 1496
3800 1838
3078 844
1786 2264
4674 62
184 4848
4114 2482
4650 486
3396 982
3816 1076
3782 4772
3964 2734
4002 1198
3034 992
4886 1832
2790 446
4438 12
4426 160
1996 4762
658 2702
4394 1566
1950 4570
130 4602
1088 3276
3650 1548
100 4016
670 3404
730 4686
4182 4526
834 2920
1328 2256
3482 330
3222 902
3972 2954
3936 714
4466 2084
2912 1286
4566 2288
1402 4490
1740 4468
992 3714
4186 1484
4858 3156
4560 1398
4804 2982
4780 772
1612 4906
3339 2270 1081
2000 4012
420 4578
4636 1240
1174 3337 1081
1574 4204
2888 4186
1248 3014
4022 596
1148 3058
700 1720
1754 4854
4428 4616
3692 2446
1444 4840
1680 4818
3126 4280
4560 776
4704 790
1586 4288
3558 4798
3708 870
1620 4318
1896 4792
40 4600
3082 3868
4612 682
2508 796
1168 4544
538 4434
4720 3048
512 3752
2646 4740
106 2218
440 3100
3446 220
4224 2296
1316 4606
4260 1308
1752 2492
3868 2830
1788 1497 1081
4598 232
3858 1930
3036 682
4388 2788
3390 2705 1081
1760 3160
4210 968
4104 3178
1254 4058
4680 2164
4298 1736
632 1552
4255 4892 1081
4848 3366
1340 3952
1876 2602
3254 2714
1944 4816
3660 132
488 3314
922 3790
3382 1104
4460 58
3964 934
2480 4222
4364 1782
580 1678
3580 242
2276 2843 1081
876 4886
696 4554
4808 30
4448 3350
2062 4200
54 4374
3222 1950
3506 4900
2108 1156
4650 1492
3510 2170
4222 564
2028 252
860 4606
1288 4186
3056 1814
52 4339 1081
3468 98
70 2204
104 3956
3666 50
4660 280
4820 840
296 590
2618 4634
2106 3370
4870 1770
3604 4668
4720 1918
278 4708
4666 1034
1400 4504
536 4728
4062 1706
3166 4870
504 4700
2028 3244
510 3142
3802 1180
4560 3690
4794 1664
3750 4354
1430 3670
632 4806
3824 1282
4494 2230
4614 732
1924 1920
954 4172
4636 1228
1680 4056
4748 3378
1902 856
1246 4900
2610 4030
238 3472
2652 1182
4604 4360
2394 4742
4516 2712
3942 860
2138 4346
630 4762
546 4274
4746 3764
1614 3788
776 270
2390 396
744 2396
2418 958
166 3104
3084 1146
4320 3074
3286 1604
4864 1834
3564 4522
4782 2100
1650 3408
3898 440
3994 518
1128 4882
4796 2555 1081
1216 2754
2582 634
3192 4710
142 2789 1081
4440 1420
4312 846
326 4066
730 4818
3178 90
3648 774
3248 4702
2300 4798
280 1646
1190 3262
274 4610
4580 3594
4754 2018
668 4822
308 3164
4657 426 1081
926 2362
4428 1356
4388 950
4752 860
2546 3596
450 4126
1376 4888
652 4390
4890 3816
4460 398
874 4758
3292 3180
1242 692
4480 350
2710 4294
1018 242
3740 90
4178 3280
3182 652
4670 1296
4850 918
3646 2000
4392 1096
3926 3810
4034 1392
4620 1308
3194 4302
1602 4128
2306 126
1942 3220
4692 1978
3574 4732
4558 242
578 4710
4288 1576
1392 3676
294 1108
3384 412
2600 4434
3528 440
1342 2762
1868 1446
614 4246
4696 1256
618 4510
632 1002
546 4608
1598 4084
4794 3718
4860 2720
282 4174
1660 4840
908 4770
3856 238
4006 984
4254 3232
206 4558
1310 4840
56 4300
1052 3894
4192 1556
3652 1686
3922 2524
1716 140
4604 374
3832 2012
4722 1006
2176 4864
2254 4428
2724 4132
2026 4720
4698 3232
882 36
3438 310
4156 2396
2678 4046
304 2126
2102 4138
1776 3076
3174 638
224 3132
1790 3386
3924 1884
2040 1030
2288 1366
2582 4262
4806 3436
4294 1460
4904 2468
2104 10
2832 4246
4596 3234
3834 1438
4428 212
872 3502
4776 3034
2108 1040
3392 4810
2250 4838
1682 3426
56 2332
4215 4472 1081
3738 4052
2842 1054
3992 4908
3082 4114
312 22
1270 3702
4466 132
542 4624
3524 1094
814 2248
370 3380
602 4228
4514 1620
2018 4644
2826 3778
4580 3518
3860 4884
458 3620
494 4160
4574 2230
2310 696
4568 3672
1248 4466
3846 652
272 2992
4278 2764
3196 878
2940 116
192 3996
4324 126
954 3620
660 4534
3086 2864
3898 18
4512 350
2770 298
1836 3678
2566 808
2940 664
3990 2204
142 2924
4500 462
558 1396
3026 672
3266 240
676 180
4524 1190
354 4304
4672 3180
3390 1918
1192 3232
4124 2070
2186 3550
4756 202
4720 1216
564 3046
3942 1338
4406 242
172 2196
3552 960
4856 3078
770 4302
282 924
1362 3668
1582 4506
3914 2302
4406 2266
3840 4342
4862 2998
938 4484
4046 2760
3584 2756
3806 514
4716 2802
2194 4638
3604 4728
372 4148
2440 4760
4064 3222
4700 1092
3582 4782
3190 1272
4234 3626
1670 4676
1858 4686
4648 4656
590 2456
3142 4714
2044 4820
3844 512
336 3448
4642 3776
4230 1724
214 3444
4814 2756
4872 1628
4688 2296
3430 3106
660 1322
2310 3840
1622 4782
4712 3692
2844 2102
262 2344
4020 1502
4814 1166
4584 1070
3154 3142
4158 3614
2880 4332
1384 2884
390 3508
1468 4832
3946 3300
4310 2222
4516 50
2052 2820
790 2462
330 4740
4354 1478
2708 4850
250 3980
2866 4428
576 3584
4266 2066
4846 814
4278 3386
4560 1786
1396 4516
460 4652
1664 4006
1774 3196
2450 4218
2462 674
2478 4774
1586 984
2950 1446
4618 1380
4442 4794
1836 4868
1398 262
3296 4846
2587 2106 1081
2950 4478
3012 1002
4844 4256
2854 166
3044 4518
3386 88
2792 510
4480 486
1582 4622
4270 284
3356 3852
740 3298
1822 4744
2872 3522
3682 272
3990 3410
2982 4004
3390 1726
4572 3638
2614 1332
2698 4870
128 2690
2268 4076
3684 2286
112 2330
4438 734
4764 746
4416 2748
4310 342
388 4548
864 4036
4366 1322
4546 3488
2988 1100
1178 4278
2060 4766
660 4004
940 3706
4378 2970
4764 2000
1354 4490
4342 276
3650 840
4866 1040
4574 3760
2806 2940
4092 1720
3784 1022
624 4542
2894 1226
1122 4126
4742 2824
3130 4594
3866 198
232 2624
2080 4130
4402 82
4244 1764
894 3538
1918 2622
2476 4362
3338 72
192 3916
4212 4738
254 3104
3592 384
4344 274
424 3796
1738 4376
4850 3924
764 3494
4378 2964
690 4090
4316 2374
2710 4462
3696 2680
2618 4702
1076 2430
4346 1334
2748 4150
590 2392
854 3224
140 2940
4778 1302
4214 1266
970 3868
4554 1580
4278 328
2302 4134
608 4700
182 4342
4590 788
224 4786
2580 1326
802 4116
1798 4636
4114 3664
66 1028
1716 4218
4872 2192
3532 2200
1004 3046
3852 4698
654 3636
3642 4140
2356 716
3326 1642
804 2118
3204 4724
4890 1030
4680 2750
3642 126
4634 334
3254 658
4292 3968
4332 3296
216 2784
836 3878
4634 4084
3726 4510
2106 4750
2956 4342
1140 3512
864 2284
4486 1076
190 1700
3364 466
2304 3320
818 4820
4912 114
312 4632
108 4708
154 2770
4844 2752
4882 4602
3258 660
4212 1342
2142 3008
3782 1724
1836 2904
32 4280
4650 2606
4800 796
4582 2814
3220 2548
2464 3700
1096 4452
2402 1270
3556 332
2490 668
862 2324
360 4814
2328 4784
4520 3298
346 4478
3856 1444
4716 128
4378 674
2746 4872
157 4688 1081
1666 4672
4602 4780
622 3534
364 4374
3620 4242
3012 38
4886 2682
3562 4900
842 1840
1776 3172
4264 1668
4002 4698
286 4318
966 4774
4782 60
4764 714
340 3318
3438 1496
490 4040
1824 3574
4702 3340
2980 1254
400 914
1188 2172
58 2770
4602 3394
3014 3912
4368 948
3506 1528
694 4268
2940 28
3078 392
1920 4584
4738 976
4498 2532
3538 3824
3478 1842
158 3478
4264 4774
1516 3222
4122 790
2066 2830
4486 456
3138 286
3166 2342
336 3482
4262 2390
2180 68
532 4574
776 4470
602 4422
4104 260
4832 1394
2890 1922
3722 2676
2724 4420
1488 4754
1968 1548
2466 3970
460 4520
3342 1560
94 2474
1064 3830
4010 884
2338 4530
4098 916
4446 2286
682 4462
1074 3604
2412 4886
2458 1096
3700 254
3270 4252
590 4082
4260 754
4320 278
352 2316
4532 86
4088 3692
4520 4022
4794 278
644 4528
3558 4452
2820 4136
2250 3852
4008 204
4390 1506
1396 3752
3682 198
4762 108
4616 1700
450 4784
2430 2176
3862 2468
4760 764
4042 2964
2688 1782
2176 1396
1672 564
4412 1614
924 3604
4912 2604
3870 1740
4618 1902
2702 4586
2756 4832
4506 4356
1340 468
234 872
4810 1400
4906 3358
3230 1248
610 1306
3266 4800
928 2888
3854 4838
4598 4122
162 3136
610 2822
446 4052
1598 3372
2118 4078
2168 2998
4078 4896
350 2598
2606 4038
4256 696
1858 4834
3440 1114
4622 3684
2102 1216
1760 4030
3102 3814
4460 1862
3186 4882
4124 2842
3250 2526
2520 720
3762 3126
110 4824
822 4746
2260 4298
3188 4716
2388 944
4442 4258
2908 2152
4416 2536
1512 4018
3272 3904
4836 782
4900 4504
22 3560
4184 560
4428 2528
2652 1450
1126 1882
1924 176
148 4604
1260 4716
4276 1304
1466 3394
4702 966
3042 3700
1464 4526
2800 636
843 2134 1081
4618 2262
4874 2200
3506 2298
1788 3072
3708 4406
2886 1736
1796 4622
218 4778
2792 348
64 4134
4678 82
4738 1570
4900 28
2632 4014
1876 4498
4856 2202
3714 1796
720 4478
1228 1720
4448 3784
2690 4506
1374 2702
4552 3140
190 4824
1214 3420
984 4772
4350 3758
4406 3568
3678 4204
1230 2900
3288 820
4642 402
1386 4586
2312 4754
394 2056
3262 1764
4638 1186
4048 236
206 3870
3936 2368
192 4814
4102 3028
1790 2820
4540 1338
4700 1056
4850 2690
948 4352
2964 282
1940 4484
4712 1404
4492 1034
4354 2022
2584 3664
734 3104
3512 4236
1436 4736
326 2966
3278 360
4266 10
3070 90
3134 3954
864 3462
2962 2946
28 1706
38 548
4400 3704
552 4700
2888 324
3352 4096
3544 358
1434 3136
2046 170
16 3566
1764 4456
1710 4800
486 2734
2845 680 1081
570 4752
2236 4368
4236 4858
3884 1946
3400 4468
1538 4013 1081
156 2938
4822 142
1542 4374
1244 3098
4712 1592
2786 574
3412 1722
1576 292
3652 4516
968 3538
86 1594
4424 346
3010 1202
4716 2008
4762 2068
32 1858
1590 3400
1388 3908
3156 3822
1712 3548
3054 720
1896 2824
2790 794
566 3890
2518 3812
4290 192
4684 1740
1318 1778
284 4474
4310 2080
304 4360
3024 3448
246 4042
4130 3830
1378 747 1081
2756 580
284 3362
2864 4738
4870 3106
2904 1900
4132 2098
3890 2776
3374 1678
2172 340
4390 4184
4814 2354
2816 2016
4816 692
1602 4636
3056 1932
110 4752
536 3022
4692 530
20 4742
934 3514
4320 4748
4736 824
4778 1334
1936 2974
3832 4880
1358 4870
698 4690
3156 664
3944 1204
4798 1278
736 4088
3672 2482
584 4116
2040 946
1938 4602
794 1868
2178 2458
1328 4118
2308 4032
2546 1042
1840 4292
2902 276
4684 3238
3362 110
4822 508
4718 3094
3078 966
4268 1230
2794 200
280 3510
4814 1432
4340 4838
3768 1852
2444 4302
576 1816
208 3972
332 2452
2254 4810
2048 4770
1512 2398
4530 3538
2046 4070
4330 1494
4450 1202
4722 3186
3542 2360
2122 2834
4644 1924
1070 3550
3118 1130
4672 664
3204 1346
4644 1876
1154 4864
3052 4372
4834 3484
4608 2784
90 486
2912 4642
472 1806
4514 1158
4908 4036
1330 3470
3474 1330
4854 736
324 4182
578 1848
2288 3914
4000 2008
3942 2478
3394 1216
4890 3644
4562 810
2694 4222
2010 1314
4728 984
12 3410
570 4394
2434 580
4136 2188
1822 4390
4090 866
3580 712
1558 4677 1081
3742 1520
1028 2656
766 4532
1398 4832
4620 836
3856 206
3914 2538
4438 762
152 4866
2566 3750
3356 3918
3554 4466
2542 4846
710 4610
900 4716
174 4628
2422 4488
2138 3758
2282 150
2906 2180
3854 372
1636 4198
3482 2826
2 4676
4404 1306
1816 30
4290 978
3696 958
140 3796
2202 4220
1330 2842
336 1902
3804 1016
948 2404
1434 4068
3808 1832
4580 3428
2862 3722
4610 420
1230 4390
4844 334
4512 1438
4764 12
3742 4838
848 250
4538 1028
4578 1934
4842 1722
1962 3118
4620 2580
4810 2380
4106 1064
4456 2736
4308 514
2326 4554
2572 2904
4386 1498
1262 3472
4674 2456
138 4456
3120 4860
2500 3664
2020 4482
32 3634
988 4568
4264 444
92 2270
4756 1110
4858 1354
4668 2512
60 3138
3892 1176
76 2372
926 2406
3566 730
3038 122
1132 3310
3504 2418
2676 3468
4338 4876
1440 4232
4620 154
3082 954
296 981 1081
428 2268
2494 356
3546 1450
1744 3060
3602 700
1476 3868
976 1172
2176 1546
4032 1518
3492 344
4058 2068
3892 582
1898 4716
2888 4694
4120 1334
470 4772
2602 698
4218 604
3544 1964
2530 4218
3728 4810
674 4268
4506 3696
2376 4822
1304 3330
3914 388
2738 320
396 2136
682 2284
1480 4670
1416 3256
3674 152
4520 576
4428 1896
1098 3172
3224 4730
398 2676
3092 4768
4540 2866
4560 3838
3392 4498
472 2238
452 4532
4492 1586
3608 4818
4378 1342
682 3832
3620 4882
3544 4866
436 4814
3070 2714
4638 828
1598 4632
4164 1180
908 3878
854 3658
148 4574
2570 1530
1444 3968
1868 3964
1944 4810
306 3680
4156 4616
3906 140
1674 162
3464 966
1980 4332
1824 194
4264 3738
1820 1216
2520 4168
1952 4580
4852 370
226 3464
4026 2388
4556 2860
4120 4704
1266 4210
4640 2874
4656 16
236 2152
4422 4818
4332 516
2908 868
920 3858
4700 2412
42 3030
144 4474
1364 4726
2598 766
4740 3502
4134 112
1208 2906
430 3568
1002 3422
4 4414
4600 3226
2920 3616
4830 2530
3872 882
1876 2402
1244 3844
3482 2832
4850 960
1372 1776
976 969 1081
4758 1760
950 1546
2258 830
234 3474
2208 4796
280 4544
4478 4110
4042 4610
2328 4052
3876 1108
4686 3552
2326 4864
1062 4656
3802 1600
1008 4106
724 3896
1664 2920
3554 4824
3844 1362
356 4212
1962 4848
82 2600
3454 664
1064 4812
346 2250
2370 756
4608 162
4862 3960
4652 3448
2108 4832
164 3568
4908 554
4762 452
4770 2600
356 3934
178 1744
4530 982
2152 594
366 4754
634 4660
3894 1168
1722 4662
1110 4882
2202 236
1606 3588
4876 1088
4118 3790
1298 2682
3672 1430
4300 486
2660 114
3108 1516
4258 3254
3940 3934
4912 3004
2922 214
1222 4590
4 2390
3302 1378
1244 4378
2600 4562
638 4556
3056 598
3522 4040
4230 238
3436 4788
4880 690
3030 190
4370 2476
1334 3550
4060 238
4628 2138
2044 3684
390 4748
3882 178
1080 4420
2272 1450
4310 1900
616 4684
4464 2356
3174 4024
4058 3238
3772 1084
2178 4488
4270 728
4224 1778
398 38
4720 3110
2047 3600 1081
1086 4876
918 240
24 1624
4072 1302
1180 4816
3924 130
1408 4040
2208 1262
844 4802
2210 3908
3992 468
792 4850
4534 364
1086 474
4172 3376
1254 166
2206 4742
3182 4670
554 4018
896 4752
398 4250
3154 118
1062 2544
4422 678
4280 1754
4654 2196
2486 4856
2222 4224
4658 1262
4564 3062
138 4672
1956 3886
4890 3922
4672 1360
196 2280
2322 602
4660 3466
4604 3050
4410 2796
4902 1850
1042 4562
4296 1052
710 4440
234 1604
4230 3436
3230 248
228 4612
4642 1886
2872 2170
3266 328
958 4348
2622 3374
2026 4852
1388 3566
2662 4
350 132
4344 1866
3012 1246
442 3508
4462 2782
1858 4332
4692 1504
4740 3536
3108 934
1316 1068
416 4694
22 3156
4426 3678
2088 3378
1288 4826
2294 670
4892 2684
1212 4100
3198 1592
4790 2468
2260 2838
4440 170
4080 3664
2660 2
4884 220
3070 3812
1754 3112
530 2218
1170 4628
3354 1390
4814 3133 1081
3094 160
4528 574
876 4624
3898 1430
4836 3370
1682 1044
3932 1488
4508 2762
3038 4866
2686 3488
2832 3872
2372 4606
3912 4486
2178 884
4878 1462
282 2930
4190 792
4082 1272
4056 4150
1874 1178
4604 946
4544 1746
1914 4632
4810 2196
218 4414
4454 246
106 3562
176 4708
1366 4448
26 4344
1188 2252
4904 1822
944 3732
4102 340
2950 4840
3492 4632
4230 742
2408 4152
1582 4148
1480 4908
2024 4106
3576 170
3176 1630
3808 576
4178 312
1434 4500
2752 1470
844 4480
342 4368
4296 2864
16 4732
4828 196
3980 2300
4778 2726
4222 4658
4542 364
2182 4440
1934 4402
1470 194
2162 1316
1282 4912
4688 2810
352 4528
328 3066
444 4234
1360 4502
3476 438
2636 4124
4620 1354
1830 4304
3374 4100
3556 36
3792 88
930 4308
4410 736
4602 1394
1486 4462
4792 3188
3872 2848
4256 1116
388 4848
1316 4266
3202 216
4358 2020
2488 1448
4642 2608
3284 3704
1958 370
2160 4784
1660 1954
542 2180
1090 3780
4022 1144
2986 440
4532 2036
3196 1260
2386 102
1328 3406
4816 1370
1872 4740
4412 904
1878 4402
3802 1856
2930 1082
2474 1496
3474 2046
3772 1304
3658 2562
764 3320
4052 1076
190 2718
136 4738
3814 2032
3280 1046
1110 2428
34 3790
3722 1008
3104 1736
4400 536
4714 2922
4236 4732
1500 4634
3084 4642
4912 3252
2228 3744
242 2202
2604 78
4548 2876
3984 2772
2400 4396
3888 3578
4508 1568
3626 4168
1032 3730
536 4304
778 3692
3756 28
4608 796
4462 3214
4044 2390
1398 4712
470 1818
4156 528
408 2294
3304 1194
4458 3914
2128 3670
1958 4874
2200 2124
1940 3982
4654 224
2552 1034
2324 4812
4880 2364
3568 54
3537 410 1081
498 4042
3288 1746
3132 4232
1384 3726
902 3342
1508 398
2036 3370
1638 472
3894 920
3708 1476
2680 335 1081
662 4164
3902 1046
1128 4912
964 4306
4604 2498
2338 3786
4334 2352
438 4732
4152 442
1248 3466
3592 1616
2110 3896
1840 3318
2572 4682
4604 3594
3894 2388
3180 3996
4538 3590
4246 1968
4530 2736
1474 3248
3656 2064
354 2290
1890 2988
1528 4694
2052 3372
4796 1600
3780 862
642 2350
506 3660
476 4272
4354 1862
3368 4868
1016 2720
2340 1308
2938 4752
190 2904
2972 2074
4098 4760
4608 2466
4838 3334
1374 4364
356 4696
4254 4868
152 2768
4868 738
4888 3350
4454 474
1188 2188
3280 4772
4478 2218
2724 1224
6 970
4896 72
4302 524
4662 2886
860 4422
4154 1188
3738 4088
4320 3616
84 3810
2660 4822
1144 4204
658 1992
4508 3100
4642 1448
4744 2950
2490 1564
1480 4476
2990 606
1476 3968
4780 175 1081
3876 4484
4326 298
4862 1204
246 3968
3211 450 1081
4744 1552
932 4704
2762 1098
288 2960
230 4646
3362 1322
1586 4360
4074 1218
2830 1224
1496 4564
4420 3466
2060 462
4112 3540
920 1926
306 1238
2508 3392
4878 906
4752 3438
4838 1512
150 2230
4008 4452
4530 1362
110 4520
3394 1164
4344 1526
236 2184
2142 1512
2716 1620
188 1550
3262 4816
2472 3600
1986 4558
840 3380
4086 1468
632 4528
4490 1520
1140 4578
4782 1366
1186 119 1081
48 3390
12 984
2984 4612
4688 3574
4782 1046
3962 4612
1642 2292
4358 1648
4508 3138
1540 3280
2422 4762
3724 736
4876 688
1568 4524
2940 1554
22 3672
2746 1330
206 3218
3456 4590
1064 4032
2522 1374
3668 766
4326 2696
3918 210
4136 3392
2714 1684
2852 4490
912 3082
2870 4406
4256 212
652 4428
3766 1248
4642 2178
1748 4784
3096 462
2050 3562
4888 2010
4266 3510
286 4018
4402 654
4532 2052
740 3774
4830 1192
196 4324
4660 3158
1422 3624
4670 4656
340 3836
3724 614
4828 1342
208 472
3798 642
4028 286
550 4668
560 4074
4262 3102
3806 76
1710 1374
536 3346
1574 3642
684 2068
3378 12
486 3102
4908 1860
3706 860
2194 4760
1088 2650
4526 1858
76 650
2636 3704
4880 3788
2160 4750
204 2068
1640 4112
792 4168
1278 2488
4632 1664
288 4402
4758 582
4448 3968
4432 2196
4600 306
568 4692
4800 1842
3880 516
1300 2706
3286 3380
1298 4624
3920 1736
420 4164
524 4158
324 3664
1136 3346
3564 556
4278 2058
2620 4384
1880 3048
1084 3962
1108 4334
3632 4548
2688 3538
4846 1964
1586 4354
4646 2906
428 3368
714 4022
3486 350
1468 3954
912 4224
1952 4460
1392 4382
1698 4516
420 4868
4762 6
1846 4594
4314 1026
4736 1408
2212 3808
1572 4440
2310 3029 1081
1298 4334
556 4534
370 4194
1122 924
1858 4420
4312 1928
4044 2636
1410 3178
2218 4848
1754 4596
3344 1162
1022 4348
4286 250
4862 730
4172 298
4286 460
3310 940
2978 466
4522 3064
4498 3300
506 4326
3466 100
2990 1074
750 3456
3196 382
1412 3728
96 4550
3224 4578
1470 4388
1892 696
1302 3117 1079
4184 1698
1948 634
240 2758
370 4514
4394 182
1180 202
830 4512
3538 1178
1406 4446
3868 2856
4136 3744
1906 4348
1480 4668
1953 1378 1081
4510 3992
4618 2050
1248 4868
212 4514
4602 2728
3360 102
1704 4030
4030 1344
4604 1632
4106 2360
1626 4024
1628 4626
820 4218
4206 104
402 3736
4256 3426
204 4348
4718 64
494 2342
2734 498
4608 2952
26 4460
4482 1226
3242 4394
4546 1020
4510 1316
4196 2152
256 1056
2638 158
448 3448
4752 3178
3416 4622
3828 3084
2044 3414
4738 1212
4882 3526
322 4432
938 2280
4328 2998
968 3306
4626 3048
2252 3960
2574 4352
4420 3974
1584 3398
4888 1316
3062 4722
4048 1770
4256 2670
4008 338
4906 3918
3616 4740
3278 138
4712 1594
2506 284
2244 1866
320 4038
4716 3050
228 3434
2788 4382
1854 3562
4710 3484
860 3190
3990 1910
1364 4080
3634 574
2440 1664
1878 2464
1360 3830
3652 130
2820 610
1033 3754 1081
2090 4632
1220 4826
3692 4846
100 2714
4794 998
4904 4122
1498 4666
2934 502
2632 3942
374 3432
2956 4844
3166 1264
1884 3540
4124 3864
4838 1266
4124 934
4722 1714
420 2120
1850 4894
2464 78
670 3916
3496 2166
2574 1082
2908 4492
4398 920
1250 2906
1016 3818
934 3836
3156 4712
4826 466
4476 2342
2046 3416
1250 4608
4304 494
4370 1108
1074 4880
102 2664
96 2780
516 3492
674 4042
4100 1034
362 3092
4768 3234
4776 4392
3972 372
538 4424
4720 664
1998 4214
1370 3774
162 3270
4254 838
3830 4870
3346 4892
314 3018
2978 956
2778 1322
738 3990
4892 2184
2908 4830
4568 808
3488 90
1856 3236
4732 1116
4064 108
4038 4764
2034 4822
354 4700
4890 3794
4210 1080
178 2706
796 4618
416 4836
2328 4366
1988 4790
1192 4772
60 4192
1350 4272
1176 2990
2268 3856
628 2556
244 1578
3872 1542
2010 4706
862 4234
1042 4908
3820 3160
1764 968
2952 550
1310 2774
3572 158
3272 1052
4568 110
48 4368
2814 4126
4866 2518
1794 3768
3724 2066
3752 1818
1628 4684
4680 3044
4414 558
4756 664
3548 1124
4764 1046
4786 1742
712 3274
348 4124
3970 2168
44 3420
380 3442
598 2074
512 1994
4034 2008
3138 1394
560 3374
414 4592
328 4754
4132 1284
2160 4904
254 4872
604 4806
2628 4376
1764 4582
2078 4386
3482 2318
3516 86
906 4590
2778 4864
4898 4042
4146 982
4342 3716
2750 3178
2594 3938
4794 4204
4604 3086
1078 3662
2526 4880
882 4652
3766 4820
2080 4120
254 3828
1914 4804
170 4742
3292 376
4152 1876
2906 4794
1632 4138
4478 2926
52 4542
2004 3856
2510 4838
4630 2042
4666 390
2396 3894
4050 20
34 4278
2570 3984
720 3540
1462 4492
4156 554
4434 2864
1020 392
578 1944
1500 4384
1362 4426
3008 910
4554 438
1932 82
1744 2722
1248 3388
2406 3594
352 3748
3576 1060
4908 2292
4412 96
2058 3264
1992 226
2080 4542
1130 4534
596 4698
1160 3904
2290 4802
4686 2692
1008 4316
980 2066
178 2288
1212 4200
2656 3734
3158 2506
3964 1188
3886 2514
4264 778
2156 3194
3666 330
4634 1072
1090 4836
4898 2536
2440 2416
3432 214
1672 4316
474 3296
3742 1386
4882 1386
4270 300
4488 564
414 3274
3636 357 1081
4636 2686
3788 608
1334 4322
4870 290
4302 370
3164 724
1280 216
864 4578
696 4868
4844 3010
2312 826
2474 4244
1626 2244
582 4790
3328 760
1628 4690
782 3022
4538 3298
3210 1252
2120 4060
3540 2520
4504 846
1682 4476
4400 30
838 402
64 2792
2782 1738
2222 52
3266 158
4726 2040
1604 4176
3144 1296
562 4434
4286 3444
1368 1412
4716 3328
4890 4214
76 366
2311 3246 1081
3280 4664
1950 3264
1546 4908
3594 1142
4434 4318
1496 3872
612 2558
4890 2070
4218 766
4242 1084
4582 4170
4764 3944
3278 282
3862 4544
4512 2560
3814 1374
2790 592
3830 188
3738 4524
4002 348
4888 2672
1162 3418
1840 2618
2660 1526
314 4536
4260 2068
534 4786
1072 3900
3054 630
4508 2356
3364 2548
1334 4708
4018 278
3488 842
4710 2386
4332 756
3342 1360
4630 1894
4030 936
1076 56
2384 4586
4012 1912
4130 292
3840 1911 1081
202 4580
196 870
3320 752
1248 4002
90 3690
38 550
3492 698
414 3712
1798 4538
4242 2365 1081
4802 1638
4664 1528
1096 3600
4826 1228
4710 2860
3648 4422
2854 4810
3164 1196
1546 698
2196 4480
4752 3850
4184 2390
768 4022
4578 1360
332 4688
4438 2462
2868 4206
3790 2126
3630 518
940 4470
450 3456
4890 198
4364 2226
1342 4418
4276 3352
2680 360
4774 3676
4856 1654
4830 566
4112 1834
4030 136
3948 1282
2206 4508
1766 4092
3890 1424
2062 3942
674 1182
3712 1406
3382 4668
1816 4124
4034 176
2324 4654
3744 2824
4640 3322
16 1212
1804 3220
4518 3160
1982 4386
4876 3422
2598 628
4374 4378
1216 4180
726 2654
4010 2960
4504 1290
722 2284
4824 2794
2006 3864
4700 3324
3090 1864
1316 4786
1352 3192
4640 1204
4620 1070
4246 726
2182 3774
4550 1024
490 3556
4900 150
60 4058
984 4232
740 1700
1636 3846
4366 3014
3738 682
4622 1604
1216 4496
1052 2708
3980 3116
4472 2914
80 4880
240 4844
2842 1334
3756 4576
392 2560
3810 3836
1850 4554
4676 1460
1350 1624
1716 4448
3610 682
4176 2662
4188 3546
4380 1064
4512 4528
3350 1896
2226 306
1908 4884
4830 508
1718 3644
220 2762
4054 2070
3096 1086
4026 1136
2350 4726
1062 4754
2618 2180
4794 270
1782 3816
4634 1526
4900 688
2176 760
4180 1108
3398 4594
4770 3666
3420 1548
3382 1394
4868 474
3710 1556
1548 4186
3558 564
4272 954
2220 352
1932 4530
4758 158
4400 880
4846 4426
4676 3834
180 2926
2564 4266
214 4594
3288 1848
1756 4688
4798 4166
4676 4014
162 2014
3300 1396
498 2044
4490 446
196 4656
1954 4316
3328 4622
982 4620
1008 4682
2152 4226
1046 4852
212 4732
2442 2044
100 2584
2307 4366 1081
1870 4348
390 2796
3014 1458
448 2648
802 312
6 698
2352 4754
3852 4458
3726 3983 1081
1450 3466
380 4846
542 4738
3574 4606
2568 4442
3460 780
1944 4042
874 4482
2468 4806
4884 1766
144 3162
164 3872
4284 2074
4886 3328
3764 1810
1228 146
4752 1748
1608 1532
1440 2404
4574 2836
4744 3694
2628 1190
4446 2708
214 4150
552 4016
4270 1376
48 3822
4746 52
3820 2536
3954 216
158 4636
4800 3394
392 4380
4760 2934
4118 536
116 3654
750 4696
816 4134
2590 4028
4798 542
1546 602
1654 494
910 2892
840 4858
1554 4834
582 1356
3020 298
1084 3364
2484 158
2120 4800
3640 1170
3560 4820
3114 2882
2418 4092
2060 4152
364 814
552 4552
2798 4481 1081
1004 1732
4148 2298
1444 4256
686 2750
384 3426
2464 728
2462 4140
986 2840
3400 722
3742 472
2264 54
2976 676
4850 1048
4758 2192
3710 760
160 3850
3702 1734
1496 3400
3636 482
3956 994
2148 4220
4688 1978
4772 1202
4886 2710
1112 4578
3658 1806
1578 3724
1210 3290
3612 4854
20 468
3710 1436
4900 2214
3302 988
3110 4370
2892 4766
206 1640
4886 926
1006 4274
54 1238
2112 812
4420 922
550 3650
4646 2150
270 4474
442 2822
4876 1116
1608 4014
1270 4092
3038 1924
1092 3612
2568 4278
1976 3988
186 3508
1392 3330
1412 3290
3292 844
4786 522
4178 916
1420 4632
4402 2096
3674 788
2564 4166
4280 4728
2990 1330
1302 2828
2734 4748
3634 4614
3102 1374
2724 1706
3006 3149 1081
4580 1640
1712 4146
4698 2004
974 4884
3660 4526
4638 2816
3788 3806
1680 1130
4644 2508
230 4380
3398 602
2048 4156
602 258
4670 1328
4038 914
226 1268
2542 4722
4444 3698
382 4718
4155 920 1081
1270 4718
1048 1616
3024 240
3514 1062
2772 4782
570 4312
984 3192
1978 4898
4060 426
1738 4768
1954 4724
1474 2174
2220 2972
2520 4626
1736 164
4014 2000
448 4578
48 2266
194 3002
1472 4854
266 4666
2522 4506
1358 3864
1674 3224
3348 1812
3608 4694
4572 1668
1088 3502
3378 92
662 4340
1824 4100
1624 3292
68 1466
4700 782
3300 1220
1960 48
4190 3432
3790 630
4720 4152
1704 214
2870 406
4010 558
1024 3936
2404 3696
876 78
1482 816
3632 304
4702 1496
394 4032
3182 86
1122 3154
2304 2892
1026 4662
3494 480
4380 522
1516 4762
4268 584
470 3634
3078 1178
4054 4864
4034 466
2970 4806
3846 482
3892 2760
4720 1194
4560 940
2110 1020
3362 1798
4488 4686
3938 2094
3922 4788
2458 4336
4904 3024
3278 2106
900 4216
4572 22
2 2926
4272 832
974 4112
3074 1732
1388 4790
498 4520
3924 564
2174 4620
1634 3734
3992 84
4722 2410
4478 2332
1712 3156
1026 4816
670 3516
4010 162
948 3868
1710 3742
4074 3664
2284 582
4524 666
4364 1524
524 4538
4128 2444
1498 4612
2824 418
886 74
3496 2726
266 1224
1098 4616
1450 4716
628 3932
3660 4812
1678 3774
2634 4320
2920 314
180 2259 1081
4480 572
3830 624
428 3030
4466 564
2538 1670
4586 718
3896 2078
1304 4776
1012 2420
4134 2396
2940 3424
3544 2428
1190 3350
2182 1860
138 4152
1942 312
4672 3344
4034 1060
568 1982
4426 732
3336 4672
3884 120
2916 168
1876 4170
4840 2038
1472 4448
4640 4314
1424 2222
4740 1758
4822 2368
4816 2068
1674 3800
2274 4730
1614 3444
2396 4874
2868 1730
1790 388
4436 1498
904 4802
1316 2618
4234 2948
68 1798
180 572
4306 2716
3422 4792
4760 2088
4644 1894
4182 1038
212 3500
4814 4356
3090 4612
4130 1734
4356 3124
3328 1118
3444 1350
4256 2088
104 4718
1540 4166
2928 3766
4654 4178
2566 4722
4774 1936
4624 268
4177 3700 1081
1620 4624
2126 1492
1536 3316
1326 4742
80 3076
2468 634
4406 2358
354 4046
1396 4668
1600 3706
4832 1114
3186 258
512 4476
2058 4066
4616 1448
899 2380 1081
1170 4580
3622 300
606 4130
908 4504
4768 1658
774 4822
1918 1296
4492 3146
4420 2458
4844 860
3360 2000
350 551 1081
3818 4832
3230 1308
4500 778
4900 648
4146 2646
3954 4890
58 4886
1398 2116
1638 4020
4886 2632
4162 3772
3830 3954
3852 198
4754 3748
1122 4500
4754 1722
1232 3726
2868 588
1416 4662
4176 2286
2900 4630
3570 4694
1926 132
3270 672
334 218
1364 4438
136 2494
2416 1628
3882 3010
3746 540
4842 2060
2478 3948
4860 3326
1974 4578
2638 4462
3520 1516
4550 1334
4152 1474
3212 348
1364 4348
220 2694
4114 560
3830 1876
2490 3502
4418 1566
2522 4266
290 2330
3658 4332
180 4006
222 2274
606 4662
4762 3126
1632 4370
4818 2200
1176 1964
762 4768
4366 1800
264 1702
2404 3570
3798 1742
4190 1796
4830 212
4774 1356
3820 3348
2626 634
2484 986
1240 3210
278 576
3738 846
2098 3456
2336 4790
4800 572
4022 1870
1246 3336
2508 4860
960 3440
1296 4138
3436 3152
4456 1738
2988 1324
4176 4296
2222 96
3992 1090
4754 3598
2364 228
572 2011 1081
450 3528
2516 906
4610 2762
3906 2870
146 1944
4730 2398
4692 2660
2748 1608
36 4246
1046 4474
1632 3816
3648 402
808 3012
380 4280
816 4476
1172 4766
1608 2778
2596 1044
4540 2088
2640 1390
4274 2430
2762 1090
3630 4746
30 3890
3434 198
4218 350
1282 2926
2918 152
4704 576
54 4632
3786 2942
982 3442
4116 926
4828 816
188 3770
2928 12
3638 1838
2484 4728
4374 904
4558 2410
182 4360
4626 2174
4816 3714
690 4032
874 3520
1894 3340
94 3516
4654 4514
534 3638
4790 1426
1148 4464
4028 226
922 2116
4824 1596
3524 22
4440 1460
708 3832
44 4692
1524 4660
1392 4816
3254 4620
514 3188
534 3282
642 3748
774 3596
1506 4320
2932 1692
2283 1774 1081
2490 1298
4702 2652
