61
1078 1080
736 738
478 480
388 390
288 290
1088 1090
1368 1370
1432 1434
1434 1436
1554 1556
1588 1590
1632 1634
1642 1644
1788 1790
1834 1836
1860 1862
1920 1922
1934 1936
2008 2010
2102 2104
2124 2126
2210 2212
2248 2250
2416 2418
2446 2448
2550 2552
2554 2556
2602 2604
2688 2690
2858 2860
2884 2886
2910 2912
2946 2948
2964 2966
3142 3144
3154 3156
3180 3182
3292 3294
3340 3342
3524 3526
3688 3690
3788 3790
3810 3812
3838 3840
3878 3880
3934 3936
3942 3944
3960 3962
4000 4002
4086 4088
4176 4178
4302 4304
4344 4346
4374 4376
4410 4412
4428 4430
4512 4514
4552 4554
4610 4612
4648 4650
4656 4658
