1442
1373 1374
2127 2129
2125 2127
2121 2123
2117 2119
2115 2117
2101 2103
2095 2097
2093 2095
2079 2081
2067 2069
2061 2063
2051 2053
2017 2019
2003 2005
1997 1999
1989 1991
1983 1985
1977 1979
1973 1975
1969 1971
1957 1959
1953 1955
1943 1945
1939 1941
1931 1933
1923 1925
1919 1921
1905 1907
1891 1893
1889 1891
1879 1881
1867 1869
1857 1859
1851 1853
1845 1847
1841 1843
1839 1841
1821 1823
1813 1815
1811 1813
1775 1777
1749 1751
1743 1745
1741 1743
1735 1737
1731 1733
1729 1731
1727 1729
1725 1727
1715 1717
1709 1711
1693 1695
1689 1691
1687 1689
1683 1685
1647 1649
1641 1643
1631 1633
1625 1627
1611 1613
1605 1607
1581 1583
1575 1577
1561 1563
1559 1561
1549 1551
1525 1527
1497 1499
1489 1491
1485 1487
1459 1461
1451 1453
1447 1449
1435 1437
1415 1417
1409 1411
1407 1409
1405 1407
1397 1399
1389 1391
1385 1387
1351 1353
1343 1345
1341 1343
1331 1333
1321 1323
1315 1317
1313 1315
1305 1307
1301 1303
1297 1299
1291 1293
1275 1277
1273 1275
1251 1253
1243 1245
1233 1235
1227 1229
1225 1227
1219 1221
1211 1213
1181 1183
1173 1175
1169 1171
1163 1165
1147 1149
1145 1147
1141 1143
1121 1123
1091 1093
1083 1085
1077 1079
1069 1071
1065 1067
1053 1055
1047 1049
1043 1045
1039 1041
1035 1037
1031 1033
1019 1021
1011 1013
999 1001
981 983
967 969
963 965
953 955
949 951
939 941
933 935
929 931
925 927
921 923
919 921
917 919
899 901
887 889
877 879
871 873
861 863
859 861
847 849
843 845
831 833
825 827
817 819
811 813
805 807
797 799
791 793
787 789
783 785
781 783
769 771
761 763
741 743
735 737
723 725
719 721
715 717
709 711
701 703
699 701
697 699
689 691
677 679
675 677
669 671
661 663
655 657
653 655
643 645
631 633
621 623
613 615
607 609
603 605
593 595
591 593
587 589
577 579
565 567
561 563
557 559
553 555
545 547
533 535
529 531
527 529
523 525
517 519
505 507
493 495
489 491
473 475
443 445
431 433
411 413
407 409
397 399
385 387
379 381
373 375
349 351
331 333
315 317
307 309
305 307
303 305
293 295
279 281
257 259
239 241
235 237
225 227
221 223
211 213
207 209
205 207
199 201
193 195
171 173
165 167
155 157
133 135
125 127
121 123
109 111
99 101
77 79
73 75
65 67
47 49
39 41
33 35
25 27
11 13
1 3
2147 2149
2149 2151
2179 2181
2191 2193
2197 2199
2217 2219
2231 2233
2233 2235
2235 2237
2261 2263
2275 2277
2281 2283
2289 2291
2291 2293
2299 2301
2315 2317
2329 2331
2345 2347
2367 2369
2377 2379
2397 2399
2403 2405
2411 2413
2421 2423
2429 2431
2469 2471
2483 2485
2485 2487
2487 2489
2537 2539
2543 2545
2569 2571
2575 2577
2593 2595
2597 2599
2603 2605
2605 2607
2609 2611
2617 2619
2625 2627
2629 2631
2635 2637
2637 2639
2639 2641
2649 2651
2651 2653
2657 2659
2663 2665
2713 2715
2733 2735
2741 2743
2765 2767
2769 2771
2783 2785
2787 2789
2791 2793
2797 2799
2809 2811
2813 2815
2815 2817
2823 2825
2829 2831
2845 2847
2851 2853
2853 2855
2855 2857
2867 2869
2873 2875
2885 2887
2889 2891
2891 2893
2895 2897
2901 2903
2903 2905
2909 2911
2911 2913
2923 2925
2933 2935
2939 2941
2949 2951
2951 2953
2963 2965
2971 2973
2975 2977
2979 2981
2989 2991
2995 2997
3009 3011
3015 3017
3023 3025
3029 3031
3041 3043
3049 3051
3061 3063
3063 3065
3107 3109
3117 3119
3145 3147
3155 3157
3165 3167
3167 3169
3183 3185
3185 3187
3187 3189
3199 3201
3207 3209
3227 3229
3237 3239
3249 3251
3255 3257
3259 3261
3261 3263
3265 3267
3269 3271
3273 3275
3275 3277
3279 3281
3303 3305
3307 3309
3315 3317
3329 3331
3333 3335
3343 3345
3347 3349
3377 3379
3391 3393
3405 3407
3419 3421
3427 3429
3435 3437
3445 3447
3465 3467
3473 3475
3493 3495
3501 3503
3505 3507
3507 3509
3511 3513
3515 3517
3519 3521
3521 3523
3523 3525
3527 3529
3531 3533
3543 3545
3551 3553
3555 3557
3575 3577
3577 3579
3579 3581
3611 3613
3659 3661
3675 3677
3681 3683
3683 3685
3687 3689
3701 3703
3733 3735
3735 3737
3749 3751
3757 3759
3763 3765
3767 3769
3769 3771
3777 3779
3783 3785
3787 3789
3793 3795
3797 3799
3813 3815
3817 3819
3821 3823
3831 3833
3833 3835
3835 3837
3853 3855
3873 3875
3879 3881
3891 3893
3911 3913
3935 3937
3947 3949
3949 3951
3955 3957
3969 3971
3971 3973
3977 3979
3981 3983
3995 3997
4011 4013
4023 4025
4027 4029
4029 4031
4031 4033
4035 4037
4039 4041
4045 4047
4061 4063
4103 4105
4113 4115
4117 4119
4125 4127
4135 4137
4145 4147
4151 4153
4153 4155
4161 4163
4165 4167
4183 4185
4187 4189
4191 4193
4197 4199
4205 4207
4211 4213
4215 4217
4231 4233
4235 4237
4241 4243
4255 4257
4267 4269
4273 4275
4277 4279
4279 4281
4281 4283
4287 4289
4321 4323
4325 4327
4335 4337
4341 4343
4357 4359
4359 4361
4383 4385
4401 4403
4409 4411
4423 4425
4433 4435
4443 4445
4477 4479
4497 4499
4517 4519
4523 4525
4543 4545
4551 4553
4555 4557
4559 4561
4565 4567
4569 4571
4579 4581
4585 4587
4593 4595
4597 4599
4609 4611
4613 4615
4619 4621
4623 4625
4635 4637
4653 4655
4655 4657
4659 4661
4663 4665
4691 4693
4703 4705
4707 4709
4709 4711
4717 4719
4731 4733
4735 4737
4749 4751
4793 4795
4813 4815
4827 4829
4841 4843
4851 4853
4855 4857
4861 4863
4867 4869
4877 4879
4879 4881
2142 2144
2126 2128
2114 2116
2104 2106
2100 2102
2096 2098
2088 2090
2086 2088
2084 2086
2080 2082
2078 2080
2076 2078
2068 2070
2064 2066
2060 2062
2052 2054
2050 2052
2046 2048
2040 2042
2038 2040
2036 2038
2030 2032
2028 2030
2024 2026
2020 2022
2012 2014
2006 2008
1994 1996
1992 1994
1982 1984
1976 1978
1972 1974
1970 1972
1960 1962
1944 1946
1940 1942
1938 1940
1934 1936
1932 1934
1928 1930
1924 1926
1916 1918
1912 1914
1910 1912
1904 1906
1894 1896
1886 1888
1876 1878
1872 1874
1862 1864
1856 1858
1850 1852
1848 1850
1836 1838
1824 1826
1822 1824
1820 1822
1812 1814
1806 1808
1802 1804
1800 1802
1798 1800
1788 1790
1778 1780
1770 1772
1766 1768
1764 1766
1762 1764
1758 1760
1748 1750
1738 1740
1728 1730
1722 1724
1718 1720
1716 1718
1710 1712
1708 1710
1704 1706
1696 1698
1688 1690
1684 1686
1680 1682
1672 1674
1668 1670
1666 1668
1656 1658
1652 1654
1650 1652
1638 1640
1632 1634
1624 1626
1594 1596
1592 1594
1588 1590
1580 1582
1576 1578
1574 1576
1572 1574
1570 1572
1568 1570
1564 1566
1560 1562
1552 1554
1548 1550
1546 1548
1542 1544
1540 1542
1536 1538
1534 1536
1532 1534
1528 1530
1526 1528
1522 1524
1516 1518
1514 1516
1510 1512
1482 1484
1480 1482
1478 1480
1468 1470
1464 1466
1456 1458
1454 1456
1450 1452
1444 1446
1436 1438
1434 1436
1428 1430
1424 1426
1416 1418
1404 1406
1392 1394
1390 1392
1382 1384
1364 1366
1358 1360
1354 1356
1346 1348
1344 1346
1338 1340
1334 1336
1330 1332
1326 1328
1324 1326
1322 1324
1312 1314
1308 1310
1304 1306
1302 1304
1300 1302
1298 1300
1292 1294
1290 1292
1282 1284
1278 1280
1272 1274
1260 1262
1254 1256
1252 1254
1244 1246
1236 1238
1234 1236
1232 1234
1228 1230
1224 1226
1222 1224
1218 1220
1214 1216
1212 1214
1210 1212
1206 1208
1202 1204
1198 1200
1196 1198
1188 1190
1186 1188
1184 1186
1180 1182
1178 1180
1174 1176
1172 1174
1168 1170
1166 1168
1164 1166
1156 1158
1152 1154
1150 1152
1142 1144
1140 1142
1130 1132
1112 1114
1108 1110
1106 1108
1102 1104
1100 1102
1098 1100
1096 1098
1092 1094
1090 1092
1088 1090
1082 1084
1080 1082
1074 1076
1068 1070
1064 1066
1060 1062
1056 1058
1048 1050
1038 1040
1032 1034
1028 1030
1008 1010
1004 1006
1002 1004
996 998
988 990
982 984
972 974
968 970
964 966
962 964
952 954
946 948
940 942
934 936
930 932
924 926
922 924
920 922
912 914
908 910
888 890
884 886
880 882
876 878
872 874
864 866
858 860
852 854
850 852
848 850
844 846
832 834
826 828
820 822
818 820
816 818
814 816
810 812
808 810
802 804
798 800
796 798
792 794
784 786
778 780
774 776
758 760
746 748
738 740
736 738
734 736
730 732
722 724
702 704
692 694
688 690
686 688
674 676
666 668
658 660
652 654
644 646
634 636
632 634
630 632
628 630
616 618
612 614
606 608
600 602
598 600
592 594
590 592
588 590
584 586
582 584
566 568
564 566
562 564
560 562
556 558
550 552
546 548
532 534
516 518
510 512
504 506
494 496
486 488
484 486
480 482
476 478
472 474
470 472
468 470
464 466
460 462
456 458
442 444
440 442
438 440
432 434
428 430
424 426
418 420
412 414
410 412
404 406
402 404
386 388
384 386
376 378
374 376
372 374
366 368
360 362
356 358
354 356
348 350
346 348
344 346
342 344
340 342
328 330
322 324
320 322
312 314
310 312
306 308
300 302
290 292
284 286
280 282
274 276
270 272
266 268
262 264
260 262
258 260
256 258
254 256
244 246
240 242
238 240
228 230
224 226
218 220
214 216
196 198
190 192
188 190
180 182
176 178
174 176
166 168
158 160
156 158
142 144
132 134
120 122
118 120
112 114
106 108
100 102
92 94
90 92
84 86
82 84
74 76
68 70
66 68
60 62
56 58
52 54
46 48
42 44
28 30
14 16
12 14
6 8
2146 2148
2152 2154
2156 2158
2158 2160
2162 2164
2166 2168
2174 2176
2184 2186
2190 2192
2194 2196
2206 2208
2208 2210
2210 2212
2214 2216
2216 2218
2218 2220
2220 2222
2226 2228
2234 2236
2238 2240
2240 2242
2246 2248
2248 2250
2254 2256
2256 2258
2264 2266
2270 2272
2274 2276
2278 2280
2280 2282
2284 2286
2290 2292
2318 2320
2322 2324
2330 2332
2332 2334
2336 2338
2338 2340
2340 2342
2346 2348
2354 2356
2356 2358
2364 2366
2366 2368
2368 2370
2370 2372
2376 2378
2384 2386
2388 2390
2392 2394
2394 2396
2396 2398
2402 2404
2408 2410
2410 2412
2414 2416
2418 2420
2428 2430
2438 2440
2454 2456
2458 2460
2460 2462
2464 2466
2468 2470
2472 2474
2474 2476
2478 2480
2484 2486
2492 2494
2504 2506
2508 2510
2518 2520
2520 2522
2522 2524
2528 2530
2534 2536
2538 2540
2540 2542
2544 2546
2548 2550
2550 2552
2554 2556
2560 2562
2564 2566
2576 2578
2584 2586
2586 2588
2588 2590
2590 2592
2596 2598
2600 2602
2604 2606
2608 2610
2612 2614
2614 2616
2624 2626
2630 2632
2634 2636
2640 2642
2648 2650
2650 2652
2664 2666
2666 2668
2668 2670
2672 2674
2678 2680
2682 2684
2690 2692
2696 2698
2698 2700
2702 2704
2706 2708
2710 2712
2722 2724
2728 2730
2732 2734
2734 2736
2738 2740
2740 2742
2746 2748
2748 2750
2754 2756
2764 2766
2766 2768
2768 2770
2770 2772
2774 2776
2776 2778
2778 2780
2780 2782
2790 2792
2792 2794
2798 2800
2808 2810
2812 2814
2814 2816
2816 2818
2820 2822
2830 2832
2840 2842
2848 2850
2850 2852
2852 2854
2858 2860
2860 2862
2862 2864
2868 2870
2876 2878
2882 2884
2886 2888
2888 2890
2894 2896
2902 2904
2906 2908
2908 2910
2914 2916
2918 2920
2924 2926
2926 2928
2928 2930
2930 2932
2934 2936
2940 2942
2944 2946
2946 2948
2950 2952
2952 2954
2956 2958
2958 2960
2962 2964
2968 2970
2978 2980
2980 2982
2984 2986
2990 2992
2998 3000
3000 3002
3002 3004
3004 3006
3008 3010
3018 3020
3020 3022
3024 3026
3026 3028
3032 3034
3038 3040
3040 3042
3042 3044
3050 3052
3054 3056
3056 3058
3060 3062
3066 3068
3068 3070
3080 3082
3082 3084
3086 3088
3088 3090
3094 3096
3096 3098
3102 3104
3106 3108
3114 3116
3116 3118
3126 3128
3140 3142
3146 3148
3150 3152
3160 3162
3162 3164
3168 3170
3182 3184
3184 3186
3186 3188
3188 3190
3190 3192
3192 3194
3194 3196
3196 3198
3202 3204
3206 3208
3210 3212
3212 3214
3216 3218
3218 3220
3220 3222
3224 3226
3228 3230
3236 3238
3250 3252
3260 3262
3266 3268
3274 3276
3284 3286
3288 3290
3298 3300
3310 3312
3312 3314
3316 3318
3318 3320
3322 3324
3324 3326
3326 3328
3332 3334
3334 3336
3338 3340
3342 3344
3348 3350
3350 3352
3352 3354
3360 3362
3362 3364
3364 3366
3372 3374
3376 3378
3378 3380
3380 3382
3384 3386
3386 3388
3396 3398
3404 3406
3410 3412
3412 3414
3414 3416
3420 3422
3422 3424
3430 3432
3434 3436
3440 3442
3442 3444
3448 3450
3454 3456
3456 3458
3458 3460
3464 3466
3466 3468
3478 3480
3480 3482
3490 3492
3500 3502
3502 3504
3506 3508
3508 3510
3512 3514
3520 3522
3522 3524
3526 3528
3544 3546
3556 3558
3562 3564
3564 3566
3568 3570
3578 3580
3582 3584
3586 3588
3590 3592
3594 3596
3602 3604
3606 3608
3608 3610
3614 3616
3628 3630
3638 3640
3640 3642
3644 3646
3652 3654
3684 3686
3686 3688
3690 3692
3692 3694
3696 3698
3700 3702
3704 3706
3708 3710
3710 3712
3716 3718
3718 3720
3726 3728
3728 3730
3732 3734
3736 3738
3742 3744
3744 3746
3748 3750
3752 3754
3760 3762
3764 3766
3780 3782
3782 3784
3792 3794
3794 3796
3802 3804
3804 3806
3806 3808
3810 3812
3814 3816
3816 3818
3818 3820
3824 3826
3828 3830
3840 3842
3842 3844
3844 3846
3848 3850
3850 3852
3852 3854
3868 3870
3874 3876
3876 3878
3880 3882
3884 3886
3886 3888
3892 3894
3900 3902
3906 3908
3908 3910
3910 3912
3916 3918
3924 3926
3928 3930
3936 3938
3948 3950
3956 3958
3966 3968
3978 3980
3982 3984
3984 3986
3986 3988
3988 3990
3994 3996
3996 3998
3998 4000
4002 4004
4010 4012
4014 4016
4022 4024
4034 4036
4040 4042
4044 4046
4050 4052
4056 4058
4058 4060
4060 4062
4066 4068
4074 4076
4078 4080
4082 4084
4084 4086
4086 4088
4094 4096
4098 4100
4112 4114
4120 4122
4128 4130
4132 4134
4134 4136
4138 4140
4142 4144
4146 4148
4148 4150
4150 4152
4162 4164
4164 4166
4166 4168
4168 4170
4174 4176
4180 4182
4190 4192
4194 4196
4200 4202
4202 4204
4206 4208
4214 4216
4216 4218
4218 4220
4228 4230
4238 4240
4240 4242
4250 4252
4254 4256
4264 4266
4268 4270
4272 4274
4276 4278
4280 4282
4282 4284
4284 4286
4286 4288
4292 4294
4294 4296
4296 4298
4298 4300
4304 4306
4306 4308
4320 4322
4324 4326
4326 4328
4334 4336
4352 4354
4354 4356
4360 4362
4364 4366
4366 4368
4370 4372
4372 4374
4374 4376
4376 4378
4380 4382
4382 4384
4384 4386
4388 4390
4392 4394
4396 4398
4398 4400
4404 4406
4408 4410
4410 4412
4414 4416
4416 4418
4418 4420
4430 4432
4432 4434
4450 4452
4462 4464
4466 4468
4472 4474
4474 4476
4488 4490
4498 4500
4502 4504
4512 4514
4514 4516
4518 4520
4532 4534
4534 4536
4544 4546
4546 4548
4550 4552
4552 4554
4562 4564
4566 4568
4572 4574
4574 4576
4582 4584
4586 4588
4588 4590
4596 4598
4604 4606
4608 4610
4614 4616
4622 4624
4626 4628
4628 4630
4646 4648
4654 4656
4658 4660
4662 4664
4666 4668
4674 4676
4680 4682
4684 4686
4688 4690
4692 4694
4698 4700
4704 4706
4712 4714
4716 4718
4720 4722
4724 4726
4726 4728
4728 4730
4730 4732
4742 4744
4746 4748
4750 4752
4752 4754
4756 4758
4770 4772
4786 4788
4788 4790
4790 4792
4792 4794
4794 4796
4796 4798
4806 4808
4808 4810
4814 4816
4820 4822
4826 4828
4834 4836
4862 4864
4870 4872
4874 4876
4876 4878
