4882 9975 1373 2143
3167 3165
1150 3102
4695 1871
4803 377
953 4357
1542 1544
3170 4174
2618 2914
4286 4284
3284 3288
4677 1277
3319 367
4677 565
1826 12
3913 103
4382 1766
4368 848
4576 1008
4802 1816
4135 705
4404 68
618 630
4563 2797
1013 17
2388 1176
2174 174
4136 902
188 2686
4736 1168
4236 1116
4564 3758
4792 3204
198 4250
1156 3852
3726 1354
3132 1482
794 1460
1782 1790
2328 3368
3475 237
4313 2101
242 3084
1340 4272
4532 420
4129 4125
3669 1703
3902 1224
2918 1232
396 4150
1458 1466
463 3561
2758 4380
4710 350
58 530
3481 177
4136 4674
1828 736
4722 2060
2936 438
2629 17
916 3332
519 507
62 1256
1256 1254
34 776
74 1938
1048 4548
630 2398
2005 1999
2585 795
3236 1266
615 609
3366 1990
3757 1145
55 67
3736 3742
2732 806
3544 2552
2272 2984
2758 2754
3864 1140
3438 1202
1746 442
4708 4150
670 676
3640 3638
459 4205
2944 2940
4880 3768
114 112
1351 1979
4734 3006
3936 1486
4374 2270
4592 1384
2062 2056
2635 687
4417 257
2221 2217
1043 4703
2400 722
135 4117
4617 895
3502 3506
2116 2108
1484 4504
491 3563
1662 3590
1652 3276
4768 3230
725 3717
2597 305
930 4690
3816 310
2597 1013
3715 319
2841 561
1196 4430
2347 29
1936 1934
3440 158
820 3630
3630 744
3692 2992
4660 1460
3388 3874
589 593
3894 1098
2318 4526
1078 2918
3499 1379
3875 381
4103 1025
2548 2544
307 2071
38 3118
2858 2078
1470 4372
1845 2821
3261 9
8 4120
150 1900
3934 184
2540 4426
1497 3093
167 433
3804 3802
232 60
2375 3745
39 527
285 4479
258 4210
3852 202
2374 4354
140 4608
1005 2737
930 994
4669 3131
4794 1630
596 600
216 2916
2669 4221
65 1197
2484 4626
380 1258
1892 1896
3003 4619
1303 1299
4774 2290
4737 2129
471 4623
738 282
1320 2756
1307 3911
3590 3594
704 694
2380 3682
4306 342
20 4252
7 2165
1702 228
3688 1528
3640 292
4165 2091
2076 352
2466 2464
99 3073
2318 442
2870 68
1366 4878
740 1416
264 3248
844 3136
4151 2853
1464 4428
3710 612
1955 1959
1973 4215
4308 2598
716 3916
2815 4449
2116 3888
444 1724
2202 4620
1021 1033
4255 4267
508 3208
1768 1066
2346 4438
4476 1062
102 94
2190 3976
465 3387
1079 303
2014 4104
1670 1674
806 4232
1266 4190
478 482
102 1836
3431 4569
223 4605
2041 3735
3588 3110
476 2872
207 201
3004 3002
414 412
3647 1109
4451 31
953 4467
3825 1661
4175 1455
54 3370
232 3664
2204 2194
3278 2558
1670 1668
4721 1383
2687 3287
2738 4840
4782 4
2452 3064
3812 1114
3302 4770
4226 458
3138 1604
2983 4705
596 3506
4821 3533
4234 62
4732 2226
749 3575
2984 4734
2030 2032
2782 4030
4067 277
4314 1238
237 4159
2194 1328
4682 2796
4390 1584
4186 1328
154 2240
2744 2740
4730 1246
56 3744
1148 4708
227 4043
2668 934
8 1904
3441 965
902 4688
2088 4540
145 431
4734 4576
3010 316
2937 2933
4338 654
525 4635
1356 3818
4562 1490
4737 65
998 4488
482 4754
4471 3471
4358 2250
4540 2278
4503 2227
3372 1862
143 1917
4479 593
1821 2707
2800 4664
2261 4587
1840 2424
639 3799
4484 3152
1772 1780
2262 556
1069 4093
3536 106
2506 450
4180 4174
166 3970
4813 1423
522 1810
3312 4444
445 2259
1906 310
3338 96
4326 4324
3982 3978
1477 4809
3716 890
4015 3323
2508 740
4744 3290
1557 1561
4460 336
98 4196
3273 137
4194 2260
663 659
4649 97
96 4246
4707 4709
3529 1
3981 4865
1570 4528
596 2922
1460 4874
375 2417
819 4815
1541 4081
179 4533
812 2356
4369 1823
4606 1880
1800 1790
898 3292
32 3932
70 3284
2568 742
4698 1862
2936 230
167 1529
4058 6
3094 586
791 793
4216 992
1190 4494
2798 2792
958 4676
3276 204
2986 872
177 3449
3415 1853
237 4399
10 488
4784 2864
4593 3241
2274 3882
1340 2194
1666 4816
3426 2422
2874 1348
2191 2195
4834 110
1470 4850
2912 184
3080 962
4284 2280
4418 2150
4684 316
4298 662
542 4622
3419 385
3674 1712
3114 3116
452 4272
3686 2940
4882 2886
4000 4708
4830 764
3049 3041
1296 4572
1028 2784
4740 724
888 4692
967 4725
7 1955
3029 3023
4857 4223
209 213
535 1463
1578 1576
3524 2180
4849 453
2733 2329
2102 2106
3822 3076
4612 194
3012 4222
2067 893
308 3624
1996 4390
1510 3502
4253 2505
359 4871
2292 16
13 1853
3995 271
13 4855
56 920
2830 2838
4809 2089
269 2539
4078 2300
2348 4160
4854 2742
504 3510
52 3046
1982 30
26 1988
3150 1470
3049 97
978 4622
539 3619
81 2169
363 4277
2030 56
2525 5
2183 2503
4863 1501
4388 4392
2149 2177
1341 3807
4200 1170
2981 7
3259 3261
4483 1393
4655 2179
598 4838
4577 2285
2106 3464
117 2665
2175 335
452 2684
4606 2594
486 2964
602 608
1507 119
3966 3978
518 3828
1127 4377
3882 506
2210 4826
4821 901
3638 294
636 4672
1960 3732
1414 426
1228 3448
1808 3962
4798 3674
592 3494
4294 4766
164 2242
3792 2488
4500 4498
2696 2690
4823 3917
493 3039
3955 3965
4060 3246
1198 1200
241 1901
937 2531
4760 2604
1255 4465
4644 2134
575 4747
4580 2494
1320 10
3998 4002
3147 301
4597 2455
4871 1295
3752 582
358 4370
4406 3222
4539 301
1613 1607
411 1019
838 3972
1437 4335
3218 2064
847 587
1842 4824
1342 464
124 4744
3024 868
4236 148
4870 736
1638 3704
3601 53
2634 4620
712 3038
34 3346
2862 4390
356 4404
4567 4565
758 3758
1171 2151
2183 327
3178 4738
2837 4791
2452 1012
336 3986
3582 3586
4158 340
577 2969
3759 317
692 2976
1345 1343
4396 3252
2300 270
4252 3448
1821 2577
3916 3910
3980 500
1955 1031
4396 12
4510 1094
4720 1920
4344 1120
3381 319
257 4735
1926 1918
4241 1407
3019 429
2590 3546
3969 3971
4744 3048
4065 683
2409 2403
324 1190
2948 882
660 668
2038 952
4118 2780
1128 4868
3682 1240
3266 3260
194 4592
664 4592
4839 4471
4122 1196
3303 1877
1706 4080
3385 765
2971 1031
366 4304
4282 4280
2880 26
3752 3760
4334 128
3565 4817
4814 14
4709 1477
3412 3410
2156 4340
3346 506
454 4536
1164 4850
4316 2840
4882 1852
3181 4809
3138 710
3764 3770
2926 2928
439 4213
2586 2584
3358 2348
3796 4808
4105 2873
273 4631
4276 4280
3752 1542
3971 3977
483 4365
294 1686
1173 3343
3259 59
3432 144
424 4772
3605 561
3771 1269
4133 585
2698 228
1515 53
752 4624
1551 3377
2336 2332
3948 2450
4146 202
91 1391
25 1337
1026 1812
1950 4858
743 4511
3020 1792
778 3578
99 4557
4781 891
1280 1274
426 12
4804 114
2429 4107
3046 1416
1368 3100
4210 238
1816 1822
2845 2495
4793 4801
4554 984
1333 4733
4513 805
2570 362
380 4766
787 3655
3337 1171
927 923
121 2435
4660 22
1399 1391
3968 2526
377 4243
238 1466
78 2642
3430 4342
1122 16
3303 4019
4558 1416
1110 4556
3413 603
4805 639
4823 305
4658 4654
4698 4704
4814 4004
105 4479
1636 3982
192 92
2540 2544
1348 3094
520 2410
250 256
4113 2805
2091 3983
1258 3954
3620 3614
3654 740
398 1956
582 2150
2448 4874
2331 81
4464 1384
1574 174
4024 4022
343 4573
1994 1034
2610 322
4372 4370
1162 3436
4767 531
1548 4806
878 876
2416 162
706 2512
302 292
2853 545
61 2575
3293 1009
345 4873
1638 4598
1769 567
3751 4403
4406 3490
3094 3088
2254 310
2062 620
308 2688
2441 1481
1996 1484
3192 1210
173 171
4376 1826
4554 1072
3520 274
1907 857
246 4332
1682 4862
135 3931
2459 4327
555 4319
3378 3376
3850 1520
2502 330
330 4158
549 4083
361 4877
2048 640
1990 3102
78 2484
2923 2927
4345 2729
4468 470
414 2380
3846 2526
2760 4448
4028 4882
782 4834
2664 866
1460 4122
2710 758
4626 4622
17 4547
59 2657
978 4588
128 4470
4631 3775
2802 4604
2869 101
135 127
1133 4193
3308 3298
3884 1818
4499 2519
218 4734
1892 388
340 4086
2118 3640
4367 189
312 2048
3770 2130
798 4760
1246 166
1651 4349
1834 2852
3187 3185
1392 3968
552 3344
3614 350
4182 1332
126 2730
1370 890
426 3150
154 4332
84 76
1896 3392
3908 3440
1181 4563
4763 3977
1256 1262
4190 782
2062 4698
2510 4592
4807 1131
924 3500
4785 1567
3954 4170
1065 3193
725 303
1157 3091
3194 914
926 4254
192 2504
2212 4856
902 2676
990 3372
1457 4869
485 4677
1453 4879
1728 3910
632 3660
357 4537
4194 1902
279 3093
156 3336
3142 3972
2211 4171
2490 1660
2472 2468
3297 1779
2640 1314
757 2831
4279 463
670 3686
4874 332
208 974
1376 4706
50 4800
4621 3275
737 4579
4545 159
3942 2608
262 264
4746 2642
103 3855
2998 4846
1634 758
4596 54
396 2286
1922 3334
2564 4092
1951 911
4035 199
3926 4726
116 3258
3067 1741
4544 958
530 4110
3283 2313
1652 4868
4128 1934
569 3977
763 749
2437 775
4812 4808
3690 3686
3883 131
4579 4581
1412 202
1737 1743
426 3488
493 495
2132 2146
2953 491
1378 1377 1373
156 946
52 502
162 2250
4406 1080
3985 1155
1232 3480
4196 2344
4178 1864
4594 3022
3296 3288
3384 2916
4614 2522
1207 3043
1028 4090
496 2198
191 835
2106 386
1189 3645
112 4836
1907 2691
3480 3488
4464 4462
4834 3130
4126 1792
4404 2224
278 2222
4846 2106
3004 2244
4401 2017
1459 1261
506 232
4867 359
4846 658
3949 1
3644 972
655 657
2042 176
3208 3206
3606 1246
1781 1813
3273 4767
3726 1948
1246 534
1686 1690
17 3215
2784 4208
750 4516
1412 262
4526 3770
12 1590
1418 3530
4419 3685
2948 2236
4776 690
3381 435
3370 4838
2208 2210
4397 63
1346 1340
1277 4783
4877 2379
234 4358
3505 3507
694 4880
2624 1132
3108 10
843 4555
1190 1198
4805 3411
174 2560
1411 1417
562 3276
3147 2195
813 807
3753 3275
3528 2046
1959 1971
719 103
3911 3935
4663 187
2022 2026
1940 1936
4543 2961
1527 1521
1098 4522
4130 8
4495 4729
838 3988
2812 2396
344 1726
15 4509
4300 3098
1880 288
1718 3100
4610 596
3740 1238
2538 1478
203 3081
1582 214
4210 162
1303 4459
4271 3461
622 3662
2790 246
4388 2842
1276 1588
3099 735
4422 366
163 3719
380 790
3040 3614
222 2376
1652 1654
1136 3858
1414 3506
2938 4206
1042 1050
3990 1182
2872 4608
3856 500
443 2521
495 4071
4312 1582
3702 2390
2324 4766
1592 298
3509 1837
4517 3047
4615 197
680 1718
3728 3726
3534 1746
2628 482
3124 1042
2772 328
264 944
3050 4722
3226 334
66 3830
214 3726
3182 318
1349 3351
1252 4054
1273 107
4316 874
3188 400
2097 275
4374 2140
28 4722
403 4799
1907 1893
4039 4045
2512 3712
1765 337
551 3629
4815 1695
2968 2974
238 2846
542 548
3988 726
2707 4101
4014 1652
3511 481
2103 2097
609 605
3263 93
3668 876
688 4250
432 452
4653 4635
3222 1050
594 4488
4784 3888
825 1407
480 1270
2830 1028
4492 1442
4877 2587
4640 280
3580 2178
4624 1708
238 4776
3387 4131
4010 4002
1768 1216
632 634
3162 3168
2218 2216
171 4303
2578 1876
3303 3305
4869 3937
413 4115
3964 302
1227 2339
1534 1536
1408 4192
929 931
2417 4735
3938 892
4130 1446
1853 1851
4568 3202
3389 213
1517 4753
36 332
3828 2510
4131 2427
63 2037
555 559
3496 4758
717 4455
214 3364
203 2761
1028 2648
2484 6
136 3526
2233 4507
3214 4870
82 3396
3334 3338
16 3688
4635 1971
752 3584
1356 1936
3466 4770
3357 601
2719 1397
68 4726
1802 152
163 3745
4474 4472
312 2512
1880 4728
3109 571
2613 23
2147 2149
1279 2735
2190 4834
356 2438
2100 3560
3269 3273
3347 4237
2449 1453
1240 2206
3414 2430
293 3137
1740 4428
96 1918
89 1827
3320 4342
2636 1912
1343 4543
3857 2683
989 4563
4581 2645
284 1344
3608 310
4635 39
1744 4836
2619 4593
1100 1102
535 3333
2248 2246
3123 4445
1718 1712
2915 1911
2444 4606
4570 4589 1373
213 1525
4404 32
4740 4142
4863 539
4712 406
1946 180
56 4076
1094 1098
4175 101
4826 3730
1733 4287
314 4710
888 3730
1254 3590
251 3939
4776 3410
2776 2774
2476 1026
2784 4224
48 4858
806 1850
4430 1640
954 948
366 4068
3244 390
2410 2414
3046 256
3994 492
2873 2879
2576 160
4086 4084
3514 648
1478 172
4543 4551
4138 2658
2482 1228
2329 2333
552 558
4401 4407
3128 534
3688 1332
3744 3742
23 4693
4818 1958
4120 3338
2845 2851
2417 4651
292 2372
3190 3188
1013 3285
341 4005
4329 1033
3715 205
4735 4747
4861 3653
4749 721
3872 2032
1039 3505
85 2289
336 3952
1070 4020
1182 1534
1743 4861
2438 2428
1566 1562
994 4554
1498 4858
3386 3396
30 2150
1497 4521
569 3713
2488 3728
2946 4720
2213 2197
787 4633
4610 2374
1082 4394
2480 2478
2800 3320
4848 3424
3380 1706
3692 3690
266 2000
439 3165
139 4835
869 4863
4722 270
3776 3500
4597 4607
4098 320
4396 4398
3333 3329
126 990
2782 426
4268 1842
1894 752
1286 580
4011 4771
176 4760
129 4725
633 4093
4437 1117
4047 347
3944 2168
2928 4280
4639 849
4528 4188
4650 4878
2581 647
663 3773
3474 714
3431 2265
4638 450
3501 947
2070 2066
854 4520
2637 2635
1692 2542
4729 3421
146 4138
4699 459
4157 451
3845 2625
1873 4769
2014 1394
4346 2078
3043 233
4517 3087
2069 2065
642 4350
176 4352
1366 1172
3516 1846
4456 3252
293 2243
3923 133
317 309
4790 4146
612 256
3021 3015
2446 4740
3908 3906
3413 1673
4875 4867
2332 2330
4752 1864
406 404
558 4478
2766 4450
516 2962
1990 4460
95 181
4876 3984
3786 1380
3206 1682
916 3996
388 386
4501 2027
652 3804
1559 3309
3576 1098
4829 3759
2448 4776
1970 3682
4619 4297
2757 2125
3400 906
1975 1973
615 4545
1372 3834
644 4056
3378 1000
267 4091
4505 3043
4516 148
4516 458
4518 1416
1390 4034
1684 3626
3112 1522
2734 634
3239 283
2920 4732
1906 3502
1214 2896
1824 4192
4043 165
908 4034
1066 76
2262 2508
974 2560
262 2488
292 4010
462 3788
381 2021
1956 4420
4282 2474
3855 685
3722 510
4704 630
2743 1227
285 1569
262 2818
821 4121
863 3301
1352 178
732 3930
3981 3533
764 3554
1944 362
4530 2302
1969 4567
4764 1494
641 3149
4806 502
4644 1144
4305 141
3407 2317
3468 12
49 41
3990 1296
4717 4727
900 3058
195 189
490 4624
1238 962
4465 681
3336 4374
848 3958
1075 3139
1391 4557
4642 1782
3525 1979
857 3213
1026 4384
279 3881
1680 2608
3528 94
3291 947
4271 807
2988 716
3902 896
504 3040
2536 412
776 764
1130 4178
4288 90
2133 4281
4001 1651
2500 4344
3326 520
1290 3484
1600 4772
1761 4785
4526 818
628 10
430 3016
3537 1071
3790 500
3568 598
2999 1419
534 4404
1656 62
224 4750
118 4686
4630 594
157 135
3214 102
4264 4268
4213 1329
3374 4670
388 86
4863 3801
4434 306
962 2082
2734 4704
256 3102
1162 3944
4875 3807
4574 4572
66 1636
2828 4732
58 2510
335 2861
4457 2721
2544 502
1981 63
626 402
4752 712
1083 4503
1868 3000
1308 1646
1158 290
1196 240
4876 1320
2925 4383
580 3302
4112 322
1592 106
2040 2038
3656 4858
872 2648
3197 3187
4770 558
4032 718
1308 3438
283 4217
1328 1332
2411 1211
3214 2720
4646 1118
1324 4500
4181 2015
23 661
3107 3117
3741 979
2950 224
1121 737
4792 4790
1088 142
371 4837
3732 3026
2424 158
1539 4461
443 1523
4055 4569
2730 1492
1152 2854
2146 4808
3976 56
3418 840
2178 276
2356 4378
2 4750
1185 4223
52 3038
1528 3950
2860 2862
4083 1973
3442 4552
2132 4552
3950 2982
620 4712
4604 4606
4834 1920
4850 926
325 2987
1633 161
2147 469
4548 852
4325 457
4392 940
3908 3286
882 3400
4424 864
4597 853
4597 4593
2990 4294
475 4085
3279 3275
2813 2809
1961 1229
4168 474
4118 3788
2012 4144
2850 534
2589 1125
1082 1076
2217 609
3052 3050
2082 2080
21 3027
630 632
2990 2996
2346 1156
411 2555
1322 4504
161 4119
1712 640
3867 1883
1145 4293
2815 3951
3161 4435
2895 1027
767 4499
4621 985
4297 773
2962 2958
1504 3784
3116 3124
181 2327
3846 778
1863 3581
2896 2622
466 470
559 563
698 3442
4042 914
2348 4050
4738 960
2701 4685
2722 4694
4860 3556
15 2853
3814 1664
3314 3312
3810 4652
4581 807
445 439
4376 4374
558 2610
3868 250
106 4800
1784 2084
1604 4882
3274 148
1544 1548
3998 114
2014 102
1492 1960
452 4606
16 3132
4512 1816
1164 4558
3211 4509
499 1685
3362 332
74 4356
116 120
2458 2460
555 4197
2369 985
4464 1706
2524 764
4778 2778
4786 4240
4598 4596
23 631
462 466
2150 232
196 4294
3404 4878
2120 4130
2068 746
2314 4794
1445 4853
4148 1144
2592 4402
70 3920
4387 1853
4 896
4361 1095
566 4010
3999 1165
1960 358
3841 255
1623 1045
855 3483
3730 4856
4746 426
348 3800
4554 70
246 554
1532 1534
4845 1775
1540 142
3016 2056
3795 703
54 50
720 2228
4224 2466
2678 238
473 3675
1055 1067
3063 3071
4662 4666
870 1350
1426 2748
2416 80
3630 3628
2966 2962
854 3118
2017 4755
2859 1589
642 4131 1373
302 1738
3012 1526
998 1004
116 1838
225 3755
2913 1021
1947 4859
1946 4038
2308 4410
3104 3102
260 258
734 510
1960 578
48 4680
3696 2310
1664 4048
2814 2816
1572 4764
413 4671
3932 4752
4496 812
4034 4038
212 2486
4820 864
2 4632
440 1736
4194 188
2752 432
1860 1864
1946 1962
4517 4523
4536 2584
882 886
1427 3915
1540 4072
1010 2816
1700 3266
4858 2786
4548 1252
4426 512
1897 2581
1826 4204
4881 4591
3850 1554
3933 763
1894 1152
4078 1048
3842 640
1678 168
4880 4876
3155 3165
2772 2404
4246 4056
1825 3013
859 3705
222 4734
412 410
721 3853
2474 1328
3183 3185
3644 856
3324 206
4489 4569
3724 1014
3138 488
3689 221
2265 581
4640 4878
143 3337
228 2822
4089 1817
134 122
2550 2548
4642 2200
2736 3822
1327 3425
4320 1854
2342 96
1696 3444
3169 541
4320 4306
150 2638
63 2793
3214 1928
3046 1544
1659 2815
4568 2816
2819 489
38 4484
3554 184
586 4408
1072 4654
4295 2485
2968 124
4745 933
149 1409
1200 4808
291 3953
3308 88
2712 4422
1482 2766
4076 1202
153 3757
2408 4686
4326 4334
4866 3170
1132 3392
139 4663
3224 732
3268 1658
4226 522
845 835
4828 1890
410 3496
2224 308
2686 774
127 3585
1636 4492
794 798
2794 4462
2271 767
1104 2812
66 2350
3220 3222
136 2702
1942 3852
160 158
3333 4403
4382 4380
37 2735
3852 972
3827 619
4241 4517
4452 2966
3978 582
799 4873
3382 2548
1159 4137
1673 21
4874 108
410 1234
4041 277
1168 1166
69 3007
775 3509
70 2100
70 3436
473 4749
580 4688
3356 30
4494 458
376 3836
2137 4821
4809 493
2961 3793
1979 1985
1116 3308
4033 4711
1936 3686
3777 107
4257 717
3763 3757
533 4643
1444 4288
1544 4078
4155 4153
4876 2098
3445 3453
2570 4412
2450 894
991 3459
860 4566
425 4875
4732 196
4484 1942
4864 3642
1195 3675
1891 1893
4858 830
664 3038
456 2624
4430 4432
991 4349
4355 4341
4254 2908
4850 3266
1079 4673
4881 2191
4654 1350
1562 1556
2579 4027
438 3378
603 2903
377 4761
3612 3432
4049 1065
1238 4730
145 2121
2219 4733
608 614
4835 4389
255 1397
3838 3828
3502 426
1430 2534
554 3942
4846 2254
3983 325
3524 3522
4206 850
1304 1306
4844 3288
4846 1586
1413 3053
4574 1322
3554 2144
8 778
3757 4739
4506 1220
3966 224
1962 3426
929 4733
1748 258
298 1022
42 3668
1488 4512
807 3521
3233 1517
1178 3454
936 3364
2584 604
4882 4792
4178 538
460 3702
827 833
4330 836
3602 572
391 1953
4346 566
1350 3100
3022 778
4128 742
4604 1704
3318 3322
1930 74
165 3473
1419 1437
44 30
3814 672
85 4183
1428 2582
2737 3835
3269 261
3313 249
71 911
1570 4368
3296 4718
53 2509
2208 4734
4059 511
2856 390
4836 2352
3800 376
3063 99
570 3556
1374 3236
4113 1029
1807 37
2502 4194
1764 170
3770 2102
1340 3822
1132 4574
1948 4332
1566 4848
2209 4053
1164 1796
4778 230
438 2100
3840 1338
4530 1554
4278 836
1438 4098
4027 4029
541 3911
2517 4049
3212 1514
1974 1978
648 2254
1652 20
3072 1304
3268 224
4750 2890
4562 2954
357 2535
3886 1026
518 2142
3938 1636
1344 432
784 838
3620 2204
3601 921
480 4760
3660 644
2739 1273
4837 37
998 3632
2274 2278
3718 196
2304 4186
1443 3939
159 3211
2485 2483
4880 2288
137 4857
2588 2590
871 2913
2876 2882
2760 92
636 634
4357 167
95 455
2100 2102
4183 4185
3958 1484
1064 20
4382 756
301 3507
1998 226
3492 1822
2323 4751
65 2125
2548 482
542 3168
4550 4552
288 4790
4218 932
396 4758
4287 4281
4832 2876
3778 342
1546 2822
3479 4751
4792 3154
112 2838
347 3553
4130 1450
4706 790
4396 2386
2954 3900
4468 3384
35 27
3729 1793
67 1975
554 1492
305 1139
2555 243
1062 3052
507 501
4340 576
4702 2830
2370 4436
238 1700
2276 4198
4808 4806
109 3925
1905 4843
3487 1405
615 2141
806 810
2322 2328
1906 4810
2744 786
1754 4844
146 4608
1778 4498
1322 4294
4337 1543
4527 29
3204 1926
4843 2177
990 4450
178 4328
4382 944
4567 955
4389 249
4348 570
512 2584
386 2246
2744 4128
3887 1437
1451 3171
372 2904
3543 3549
432 1274
2634 2640
2527 727
1582 1580
4318 1570
72 3664
4655 4659
3907 1141
4741 1791
136 1170
1468 4442
1610 956
4548 226
4779 93
1250 3960
4420 2202
3066 3060
2015 4509
3947 3949
2064 4696
1431 3943
3316 4542
273 3905
2756 4122
4057 4365
4213 2485
961 421
4120 160
3891 3911
152 1654
2678 2682
3490 3000
1320 3462
1034 4352
1134 4596
4262 2446
4830 2680
3384 414
614 4706
4494 280
1391 2577
2294 138
4881 3565
2827 9
818 4264
2853 2851
2038 4060
307 2053
1240 2406
2528 4166
161 3027
4092 1192
4428 4066
724 3928
4336 608
2716 1316
1139 2713
1208 1204
2032 566
2618 4746
989 3537
2280 2278
3832 2130
3578 3568
4530 2110
4802 2156
1448 3030
1734 4180
2367 677
520 3872
886 890
3381 55
2934 152
3590 480
4150 784
3851 3835
4127 2757
906 4602
3045 3825
762 4168
999 4047
4680 1908
1991 65
3520 4802
2372 4764
702 4196
4391 1845
1994 1996
675 4493
2490 872
3204 794
2748 2746
128 2856
2823 2827
4622 1262
107 4761
4468 1504
317 2659
518 2450
1661 29
4775 2421
4364 3240
3512 570
3386 3384
2129 2127
4376 1834
313 2797
2946 1746
2193 99
4718 3036
3814 650
679 677
3316 3318
4812 292
2411 4837
1310 4254
883 3055
3164 34
4816 4388
4792 1182
3028 262
665 4751
4446 1670
86 2294
240 4222
3410 2524
2097 2095
2487 4835
3524 1186
1490 4008
2436 4708
363 4851
4399 3911
4882 2204
4157 2535
626 1846
4393 1533
936 942
4445 1241
2790 4470
4430 1662
1684 4670
3722 688
4144 2156
2410 4532
881 4461
4358 3598
4656 354
1 4837
3784 4536
2788 950
3430 2238
3607 985
2859 1425
4864 3832
411 3765
2808 2798
2374 3906
2014 550
988 742
53 3693
1748 4824
2985 3735
160 2352
4763 2877
3855 219
4466 2206
2256 2254
1069 2825
2928 626
2895 2891
3040 3356
4860 322
3480 3478
4270 1422
4035 4039
4491 3761
2855 4423
3622 1644
4509 667
1940 454
4867 769
1144 1142
1350 2798
4202 1316
4368 572
1733 4725
183 3953
4272 2756
4858 4834
4748 1904
4446 136
274 68
362 358
210 1492
2512 4598
76 3996
1152 4322
2086 2088
168 4430
737 3487
4864 936
3620 1824
3956 84
4086 4088
3563 2901
2154 4350
1104 2072
3510 424
2411 4871
1456 2546
1937 4653
4871 657
2116 4702
2289 2291
3388 238
4470 2396
4275 189
642 104
2782 4444
1766 4460
1665 3915
1815 1813
4250 4240
2416 2414
3685 1209
41 2987
4358 394
313 2541
1851 209
510 4658
1650 4002
4252 868
3724 1996
1524 1520
4156 2420
4133 401
798 2812
2604 3826
1829 4167
229 4837
644 4882
284 1988
4587 255
6 2722
1581 3437
3734 4298
4704 4712
2651 551
1393 2321
3471 15
44 4342
3641 1021
3519 4789
1800 30
3493 3473
4789 3115
4840 2178
1148 3832
12 1218
327 4733
46 3528
3241 2657
13 4139
2284 2280
783 785
4106 2050
4700 2156
4544 4546
4567 345
3638 114
2248 2792
3503 991
782 3136
2101 331
1645 3673
3372 906
2611 4107
2726 2722
1096 4824
2047 157
2740 2168
1230 1226
4602 1752
4063 465
3998 552
2708 3650
2554 770
4050 486
361 1959
873 863
2311 1475
317 4739
4262 844
4525 335
1683 4239
162 4638
1149 4823
3334 284
4145 4151
1520 4288
1001 1013
832 4776
4838 3814
1898 1906
2976 374
1312 4344
4020 1278
2075 467
2978 256
40 3160
2277 3869
1023 4399
4742 4372
3636 876
4270 2812
3178 922
1814 4694
1222 4684
1769 4445
4502 3194
1451 4861
1518 1516
1824 2840
4202 926
867 2323
245 3529
226 4582
1942 530
3208 4720
1275 1277
1747 355
3204 190
1787 4827
451 4855
3748 38
4630 286
4124 3186
82 4554
2398 3294
520 3406
130 2070
82 1508
408 4736
1490 4206
328 1876
932 3876
2642 3744
1085 4019
204 3302
3315 171
2627 357
332 3700
4564 2206
1061 4433
1091 4616 1373
3731 61
91 4767
4763 395
4472 1340
4372 1604
4535 965
689 53
3489 1663
4837 3633
1730 4534
1129 4877
4590 686
8 2540
55 2923
4760 622
2054 2052
2273 25
3815 503
4091 589
4881 1279
529 531
514 1742
2073 2081
4595 2599
80 1002
2716 514
2341 1085
1785 4419
4820 3622
3464 2686
1036 4798
4607 709
4614 4622
4858 2274
3160 4876
1412 4820
4390 2776
4762 2622
336 4048
44 4458
1669 691
3726 3718
4701 1651
2850 4402
3024 4812
2976 934
3070 1194
3614 2642
3426 462
3025 173
414 4844
2235 2259
32 1378
4318 648
4111 1929
4431 2543
2098 4650
1008 616
1768 1772
4582 1256
951 5
4208 770
1716 688
4769 2315
2904 1026
2056 1104
2672 2668
144 2144
202 2256
4609 2469
3427 825
2672 2676
3638 4764
3372 4166
3852 426
4429 2709
264 3548
3143 3707
4394 92
1840 4554
624 1110
3623 93
464 2268
2762 532
859 1377
4022 734
2302 3984
68 2088
4875 83
1767 4367
2540 2538
786 1170
3476 1452
733 1931
118 3388
14 4870
3365 3347
904 4848
3978 1326
227 1913
3372 3374
24 4534
3035 675
3435 3445
4126 548
764 3092
1733 2859
2514 4374
4806 1126
4542 3666
4460 3432
322 324
3360 170
4550 378
125 4543
4868 3240
64 4228
4628 572
4049 4757
4162 2952
4418 130
691 685
3 277
4718 692
4325 679
3685 767
1422 762
1800 118
4583 1993
2318 4136
850 852
896 2398
4014 2686
6 2394
1964 1016
1753 4393
4461 559
1358 2926
1426 4742
1846 4270
3232 4352
3785 1475
660 2724
2350 168
400 3196
2069 3939
4063 257
98 1530
4731 2561
27 4139
1021 1013
351 375
2052 254
1526 4744
4713 1615
2296 344
4388 4384
4566 1522
1206 1362
1350 2980
1 483
4645 1717
2661 3655
4304 28
4696 2682
1044 3040
1029 4687
4043 163
4590 3348
3512 636
3060 3056
4404 4136
4439 4433
2370 2368
90 3002
3662 4766
854 2708
512 506
4614 2050
282 286
4780 588
1652 4480
1031 3125
2506 378
916 3738
36 2460
1650 764
900 3544
1705 93
1029 1637
4739 4475
2158 2156
2016 326
2522 3896
4670 4666
3817 2495
4729 465
3705 281
760 4722
4720 4716
606 3278
2344 4746
4020 1682
1040 1034
1870 3324
4112 822
248 4226
1540 116
1400 4720
4783 57
3880 3884
2956 2958
1970 4700
2910 3778
1084 2660
1626 1634
3098 4866
2635 2629
1470 1466
2982 936
4591 3659
757 4567
4276 2646
4197 4203
1162 3708
216 220
1111 2841
1474 3866
859 3715
1132 3736
3 3781
4218 4216
4472 2160
4344 3314
4697 2069
2230 116
240 2642
426 3784
2753 4813
1992 266
1558 566
4303 1365
151 1877
1324 4616
4345 1457
4815 2025
3912 1456
2948 1416
4747 539
4444 1446
3396 2554
230 2104
1836 3912
3044 352
3578 98
3297 43
1863 753
3239 885
2859 995
1394 4782
2448 324
3514 142
3040 1840
355 2101
1394 78
2871 3589
3794 3798
3803 865
210 2238
153 433
62 872
4794 3846
3600 3594
3611 2045
4871 681
4344 1204
1668 1658
746 3866
4766 4202
1237 659
4148 1204
4349 659
3442 2134
711 4833
1347 2007
2844 2306
79 3789
3614 2342
4774 1746
4402 2784
2603 2597
1706 4302
27 15
2652 1052
3902 964
4461 3169
1381 4689
485 4751
4595 3635
4844 1074
3688 8
124 3304
2896 2894
4844 170
984 246
150 3652
3612 4618
606 4570
812 810
1851 169
2848 726
1726 4042
4786 3218
1792 4644
4609 4613
1780 4706
4797 2809
654 4374
602 600
4038 1384
4595 2737
1632 3180
4753 401
4564 4758
4405 2979
1776 3426
2666 4732
3066 4814
4374 1402
1 1567
3888 478
4329 303
903 919
2374 502
2814 4798
333 3029
1789 23
3163 925
3804 334
1350 488
4707 1525
558 4492
4269 1285
2362 80
3765 3763
2254 2248
430 1938
344 3910
2663 1687
52 196
280 2964
3629 1513
4629 4623
1846 3294
3676 328
4430 2440
137 885
2302 100
2914 4750
4538 234
2527 3489
4211 2859
3883 3879
647 3631
3753 3749
1121 731
4289 53
2657 2651
215 1677
2488 4670
3218 168
4592 26
2828 2216
4114 1074
1303 1307
3896 1120
3856 106
4048 4044
3126 3130
1094 1092
3590 498
4878 2978
662 4370
1158 3208
2924 4206
678 3936
350 348
4124 4500
4402 2692
4610 1120
1221 1227
174 3694
4066 4072
760 4754
3465 3473
4460 3100
2748 372
3492 862
3472 430
4104 2482
238 2696
4812 1976
4128 104
4779 19
1624 3696
41 2089
1669 97
1984 1980
50 3658
3900 4512
4558 2340
4071 3713
3470 1214
1282 4374
4409 1885
4580 4574
728 3306
491 1273
3206 3202
74 818
7 489
1041 1045
3369 553
3787 929
670 3894
4754 3650
344 1958
344 1610
4682 1592
2360 4244
759 4579
1269 4641
4104 1284
4828 1204
518 4096
566 3838
2008 450
3511 3515
1141 4331
4830 770
320 838
139 4383
509 2037
451 3981
1182 1900
1143 1611
28 3246
4165 1147
1288 1292
2534 734
4770 1972
255 3923
4095 13
1702 56
1289 321
1443 75
16 30
4533 2283
639 33
3458 3456
2558 4866
151 4547
4848 3358
2179 1071
4543 2011
519 3059
2228 40
29 2635
3361 857
4078 4082
4820 2524
3964 1742
1136 290
2078 2080
743 4005
249 4375
1418 1406
4452 1776
3993 227
1157 4001
4550 1488
976 4306
4392 10
4751 2157
2989 2993
866 860
2727 863
3181 4645
3797 3807
53 3361
1436 370
4376 716
4875 4727
3874 3868
4533 2045
2850 2852
2025 257
288 292
3053 973
1151 1659
1128 4828
1822 1824
1456 1454
4522 168
1083 2683
4594 122
3124 546
1540 4796
567 4551
4844 34
598 1486
4205 4209
3430 1620
1066 1062
778 4828
598 3820
4610 282
4029 4031
73 1543
3409 1107
2226 2232
73 3917
3816 3818
4215 1941
3841 17
4304 306
4747 2191
1286 3510
191 4719
1098 4880
3412 712
562 560
1869 4839
4670 1412
2068 4874
1206 4538
331 4033
4234 504
3460 3458
4370 606
339 351
4770 4756
3874 1298
4676 1364
14 3742
4668 182
88 1424
3426 4838
62 3214
4644 390
3194 4866
3620 800
3990 4470
3958 1354
1124 1872
1928 3996
205 4291
466 4368
2660 4450
4149 597
500 3324
42 2464
4671 1911
4032 170
4247 103
4104 626
968 3434
10 3298
2940 2934
3332 742
3006 1048
3362 3360
2812 2814
2614 2612
3834 132
939 1429
21 4375
4550 2776
4654 48
914 2850
1766 3302
2852 4430
2388 2392
3720 4
1994 394
297 4855
1658 1654
4258 1088
2687 705
2515 3313
3634 70
3672 92
623 633
3152 856
1941 1933
4495 111
472 2042
4613 4615
4113 3089
2073 4093
3709 343
2741 2093
621 1595
3342 4558
656 4756
1150 3546
2354 3028
4223 557
2132 1108
4211 3063
829 4399
534 4608
4864 122
4880 2002
2073 1237
4727 1263
102 108
4692 2198
87 4863
4659 4661
4524 893 2143
3433 1287
1725 3221
4170 2344
3448 58
3739 1735
1594 206
1554 4118
2741 283
1810 4870
2998 3000
2787 2789
27 3835
4854 4296
4871 1593
353 3329
4862 2660
4358 3158
3429 659
122 2898
3764 484
4864 4258
2752 2748
1145 3877
772 4526
2733 261
3923 33
4213 313
1040 4412
540 3870
4773 5
188 4012
4283 915
4252 956
2700 396
4653 4655
4364 384
4432 4438
2752 212
4453 47
3192 1160
3909 4383
3272 520
922 914
3921 471
3787 2877
1598 3014
874 3444
4443 4473
939 495
2445 3283
914 2344
30 4660
1541 85
142 2756
4861 959
4718 4256
4840 3438
69 899
1881 4463
4148 828
1633 1643
283 2385
3830 3242
1902 52
2074 4498
324 330
3446 1034
366 2826
4558 498
2184 428
2062 2066
856 3810
670 3528
248 3476
1714 298
303 3731
4748 1894
366 4424
69 1789
519 525
3522 3698
4682 380
1330 52
2286 4348
2276 10
4624 2394
4095 541
868 3700
1268 3730
104 3208
4340 1438
3069 1059
2922 578
4708 146
1672 144
27 1787
2673 425
4824 1434
4796 1154
346 3696
1016 44
2200 918
3191 2727
4072 142
102 1414
3786 114
3523 3521
2166 2162
1 2789
3338 346
356 358
4748 52
3769 5
2971 2963
4744 1850
4848 4218
1402 3876
3876 3880
2553 4837
2884 4506
221 1369
4 4570
1963 59
1583 1581
198 2756
2680 4230
2228 182
4838 2088
54 1434
3451 1975
2555 3685
4562 2330
2520 248
3006 424
4417 1641
3416 94
3279 511
3375 145
1412 4632
4599 669
2533 4809
4442 1186
426 3840
3794 3172
837 4727
4308 2584
772 2724
4159 511
163 3053
3250 3258
677 4033
3762 2532
4488 4474
3212 1190
1772 3324
4716 2440
3353 611
403 3773
3693 1873
2596 2600
4546 4550
1377 1801
818 4744
351 4469
4195 2071
4042 1998
2410 134
2938 680
4014 2842
3051 4879
1384 1378
1916 4344
977 2707
3495 4561
4580 3430
4525 563
117 4031
307 2605
4352 1624
552 4706
834 2830
1212 3162
4628 644
3932 2816
887 83
4352 3628
802 4182
40 1670
4714 1030
179 4701
2276 178
1602 1626
4191 4187
3328 828
666 1574
1461 43
80 3912
4749 4793
2930 8
4787 1391
3109 4367
478 474
956 3714
12 4864
3026 3024
1915 4269
3082 322
263 4213
229 2175
4453 2377
1284 4836
3444 3864
2335 3655
3887 509
4727 2675
2636 4632
2488 4854
2694 958
4076 1024
3085 1857
447 3653
1446 4068
3580 3076
3736 602
1683 539
176 178
3223 1181
944 3314
677 4447
3821 3827
842 2336
1200 3928
804 2890
798 3972
2972 368
1336 4844
590 4340
159 2045
4829 467
526 3390
2328 4772
2760 1796
988 3860
3758 1942
968 4054
4212 2656
1758 4640
381 3317
1396 3072
2236 4780
588 3352
4834 4826
1058 4814
3752 4644
2751 3937
47 2383
2154 8
4644 3074
2216 2214
336 3528
4651 185
4868 2344
558 4326
4752 1790
4787 581
1102 1104
4870 3670
1461 1455
1249 3613
355 3565
4846 3424
300 3952
1502 2778
1875 563
383 2055
3192 4680
2904 1142
1840 1850
745 3793
1516 1512
4680 4674
4276 4272
3182 3184
4796 3186
491 3771
3532 452
376 374
1723 3071
465 2833
3123 365
168 2528
2607 2605
173 3227
4572 4772
80 4772
241 237
3181 3167
819 3405
439 4479
2150 2146
1310 4148
20 3230
4594 154
1686 4672
146 1882
41 35
1334 186
301 3279
3372 686
4704 1064
4164 4166
2797 2791
1500 3860
3205 3199
2128 3480
478 4550
540 4410
3188 4638
228 3156
1590 2252
1575 4429
3110 520
4825 141
14 4722
3817 3819
630 3262
3474 1800
2501 4555
1168 2300
2838 4
4741 63
3968 1532
4355 127
2627 2625
3414 3062
4678 3604
3597 275
1508 3580
3380 3378
2769 2783
1621 4333
3270 214
270 4040
4756 2940
883 889
435 3561
4800 2084
3238 4796
1812 4284
1136 4486
2613 653
3501 3493
714 2540
1237 1245
2967 4195
1178 1646
270 1850
2406 2402
20 2272
752 1424
2191 3331
3724 388
3546 4810
1863 1869
1280 4732
20 3148
4142 4146
381 375
2092 4320
1167 161
1603 3977
4030 4826
411 3537
157 2407
3034 1626
4264 3914
675 2881
918 4452
2365 4541
596 2844
4223 3787
910 3968
1290 90
328 2878
4197 4191
1285 3259
4476 1314
1208 4152
715 717
2861 1179
128 1250
2233 3735
1535 2331
1061 4629
4332 1876
1349 2850 1373
2987 1963
37 1099
2393 4839
1021 3301
921 281
1956 4574
4864 2374
4340 1522
4440 2578
878 4828
3934 188
807 4679
3879 2919
307 2927
2728 4678
3864 92
987 2775
3680 782
4826 802
4881 2873
3159 269
1836 4840
4522 2648
4603 1937
2920 4820
4864 2810
1206 668
3645 121
4835 4387
2174 4872
4482 190
3476 322
414 4110
1118 2122
3322 112
3874 4756
676 4384
990 4464
3144 3140
2026 2074
4778 786
3222 368
574 4346
4816 810
1064 2302
1220 4018
1165 1171
4713 549
661 3843
4620 1610
4812 588
2246 4064
38 4206
4777 2045
4116 42
1817 3731
2491 4129
4848 3640
4766 2708
45 2311
506 3912
4052 4580
4481 1103
108 746
4364 278
4443 1427
3856 1500
3479 4673
2476 2000
3048 1454
1998 4690
200 4812
1000 4
4486 888
344 2884
1092 1090
1927 1933
3030 2856
170 4760
1010 4644
4880 3484
2823 4199
851 4393
241 1109
3080 3068
2550 3866
4128 310
1515 3197
298 4536
2873 307
1840 4708
961 2229
3067 525
365 2427
1968 4546
6 2222
4007 219
278 4354
4241 47
118 4140
2648 2650
829 2417
2036 4070
4633 2839
3918 2246
1826 1210
144 2190
280 3752
736 1998
4075 2495
1420 482
684 4564
2670 1066
2766 176
91 1847
267 3863
517 2813
298 2828
1575 3
3440 646
2706 4882
1 4809
387 381
1351 4641
1478 4772
4696 74
1590 372
2408 1460
4245 1295
3800 4536
3718 360
2775 4203
1949 1207
94 2636
3204 1880
1100 2272
4082 3270
4497 4515
2934 484
3491 381
123 4569
996 3646
2873 2867
3544 54
4809 1453
2641 425
4195 2955
1528 3736
1128 520
4582 2522
4636 1830
55 4545
131 4267
3124 278
4452 1292
594 2920
154 3996
1222 920
3172 1328
312 310
4688 196
388 4740
2278 3462
2951 991
2939 2945
4855 171
2414 4366
828 822
4049 1191
1975 1979
2118 4258
4018 2838
4287 1103
1956 3970
4608 4614
4776 114
1064 4428
4218 4220
4688 3222
3595 75
3570 1464
97 2421
175 3929
1234 1236
4549 2255
3226 2138
179 4687
813 819
3396 2586
592 590
1636 4130
4552 1732
592 2690
2768 4464
1421 4629
3946 526
372 3654
4881 1151
189 4217
2903 199
34 1596
2852 2858
2731 4401
4608 258
4667 3
2 4392
4760 492
3287 1243
1652 3392
3931 4859
4245 3277
2402 58
4722 3976
4402 1466
156 3530
4641 2341
4366 4370
259 723
1439 1449
70 68
834 3868
3791 217
4662 834
968 4840
1010 1006
2766 874
1162 4766
4659 2293
4848 3366
934 936
998 4672
123 111
167 4547
1440 4620
1285 595
1396 2314
1551 4843
4880 4628
794 4424
4172 550
4169 689
4138 970
58 3954
2631 97
564 4762
4499 1509
564 562
62 4686
4255 2703
2267 307
2986 1034
579 589
4722 344
2774 380
495 4881
3088 814
2212 620
788 4660
3349 425
319 3995
38 4710
4662 3114
2825 2555
3109 4343
4798 3544
2951 2963
1666 3624
4371 2133
3117 2325
6 2906
4790 2028
421 3001
2240 116
973 2941
656 4200
3606 3602
3216 3212
2157 4859
4690 3438
4131 275
3059 3049
4792 4226
1168 1170
2686 3600
1375 3897
79 335
566 4184
3250 1210
1110 4370
198 2616
623 4569
2148 4484
1686 3616
3994 4792
4879 1377
194 2214
4277 1473
372 4816
209 4797
76 4696
2950 4570
190 3644
2098 4736
1929 591
409 413
1146 4744
4174 4168
233 4035
3182 264
1171 1175
1985 1991
1746 4130
4758 3866
1212 2112
506 4570
4480 3094
4800 1918
2994 3900
4796 3958
2855 2853
4049 4857
4677 237
872 4088
3696 1478
4876 2288
3864 1104
3667 123
1356 3940
3041 1787
3947 3301
4644 2496
4116 2660
4724 106
4550 860
1552 4828
4658 516
4218 3582
2742 30
1648 4832
3514 1852
1217 2739
4772 482
4882 2240
3768 388
142 1624
3443 2359
4686 4684
348 4842
3838 118
3283 3279
1275 3983
662 3432
4133 191
4701 2927
4742 2274
2323 439
508 1238
518 512
3862 4452
3032 316
3237 3241
3384 440
1594 1592
1831 489
625 1637
4140 1412
4686 1354
3056 3054
3186 3188
4225 2173
3757 2541
2923 141
2581 45
1677 4851
572 2248
3255 3259
2217 4291
3231 3227
1624 4470
4340 4782
1462 4410
431 3687
4821 809
1612 3298
3004 130
1069 3953
334 3410
2609 2615
4098 1374
2643 3943
1392 3822
4414 4416
1000 3238
1918 1914
62 560
3310 3312
4084 202
3558 1936
3840 4650
4741 3117
2300 798
4465 457
3429 669
4509 2413
4236 28
3840 894
552 1708
3492 1272
276 3050
4839 2695
2766 2764
254 3654
503 2739
2422 210
4261 1267
243 4485
262 4222
1033 2461
4089 2385
1490 1512
4206 2190
4309 883
737 743
4272 2720
427 433
3837 77
2590 2594
460 2064
2268 1510
4352 4354
646 640
4872 232
479 3935
4352 772
3797 3793
4737 465
1474 4178
3484 4536
546 1598
407 3883
2902 1256
4166 1174
4530 1292
4252 3770
630 3886
3556 836
4220 1188
1139 93
433 4225
310 538
4337 135
4641 2865
2458 20
1552 4696
2234 698
1984 1994
86 1718
3034 4806
342 3892
16 14
119 2603
567 4399
1246 1254
4222 786
932 928
3796 954
1064 4540
366 1192
4334 328
3820 1600
2236 4814
3897 175
634 2288
586 146
3628 486
953 955
3460 1668
2910 4048
4424 506
4863 3433
4866 1296
4458 1076
1762 1764
4516 268
8 4
4828 1532
1316 4844
4154 176
308 942
322 4524
49 4109
1280 3662
4576 1734
3153 171
3505 3501
2346 2348
2914 2918
1161 3555
719 3737
653 3935
632 1872
3316 1520
680 688
3396 1468
2773 227
207 209
2302 816
3 4051
3009 2137
3744 420
4675 3787
4169 3459
1932 4700
4357 4811
1444 520
107 4183
2955 449
4329 2821
3510 2136
790 26
3425 83
2097 579
4199 4733
1978 1470
1080 4510
1548 1550
567 3505
3223 1031
4769 2307
2922 4606
4445 2001
4836 976
4638 120
3288 1532
309 307
9 3571
232 2804
4388 1826
31 1301
216 204
3277 1091
4197 873
4845 1013
4440 126
4862 464
4821 4477
655 1
2560 2564
930 4274
699 4879
4307 1571
4103 365
2725 4325
3904 1210
3540 2352
4752 4750
866 4420
1077 391
1301 4585
1067 1071
806 1602
3232 4832
4186 1794
3524 1076
1273 4445
4688 4692
397 3535
1161 795
2632 948
978 3766
4428 46
3949 1275
2182 3698
4354 2070
1046 3198
3703 3965
1044 574
2841 1453
1069 77
956 3384
584 586
552 2896
2630 212
3598 2716
2402 2396
3446 138
1379 1387
1314 1324
28 2940
901 4673
2440 3906
4012 682
919 921
4323 4321
2286 6
2238 2234
3443 4799
1936 58
2321 797
3924 1902
1805 107
1323 1317
2211 4807
1762 3674
2458 358
3309 1121
784 4664
2005 4825
2945 189
3697 3687
2610 1944
4566 352
3689 341
434 4356
3762 1184
2496 3856
663 4341
2677 241
4306 2272
1826 1824
4118 2354
159 167
158 4600
3298 8
292 1078
3042 590
3442 202
4847 3159
2567 2543
4542 340
103 659
2770 4050
61 4431
4073 2035
262 2222
3910 2128
328 3670
1110 4816
4144 4728
4691 303
434 4088
4724 140
26 1890
3082 3086
2858 536
2997 637
791 3563
356 532
4590 4878
4863 295
692 4524
3431 3831
144 4440
86 4656
4819 165
3842 3840
425 2535
2897 4867
3730 746
472 470
1366 4228
4864 290
4783 2349
2024 498
2194 292
3430 786
4658 946
4230 218
2711 903
908 1852
548 1746
3949 4453
934 4166
295 281
3976 1142
20 3450
4750 188
3924 3124
4077 45
4542 308
86 3900
2643 515
743 1281
1039 4745
690 4394
2232 4018
3001 333
2933 239
2689 4193
1211 2229
864 1874
301 927
74 2968
4573 3095
1326 2704
1876 4316
1981 3689
3677 2409
1554 798
2084 3792
4671 755
3165 1331
3236 226
1554 1550
3626 348
4836 2836
2273 2261
660 4234
47 4579
17 2011
4519 167
1072 2582
823 4701
936 988
4426 770
1795 3047
3377 3391
2630 4068
828 2828
222 3272
190 184
1346 1348
2738 4620
3216 3218
2776 2778
2639 2637
2585 319
4445 1271
2996 342
2600 4706
2030 4002
1156 4624
4718 1664
3700 3702
6 2246
1022 3750
454 3940
4814 386
218 4348
2222 4590
4281 4279
4879 2837
1685 2483
2953 4683
568 1216
3482 2922
681 4775
384 3294
4026 20
2649 2651
2630 2624
2895 2899
314 3328
3432 4870
473 4407
4223 193
935 931
3611 3659
575 3765
269 4709
3004 1264
897 1279
4150 4156
1942 264
4320 2642
806 2330
2207 4035
422 3880
3320 4448
4148 4868
1220 2906
2444 142
1499 3887
4117 1601
4572 3546
475 449
494 3660
3518 1640
82 4004
1384 1392
3752 3748
1153 2507
1003 3347
192 198
4564 1456
3689 219
2621 4269
1454 2856
352 4386
4550 1254
4118 172
3244 1396
4280 350
1280 1284
2991 73
4309 963
4040 4824
1571 4115
4876 554
3892 2232
3568 1824
711 4631
3824 3818
3332 164
251 4835
1724 4644
21 4439
107 1007
2406 4032
2128 650
3604 1252
3600 38
4327 2149
4839 861
153 3029
554 2652
1926 3004
1574 4784
4455 3391
4849 519
793 4147
108 1688
1375 4627
4673 2991
4845 4417
3311 4711
4218 4676
3133 3117
1743 1745
3676 2800
2377 4307
354 898
2766 2768
3478 1110
3 2525
1942 1940
4870 4862
2190 4508
4821 1311
1299 663
863 4227
3369 113
4128 844
4854 3632
209 4415
4400 3250
1472 4704
2094 572
2777 823
4178 1616
4510 3954
2688 3240
3334 350
3352 86
31 2857
7 2877
1108 1104
59 527
3956 652
1160 4882
2423 2141
4853 705
4453 855
3874 3876
3850 3852
2635 3265
2244 4146
3812 3810
184 1852
4543 101
1706 1698
4751 805
18 3100
2258 4678
4695 53
6 4284
3866 4858
1006 1004
2734 2738
2544 4660
517 4207
2828 4788
4320 4324
4520 4586
461 4113
4404 4408
2875 3263
3302 2274
2881 33
4549 1831
1203 4337
1678 606
1588 6
2126 3982
222 4242
699 701
3515 767
3598 1592
4412 1102
611 4729
4280 1804
4657 2797
3810 3806
1229 1235
4504 2336
2737 2733
241 1279
1732 4816
3261 3265
4392 3682
3018 3020
2368 2366
2683 4257
1710 1706
246 4790
3137 4837
4279 3763
3862 1090
4550 562
4258 1202
2172 1214
2304 3458
4734 1242
4716 84
751 4375
3651 255
118 1308
2866 614
2954 248
3419 3425
58 4808
4168 4166
3858 288
624 4460
2370 3904
2815 2821
3516 1194
4537 1819
3027 1345
4662 2736
4505 1295
4868 6
441 1869
4183 3593
2106 58
243 4261
2109 1759
1834 3798
107 2317
1602 4282
2383 3543
3445 2403
4306 4304
2318 4604
2492 2484
4862 1130
4162 4164
814 882
450 2202
2864 628
46 2912
2820 2830
1337 4049
3682 1416
1252 2254
772 4730
4664 440
4454 1914
3356 1126
4605 1545
3020 3024
1914 1912
3558 2292
2097 4581
4795 1105
2928 2930
4616 870
2830 1650
4568 3816
1326 1328
1598 2940
2376 604
3089 4673
4484 1502
2012 3772
3758 130
2409 227
2815 103
4848 1820
1197 4529
4628 666
4450 4460
983 4327
977 9
64 4034
3823 515
2942 1082
4208 1114
794 788
1367 3805
4620 442
2104 4840
2758 716
98 2310
710 4440
4518 654
960 3036
4740 1238
4771 207
4178 2756
1734 4238
3808 40
4724 2892
743 2889
2287 2799
84 2338
119 3869
1869 1881
129 2709
4578 928
2979 2989
4450 3200
3152 2710
2432 504
3353 197
3512 3508
2188 4086
4638 1762
2270 4702
4355 305
4238 4228
1550 18
3200 172
3913 2587
4882 1592
1088 2110
2345 2367
384 3518
2949 2951
2765 2741
1294 2314
3196 4312
1282 4086
2866 4084
742 3574
4582 4586
930 2728
2732 4348
4328 928
2864 4750
3986 4862
2448 3888
3958 1490
1016 2650
4705 3661
2776 1510
2977 959
3686 158
154 4124
3784 196
3887 427
983 1001
3124 4824
172 3770
3040 3042
420 426
618 2644
3712 194
439 4573
3182 30
4440 2886
3194 3192
3896 308
3032 8
4372 132
3096 4720
4818 4114
282 3738
2043 4349
3342 3338
2941 4499
786 3574
4014 608
4736 2004
2684 124
849 845
984 974
2053 3959
4832 424
1124 2378
779 4739
2214 3898
1460 3952
4208 1288
898 3398
2830 4486
2162 3442
777 4291
3470 4718
2590 704
2543 2537
1398 206
1119 4811
193 4791
1500 4094
2886 2888
3926 1128
4518 1398
2358 298
2920 460
4778 3552
2046 2506
3981 2391
4843 3345
171 1831
1518 4364
677 673
1730 1724
1174 3788
2017 4881
4558 472
2723 451
4629 1709
4330 1098
3947 3935
4712 120
3652 3644
2068 4830
4455 665
3797 1175
1006 3440
4127 603
2030 3718
223 967
1205 33
3362 4064
2012 4478
4487 639
4208 1538
4070 2356
3640 3642
1865 1389
159 4387
1024 2858
1596 2636
4050 4054
846 838
70 4324
1074 2858
576 1162
4338 1082
1608 2192
484 108
260 2126
1006 3588
2906 2902
752 3838
394 4068
959 965
2480 3834
474 472
4004 3064
726 4734
1728 4352
381 4057
4304 542
42 4694
1085 1079
1344 510
53 2843
4282 26
2249 4459
4045 4061
110 3394
4636 3504
1610 662
1885 765
2450 1972
3013 3009
3960 2158
926 3894
2270 3168
780 786
593 4751
951 3405
4876 4874
1616 1152
3981 4675
4526 2266
4704 1284
3413 349
4860 2614
699 697
152 2574
1136 10
2673 1275
2046 3006
3134 744
1100 1098
2428 4198
1363 4755
4154 1136
2885 221
4814 3456
3508 852
84 1924
2539 801
2785 4625
3600 474
3437 1019
4478 4714
4281 343
4063 249
3680 332
2107 753
4501 59
482 2168
3310 1370
2766 4876
2984 188
4565 4559
213 3979
2265 521
4277 4279
2429 3769
847 4339
4473 1129
2208 2206
3063 4349
706 4346
1556 4774
3763 41
2438 2454
3224 3228
3510 1948
2780 2778
142 4732
4790 634
440 442
1020 4436
4840 2794
4832 2860
4718 2188
3232 28
4753 207
4553 4551
4617 543
334 2590
1834 4876
1694 2408
68 4656
830 4532
1138 140
1542 1010
2006 100
1906 1912
2470 42
4861 4809
3619 817
2066 3432
253 4041
3616 1192
2749 1545
485 1845
576 1876
2049 803
785 4797
595 3953
1284 3360
4721 2465
4037 3425
3266 3274
83 2693
4880 960
4204 2222
3765 1873
28 2264
4794 3300
1602 1116
3352 3358
3499 1
3721 1099
4555 1539
2048 4362
3159 473
4014 90
2270 1728
2112 4688
4164 2326
2005 3725
3 3379
56 2304
376 202
861 849
4002 522
3404 3410
3720 946
2970 4752
4544 1720
1058 1050
2810 4862
4456 2132
3949 287
4186 2028
4592 1318
4784 898
1564 4052
161 2819
86 1764
4486 2056
1224 1226
4816 26
3293 65
4158 2596
425 109
4308 4496
3612 308
2416 194
239 3463
4858 2898
1382 4716
1592 3652
54 4788
4840 1958
3772 842
4753 1445
490 1732
2013 3191
1353 1067
1214 1216
2557 4675
1016 3348
651 3399
13 2981
1382 4866
1538 3336
2481 2469
3056 1014
1852 3584
2542 290
868 4020
831 3583
3049 245
434 4648
1185 4435
4800 2510
4628 4638
2992 3096
204 4064
38 2188
4016 2270
3711 859
4407 2443
3856 734
2508 4842
4751 1641
497 1791
168 4752
2108 4488
3082 4792
991 1767
4835 1031
3705 115
1064 4328
206 3360
1030 1014
4850 4374
61 2945
2228 4250
350 4
2019 3039
4557 765
353 1825
4066 86
2504 1418
1180 4
4730 4738
3537 4625
4476 2244
800 4732
2936 202
763 3305
4525 375
556 1872
2645 431
1302 3816
4528 2392
986 990
3198 4868
4660 4
2534 2528
2317 2117
34 4770
498 6
1476 3804
3582 370
1338 4872
116 3510
3880 1846
4822 3300
44 1976
1456 1458
70 1650
236 1540
2035 4279
4614 1608
440 1768
2019 2811
1045 3307
1007 4603
3400 2250
667 4681
3150 2420
4841 4851
1627 1619
31 4605
2526 4796
427 2725
2782 430
3364 2498
560 1462
3630 1664
2564 3716
1128 24
90 4214
4351 677
24 3140
3282 4878
4727 4243
2418 1282
4422 48
585 3809
4205 167
4423 4433
3049 473
4621 169
2175 1465
3854 388
2448 4112
4694 3554
2629 523
205 4755
192 3360
4824 520
4118 4112
1034 1030
8 4220
3162 1098
4202 4200
427 3631
2028 3562
620 4824
4033 641
738 2408
4491 4477
3450 2382
4770 2950
3440 1246
1092 2758
4233 1731
3096 3094
1896 4840
1859 1855
1039 3975
556 130
2975 1007
180 492
3666 1288
3057 4879
583 3561
405 4487
548 470
4076 824
2662 1112
1132 4374
545 4145
3263 2191
1129 2441
2256 226
2761 101
4865 2267
966 3808
1964 4734
4560 1006
283 1229
10 1762
903 4643
1430 4596
240 2724
3817 181
3169 4165
4390 954
513 2947
268 3362
590 2962
3686 70
4161 4165
4270 4268
2998 350
1293 1277
3949 3951
1438 2384
32 2470
4549 1967
4085 83
1109 2195
53 815
4530 1284
114 4696
266 4630
3420 4316
1764 1766
3714 1080
3364 184
3908 3910
1833 443
3314 3562
3220 1866
1461 3171
984 212
48 2768
4863 1259
3774 2646
1838 4600
520 4818
1974 1972
1681 3925
3772 4360
3074 3960
4856 4144
3870 170
1227 1229
573 4135
2947 103
1068 3328
3576 672
4834 4262
1582 2602
1696 4072
1510 3542
4400 2016
549 555
2094 876
673 1717
1730 3950
4740 1354
2004 806
2909 2911
244 2014
758 1376
3646 532
232 4462
4458 1688
612 4834
1634 3512
4635 1651
4562 1076
1384 3542
929 4585
2538 4466
3728 530
1884 1368
1193 3135
540 1350
1306 4670
2884 676
2459 381
639 2097
4853 1071
3964 1910
4641 321
4580 3292
3004 1198
979 4665
1932 566
4011 4021
382 386
4638 2320
1870 1074
2992 1832
123 4729
3457 851
1486 618
4198 4870
1682 3474
988 4720
4866 748
4826 144
3850 3848
314 4478
206 4828
4511 1321
4713 1325
1715 4055
3781 2231
64 4358
3570 624
4800 3580
4490 568
218 2888
4082 4084
4073 1677
42 3206
4216 828
3440 2866
584 568
4466 1864
4443 407
4651 3231
318 2728
1001 3319
3808 1478
1556 4882
600 4694
1037 1041
2330 4482
3712 1418
4870 548
4693 969
738 740
2882 136
1854 4874
4409 1309
3745 1911
2032 2038
566 564
4879 1539
4134 1988
3220 3218
2318 4168
319 2259
195 4303
1164 252
67 2157
1207 3071
2760 260
2450 82
4678 4508
3240 4474
3981 1111
436 4152
4606 828
3450 124
2904 442
2167 4435
337 4773
2720 3028
822 2718
2957 1097
398 4016
915 4191
546 1542
1286 3832
4686 212
2471 4527
2580 1494
538 2902
1214 3712
251 259
1353 4875
3440 1508
2572 4204
4700 428
1584 1590
806 3692
4881 2105
4807 15
2718 918
1686 4406
1678 734
4697 23
4387 4829
1176 3524
475 4587
1528 1530
2084 308
2388 2532
4829 229
2421 2411
1990 1616
1148 4726
324 3128
4633 1075
4064 4060
3333 3341
1295 1967
4187 3425
1010 2416
966 2226
74 2108
437 2117
1660 4236
2835 383
2500 844
3606 3608
54 3694
1100 2476
4657 117
4273 955
4416 2032
1854 4634
2588 2586
669 23
518 382
3645 929
2738 4092
2994 302
4454 22
4085 587
4710 1550
4661 1033
1570 4714
431 1473
178 182
4684 974
2543 165
58 4164
4629 1453
1779 1005
4658 1914
4095 53
3000 2208
1186 1188
712 2152
564 3212
3294 138
3519 3521
546 2042
64 1672
4628 1658
4343 115
3890 1914
3063 3061
4614 4028
4491 347
115 1477
79 1897
1340 3798
547 4567
4049 803
3781 4615
303 4659
582 3906
3785 363
4857 3703
27 437
4744 3630
1072 1076
3166 4256
669 671
1777 1753
2976 700
2224 128
773 3543
4376 2926
3261 157
3262 3614
1639 3119
1062 1060
2886 590
2714 3340
4721 31
2816 398
2736 1312
1140 4624
4082 1282
206 1590
284 2562
1376 3664
3106 1852
546 4430
702 4410
3738 226
299 2121
309 4561
4626 3002
4882 818
1612 3822
4821 553
2650 2664
547 3813
2888 2894
4197 2473
35 657
2681 925
3554 4328
276 274
2740 2738
3092 1696
4109 597
180 3622
3852 1710
656 3582
86 4346
1389 1391
3197 715
398 3548
208 3942
2728 532
2393 4859
375 2767
3842 3844
3525 2241
4838 638
2276 3468
4447 2079
4410 4408
2640 2644
4640 2658
3632 2148
1256 3350
4274 1716
4307 2493
280 3762
850 4268
115 475
261 2647
4830 884
209 1353
2394 36
534 1302
3063 4425
3347 53
4325 249
430 434
226 1540
1087 3469
883 2709
726 3590
4440 2
2040 2042
4153 4151
4654 144
2158 2162
4292 4294
353 3153
1685 1689
4469 1335
4738 2594
3577 3575
2458 772
2207 4131
4092 1936
2903 2901
1300 1556
3032 194
732 1924
4782 636
1910 4540
4712 2184
3292 246
4827 4813
3161 4763
3997 3065
820 822
4432 2352
4547 3787
454 4830
3848 3844
815 2405
120 2882
1275 1259
918 3918
3872 4096
3924 2150
3683 219
631 4641
2231 2233
3537 2157
4285 227
4088 1264
212 434
2719 4009
258 824
2052 4686
866 4680
3019 4849
2439 3805
1332 690
1116 486
3466 3474
3664 718
4732 214
285 1537
3816 2140
4794 368
446 3034
1408 2454
3878 592
4818 4814
1314 4692
806 404
2431 987
3604 4794
709 4867
4377 1641
939 4409
3944 1670
2476 1450
2621 4811
4746 2794
16 2232
4329 2529
2954 4328
3324 66
566 568
114 4860
2436 278
440 3748
3222 1278
1292 1294
1541 463
4620 1570
4861 227
4218 1096
4536 2546
3261 453
2041 375
1606 4770
3951 1515
2376 2384
2542 4536
566 3846
4760 1172
2200 104
4744 3406
1526 4826
2614 2622
1810 126
2236 3254
4134 1080
4863 3463
2208 3708
1282 1008
1211 2021
1661 275
4662 2636
4816 4202
4462 1668
4482 2202
352 356
1610 2248
4789 3921
964 1558
1815 1823
780 246
4194 4190
2145 4683
2706 2702
1973 199
3919 595
4879 4685
2005 4127
2986 324
3332 4504
3775 4763
625 3719
3095 589
3680 562
337 3433
3227 3207
196 4882
58 62
4710 582
3906 6
4846 1794
1946 4366
110 3272
20 3088
2856 96
579 4007
1832 3476
901 1395
1469 3437
2992 4836
1800 1802
3732 3578
1912 2380
4325 259
4492 2092
2342 1484
4662 4658
4703 669
4748 30
1882 4202
3196 3202
906 4060
1126 3514
1396 1406
2905 2903
4469 513
1230 3464
3668 1118
4796 4806
3162 3160
4533 4727
2195 785
643 4795
4175 1189
3460 690
1573 4297
91 4349
3961 2727
1431 4019
2605 2603
4028 252
486 4830
4348 2000
3930 404
4340 978
1288 4856
4132 2150
178 3724
2449 215
2493 193
2390 3506
1509 209
976 1824
4254 2174
443 3383
3798 826
4450 2962
685 4407
4733 3073
904 910
966 970
73 3709
2706 4880
3124 4552
561 4851
4470 3328
640 3300
527 529
1358 4418
378 4200
4810 34
615 2409
2555 91
2993 4645
1002 74
4352 4334
761 3799
1566 178
728 1460
1790 4806
1306 1310
1280 2890
558 3468
162 4200
3080 966
2808 2812
614 618
4814 796
182 4656
1874 1864
244 3898
4065 2021
2318 2322
2928 1772
368 374
4250 4254
3004 3006
1420 2872
3918 3916
1110 1114
2908 2910
3860 362
1996 2692
3888 276
1803 3773
3897 43
4452 4856
804 800
2969 1901
935 4605
4659 4823
154 2458
842 1668
58 54
2154 3494
572 4640
4312 1070
4271 4267
4762 3444
2882 2886
1880 4512
2549 3359
2331 1
478 154
4732 3400
2046 3962
67 3271
2984 1040
3358 420
4199 2911
4066 632
4182 4180
664 4626
1531 4313
299 4333
4728 504
4416 338
2323 4717
288 4850
2156 2152
593 595
4852 3448
90 2298
4809 1785
2292 4844
54 2416
2569 2575
3977 1367
3892 2598
1718 4844
3742 762
1549 437
2906 2908
2238 3428
4062 240
1205 4861
3428 848
1256 402
623 2621
4454 4184
1154 4840
4760 1140
2261 333
1081 4257
3249 4345
2284 4442
2406 526
2192 4130
4488 3292
1903 4185
3855 491
4048 1086
560 4332
4506 1632
3250 3236
890 4266
3748 2612
3953 57
191 4169
2410 2408
1542 1538
2291 2707
1854 636
3620 258
4329 547
3036 60
2766 4784
4218 88
2880 332
76 930
620 4870
4140 660
4378 2046
3211 859
3974 4744
4651 2859
604 4408
3212 4414
2508 90
841 3729
2702 564
1449 4829
3831 1655
4604 1122
2956 2952
2618 3490
3488 2494
3502 1330
4187 1525
546 4054
2620 3764
347 3501
736 732
2698 1916
195 3811
410 4586
4567 2765
73 3131
31 3913
868 4254
4864 2046
757 1969
2680 4710
4336 1470
4662 1500
2784 426
2959 953
2187 3
3617 1295
3608 3928
3220 1678
4590 3126
3185 4683
4190 1236
1153 643
2906 4344
2024 434
3936 1382
10 3620
4671 475
1949 3
3902 430
4194 1802
2014 2010
4599 205
2026 4282
3209 217
608 3620
351 3343
2404 4118
246 1626
4524 1836
1886 54
1149 1147
760 3258
1317 4121
3964 400
350 3508
450 114
2920 3694
1050 4146
268 1284
3220 4286
4294 3430
3941 1397
150 4160
3614 232
3974 270
524 4236
308 3442
2996 252
3804 3806
4758 12
4430 4418
2827 3961
4690 692
4097 949
983 1833
3696 4602
2502 1198
4351 3539
3948 3936
3042 916
84 2944
4535 1535
4860 1172
480 3628
2475 4763
1622 3956
3866 1228
2816 2136
1426 68
789 787
630 4074
3499 261
2370 2372
4588 3796
4634 386
1142 4634
3753 897
82 3164
1563 1577
4452 1916
3136 2154
4550 446
4760 3880
4549 529
2316 3988
856 3048
1148 2982
3883 4877
133 3831
761 4421
1134 256
467 3729
608 3918
4132 4134
2804 4662
4236 3942
200 4720
4645 2235
32 2286
4091 5
2428 818
4584 422
580 4392
36 1576
68 2014
240 3840
1152 3372
1190 226
4082 1930
1402 4764
1066 1070
92 94
4223 1849
1727 1717
3190 3192
410 1996
45 3547
1475 2353
3277 47
2067 3011
358 1590
3833 771
3653 4413
3193 2229
3652 3672
656 4584
2831 1119
4792 2138
3788 4874
90 1398
756 3012
470 4460
3662 2196
998 308
360 2520
3364 678
4788 1266
4273 4275
272 3890
1812 3668
4272 2674
3645 95
1708 2682
4697 2955
1117 29
4786 270
4859 4221
1 3357
2456 2454
586 590
2270 2274
326 4416
1358 6
3473 47
3932 2288
10 3696
29 773
1029 2753
4217 741
768 2026
3512 538
1112 3704
501 4049
4597 757
704 4712
2728 1822
2036 4346
4692 968
748 740
4115 2195
2618 4784
2753 4147
170 3466
346 3012
430 3834
1420 1996
1055 4435
1699 4381
564 2822
2128 2120
2398 388
4258 4578
104 1704
3254 1452
3577 73
1148 3922
232 4038
4877 4879
4836 36
3885 297
854 3640
4124 1384
3324 3322
2416 478
4877 2713
4123 4573
158 4376
140 2066
4540 328
2605 357
3791 1141
201 4817
1518 1226
1748 4790
104 4118
4132 4128
4176 998
559 2349
3228 4854
3930 2148
2939 809
2066 54
416 3442
3746 2452
688 4432
2324 4588
4644 2578
4186 2058
4076 2628
336 3830
4877 2721
4812 764
8 14
1713 4655
4100 2870
496 506
1956 3966
1833 4465
2470 1158
3136 666
890 4200
48 44
501 4787
1411 4767
2311 4231
4468 1094
3228 4674
3034 156
2249 203
2376 3890
67 75
100 3168
1418 3944
2302 698
2570 486
63 1317
4588 52
2794 24
3928 3936
196 2430
4260 112
410 4402
63 1877
3700 3696
488 4284
3526 276
492 4876
122 120
330 2262
1684 4416
2270 608
4489 4877
4192 610
630 4672
1525 4741
653 1487
3577 3579
8 1776
721 2411
4882 2284
134 4294
4022 1348
361 3691
1107 3573
1535 3427
4875 59
1950 3038
4092 4452
73 2087
3709 185
1108 4692
3100 3096
2615 1007
2113 4351
94 1664
3767 181
183 2943
2293 973
4848 4362
4750 376
4642 2392
2464 4814
1452 1448
4098 2908
4199 2841
4277 3307
572 300
4808 106
93 1565
2036 4166
2523 3769
2095 2087
4235 4231
4419 1547
4282 4284
883 4817
1639 4289
1825 1841
714 3880
4862 1108
1298 3848
535 1441
2356 1288
3740 4628
2770 1648
1075 3967
1958 616
2214 562
1471 83
551 4877
1328 2248
218 4154
2351 3601
3476 1244
1834 2396
3656 1166
4584 70
1104 4088
1320 4828
1249 3163
4098 4094
1978 3702
4338 3886
4850 4502
4408 2774
4720 2254
4114 2996
1361 1376 1373
246 244
776 3928
4304 180
3294 52
248 3876
43 2193
1080 4650
2574 4036
1898 3488
3007 955
4387 3033
2011 543
4676 1810
1430 4600
3452 4004
3032 4800
927 4495
4643 883
1256 4628
986 4054
25 3859
3360 1728
132 1134
2082 2086
742 4192
2263 101
4514 2154
1857 3255
692 3698
84 1988
3790 238
2453 4385
664 3284
3869 813
901 3207
564 4882
4738 2626
4232 4720
475 4171
4660 3706
2121 165
2338 4646
411 4877
157 4651
226 3554
60 2876
4585 4593
174 3010
782 4642
3990 1010
3188 2360
399 409
2773 2009
2804 402
2454 4596
4078 292
588 2326
181 1521
1760 4022
4178 74
1396 3554
120 684
2944 4228
1333 1323
3380 3384
4095 2927
4349 2583
689 3981
3718 1370
4246 930
1115 2785
843 3487
3742 26
4472 1396
902 4676
3769 3777
3406 88
292 1886
2727 1637
1470 1480
3879 3873
3223 1677
729 2785
4837 3957
66 4162
1519 2887
218 1406
1465 153
2229 643
3413 3405
4858 1238
2451 639
4699 721
4818 1052
1461 1487
3981 385
4871 1633
437 1067
3925 2351
4326 1784
574 2236
1000 4652
70 3154
66 396
1302 1304
4379 4359
1032 4830
1712 3228
4700 4078
507 2977
3600 1232
129 4561
4178 864
669 3433
4532 4534
4870 2244
3210 3212
4039 153
1942 3174
428 3504
2508 4232
1711 1699
496 490
3786 4432
3819 313
3440 524
4880 4090
723 3675
927 4007
3398 2902
1976 1458
2220 2226
1576 450
13 3
3475 4855
2645 843
191 4485
450 2864
3194 2542
1965 4811
1004 2378
3825 513
4302 720
2053 313
1328 3626
1522 206
4377 2647
4726 754
3950 1060
2288 656
4245 4241
4116 4768
4680 1104
152 3166
1504 3958
2623 225
4271 1065
149 911
3261 4857
1707 1105
4873 4815
1642 2886
1216 1220
2526 4520
736 738
4820 426
4804 2768
465 4657
1157 289
4666 946
3811 4211
326 4546
822 4424
910 914
3848 796
2322 4680
2228 3916
168 2576
3345 287
1910 4744
4038 3106
414 4562
3782 3780
4134 434
4768 1632
1795 3491
874 80
463 2237
1482 2928
2466 4634
1691 1689
2475 83
4302 172
1376 4206
374 4192
1310 1314
4506 754
2876 2868
278 1238
2210 2214
3038 772
1702 82
126 1094
1555 323
399 393
2138 2129 2143
86 2478
74 2076
4862 2184
990 4322
2529 75
4346 1344
4452 332
4850 2988
12 4458
2030 3542
4622 1236
482 486
1359 2699
2836 158
4539 1063
57 4283
4574 4162
4520 1034
749 4781
3430 4772
1544 4858
438 3788
887 4451
4656 144
3296 2754
1772 4014
314 322
4852 1988
4016 4878
2484 438
2734 36
4115 4113
2083 263
442 3250
1400 3872
2117 2103
4530 964
651 4699
3646 1062
370 2310
4854 4382
2354 2356
343 2085
4881 3181
4663 4673
214 4006
372 3780
329 4789
506 174
4689 817
1438 1874
2064 4220
2950 2952
1638 4108
3851 59
3802 928
3974 186
3551 3555
1709 2441
4704 4562
3186 2052
1866 196
4792 4794
4616 20
1457 69
663 4655
1321 4557
4355 2225
2747 4125
463 2435
2426 4686
721 2841
4770 4786
3118 3244
238 1992
3981 3995
56 3694
16 3036
2336 474
709 3871
71 3901
3608 288
118 2038
1320 3728
4791 3101
1108 1110
531 535
3812 156
382 1056
200 3054
619 4781
4806 2868
86 4436
3951 245
4508 1456
2643 619
1612 2090
4521 1429
4082 76
4104 2512
4583 1431
4658 582
780 4790
759 1851
10 264
2337 213
2186 3870
2484 1018
3485 123
872 874
4810 2830
518 534
940 4844
1934 4596
1327 3709
1586 656
2877 505
3088 3744
3814 4662
3276 746
1899 4211
2808 4656
502 2150
3032 510
360 3984
4844 3358
2971 2973
3060 1036
4854 88
4370 48
1862 542
4166 4
130 4568
4128 1320
4531 4819
4312 4842
74 4836
4663 314 2143
232 2030
222 3084
2026 3510
320 4516
3253 447
4069 293
1927 3
1212 1214
920 3398
2491 4813
612 2814
1622 16
4595 2357
4722 3260
4524 182
594 592
192 2432
1300 4054
281 2477
1813 3811
2622 734
4746 386
3354 24
1686 510
1050 2664
3718 1614
1853 4769
1680 3050
2123 2127
2293 4739
846 4460
2842 946
4652 3566
1888 1882
4455 1801
2682 4546
3970 418
3234 24
1874 2990
4635 1121
1116 80
4392 1442
2979 4467
4679 1623
1510 3416
862 2580
216 4806
3581 345
757 299
1500 4406
3449 281
892 54
1864 412
2056 4178
4880 3612
3141 4783
3868 3710
4536 64
4757 565
2750 258
71 4245
2380 4752
2682 532
4057 3279
106 506
306 4270
3886 2342
307 3589
1708 4584
552 548
2774 3582
777 2413
1527 4815
3620 152
4536 2166
2225 4827
168 2164
605 3753
67 1357
3701 3729
1586 4484
129 1937
847 2419
12 352
4818 230
4320 248
1968 1972
2183 4515
3184 4646
1300 4572
4282 4462
300 3384
30 3762
2185 1097
567 565
4210 1012
258 4192
1721 4309
3370 582
4014 4022
1282 3400
30 1902
3408 2348
1050 4366
4736 3960
3686 3684
1831 47
3790 3782
3577 4763
4318 792
2118 4170
3690 920
126 4154
4401 969
4689 2691
4469 37
504 2726
3357 1391
3343 3347
142 3214
4108 72
921 923
4312 156
2934 766
2693 11
3008 3018
3609 739
4138 172
13 4791
4635 267
3562 3564
4054 408
902 4738
755 3869
174 3966
1382 4238
851 203
4156 454
3886 3884
227 1653
1935 2243
1430 1426
2258 4820
1198 4818
2746 202
2710 2706
3326 834
481 3981
4693 263
1004 3808
4666 928
3346 3342
3247 4867
3350 3348
3181 4791
2935 4699
4752 4756
4661 1135
3333 3179
458 4572
288 4620
1838 1832
4055 845
600 2014
1982 304
3048 200
4286 2802
276 282
4432 342
3262 186
3731 2863
3459 4791
4752 104
1438 3606
1607 1587
3 1113
3046 174
3138 600
3697 125
3274 564
2088 3554
3080 3082
313 4763
2295 2291
759 3737
4719 2161
12 2554
1858 872
1142 3176
3857 687
4032 774
3988 642
4091 351
2127 4773
2942 4750
4014 206
4815 1751
4294 1588
1272 4826
2439 515
3587 173
2510 3208
168 4024
3919 3467
4738 10
7 2019
220 3162
1566 1570
469 4367
3808 4156
4487 585
2920 2918
3560 1224
4345 253
963 3195
583 4415
4754 3778
3885 2595
2862 2868
3356 4218
1504 4306
4125 279
2550 2554
4394 3982
4048 110
2534 1528
4605 2721
2734 42
357 4189
106 3494
1054 4314
906 4612
4400 2044
228 2750
951 945
875 1623
1955 2121
1609 4619
1257 27
4720 4724
4842 2936
4732 4478
2536 3144
2840 2848
3649 727
862 4278
1705 1257
292 938
2420 3846
4372 4374
4627 1151
3147 3649
4678 4510
2862 3620
4079 253
128 4044
3843 425
2291 4311
3306 4794
1093 3661
4833 1823
3866 3852
2007 4759
1620 2730
998 2972
3539 1199
2529 4065
4861 1113
3322 4590
707 1889
319 333
101 87
3629 4219
748 4766
98 2992
124 4820
2528 2522
1066 3256
2513 3995
3837 635
230 240
3032 416
4202 4206
4720 1140
3946 478
273 3063
10 1706
3614 3608
312 1630
4526 56
3397 4745
118 2578
4451 367
2636 850
4510 4502
944 948
214 4646
84 4062
1835 29
4488 4490
104 3230
4552 1072
4848 370
751 4831
3357 4342 2143
1178 3194
879 873
758 4806
2406 4390
2959 4607
1189 1213
1262 3434
924 62
756 3792
4868 1066
4681 27
1856 26
4471 1877
319 4621
40 2894
4166 450
2436 1134
3964 34
2232 3272
2780 1278
887 1039
1661 117
2675 1307
4814 3888
3920 2710
4856 1078
4538 4534
907 2403
514 3816
3606 4392
2812 4680
142 1592
730 3386
1416 4176
3849 3835
4587 1937
4746 4138
748 3350
337 3851
623 615
587 4439
108 4302
4092 562
2265 91
3210 1510
436 2394
14 984
2327 47
3213 1739
297 4675
488 2666
4841 101
484 3106
3741 603
3462 4878
1792 4504
4091 4061
2898 1252
564 3616
1925 1921
161 4867
3436 4850
619 3347
3315 3329
630 4874
4022 2832
928 634
580 1296
4797 1065
4587 3519
4421 1849
2416 4630
4594 1660
381 3945
2261 155
4854 14
2488 3150
3319 2077
8 2622
4558 1532
2780 608
4479 1225
1216 86
2199 753
2664 2666
550 4414
476 1702
1051 1055
4826 3636
268 272
425 1377
1149 1165
3277 33
188 2878
10 4148
4627 2087
2747 309
316 4572
55 2649
701 703
2517 3223
4298 4302
2206 824
732 726
959 4847
938 2900
4647 9
4854 2098
4026 172
4577 4569
3860 932
4630 626
4824 1500
1297 3865
4809 465
2016 2022
4082 486
4295 2879
1572 442
3644 428
3348 4338
2113 3017
4606 1798
4629 2891
307 305
3226 1710
323 4191
68 64
2289 355
2 1840
2179 2191
364 2690
812 3906
961 2809
765 4555
4400 2558
661 3401
4696 2184
4832 4582
1238 4718
2584 1056
314 312
2325 751
776 4336
4612 2354
807 799
616 2580
3476 4750
4070 1870
413 2117
2970 672
2240 2244
2108 560
2341 135
2066 50
1554 22
3221 893
2138 4882
246 1670
2797 2799
36 2948
2119 2123
2768 1856
52 388
103 2143
3783 3777
4614 4878
1574 1572
3756 250
3833 3831
2148 806
2849 4767
2989 239
2690 588
562 3706
3928 2066
4845 367
532 2534
1829 301
1768 1766
98 2336
4256 372
4442 1880
2096 3310
37 4487
2614 4116
1740 1732
2792 2790
381 4427
3030 40
3981 1101
3361 2149
559 3543
4540 226
2752 2132
3704 286
4142 4138
4529 3793
230 2246
109 2249
3820 1362
4228 344
4097 399
4389 1311
181 4751
3090 790
3052 1772
2611 535
3732 2084
440 4470
1451 2983
4217 3403
2863 4879
2617 2625
2190 2184
4384 1434
4340 84
3931 539
745 4425
4050 1984
794 3048
794 1694
1114 4184
4404 4398
3326 4352
4706 2338
599 2653
1749 293
4875 1897
2922 4690
1604 3496
4226 324
1354 4606
4699 4691
2760 6
486 488
4774 948
4122 574
2569 4413
3307 3313
2732 2728
87 3717
3060 3878
25 1693
330 3130
4479 3469
90 4246
1508 250
860 854
4616 798
4783 761
573 1019
3324 3326
4733 1111
14 276
4648 180
267 1763
1025 2373
294 4062
1463 3511
1295 1299
4866 420
99 3545
126 3578
736 2110
1686 282
476 4078
4745 2711
590 3604
544 3068
4285 527
411 2689
827 4725
3559 1643
547 2803
760 4756
935 941
4153 467
3153 175
4652 4646
3022 304
3892 3898
2522 4796
3455 4817
1268 8
2582 4534
432 4800
369 4615
2030 74
709 3931
2356 2364
3891 1929
451 4601
547 537
3740 1054
4698 674
1393 189
4690 4830
4536 962
1132 1114
879 4445
1575 4859
80 1540
4816 826
4098 4786
266 3066
1193 3033
1592 2414
814 3694
4861 2181
72 4686
3747 3257
3783 3787
99 1899
1435 153
182 2964
176 2882
1422 3476
4728 4726
130 2634
4679 2585
372 1850
13 3569
3031 4797
4880 10
2501 4039
656 660
1504 8
2119 2117
4757 1129
1262 3946
4235 4239
4754 254
3169 2255
834 828
3555 3575
271 1793
2765 2769
168 176
4026 724
2240 2238
3055 4823
1944 1176
1526 646
620 2706
3412 3414
1366 840
338 4138
3326 1478
4335 4341
4636 3090
3173 1887
2908 1346
1482 1480
4521 49
585 2909
26 3474
1694 2232
308 4440
138 4468
1059 277
4416 1536
1161 2209
1551 1529
3404 3396
160 168
2418 2420
2984 950
770 1190
4618 3454
3935 1561
3170 1228
3184 3186
174 4522
3298 4720
110 3842
2421 541
4822 158
1035 4669
311 3193
1294 246
2474 2472
3075 1943
147 3189
207 4731
4553 633
1200 4532
3009 687
4681 1621
4147 1981
4860 4226
282 4138
1143 1147
3816 4656
262 4204
727 4307
678 4552
481 491
1073 4783
2383 2377
4747 1239
887 3303
8 850
2630 2416
4868 2272
3974 582
1060 4142
2060 4872
352 3962
1932 2790
4376 1112
698 4102
1068 212
2425 257
956 3818
3778 4620
2074 2398
2178 4514
3319 723
4 2096
4856 2880
1884 2928
4870 1336
4253 11
457 4541
2384 4334
3366 4864
736 270
1933 4633
1807 85
4017 497
3420 4078
551 2145
1790 858
3414 3420
3600 908
242 4858
4286 4290
4864 2662
556 4660
1202 1204
2456 492
3035 3029
436 1148
2025 2053
1200 184
4688 1016
924 922
948 3668
4223 321
4746 172
4512 4514
1270 3740
4670 1320
1174 1172
2930 2932
2394 2396
4530 4180
2421 1419
3508 2226
954 36
3083 1119
2403 2397
2905 1579
252 1022
755 3887
2033 279
3344 4470
1966 3938
566 4582
4143 4135
2866 366
4516 3418
4809 943
3891 1265
3032 3036
2358 2640
4566 4562
596 2988
1296 4882
471 3275
4316 2532
3706 4666
4393 1367
818 816
4576 934
4710 1936
3912 804
2738 4874
969 4367
4040 4042
4682 652
1804 1802
528 4564
4626 16
3530 422
3384 336
754 2116
3794 3792
3319 415
3818 414
1033 1037
4430 130
607 3915
3961 3805
511 1239
2734 4678
2299 99
464 1476
2153 3081
1845 4875
1817 1437
3858 2426
4751 937
344 342
7 1171
4163 157
2298 3956
4276 416
3723 3089
2980 2978
997 3243
3432 3430
411 4677
1554 1858
796 2406
3288 630
1274 1262
28 4604
526 2636
3912 2456
2396 1314
4148 4150
3351 4063
1578 4652
4325 1865
3053 275
4776 872
1960 4858
563 4379
4183 4165
4442 138
3582 1588
2710 2716
1334 334
4878 990
4748 2020
814 1260
854 2976
4633 1135
4480 1182
1614 4794
1404 854
3924 3926
3246 890
1218 4608
2842 522
4752 84
3912 494
1362 1904
4268 3758
1733 1737
4407 837
79 1107
1022 4552
4497 1439
3686 4504
4570 4566
4732 2102
4494 2944
611 3691
4146 696
4326 300
2978 1196
3595 4651
357 3741
4776 2634
497 2843
2290 2306
924 926
4384 3244
3978 3014
1821 571
307 2809
4854 2954
4680 4682
1003 1247
3526 3534
3519 3515
4766 1808
3296 4708
4398 1642
4850 400
3798 1396
2005 4511
1370 2678
1557 3327
928 2372
2850 2848
2933 401
233 237
4719 883
1238 1246
1830 280
540 4682
4103 4113
4178 4666
817 4533
4055 2525
1186 1182
4836 2248
4828 294
462 458
734 1570
4366 2380
1650 4732
654 650
168 2760
257 2119
4374 440
2090 2098
3494 1656
3894 510
786 3844
4553 4881
3664 22
2283 4173
487 3763
1572 4036
2595 2593
2822 126
186 1596
2356 140
4776 3102
874 3122
2583 329
4785 1127
1686 1682
861 863
2191 3603
2621 4577
2819 59
3720 1672
3757 2537
834 3694
2447 4369
138 2144
796 2922
2679 4571
3439 1679
2044 4216
3443 169
1330 4770
4856 746
3276 84
4865 3221
2066 4344
4314 1048
2342 1040
1129 1143
4536 310
4276 2
4701 4183
2262 2256
2889 2885
1682 2088
4653 3459
2442 4116
2544 3638
1934 3056
3076 458
359 4707
2700 4746
2190 1492
2308 3388
3582 1298
4493 521
2531 4741
65 2683
2566 192
986 2818
124 3442
3112 1066
1504 4678
3841 2227
4062 492
4248 546
1377 4715
3118 4724
3911 1539
3254 4812
222 1410
153 3585
4315 3389
1627 1633
4468 1186
924 4690
250 2436
1844 4468
4683 753
1418 762
736 3110
4341 951
2706 1090
181 3389
207 2833
972 974
2406 360
2297 4349
1415 4173
4497 2441
597 605
16 248
241 3179
4628 4626
1730 4228
3892 3886
326 3106
4426 2162
4500 560
4777 2189
1796 3366
4312 1256
4630 886
1 3
4077 4757
1602 4736
1853 141
2049 4751
1594 3454
1037 1839
1098 4654
704 3936
918 3644
606 4368
1883 4313
3 3487
3732 1582
3422 2106
4854 4502
1092 3494
437 2045
2522 2520
2338 2340
4763 3661
1695 4283
2586 288
31 4493
739 2137
334 3140
3002 3000
4346 3466
3156 1704
1447 3761
4751 4489
1222 4868
4212 4206
4571 407
586 896
1540 2844
79 429
553 589
4092 3554
2280 382
3637 947
2758 10
2518 2520
3868 166
4775 2847
146 1188
4865 4181
20 4400
2752 3744
973 289
3814 346
440 434
139 3837
1774 586
3257 4507
3249 153
2430 604
3306 4632
2262 4552
1216 3938
3725 1025
3673 3659
4598 2890
584 2882
4743 1777
3513 153
4735 2185
2921 825
4563 2693
3231 205
1439 329
4664 674
273 1693
172 3972
2394 4356
4299 3057
3480 4804
2463 3989
1685 1677
1449 1933
4868 2094
4854 906
2773 539
584 3546
1682 1214
3710 1792
2336 2338
1162 3684
1536 1538
4678 1916
818 3864
2813 4639
2299 2315
4 1444
1212 1208
154 1682
4562 48
3328 2458
1228 4738
2463 2429
1430 4492
1010 1484
2859 777
4342 540
4863 1989
3437 4463
4725 4203
4535 301
3166 676
112 3604
330 342
4796 4794
3283 2521
2988 2294
4058 312
510 2534
2299 1
2944 1572
305 301
89 2955
913 4439
3829 1423
281 3985
4805 2955
131 4203
1178 1180
3889 4861
4431 285
1570 2942
218 4570
1056 2250
394 4350
661 1641
4152 2444
4365 3103
508 3470
334 3428
1221 1217
924 2842
936 2704
3261 1273
2430 494
3348 562
3974 2926
880 882
3531 2685
1366 2734
3410 156
745 3453
222 1612
1488 3792
835 2683
3243 1431
4868 1282
1800 3498
1490 3292
598 2664
1712 4542
3774 1082
2734 2732
1843 1841
1934 1930
2514 616
327 2557
1907 1921
1581 3393
4477 2351
4719 701
1861 4283
308 4646
4716 2734
2952 374
3081 2459
4332 458
1822 4238
1334 4854
4683 1767
2880 4028
2949 279
3474 2412
1226 4382
733 2295
282 1152
827 823
1356 3560
3427 3435
2170 3130
1122 4252
1695 1691
4040 1318
4745 4873
1310 2972
1296 1300
494 1462
3743 1623
871 3987
274 4762
2163 353
1939 163
4644 264
1520 3936
1004 2000
3200 2254
3624 1338
1740 3898
2496 72
1290 4852
4266 2064
4809 2203
2744 1770
723 1421
1620 4872
3401 499
4620 278
3739 2089
1324 4612
21 4483
2092 116
2805 4307
4668 2016
1930 3592
1764 3370
3621 3305
4728 3974
1348 3768
3898 1048
3035 1981
184 2428
788 2598
3085 1153
604 2158
623 4807
2678 3986
459 4641
1834 4444
857 4103
771 763
3876 1396
2080 18
1900 72
3994 1676
1372 1040
3278 486
3578 3582
4812 3618
1392 1394
2208 2894
3671 1967
1069 3381
4650 880
444 442
4374 3784
1487 1491
4403 2685
2998 4878
127 123
3971 1365
1078 1582
4582 1498
1915 695
3364 3924
3652 1108
3115 4389
2010 1100
4748 2386
4728 2238
38 3340
1801 4709
647 655
4105 449
2389 3597
4222 928
2999 4285
1192 1278
3222 26
956 4016
2826 432
378 3294
1530 4682
4545 151
2434 3444
2978 688
4215 1675
4790 4788
660 4622
3724 1718
50 4624
4660 2722
1353 1345
715 4091
77 4331
4778 262
1624 192
1290 402
2369 27
4082 220
3642 4714
3450 4334
667 23
3190 106
3564 3566
2013 419
3682 356
78 4076
3198 4820
1758 4442
4628 1130
1687 3237
4722 1188
44 3580
3524 4418
4419 2029
2512 4722
3561 3045
2174 2184
4799 2515
358 3922
48 4798
920 4142
3787 3793
1177 159
4362 638
4630 32
4461 1813
4804 358
4578 1164
1602 3384
1969 479
3756 1558
3737 69
4078 4074
2663 2713
4356 3834
724 708
4742 3216
3350 3352
1360 2904
4304 1984
3695 65
1490 4248
708 4502
2713 2733
1396 4706
3749 3735
1827 4241
2412 26
3770 2056
3512 3520
152 2076
1662 2944
3529 2107
1535 2143
3906 2062
1184 4700
1689 1269
2698 4704
689 469
4856 1988
1402 2634
4280 818
1988 4774
2443 4423
2975 2977
4833 1283
1102 2346
1942 4180
1599 3797
2420 4398
4312 2844
2264 2270
2295 999
3461 1819
483 2369
3814 3816
4856 2512
952 2676
2454 4502
1228 2738
394 4080
4789 635
27 4197
4305 3187
2992 50
4584 1622
3332 3334
364 3420
936 4862
4465 1031
3716 3710
4656 3332
1583 4833
425 4081
813 2429
2655 83
4356 2588
1728 3732
3981 2189
1146 4578
3035 665
1097 4177
4252 3328
4500 3140
742 3560
682 3928
1595 4153
2147 2122 2143
3390 738
4870 330
3288 2508
4478 1792
4806 2128
2490 306
4116 1378
3589 1321
4408 1986
1558 4012
3023 5
2448 1590
315 1157
3810 2450
3204 170
4258 2772
3998 3996
3427 1843
4549 2183
4776 4194
20 2302
4352 1176
136 4832
217 223
1569 4707
195 2367
1460 356
1955 1947
2195 7
1330 2468
2308 514
4820 2350
4852 338
1396 1842
995 4835
3586 3588
793 2757
4534 2880
2115 4543
4023 4027
4024 4698
426 2834
100 2666
4 1168
3632 2614
3050 4762
1152 3664
4746 630
23 3923
248 2502
4834 1580
2925 2089
4174 862
220 226
4146 4148
76 3302
4715 923
4645 1141
3105 669
1444 4534
1190 1188
1707 3721
3463 4423
4649 1361
2110 3736
2399 4471
3193 657
727 737
4249 355
4388 1568
1822 3698
2364 740
3710 3708
508 3792
2035 367
4481 3435
305 4869
879 2219
1129 3507
504 4630
252 3988
633 4559
1878 1874
12 3132
2639 1803
4158 2092
4792 2148
3062 3850
4800 1324
794 4862
1217 2953
4717 3427
639 4519
1838 4248
3912 4412
4616 2734
4296 4298
3731 4375
502 3274
3506 4256
1493 1499
2709 4861
1527 4689
4384 4382
2215 3401
4877 3699
354 2338
2012 258
4712 4716
1066 3138
4267 1519
3060 86
1185 4163
4698 3166
21 465
1175 2743
3912 1616
4598 3174
3268 18
1185 3425
1385 3705
929 3147
1400 4280
3679 1835
3042 3048
920 3320
2798 176
736 2330
3050 1664
758 2174
1690 776
622 2682
3906 3900
3995 385
1765 4677
494 3456
1664 3272
4840 2974
171 2483
1006 4096
4302 598
1000 2476
3472 44
1960 762
4842 472
752 2442
307 1725
2491 3393
1061 3761
416 3524
3716 652
58 818
4616 2544
3502 4876
262 260
3347 511
2467 455
1885 1891
3382 1886
2114 4634
1370 66
4807 1257
4639 3539
4804 3926
1436 1438
1969 225
4128 4120
3984 1524
4718 1728
786 268
4372 1130
2682 2688
1704 68
2287 2965
4106 4794
2942 4660
714 2256
2919 79
4150 406
192 2628
1238 4484
3733 523
4440 1008
578 4306
72 76
3627 2217
2446 76
1718 1720
2179 3757
1890 1044
2126 256
2631 525
2609 3879
4873 1055
117 1759
2377 2367
3197 601
2244 652
501 3461
4122 1178
3422 2
1135 4583
4511 467
629 3853
2805 4733
3252 1200
2432 4838
1407 1409
618 4400
3348 4154
3600 4472
4060 4058
812 816
694 2890
778 4612
1212 3570
3675 3679
396 1620
4670 2252
730 2522
4606 396
3541 47
4798 204
4773 441
4658 2376
3432 1318
391 4565
2100 2634
4842 3504
4552 4562
1919 4453
4478 188
2003 1455
1314 3892
4189 1293
411 2747
4671 1955
3461 2969
1634 1640
4627 729
281 269
717 721
1751 39
3340 702
409 3331
4580 4110
367 3443
121 1393
617 4285
313 3151
670 3030
2138 514
3830 1518
2736 1486
3746 850
4477 3541
273 3439
3856 2378
1690 1698
3656 1774
290 1096
538 4368
1492 4518
129 3375
3046 36
4789 2091
2492 2504
1616 4282
1618 3734
37 4095
582 3558
3503 4841
4764 3564
3106 3114
1796 3182
1189 4835
4 646
933 805
4851 4855
1825 4681
2284 518
4500 788
3830 4094
4762 1632
2966 1758
1148 4882
4641 297
4035 4031
2537 2487
940 1638
4 4210
4012 4010
4383 3253
4225 1611
2698 2696
3986 3984
598 4468
3531 3527
2063 3935
4656 240
4230 1924
1942 1946
1118 3078
1438 4420
882 602
1536 4658
2653 1337
42 4736
1614 4218
3275 3273
2500 4504
1724 2560
3768 1600
512 2394
2376 582
1250 4168
4132 1688
3 2717
3365 4637
769 3943
4097 2431
3406 1218
4854 944
884 4210
3746 102
4475 3217
2904 4556
1234 1232
1004 3888
4826 2060
900 1658
1152 1154
4534 2938
910 3998
47 2405
2886 548
2249 2857
4740 3288
257 2947
504 3934
557 3931
3695 363
1216 2252
3073 61
4875 1917
3992 3988
4849 1043
3912 262
3840 16
671 4573
4364 4366
3690 486
3917 3421
4280 1732
4778 896
13 3201
820 818
39 4045
724 4710
980 3040
4627 355
1570 1572
3890 280
488 4000
793 3863
3480 3936
1409 1411
3728 1804
2080 4228
238 2742
1240 4816
3502 3500
1431 65
2124 3244
3634 400
3572 4608
4846 438
4000 3222
36 4616
4304 2524
479 4031
263 2235
1335 1343
2231 699
4352 2060
765 4593
4027 1379
4098 1254
1191 4001
288 4082
2974 794
4397 1755
4000 4752
2587 317
4248 3124
4810 514
3948 3956
3728 3732
623 2805
2180 3994
4451 1231
4816 80
333 4681
4025 1083
1084 1568
3124 554
4514 3480
630 3858
2814 4794
1594 1596
3686 116
768 3280
3332 3326
4307 1783
3880 378
178 1830
2682 4616
4246 2550
293 2905
4279 1255
2090 2088
138 3848
4346 432
2394 2392
4817 957
717 4713
2268 1822
208 1692
4628 4484
4841 391
136 888
4384 2598
4660 3124
837 4301
964 966
757 2209
3264 4780
3614 192
242 1378
4116 2628
4188 2846
4865 4861
1174 1176
2508 2504
1116 3144
3987 519
74 1128
2878 3764
1452 932
854 4808
314 3936
296 3626
2263 129
2912 98
378 376
4625 2355
2830 118
1458 4852
3813 3817
3320 262
4404 3260
111 2909
4788 4786
460 3822
4406 1870
3600 2440
99 2089
4541 2055
3886 456
1032 3132
4400 398
1332 3642
608 4690
4839 339
21 2875
2944 2946
2062 124
4808 1382
1869 3867
4796 376
3613 4761
1484 1482
144 2862
4566 3876
390 4876
165 4097
2692 438
538 80
4160 398
2134 490
1942 4792
1132 3600
255 3683
3442 3440
3073 3943
3977 2875
4820 4826
3748 3744
132 4806
3581 1717
1374 3324
102 4140
597 3171
3459 323
258 3422
1768 4384
842 2540
3330 4582
4456 422
1085 1935
4364 2758
1526 4196
1362 4228
3609 891
1262 3550
1625 683
761 4285
3204 4524
4370 1124
552 3650
3554 300
647 3359
2122 980
2207 4249
1874 3498
2612 2608
392 4868
4654 1490
4406 2082
4036 52
1463 2885
2220 2218
3605 2063
4618 858
16 3896
80 2562
1017 29
2576 2584
4688 1920
4421 4409
690 4822
3771 4443
2850 4446
58 952
4755 1783
3332 1122
798 800
555 4859
865 4389
3051 371
16 682
170 3678
3439 4469
1182 1180
2560 4742
2267 1477
1729 1731
2490 1406
68 3000
2608 2604
3856 3294
1210 2474
3164 228
4232 230
1682 1674
1673 1005
2225 49
2053 4785
894 60
3742 998
2572 694
1082 1084
2390 4758
84 86
2491 385
484 158
2020 54
764 2398
1254 4732
4150 912
1657 85
4728 4730
4280 458
3668 2766
4396 2638
2452 4270
1945 1941
4326 2192
2281 2289
363 4837
11 3887
1426 1418
3530 4542
2657 2659
2968 240
4811 1805
1246 792
4398 970
3536 540
2293 135
509 3727
2356 246
2608 4306
1196 4784
2946 2950
1848 294
4171 5
442 952
1745 1751
4671 253
1707 3477
4101 547
4214 4216
3943 4861
3410 476
4718 728
3024 4864
236 4370
957 115
2228 58
860 3980
3735 3733
3450 1178
498 1834
4578 300
4694 1534
4727 3589
3012 3422
536 4198
3736 3732
1339 97
533 2521
4666 3016
4011 3995
2711 4743
3162 132
2815 2813
2015 465
1398 4084
276 1902
111 101
1032 3544
1710 1712
2262 4196
3976 372
4576 3126
11 1477
4110 4098
4242 852
4232 1310
3514 502
60 1516
252 4298
361 4473
510 1950
8 4400
50 3420
1943 4829
965 4721
40 3876
4555 4557
4250 626
2019 2005
1460 3336
944 3858
2994 94
86 4008
4688 1374
1380 4714
1315 1307
3844 1036
3678 1016
4568 3258
4752 1618
4682 1786
4427 855
873 163
951 4743
3248 498
3666 32
2074 2078
3622 506
1179 4479
214 4392
688 690
3066 3712
4060 3296
4541 1551
1630 4250
3786 582
2046 4770
2377 549
4434 1366
152 2890
4218 676
1974 3704
258 256
2476 2474
4869 551
3108 1582
3836 386
945 2483
4863 227
901 4737
3614 1332
3813 1503
1347 4751
2940 788
3274 3282
2925 4673
567 2633
1354 3836
4616 3862
1491 87
1737 3263
539 4411
4538 6
4536 2240
3131 1637
4391 1661
338 4664
1859 4255
247 4719
1767 3775
4678 810
320 3736
663 3929
3057 1777
860 4334
4755 3737
1756 4394
406 4358
3821 47
4668 1014
2184 468
4881 3277
88 4518
1572 1306
3662 798
376 4748
530 3716
613 2573
1032 2660
2390 22
3694 4590
2769 4061
4812 2258
1057 3575
4003 3615
173 4477
1236 1238
3167 4571
668 4448
2947 597
1 1507
4591 675
608 2340
4590 2214
2255 4529
1242 2888
113 729
89 3255
971 983
4774 734
1992 3756
4214 302
3271 1241
4619 4623
4502 3324
3192 304
3150 4856
3824 3828
4378 320
516 2606
2728 4182
4754 1590
4394 2236
3553 1153
3692 1274
1180 3046
3170 1042
3816 1588
3414 2852
2448 60
2399 2191
3664 2334
3194 4788
2384 2388
4746 1428
4841 93
972 4460
4443 2187
2074 4024
633 1471
3540 270
1530 242
4456 258
778 4402
162 2346
1307 4821
3190 130
2052 2050
2035 71
4558 4200
2555 89
4606 40
1514 468
4854 728
4176 3282
2117 4277
3520 3522
4809 725
72 4558
943 1119
2872 4878
3268 102
1610 3310
4690 1252
3696 1484
2129 3747
3484 4282
604 3356
376 974
1847 3815
1730 152
4548 384
1575 2663
3130 192
1076 60
1086 3950
4593 245
3038 4628
4865 2717
397 4707
889 3943
3345 829
4802 760
35 3381
819 2803
4770 3758
1175 3851
2027 4159
955 51
2588 1280
4698 4020
264 268
4399 811
4216 338
3943 2723
2839 2829
2064 748
2317 821
42 2460
1574 1576
334 3822
982 2722
4140 40
2333 657
4782 1408
3326 958
366 1556
4597 1049
3967 1277
2462 4616
1966 4600
3146 3150
4466 4472
3357 4409
2009 4377
1086 3624
2855 2867
4427 2447
828 3474
4786 1116
719 3773
4774 1178
3103 2713
1592 2126
4310 2684
1489 757
964 954
382 3620
4857 893
430 428
3705 1573
2668 2666
410 3398
2209 4619
964 1826
4299 2001
1308 3762
4655 1643
4376 4380
792 4554
234 4550
2257 91
3611 1527
4258 136
4528 4272
3988 3986
1050 4730
372 2756
1075 2275
4168 1154
801 4513
1301 4221
1846 4450
149 4833
2030 2026
1858 4546
2265 4411
33 3743
116 1986
3434 2026
3280 272
3944 206
1382 4714
1134 4356
3579 3599
1731 1733
202 3938
2006 132
4615 1073
175 2357
3228 602
1401 859
4698 512
3166 728
1484 4156
4502 3012
4778 1644
2632 4272
4060 2148
3248 4536
4032 4316
2276 3272
4360 4362
3600 2688
4324 790
4551 289
1744 4498
2169 87
4193 2915
3182 3168
2394 628
2768 2770
698 4588
158 3894
2030 1466
737 207
2604 2600
4803 2173
388 4496
4333 4325
4400 10
4720 1190
4542 854
4622 1542
2033 673
4324 1774
2960 1036
1016 3164
156 810
1966 4070
1464 176
675 3707
3709 2529
2184 4834
82 536
3590 958
637 4841
1657 4255
676 4236
132 1400
4748 1998
2575 2587
3018 542
1615 41
195 4283
1896 4240
1911 461
3711 1865
3638 298
90 532
572 4674
2776 1474
2616 1434
3965 4661
244 2140
2858 1606
1727 1729
466 2510
1253 1245
4402 4
1049 1045
3710 34
1110 4462
2172 1818
185 2735
3422 3428
624 4112
1054 2778
976 4046
1326 1324
4130 236
2508 2518
4586 116
1996 2008
3434 3440
2412 4832
1444 1172
2926 2924
4326 1736
40 4066
856 1582
4346 1926
90 2618
1186 228
847 3561
3785 1079
3113 269
1139 433
4315 2031
4538 276
2379 4433
1042 4750
4210 514
1888 2234
3328 370
3562 3556
4660 1964
2425 2421
1340 1336
4242 2516
1774 1602
282 4458
496 1616
4352 316
2753 4617
3560 616
634 2786
92 86
4219 727
420 1624
3612 204
4376 3976
1953 4171
703 711
4086 4654
3586 4870
281 2179
35 1601
2087 121
4717 4709
2639 2647
547 4039
52 1928
2610 502
3120 3030
222 3814
4726 252
2630 1044
1561 1009
346 2240
1158 1154
4129 205
3248 1122
1367 1366 1373
1235 3033
3888 750
280 4426
4837 65
3679 819
1450 3848
373 3797
4801 2379
3240 820
4447 217
1980 418
3622 274
2352 290
4722 2012
394 404
4759 757
2162 3590
1568 3708
4822 2904
4681 203
2857 285
4310 1528
2716 4648
3112 1038
1552 114
242 890
196 2562
4853 2909
3859 681
4872 1380
4128 656
164 3394
4834 1082
4148 676
793 2951
4774 2626
990 4178
4746 472
1864 4188
1559 4799
2332 4638
20 2340
4829 931
50 4416
4815 1003
2517 4061
338 4480
4825 237
3783 2239
1620 108
499 1365
2064 32
4700 3384
2368 1276
680 2818
702 46
776 3476
426 3896
144 134
267 2361
4184 314
4827 1303
1376 3438
3448 3454
4598 374
4578 114
2412 146
4394 4392
104 3132
1014 3414
1455 3871
1240 4762
2636 238
3708 112
2080 1184
3759 191
3134 2098
3745 2597
748 4330
936 2432
2294 4030
2093 57
4861 3567
3393 1583
1494 3706
2485 2487
4444 2892
4616 1998
1111 3337
2919 2911
21 3147
202 1486
4726 4388
581 3321
4309 2537
3996 3994
3305 4801
4730 1836
876 4030
2828 28
4508 1792
4434 26
1086 588
3297 4781
4763 3033
4513 1693
3210 3960
1636 2616
436 4232
1862 422
2034 628
1639 715
3802 4482
1360 2758
3249 3255
4 672
391 4695
1718 4212
4321 65
2859 1253
234 3032
1788 3760
161 565
136 2724
298 3846
3704 3708
2927 467
1956 4012
1777 579
95 4389
2053 3317
4324 128
2278 326
301 3845
4598 416
3621 4823
643 4837
1220 1224
2834 2396
96 2782
1043 3317
4864 250
2053 2063
438 1658
1837 3311
3330 442
158 3456
4345 243
442 2140
2702 2698
1848 3690
2290 2284
4250 230
2507 35
3897 149
1042 2154
3681 607
452 4164
4588 4594
1738 664
4061 2891
4060 1864
3302 1176
507 3923
1738 3612
3016 238
2625 4767
1173 4701
1034 3008
3808 1174
766 4790
557 4341
4204 172
2166 2174
731 3937
4111 2659
1727 4701
1766 3906
1152 1144
4063 1221
3531 3543
2634 2630
336 4204
3414 896
86 3976
4690 1830
20 2764
1378 4846
95 4799
4578 250
3947 2555
3053 45
1166 1160
1025 1641
220 4322
1563 1561
1974 3940
1407 1401
2825 23
1457 4317
240 242
3482 1860
505 4081
4866 724
4737 2463
904 4356
349 4875
2704 4178
1562 4524
2592 778
3791 2203
3380 4696
876 2522
4674 502
3068 3066
4005 2639
4641 279
927 4809
52 3692
270 1922
3972 826
2590 3490
3046 328
3469 99
4748 4746
4294 2574
1958 1992
78 3226
3353 2831
54 1894
225 227
1820 3564
1424 3668
2325 2315
4380 1762
3434 104
3440 1856
2714 3948
757 4545
4706 2558
3318 4820
824 4882
2884 942
65 1269
2984 2986
1816 854
4664 4038
202 916
4075 3575
4212 708
706 4674
1633 2723
4646 104
3263 3999
3012 4848
4451 1903
2566 2234
690 2696
4169 2875
1234 742
4729 2115
4450 1552
1092 4296
3372 3364
3344 52
80 4214
2192 2190
4795 857
580 3234
3583 177
2147 4625
1066 4836
400 4468
2 3634
62 460
4857 4747
3772 746
3228 3774
1330 4346
1157 3733
4475 4787
3615 4683
1554 2622
56 3024
4117 4123
4211 833
3234 3228
4114 522
4352 550
2987 1647
2802 4724
2912 4140
2544 4270
734 3184
2576 2564
3339 743
3940 3392
3730 2158
3693 623
2196 4082
4796 2532
1082 4550
4601 351
4845 2011
2414 154
3683 3687
908 3726
2439 3975
3335 4865
714 2848
3245 2581
2162 1048
4692 4694
836 1274
3984 4444
500 2670
4561 2025
3888 18
54 2816
4171 1483
80 3398
406 1678
4506 4870
868 3064
4152 92
3480 4780
3134 1864
3108 24
3850 304
3154 984
2860 2858
760 2154
4731 4735
4798 408
3063 797
2395 3839
193 4461
1822 3098
4356 218
16 2236
2677 3227
2374 328
1349 4853
88 624
88 1332
4229 3403
3984 3982
3634 1036
4088 16
2464 2460
3799 4605
1334 4366
4830 1608
350 4364
4280 2484
1236 2072
597 3729
1332 4708
30 418
2996 4804
1724 1720
144 3968
4632 2188
4724 4726
36 2530
204 3908
1356 1352
1436 1430
4534 2206
1930 1926
2132 2686
4412 4410
4213 4797
4720 1526
505 2901
633 645
4410 2706
2677 1653
4408 4850
2359 1117
4422 1722
3071 4839
511 4031
2516 158
703 4771
356 2880
3975 299
2668 578
1472 4778
2664 4744
750 760
371 4857
4346 380
4016 376
520 4784
2052 4172
1688 3746
3523 3527
346 344
1058 114
2820 2816
4132 90
3281 4307
3977 3981
4068 180
1862 4730
3120 108
2377 4589
1772 2270
2724 14
3403 3391
3516 1530
1808 1804
438 3194
3624 4832
1702 4414
3233 313
2995 3009
2240 136
3507 3511
764 4806
1528 1524
3743 1565
308 4244
4513 591
4254 4264
1645 1649
3445 4817
4653 1353
4469 1395
829 4627
2102 1222
2423 423
4228 1452
3840 608
3700 4724
160 3698
3833 3835
1948 644
4619 2057
4018 3320
4194 1978
3071 413
3478 2194
4274 626
3051 4497
1707 705
2536 476
2427 91
3969 1287
528 3882
4266 1502
2650 988
1867 1
2659 417
3848 876
4824 2952
24 4192
3628 138
152 4018
4651 467
2303 1899
1810 1814
836 2492
59 4301
4486 428
4813 99
840 4348
328 2302
387 3075
2861 2165
2772 1048
4728 252
2520 4478
4385 865
1552 878
4570 3432
885 3189
525 2633
3994 4870
730 4682
3298 680
1072 2982
562 4822
98 3966
1877 3597
4717 2547
152 4288
1255 155
604 2754
334 3698
3884 4594
2921 967
2371 4407
839 4425
3252 1086
511 4783
626 4692
361 873
2542 4248
4423 1999
4793 237
3790 4838
941 3497
479 2371
1178 384
773 2005
2896 4178
214 2254
3514 4848
1869 4421
3876 322
1891 4623
4730 1044
2051 3765
68 1566
4516 2824
2080 644
873 3053
4710 1598
503 3649
1443 583
4112 1040
1519 4455
3769 3767
3 3497
4175 471
3586 1216
474 4664
1756 1760
3692 3696
400 2026
2377 735
4793 457
3265 3269
4533 515
3853 1559
4028 2190
665 4089
186 2764
3404 1996
4381 1515
4826 2924
1317 1315
2137 2903
2813 1844 1373
2643 4303
1999 1991
4354 4360
1505 37
1223 3359
3545 347
1030 362
10 4186
1975 4741
12 4872
4494 578
3683 3681
4096 1026
4576 1138
4586 302
4720 2222
3400 2608
4261 667
3760 210
3104 4586
2068 4816
4232 598
104 2302
4287 179
4377 3829
1096 4358
1860 236
876 128
4160 4490
788 4080
3104 598
4300 1416
3293 4551
4586 4588
2889 2891
1701 233
4679 1613
4391 781
216 3938
2564 4632
3730 654
2914 2518
1509 2739
2576 382
1736 4858
1911 3127
1641 3741
3301 1403
464 3278
66 4418
1362 1366
1948 3466
1244 3562
948 4594
3147 4773
3359 1287
432 2012
4768 900
1212 4770
4287 4315
106 4694
2014 872
810 192
3852 3522
4705 4853
4518 2638
3566 978
1001 4533
1750 1740
364 3556
4774 636
4763 1229
3302 1270
1183 1179
3534 514
948 2082
4879 981
4878 242
2724 2280
3088 3086
601 4777
1238 4246
2408 4212
612 4300
3055 4755
206 3460
831 4607
4552 2032
2970 4720
1968 2830
2243 3813
2939 4081
4640 74
1046 4404
1243 2207
2003 505
1412 4850
20 178
4596 1280
7 4071
1614 176
72 3344
622 4542
192 190
4384 2286
716 4014
4348 4
83 2041
4231 2833
143 3933
1166 4054
4344 768
3253 807
4586 1626
2133 2583
4772 4358
4881 2957
356 4880
168 3836
1323 4597
3870 2090
3341 1487
4179 145
486 3714
1919 4687
2254 576
3826 540
4710 2844
1852 1858
2956 940
4847 809
359 4477
1448 3270
3493 2035
34 2738
4191 4685
543 3781
1989 213
780 778
2554 2184
4446 2966
294 3772
1093 1085
4442 66
2371 1247
1847 1845
1136 1142
2741 3953
3868 4488
3685 11
368 362
3038 3040
4720 2018
1154 4876
218 4620
2764 4666
3789 3259
4868 952
3910 2092
3160 3150
1434 286
243 4697
3362 3364
3742 3138
4023 4815
3552 4716
2716 3018
325 4415
3492 1022
3426 40
2712 1212
1480 2952
3610 1850
4764 2486
4881 239
3076 968
4376 422
1052 4310
4414 2742
146 4798
4882 3404
2939 1295
4438 3206
3668 4038
1712 34
1497 3677
4634 3730
4122 1640
342 3886
707 4085
522 4366
2372 2944
4323 2835
1821 4815
285 3953
369 3839
1676 70
2724 206
261 4163
1347 661
201 197
2612 3992
3955 151
3442 3444
2992 4644
1336 1332
2 3140
1812 34
1072 4430
941 4311
4195 675
711 4615
97 3873
4568 1128
16 3892
1150 4250
512 2082
3719 4843
976 3258
253 1781
4416 4418
992 998
545 3897
4816 670
184 4078
4850 3144
4464 2888
4523 621
4635 1199
3188 36
804 3146
1198 2986
3554 446
4871 23
2048 2044
4766 3650
4012 1032
1053 4691
2279 2275
2544 4684
4456 1298
1140 4242
1172 2850
670 3038
530 4156
3813 433
4823 355
4667 3997
1660 4648
2988 330
585 3659
1754 4170
4425 579
4353 489
574 2548
4215 4211
2838 4712
829 3487
882 3684
3560 94
1446 1442
4518 4520
560 2202
3026 3032
1438 3758
1931 3935
4395 4383
3470 1160
3019 53
2472 1144
1484 1924
1784 3634
4123 297
4758 454
2883 4867
914 2028
489 4879
1451 1453
4832 2260
3590 366
968 4834
3925 1235
4056 610
3772 2404
4136 2592
2251 4787
3843 297
4508 3112
4448 3104
3447 261
1154 4336
1948 4124
2391 117
3374 998
3792 242
2158 1084
4567 929
4133 1747
4215 4231
316 1786
1496 3566
207 4493
3277 433
844 1756
3422 3420
4240 4238
153 2005
350 4682
1320 3598
3853 3869
852 854
4048 180
4246 1076
2366 2364
2980 2984
1938 32
3946 1018
4838 720
4698 4226
4056 4058
155 3963
624 4794
3564 458
1714 3900
397 1269
3760 3764
2128 4840
4243 505
1780 96
4099 1355
1422 3266
931 4105
1862 750
421 2663
599 4459
1627 3603
416 2524
102 1608
4880 1772
725 721
2734 4186
2309 3095
4698 1364
313 3235
690 3054
272 4846
235 851
3682 1784
2057 4859
3126 3690
74 4652
77 79
1401 2077
4880 232
2 3948
1131 515
2520 3574
806 3148
2701 4759
38 3332
4855 3
1356 3700
208 1114
2428 1034
1319 2195
3896 246
1123 1093
2152 4256
3023 115
2172 1072
4138 4134
694 690
990 4378
4128 1850
4620 1020
4862 3248
330 4714
318 3584
4858 1040
3908 410
2279 507
3956 3966
1311 4877
1186 4880
3450 714
2356 374
3216 32
4359 4357
348 346
600 4314
23 2901
4302 1780
879 119
147 4519
236 4030
4491 251
3084 34
3560 954
1921 3787
2536 2534
3490 3494
1966 4530
1988 4262
192 4714
1182 258
1506 4168
4824 4156
13 2689
212 4114
3196 3194
335 2227
4166 1554
2700 4850
193 373
2095 4869
571 579
4774 686
954 4244
54 3656
3508 3506
4139 845
4620 1970
4740 2184
4742 4746
2926 2120
3940 1814
965 969
2852 4806
496 3994
4080 906
212 2196
242 3226
1713 961
2878 148
84 4076
3304 794
1370 2736
2577 213
304 3402
1155 3401
2783 2787
4882 772
216 1010
2451 99
2589 4037
2006 4058
2519 645
4849 207
1872 12
1058 246
4162 2056
84 640
2694 370
1071 1079
67 1145
4578 1664
678 2386
2986 4122
4005 1449
4706 4294
4805 1341
1800 4342
2133 4283
4296 4294
4761 265
308 302
4200 4194
4527 4523
414 420
4406 712
4861 4855
2120 2252
3823 2369
1300 1302
4648 546
3039 871
2210 240
880 3722
4012 1788
4835 2569
4811 277
84 3950
781 4277
4672 986
1331 2677
901 889
135 3395
669 4603
45 1653
1435 311
2876 4114
1904 4138
4703 4707
152 4426
3496 1986
1890 3406
4427 93
4659 2899
146 158
4368 854
4015 4869
1662 638
1740 2500
810 4414
775 2849
1800 4620
795 799
276 3294
4576 1302
4720 780
4858 3742
2892 2548
4038 4618
4701 4775
4841 4827
607 3837
3392 690
3470 1254
3571 237
3155 3145
4182 4
3702 2034
4798 1364
109 3425
806 2526
1166 1486
1088 1090
87 2585
2559 4699
4098 3056
1710 3500
4870 4874
3456 3454
3900 70
4359 1745
865 3667
2114 4714
69 897
90 2378
2344 2340
980 2192
406 4144
4200 1022
40 3398
4788 550
558 4714
4869 1969
1752 408
1385 3361
68 2130
1149 3633
2323 4561
2677 1287
247 1621
3223 245
1141 285
4514 4518
4300 1234
2588 814
249 2381
868 3592
670 4032
4669 1689
4202 380
158 4094
681 3521
4722 2524
798 4600
138 3452
92 3330
1850 1852
307 3167
781 5
4496 4650
1390 3924
59 4595
3017 4851
230 226
1790 3212
712 3944
4881 4879
574 2792
305 3237
380 4224
1494 3474
3716 3718
290 4312
3996 1366
210 3802
2554 2560
1698 2598
3058 1344
1697 4419
28 2570
1599 3537
4868 2944
4369 407
3609 457
433 137
4330 2284
3171 4643
522 3676
892 162
4419 663
707 2705
1010 4370
3333 4835
1919 4199
3471 2827
4699 3429
1715 1717
315 4335
1260 3846
2960 4624
3384 130
2696 3134
3766 1138
4063 303
3746 54
2740 488
3714 18
2754 268
2674 1444
4661 2451
2964 594
2303 3907
34 2176
3826 3560
4504 2818
4803 1557
538 118
2770 2772
4818 3892
1591 3465
3652 430
2004 4238
3662 4692
1855 4159
3538 2096
1156 4718
3556 3544
3466 3464
4754 4140
2300 4616
4630 1140
771 783
4848 1314
1652 1640
656 2182
2376 4750
4874 72
2212 4320
2050 4364
2235 2233
2293 3343
1022 4852
3185 4383
4486 1876
4495 743
498 1548
3392 4232
10 1142
4629 1989
4508 3406
74 3184
2903 1417
1360 1356
3430 1850
3750 1010
4829 241
256 3504
597 2709
3462 1182
458 450
4371 2373
92 2368
2780 2788
4483 2777
4306 2766
1726 3444
4689 645
4676 1910
100 1638
4766 2424
976 350
1404 4520
4316 3332
1664 20
230 4242
4284 1374
846 850
106 1840
2797 3081
1366 2970
