4882 9975 2739 3509
1279 3255
1794 4094
750 746
3420 456
4850 1800
595 567
2276 1484
4434 2020
2884 536
3913 515
2786 8
96 4334
4475 513
4615 1019
2452 4692
4848 48
4122 1142
4880 224
1095 335
2015 2009
3558 3556
745 3723
4714 1680
3194 3198
4830 2998
1681 4869
1458 4422
162 4124
4398 2314
525 71
3 4393
4590 1246
116 768
2248 3288
86 4738
4400 1120
3485 941
4398 834
4818 1054
3058 496
1579 3995
1423 4559
3574 736
4332 178
186 3520
1156 1152
413 3547
4476 830
2818 2814
1581 935
4158 150
4823 2225
4443 309
2915 3587
4768 2654
3912 1032
4358 1494
4115 2611
2944 2948
3733 3717
2858 2810
119 1107
3123 4765
152 2056
4845 3075
4308 2630
132 134
1608 4138
420 3894
1250 3848
4372 2300
3679 545
676 3596
41 4491
528 4666
732 2440
71 2261
188 4770
1981 4377
4804 972
1794 248
437 3113
723 4645
2660 480
4578 450
179 175
3600 48
3290 3292
315 4537
581 4045
361 3385
2749 511
3890 330
2017 241
1621 4725
4813 3425
3574 3578
2828 1868
64 4760
4579 191
3534 2086
526 1726
2514 980
1384 1108
2118 100
138 3456
4701 131
2980 746
4040 3128
164 652
300 4228
4592 4596
3188 1792
4740 1452
186 2822
4760 2200
2141 929
1462 4882
4343 19
1596 144
1754 2714
533 4223
1911 3851
1287 231
4302 910
984 3170
1155 4373
222 218
1439 4515
3625 3177
490 3802
2418 2420
3007 4319
440 3050
4443 403
3458 4816
54 4430
2198 1284
911 3517
1606 4278
4458 2050
4568 532
3502 76
4133 1307
3462 4122
4313 1169
1721 119
2410 3556
604 4066
122 1440
1308 3786
1846 256
3208 4814
347 3347
23 951
2978 4574
395 4477
106 4098
2374 292
3926 1294
777 4433
1623 1621
4082 58
927 917
4165 4167
2566 716
377 3587
2726 3800
2703 3811
4547 2707
4357 2251
172 4180
3670 1988
2300 348
1715 1717
2710 630
2625 4791
24 658
3929 525
853 855
4375 2603
3762 632
1320 1322
4218 3310
3212 4740
2510 20
4223 1453
4278 314
4048 554
4388 3268
1390 4292
2034 2032
1994 3604
2303 855
2327 2057
1600 1596
4872 488
1643 4599
38 3298
165 155
459 2027
2024 52
4039 2237
2107 679
4554 4542
2847 4515
4138 1018
84 2800
4854 1122
4603 1933
472 972
28 4138
422 2090
4277 1129
4273 2665
3345 4597
2313 47
4282 4002
442 3416
3501 193
508 3058
4747 2589
4604 3054
4028 1836
4483 785
210 748
4672 4450
4804 670
3359 4439
1246 120
3196 4776
3312 1940
2033 115
992 2652
136 2980
234 6
310 304
4454 4450
4749 959
785 4717
4660 1934
3072 600
1836 140
2647 2649
949 4119
4789 41
4646 2206
4606 264
2225 2223
626 4748
3313 4597
2630 4236
3175 3777
4644 4654
4800 822
4608 1358
2272 2276
4666 150
1125 3737
1922 1926
1340 4830
1873 4195
706 3268
1908 4184
542 3084
3249 4721
1260 3546
4767 3405
2344 458
986 992
4394 3152
1370 36
4570 406
4414 4418
3344 4768
2284 2280
6 4642
4528 4532
422 3216
2488 2482
1837 1321
3894 506
4440 4442
1337 4535
4644 2242
1445 3413
3588 3584
500 4208
3149 157
3742 908
4851 161
4155 1233
4298 4300
223 227
4264 14
2796 3202
3861 3849
1746 3280
4507 2115
888 3968
4213 283
45 4817
1855 4721
3741 237
1799 3763
3429 2041
1668 142
4371 3643
178 3104
282 3978
2846 3932
3374 1382
364 4030
2194 2188
4836 204
2795 255
2256 4692
3168 4196
2122 4352
1388 2898
4414 4336
3025 1797
1478 3666
3641 437
2810 860
3178 804
3706 3238
674 4370
1847 4207
2404 2406
2846 4766
4091 4089
4284 1746
1577 81
4303 4293
1562 1560
4362 2042
2695 439
2156 4352
3360 900
4761 1237
2647 4619
494 2478
4772 1562
1616 4866
2054 2064
2870 3490
1964 64
3927 3929
3706 1434
3508 3521 3509
170 3504
1685 1695
2761 4737
4742 1370
378 3252
942 4330
3500 1342
3394 1592
1208 4362
3020 3024
1560 1558
3594 4794
2 3328
56 4106
578 580
4829 1521
4684 1836
1577 1579
2763 2765
4001 421
58 64
258 4868
4229 947
2296 4070
984 978
2538 4722
3653 2921
1895 4557
2644 4538
1650 4304
928 3262
4726 790
1488 2298
4734 2246
1135 1625
1364 82
2072 4086
4106 482
333 2627
1456 2646
4658 1330
3700 1122
514 3874
2620 4856
4846 1544
276 3666
580 4342
3017 1171
3381 19
4726 1444
4798 228
3410 1018
718 4434
4484 1688
1574 3274
4847 3281
1452 3566
3305 3319
2140 2144
3044 4778
4410 2548
262 4224
492 3944
616 620
934 3154
2156 702
15 4173
4734 2984
540 1570
2847 603
666 3952
1271 2837
3670 3202
2612 16
4828 3964
3367 1685
3746 4744
2356 718
1751 4809
1752 4868
1408 4562
1453 4213
2112 4556
499 1697
1563 2805
327 325
1396 2986
1304 2706
1109 4479
988 2362
4016 1820
4787 493
4602 426
901 3771
4521 5
2692 3904
2989 2975
3773 2687
2478 852
1069 4335
224 2162
533 4791
3290 4678
2969 4655
2515 4687
740 156
3302 4670
4585 759
4265 597
4656 2186
4826 4354
1622 4254
971 3575
228 2076
1525 4281
849 4551
334 4506
1410 3084
4693 515
3811 3815
304 1592
3051 333
690 3082
683 149
164 1788
387 153
2205 1655
4341 787
4659 4665
2552 2554
1218 342
2067 433
1345 3893
3528 3524
2718 2722
3429 3
3296 590
669 2397
2734 4854
2886 136
2908 3426
3231 533
4099 4097
1754 1758
2911 247
964 2174
3058 4872
4562 360
365 641
29 177
428 4626
1812 3488
3033 461
995 3445
4180 948
96 1690
1101 267
2121 4781
3505 3
124 1004
4306 390
4599 2497
429 4027
500 3450
1930 984
4562 2274
4660 134
4461 2219
417 3627
1132 1124
572 4594
4574 4346
4403 2511
414 3260
4604 994
3044 3034
3592 3590
351 63
1452 314
2682 4434
1350 1358
3981 61
3706 1430
474 4344
3164 3166
867 13
2918 946
1702 4854
2793 4783
112 4402
1390 3228
58 854
4142 756
60 3450
4133 4119
4431 901
3646 3648
1076 3710
4706 3054
4846 1552
3796 2774
27 4431
1188 3260
4835 2555
264 3864
651 2049
53 3433
484 2840
2173 3999
1925 1
339 1921
813 4589
93 2791
1020 3744
366 370
1304 4840
4621 2235
749 4297
1039 4457
17 2615
2554 322
1982 1978
924 3634
2580 4828
1500 1504
2838 506
4194 62
3212 4820
4859 4215
2527 257
3135 749
17 1547
158 496
1428 1430
3074 3070
2782 2778
113 2567
1233 1735
4561 659
1152 3156
3302 4028
3618 1648
385 2441
10 1096
650 4822
4109 585
2947 2639
2426 1556
4252 818
4790 1468
3061 4311
4789 1619
3143 1669
94 4104
2330 4114
2285 4577
959 4627
756 3034
3937 3931
3152 3144
4159 1563
4095 1227
58 50
4582 1890
115 4351
6 294
2086 2092
1340 3984
1931 3891
3121 97
3834 738
4715 4723
4799 3995
323 317
6 3518
4770 108
984 4814
1943 1937
933 4595
2565 2765
4868 3762
1106 264
4757 1185
2254 2260
898 4548
558 560
622 50
3010 3020
4580 1482
3994 684
1874 4710
852 4166
4704 4392
1744 384
590 4750
99 2533
4622 1856
186 4372
847 2675
4 4652
4398 1170
2226 244
2609 4857
4310 2336
4680 86
1750 2786
918 4710
4171 251
1858 1860
3802 50
685 691
4563 2297
2157 4455
2756 78
3609 4775
416 4286
2396 4622
4028 1074
1920 4290
483 4315
1962 194
1193 2901
2736 4078
44 3916
3018 4688
4626 4060
4563 261
2542 998
996 4866
1302 2110
3650 3652
2301 4837
2375 3729
3896 1024
2804 4866
3844 26
4331 2231
2850 1182
3146 4220
4700 3032
3683 1343
450 4858
1833 4637
1250 4882
1955 787
4856 162
249 3747
3870 1470
638 4788
607 609
699 181
4287 3597
1980 4512
3232 3244
2149 2169
1556 632
138 136
2589 143
1182 1184
1020 1440
394 4316
2464 486
4279 1141
2970 994
175 4485
4130 2768
2424 4842
4185 4183
684 3714
114 2838
2590 854
4860 1744
601 595
1635 15
4760 1434
1818 70
4090 1836
2369 887
4630 130
3226 4446
4307 135
4311 1773
2942 1710
437 3609
26 3386
628 1378
349 4703
337 4731
1088 3930
3582 4350
1122 4604
2178 474
21 939
3154 3160
4276 1044
2662 680
4710 2324
2294 4180
4282 1656
4664 4658
4283 2229
3930 494
2505 293
4850 3172
2322 4688
1784 3534
3574 3570
826 824
3594 32
1000 290
4092 3638
2219 3307
2858 4484
252 2320
3632 2630
3238 3576
1795 365
671 1819
2728 2732
685 4327
3708 3710
1816 1818
4646 2188
1572 1574
4002 3998
4766 744
356 612
59 4527
8 1724
847 4683
73 2793
3178 582
3869 3861
370 2730
1064 4286
4768 2898
4837 1335
2210 3440
4858 292
669 4443
4448 732
2040 4288
4221 1039
3314 4150
947 971
81 2503
914 2928
1253 3369
646 644
1330 556
132 3266
4117 289
127 1145
1567 1553
679 4751
2002 4708
2597 305
1031 1047
2686 4388
2745 1979
1140 2132
1996 1998
862 3124
338 4558
61 3571
45 4845
3575 2207
4819 2901
2175 2591
437 1759
3075 4797
997 4585
3647 957
2301 1637
2135 4471
1668 1666
4320 1672
2180 3948
2102 4788
2904 4466
1549 47
2360 1474
1104 1102
3100 2800
2007 1619
164 4104
2374 84
1010 128
2023 3887
3570 2488
1286 3292
4818 2534
1382 1378
1540 4332
286 288
2472 4738
3822 1238
357 4547
1098 3504
3886 1142
36 666
156 154
562 3732
1284 3652
551 4805
124 4404
2875 3535
2237 4451
4800 808
3622 938
13 2913
1963 1003
4593 331
2312 4190
744 4224
3956 1082
1049 1051
1 2691
3524 1980
3913 481
357 4319
4525 693
124 2280
4730 4406
3103 3877
3688 100
3800 3802
4079 833
3446 786
4746 1256
220 4210
2955 2949
483 971
3455 967
4012 2394
4624 4626
1956 604
2415 4427
755 4279
3184 4646
4722 674
780 2402
234 3804
4518 2058
4661 3513
4538 1070
3430 3428
4458 988
203 3269
3037 491
881 3231
1641 289
4466 4854
2220 4286
1549 479
228 4530
1258 4536
4798 1532
1242 1244
4636 658
216 2868
2912 2434
827 313
2350 2356
222 2148
4672 770
4345 4335
1819 457
4357 1815
1264 4502
4803 4547
2671 711
325 4783
3726 3730
701 17
3544 1086
4871 995
786 3630
2548 4786
2856 698
2400 4806
4094 560
2763 4625
4570 4572
131 4217
1145 4813
2788 4880
4794 2586
4434 4426
4382 2274
22 14
106 3240
1 291
1050 2404
1107 251
391 4535
2671 75
558 3148
2080 222
3862 1134
2162 4878
4350 3638
4882 3044
4063 1203
2285 1137
4846 1284
373 4867
3004 278
177 1221
1816 1804
2346 418
2538 3782
1006 4292
4866 1170
424 3118
185 4639
4548 424
517 4399
3885 1639
507 4633
3627 4727
2045 91
360 4702
2700 188
69 4783
4798 908
478 3384
3900 4870
3439 4807
32 1436
1944 4856
578 2118
4064 1644
3894 434
4140 1750
2634 526
4820 348
3115 1107
278 4488
1972 4700
2588 4540
3380 1100
1659 2365
3715 4721
1064 3522
2937 2941
3246 776
1820 2432
3473 3475
15 4721
4752 2878
2845 4819
922 2838
2348 4408
173 4613
3320 832
2394 3478
1720 3868
1736 4078
4030 4024
725 2347
1268 3692
286 1710
4614 3034
2972 2504
3836 1878
1893 1903
4432 720
166 1588
3503 3495
882 2854
3096 872
2913 4125
1422 3564
3761 4145
4852 2414
14 10
1492 4194
1095 2005
1413 4783
1670 2164
1445 3863
2446 2430
188 4810
2062 3338
1231 4627
4876 4880
206 1280
1914 132
1607 4411
4502 4498
4644 662
140 4066
59 1261
3013 1015
3946 4592
2212 2208
344 2606
1090 1092
4609 977
4639 397
308 3876
69 2391
1970 2366
4239 45
368 4426
1656 1110
3160 4440
85 4673
1058 4344
2847 4811
1 329
4450 236
1750 3020
3255 3249
1128 4634
4404 1256
1971 683
2680 2690
4458 3470
33 4429
3372 3368
597 4655
18 4136
3376 4634
4738 4726
1493 567
1284 1290
2124 4624
490 4194
1839 4649
4576 342
3142 920
344 4658
3841 3837
1400 348
2776 4324
1754 50
39 1163
1932 3404
806 802
3190 2476
2576 474
4378 4372
4294 1998
4276 548
818 4798
4325 541
4225 1689
2273 2267
2476 4146
1582 3708
3178 420
3222 4246
737 731
4353 4355
4861 2007
4535 1381
1147 2841
2116 3028
107 2461
4366 2600
136 2864
1478 4796
510 2370
4315 3113
97 3755
901 3781
4400 4776
1139 4849
2498 136
454 2032
4544 342
174 2040
4702 228
3560 84
430 700
598 594
546 1536
4396 1746
4832 4688
4641 3773
489 3515
2192 4446
672 4176
4450 4444
2544 2540
1848 1852
3534 4014
1541 1549
754 3434
2010 3536
4444 1500
1944 4096
950 4696
3628 3622
888 886
140 3738
626 3682
2460 3044
587 2003
470 3182
4425 557
3414 548
3202 3198
582 4776
4317 205
2950 756
1589 3873
3752 3770
834 830
3619 155
1548 3424
1966 3806
2372 162
2350 4374
4035 543
4276 194
538 2848
593 3243
38 1886
2791 717
2764 2632
3602 802
2789 4825
4117 1497
4586 3292
164 2630
74 4370
2389 575
96 4830
4878 1978
29 1973
2441 3173
820 2638
4814 1600
4544 726
4844 3214
4337 2029
4295 4035
118 1222
819 4417
740 28
3051 4835
2589 3909
1355 1351
1401 4705
3357 695
3556 698
947 4403
2492 242
902 2758
3718 1228
4446 1096
1585 4839
2456 4066
3402 3400
2576 4370
3839 179
4715 335
2614 510
1659 3205
2789 2141
2662 4606
93 4553
2348 4472
4868 4636
1696 246
2108 494
1382 1384
4224 2160
2926 44
3022 1512
4435 1629
4289 403
4641 53
1702 1700
2004 350
712 4334
3884 1506
332 3152
3898 830
541 547
1276 4574
2479 2485
4613 4601
1464 806
70 3826
4467 1563
2151 481
4654 4658
729 4415
1875 4813
4810 3756
2160 4644
79 2709
1440 3188
652 2376
2363 383
1948 4682
4759 1215
2047 4499
3022 4462
4578 2394
4622 3472
2662 4878
1208 4556
2430 2428
1618 3462
3958 630
3700 2804
231 2023
4108 4850
4061 761
4874 484
2554 4148
3392 2924
4786 3354
3817 85
119 1849
1413 3795
4664 1722
4430 944
3960 3962
2768 182
3058 3920
4331 1253
2490 2492
3883 835
4540 974
4145 4139
4296 2194
1354 342
3055 641
472 2314
855 3503
1715 1701
3275 3295
184 2728
1636 348
4303 4311
1586 164
2397 2395
2073 3921
1683 1677
427 3081
2928 918
4074 206
2260 3752
2730 4876
4795 19
6 2012
3323 83
2567 2557
4826 1436
614 616
3129 3105
1391 4501
1993 4139
3254 90
2909 799
184 4456
4770 3332
2674 4644
3025 1627
327 4117
4629 3101
3406 1188
4458 64
893 2419
1376 2658
450 3518
3488 2570
2497 793
3384 790
4540 3274
610 3168
697 2979
3086 278
194 1446
2548 2552
4563 4549
4074 4692
4576 1442
4453 4803
737 4337
3314 3312
837 821
417 4425
3110 3282
1612 4364
4748 3996
4829 593
634 644
4371 823
1038 90
4818 3514
4770 1098
383 3373
3560 3558
3564 756
1251 4455
569 2999
1662 196
706 3894
28 2372
4333 4327
4846 1766
4211 309
3999 1827
537 4629
1770 1778
4396 3534
3432 3436
538 3554
3057 1869
4268 2370
1998 2002
2334 1018
3664 866
1844 1846
440 1992
2196 1284
119 2407
2614 868
2064 2068
666 4796
3920 3930
1868 218
1651 4677
1371 4401
3528 3532
3783 4845
3176 4332
4237 2363
1094 1102
4875 2005
400 4846
4106 1038
2128 762
3049 4439
1240 4694
2344 4170
1024 3952
4678 940
2486 2810
934 3798
276 2012
400 3298
475 4197
4262 342
4673 3529
1906 1904
972 3428
4879 831
3144 2384
4641 3603
31 4519
4 1272
4609 251
3596 2528
3038 1368
160 1992
3784 2408
4794 3486
4836 462
3330 718
2920 3868
2733 2735
2754 1114
1148 3356
2353 1173
4809 1173
2565 4775
202 4154
4375 1905
134 4882
2001 4849
4218 1748
736 4874
1880 3686
1847 2901
2061 553
1353 4637
3394 3372
532 4708
808 4828
359 365
4841 4847
3352 56
4598 254
4655 3229
4555 2699
4781 707
4034 4876
4736 648
3062 2156
1576 1586
3765 2523
1281 2531
4219 463
1258 3200
137 3843
3235 1895
4170 1410
985 3507
4125 315
3811 1345
147 4625
1486 4474
4449 3743
4070 4002
7 4533
570 3646
683 2963
3310 4710
556 1930
413 4845
2870 4640
969 4779
4664 4668
4504 3626
3187 599
3022 186
3451 1639
4832 296
966 4276
2594 2578
1889 1893
71 3077
1913 1421
4443 2559
3922 348
590 3562
4023 1177
2132 2136
4635 163
2085 1801
2478 3644
2213 661
1512 3894
1512 1520
4319 503
1884 1882
749 4691
1939 4699
2018 1444
2182 2186
4361 2617
4782 2870
1828 2950
1608 4800
616 4034
3540 4600
3206 1664
397 4691
337 4125
3461 253
3653 3655
4042 2548
3110 560
702 4082
202 3354
4474 3650
4562 4570
740 2728
4734 1232
2954 2958
4708 2086
4474 4472
4583 4125
1322 2856
438 2034
150 1900
3658 3660
2443 4367
4316 4300
1311 4873
4335 2079
768 3506
1414 3724
876 4798
578 4306
4186 1442
3193 213
4601 3961
2562 204
4796 3552
406 2872
4328 224
1442 1440
4260 424
4548 932
2734 4652
4850 3072
3222 454
634 3734
2694 4740
702 3552
4761 3489
1982 3628
3851 1659
464 2682
2224 768
998 992
3436 1614
4741 3029
2634 4722
1581 4019
2782 152
4652 846
1207 4159
3790 3792
4541 877
4816 2796
1830 1828
2202 2206
3539 3537
4484 416
4775 3077
1323 3239
290 3224
312 4568
744 3472
4266 4270
2752 428
2011 1293
1996 420
2014 784
4245 41
3155 181
3284 1064
505 3755
2310 4732
4312 256
1080 4232
3404 3402
544 3362
1911 1909
4874 146
4679 2121
3556 2636
3472 64
3166 672
4864 1654
202 4232
4463 2869
3107 37
4711 2399
910 4698
4510 286
557 549
46 1514
1198 4214
3149 2023
1068 316
93 4247
3462 1408
2994 56
3743 4789
3489 4693
383 4115
198 2832
3688 1906
1549 1703
4454 982
1692 204
189 4859
388 4072
2279 2277
2394 3224
231 2465
1124 1120
3791 1605
1032 4682
4378 1262
4540 3158
692 4274
3633 1269
1930 322
4462 300
1246 2340
2396 1734
4065 1263
1123 4565
690 2906
28 2672
637 1605
3813 2057
1783 4147
252 2248
4132 1046
4267 2741
2189 4871
2765 4469
4075 301
1125 2341
1117 4307
3213 4191
4859 3093
1180 3246
284 4726
4367 2239
1690 1688
3340 26
3216 4042
4401 901
3422 474
2397 587
4537 1301
72 4120
4272 4628
2270 24
2468 4830
403 1413
2054 2916
1796 1798
1142 1746
533 2839
742 144
1008 1004
267 3809
2306 444
3575 3567
4396 4398
2170 936
3827 9
1042 4774
1091 4665
120 1320
1050 4454
133 89
4860 2090
38 2778
2000 4540
4243 4849
4159 4623
140 3358
4003 4009
1838 3468
4565 2295
204 210
1645 4577
996 4406
4346 4766
1900 3934
2907 1431
110 4198
1678 3202
502 3658
2293 3757
4606 530
2990 3732
1644 2196
1188 282
2909 4683
2242 1270
2781 569
1306 4786
4821 2307
4500 520
3578 214
527 4755
4144 2376
786 1828
2423 1801
2918 354
3074 208
1422 2606
520 4606
4852 1218
646 2880
2388 1028
2084 1564
4620 4874
877 4139
2513 4855
2560 296
3722 940
3460 4132
4295 797
332 1760
1193 4661
2247 2245
3044 330
1376 1372
2829 4569
3614 1582
4384 1094
4407 797
4161 1029
4882 608
4876 3616
1200 1198
116 1654
3686 3694
268 2340
933 4881
4021 4019
1384 3174
3754 22
76 4030
4354 728
599 2749
526 112
128 4124
3172 4244
2154 4758
4089 1019
72 4684
674 4626
1076 3406
996 2768
1634 4442
4323 4327
880 70
4550 1186
278 280
4853 2535
34 476
1278 3446
2725 1345
4753 157
1664 3018
166 4156
3940 1026
3213 4785
2694 50
60 1932
4789 103
899 4557
604 4534
1502 2998
3688 762
4527 633
4356 320
2836 522
2544 2546
4207 2001
3427 1011
4526 4528
4203 557
3908 3060
2475 4725
2893 19
739 747
794 4
3926 1558
1462 4626
1751 3245
2056 4056
68 3218
3846 1772
91 1423
4069 4063
2136 4512
4302 174
3342 3346
3851 2927
748 2566
4696 690
409 3753
4646 2142
3482 510
1458 3108
1494 4146
4840 3868
2945 295
376 2694
1054 790
1787 2573
4596 34
4282 4276
114 2912
2305 4669
3144 456
148 2786
3057 201
2778 1462
4380 156
2919 4823
1550 2962
4375 4381
3971 4733
2256 4402
255 4153
18 1786
4735 1693
4876 2980
951 4173
3366 520
792 432
4556 1838
3150 646
3430 1836
2186 2968
3544 1062
202 3098
3005 1579
931 4637
4182 1544
49 4171
1373 4107
685 4009
3774 3776
478 3198
334 3802
1440 4010
4428 2260
1192 3610
3409 4451
672 2476
3730 548
3140 386
1373 3045
91 4869
2378 4506
2313 2307
1455 1447
302 1554
646 656
1166 4688
1141 3903
3766 238
1619 883
4057 1961
2400 4446
901 2491
4326 392
100 3310
845 2293
1800 4642
4360 648
421 4323
1488 1480
3842 1714
796 3620
2008 2002
970 620
400 256
905 119
2540 714
3758 78
3442 3438
2372 4178
1904 1900
1500 416
952 2596
1860 20
4865 335
1697 1695
3818 1628
1616 4660
684 4722
4118 94
2614 4276
2914 184
4730 2426
196 192
3311 575
80 1404
290 1862
815 4605
132 3094
298 364
2250 4754
2574 1188
2135 4573
4285 1711
4810 1916
4779 2067
2234 3896
2722 1442
1395 3477
195 3853
2205 3229
370 2706
746 4602
1889 237
1641 1645
4023 3481
4421 769
3607 2209
4855 3095
2716 4402
3606 1662
4554 2622
4824 3368
653 1479
2055 921
4858 1662
4297 1073
671 4049
4458 1382
615 611
178 3508
1013 4127
353 3685
4527 3135
4857 3189
455 2435
414 2094
3062 2616
14 4870
4542 992
214 1510
4025 1521
321 4573
3877 3209
1548 4728
2181 123
558 2692
824 3020
978 4878
4456 1380
1328 4314
3674 3058
1473 3775
3204 2276
793 3065
4068 4066
2972 2978
1133 1129
994 4612
3830 2106
757 4603
109 4441
4813 3985
1526 4464
4868 796
3528 1184
2042 496
4874 4
1089 1921
802 2688
3144 986
4143 2745
4393 529
4586 348
1277 4321
256 246
2300 4280
1109 3079
1504 3178
3933 785
52 302
2561 3489
3706 4500
746 4546
3610 3622
398 2828
3797 3803
22 3202
1721 447
2924 4306
2505 4147
4875 2927
3952 3432
2022 1264
4362 882
1872 382
1109 4219
2 856
1838 3704
87 3777
2653 1689
3938 2042
2709 657
3956 218
4528 480
88 3730
4875 2687
4294 4292
368 2060
1573 3761
366 364
1888 4632
1404 3652
1760 3842
3930 640
2424 4848
4050 1016
1852 1858
4446 1690
67 3131
255 3507
1222 4086
1944 1950
4190 4180
1307 1327
3732 3268
267 4685
1866 1876
4306 1962
3976 1284
500 502
2628 4170
1878 150
3811 29
3797 3789
3718 830
986 3836
1405 3175
470 4074
3540 4374
3818 16
3894 3898
3630 334
1100 4688
3586 1302
220 2084
4880 3988
4550 1062
1582 4680
354 3592
3736 4448
198 2476
3443 3433
627 3225
496 492
824 820
401 1447
40 4470
4424 2820
4044 536
108 1782
2856 94
482 2192
3668 4316
2100 482
628 4512
873 2163
2180 3558
4442 1980
4113 939
4576 238
2896 4858
1066 3528
102 3476
4628 1838
4454 1412
2000 378
430 2970
2590 4798
1190 4830
61 405
3004 4596
1464 1470
164 3896
1740 2348
4046 4564
1942 3314
4566 2156
1898 3686
639 4505
3990 1044
4834 468
4620 1336
2511 3635
756 4040
4738 4298
2559 321
2512 2514
4020 706
2322 4804
2666 2664
2513 3897
4795 4781
1586 3272
2675 751
4830 2818
4138 1154
782 4186
4280 2508
267 269
1521 2733
3276 4782
98 3768
3421 3427
2006 4696
241 4561
658 186
2452 46
4700 1330
4118 1950
240 2306
4622 106
572 42
691 4559
4508 4682
2939 53
2766 626
1237 3693
1697 1699
315 3927
2888 494
392 3248
4142 1310
4729 1297
1059 4367
228 1552
101 4133
2548 380
2746 2
3914 746
2857 67
4512 3294
1442 2750
3334 3330
488 486
4622 4620
1042 4244
4786 918
4120 2360
836 1974
1986 4762
4221 3241
4437 2623
440 900
518 2504
1124 4674
2139 3655
3195 2219
3605 3607
2550 1220
508 3050
2368 4726
4498 70
3706 3704
4779 635
666 1528
150 4662
1010 1016
2756 1404
1307 3825
3850 1876
3474 4662
2028 4494
832 304
1454 590
1541 3395
131 3241
786 4564
4853 3221
2528 4638
1539 2589
3996 192
196 2772
2661 2665
4825 99
2506 3880
2622 4328
3472 4682
3614 1144
4856 580
3580 1812
4254 138
4450 528
349 3881
944 3070
3909 4593
3697 659
94 738
714 3130
3358 58
1188 3400
2380 3466
102 4248
1739 1175
75 4259
872 3326
1174 3092
3366 3368
1178 4322
3853 2129
3465 3471
2512 3956
3768 1576
4386 3336
1873 1887
3292 2758
3068 82
1148 1142
4302 226
2346 2344
532 3156
2145 287
1338 2294
2896 32
4309 3863
1066 1068
4875 811
1135 2753
294 1190
1408 4636
1166 1168
747 4309
2729 1801
3980 528
4017 1079
890 14
4748 2644
3786 554
1136 4444
3810 770
4496 4832
2026 2806
88 3344
3203 1443
4571 3447
4814 3234
3356 3354
3515 3518 3509
996 3880
3137 3131
4712 138
388 4496
4177 2195
3060 3062
58 1960
181 4703
1730 92
726 4554
470 1672
1470 1822
3082 3084
2608 4874
1971 1963
4804 3768
320 4200
284 3046
1173 3555
3462 614
674 4000
2136 2138
721 717
4579 1151
1880 2958
2408 3884
724 4734
3628 302
3169 3921
2029 4867
56 3756
1421 3063
2465 4507
4071 483
1520 3948
1802 92
4138 4776
4655 889
376 3428
157 4055
1590 4746
885 215
4030 3480
4226 38
358 4828
4864 2612
3040 2069 3509
1367 4115
3282 4078
30 1656
3029 4869
4732 1994
8 1382
1610 4382
134 1408
3508 678
3748 4874
4611 887
476 4280
1402 3024
1868 4646
3392 2694
4490 804
2559 165
338 2202
717 1713
4508 1084
3845 3043
4804 2522
3638 1278
3941 3947
3394 636
2812 3780
4737 703
4748 1358
3041 3057
3744 164
1354 4728
3832 574
711 2929
1210 3172
1610 1618
1788 1784
4507 357
4144 2520
288 3454
4191 4197
174 4846
176 2448
1549 4347
3431 1711
2324 3910
4100 220
726 2792
47 3851
1696 2524
4258 780
4681 4675
164 160
3646 4606
409 439
4290 396
4752 1050
349 155
309 4539
2490 4256
4374 1852
4290 4292
2730 534
142 3458
1854 4844
3741 551
1076 3880
3336 3334
4193 901
2399 3197
34 2184
4354 774
2700 172
4312 244
1117 2831
263 2673
4880 482
40 2592
4841 3267
513 2435
101 4263
2206 898
4512 1104
27 4711
4725 2835
718 1512
19 4587
1292 2954
4829 1281
4869 4879
4407 711
4403 2913
3668 946
1782 1780
4704 836
1140 1796
169 4333
158 4632
4609 1819
3878 788
4505 121
278 4844
2587 2591
1023 4201
2488 3050
4457 7
538 4178
4654 2638
1230 4144
4812 2388
3538 3536
342 4030
809 2847
339 331
2029 731
4205 849
4575 4577
888 3518
4502 2604
1180 3772
2376 2622
580 2900
3813 789
3418 3426
508 504
1408 4108
2614 2610
2148 3572
3232 3230
2026 3860
4456 1240
632 1114
4021 43
2324 2330
4853 3865
2199 3799
4320 1268
1752 3852
1192 1892
2126 3792
4444 3116
4703 195
3294 4678
3804 1170
4572 826
2198 2752
154 146
515 3115
2587 3883
3618 96
4760 1442
160 1766
792 2948
55 3095
3694 3696
4168 508
5 999
4709 4711
4617 121
4048 1328
2546 2548
2105 399
3 2019
656 3518
4582 920
26 1018
1116 3536
1032 2942
3792 3794
2055 2059
972 4378
901 1349
4304 3598
4056 1556
289 2263
1969 3861
722 4818
4625 465
496 3316
4351 4347
3530 198
26 2934
2816 4138
1315 21
4354 1168
1703 4641
410 412
2426 4864
812 818
3252 1704
2102 854
1571 171
476 2898
3158 842
1032 1362
579 4687
485 4819
1360 2704
3310 3308
1095 1099
3090 38
2146 792
1112 4138
99 4121
975 3741
3807 1743
514 512
3296 3608
83 4787
4881 4879
3539 3547
1256 1254
2050 2488
960 2734
2374 1676
4864 1796
3689 1849
614 2072
211 4407
954 4480
4534 3908
2220 3834
73 1701
4862 2494
150 2920
1689 3817
2132 4452
4879 4605
238 4780
2051 4125
1080 1078
3174 3172
3812 2712
558 550
2676 1990
4825 599
4249 3411
1651 1655
942 4676
3661 3665
3221 1057
4622 662
1195 1185
3856 2054
4348 4802
963 4287
4579 553
1553 1549
4669 2893
4155 4145
4157 73
3419 4347
636 4338
2533 4323
4575 4573
1469 3209
4523 15
4726 990
1746 4174
149 2077
4443 4437
3740 3732
253 3429
809 3205
789 4249
2109 2873
298 296
4056 668
3406 2346
3874 240
4772 4770
2785 2779
4238 4244
300 4814
4239 3729
16 3932
4352 4528
542 1454
2662 4622
2731 3711
3727 1481
974 976
4243 2431
2627 353
432 28
228 4740
3361 3355
4104 4098
142 2324
618 3382
3668 3664
4575 2811
1976 786
2614 2620
2271 4347
2006 4736
3465 1979
29 4177
4402 130
648 942
4742 3260
1246 1244
3299 49
4622 972
276 4350
4794 670
4770 3826
4025 1669
752 2734
1517 1535
4143 1273
4042 2344
2110 2108
1724 1734
4864 4706
3915 157
4634 306
4495 1807
2792 974
3526 466
2632 214
4219 3583
1034 1032
2772 3672
679 685
1562 294
680 4712
1001 4603
512 3754
296 3906
468 3348
680 4622
896 892
4203 4205
52 2008
2703 2691
1596 40
612 2210
2794 2786
2794 2796
881 3725
2433 4667
1880 1882
2117 2113
4528 1202
1676 4376
4574 4572
3646 3922
1629 499
3674 1692
469 1229
3048 44
3808 3812
4379 1233
230 3786
1013 2605
2501 4633
111 4675
3166 4204
4293 1787
4837 3229
4496 4498
2461 4785
1206 3868
4808 4800
1026 4596
273 269
510 34
1165 4157
314 293 3509
3340 3336
2285 2279
4670 878
3940 1570
3008 568
3956 3952
78 4668
2584 3716
1049 1047
214 3564
190 4284
152 1964
3993 939
940 2716
3999 163
92 2746
3394 876
4873 2055
652 4448
91 1701
4656 1728
992 3570
4371 1603
3628 4822
4301 2617
667 2909
259 4411
3740 3742
1194 3964
3195 1645
1220 4812
3365 1649
3600 1524
2580 1426
144 4496
1386 3084
3491 325
762 3424
520 2834
107 181
531 1343
1790 4298
4468 1852
2198 1420
421 1713
2473 4655
1852 4568
190 4778
2077 4259
1178 218
2633 4679
946 3248
704 710
4194 4196
4088 1036
39 1537
4172 478
4782 744
4826 4830
67 859
2926 4540
4646 1496
3454 3458
1694 4778
3153 3155
1123 53
2034 3712
1410 3202
4126 3250
4860 3756
4172 2732
14 2640
354 3330
4219 227
3600 4616
621 4215
4376 1092
4675 4145
2796 46
4456 398
1406 2690
318 3362
3851 1757
2327 4639
1232 3292
66 4654
3454 284
4491 2929
1590 4608
2935 23
1314 4260
1116 3284
4841 2793
3040 416
4462 1004
2130 4280
1434 4170
3584 3582
656 1940
1338 4300
3590 4638
4275 1045
4315 2249
2218 4396
2144 2146
162 2824
2779 2765
3808 4824
4308 544
3780 2072
768 4842
2156 2152
2964 164
4326 170
4369 1057
866 2046
3664 1978
2568 896
1525 3491
495 53
4 1116
262 3906
138 2090
180 172
4179 4181
4252 3012
140 1254
996 100
694 3618
4290 254
2696 4846
3789 1221
4402 2336
1701 237
4030 3068
239 1711
4848 3930
4709 1295
290 4762
642 3744
3926 2190
713 1423
2630 4574
3014 1560
3694 164
4264 2822
1644 520
2717 2021
3836 2722
2834 778
1819 4085
3818 1772
4832 1192
630 4016
996 70
4853 4109
1981 1979
709 2599
2857 4625
3530 1048
2822 4760
4584 306
341 2827
288 3750
2592 4868
888 2956
171 849
7 3037
1192 1194
2924 26
1132 3342
2870 4284
2085 319
736 4056
722 2828
856 270
150 2676
255 4527
2984 4812
531 4205
915 3605
1457 845
4615 2521
4581 343
4216 3678
1363 295
4675 4673
2474 2470
4382 2734
1381 1377
588 3792
4677 753
948 956
502 3940
647 651
1138 4782
1991 1987
1656 1650
4075 4069
1730 3900
4457 2209
2116 80
1834 162
2378 4434
185 4859
4564 368
229 227
48 2636
4804 112
2560 118
2687 4097
4780 4242
2270 1252
1670 4782
275 1923
4811 981
3670 3668
3623 19
344 2796
3354 1368
3096 1124
2902 4580
2520 2528
3377 4845
516 4312
1625 375
2880 148
2068 4486
4629 841
2867 701
3708 1360
4835 2477
3700 184
4691 713
860 862
414 1540
4722 2468
3646 166
4415 1153
4308 3008
1621 1617
2778 4826
2919 1895
220 4546
199 4129
538 4798
1141 3241
1356 4790
3703 3699
3630 3638
3036 4590
4814 964
735 4089
4539 601
160 158
3510 196
3232 1608
262 258
648 4856
3482 2250
1302 4228
3766 1216
1340 2332
1700 238
112 3284
66 3686
4058 1086
4592 2998
1564 4622
2892 4618
4577 527
3060 2044
4858 68
574 3356
3026 4012
1138 3196
1044 1042
241 4585
211 2971
4479 83
95 2631
1964 1190
1847 4217
4550 1744
419 3001
1168 4232
1072 1074
1834 3204
4750 2474
2490 4372
1997 1993
2914 264
81 89
258 2400
144 2438
3252 116
4879 1385
4059 4055
3435 1121
2471 2461
2836 4244
3800 2224
3904 2762
3074 4362
1976 1974
1835 365
754 2692
1118 3746
380 3400
3722 1448
4048 606
3361 4701
1009 4785
1846 4214
30 502
4729 843
767 3311
352 3684
1852 84
3654 1420
3194 3186
1414 3670
199 3115
131 3535
330 3900
2890 3850
1464 568
2668 2056
1640 4494
163 4181
4832 136
800 798
3302 3304
1702 3088
1036 3586
4634 20
166 3156
866 4732
3392 2154
1747 3689
315 2913
537 2153
4377 2005
3694 390
1362 1364
3580 3578
4145 303
314 318
4357 247
3573 473
190 1330
3455 439
4302 906
4359 1149
320 1126
2854 4810
3545 4857
4845 395
1046 4766
177 1899
4569 119
420 422
3174 1032
4064 4066
1809 4821
17 21
18 3502
2384 380
4678 2160
481 475
1321 4419
1787 309
4238 4880
2508 2500
3292 2
968 966
3960 4822
4374 2934
21 2173
489 3129
3011 187
2549 4225
4009 4521
4800 1940
11 4201
857 3799
1220 3508
1132 4302
103 4863
515 1773
2362 2364
4148 4614
4724 2308
4508 134
4680 1272
4346 706
4364 2474
3177 4789
3261 549
3502 170
690 108
5 2169
47 4743
4836 86
2 4066
905 911
3752 510
550 4756
1607 261
978 3118
4153 2097
287 1247
969 4851
1052 2754
561 559
4554 170
384 4324
3214 940
3389 3383
684 4506
2416 3554
2640 2644
2512 120
862 4150
2598 4878
1814 3690
4578 580
1713 2627
460 4020
4425 89
1802 1804
3059 3067
493 4017
568 2352
3557 169
2673 829
1370 4236
1883 597
2891 4817
904 4024
1174 1016
537 4639
14 686
60 3788
3226 1616
105 2693
1119 4395
1474 1480
4063 67
724 4486
2007 905
2282 3302
2125 4089
2760 1640
155 2207
1908 4192
3643 135
4848 3308
1552 3762
3653 119
403 3657
1113 2359
2540 3970
42 4536
590 592
3999 573
2044 568
2117 315
1535 4371
3724 1692
2295 2307
928 2586
2868 4558
2494 1378
1077 3515
146 3656
198 2458
1979 4279
2465 147
4798 2406
3850 532
2118 3402
2992 2988
4594 20
4864 2582
556 4706
3913 3917
3665 1929
669 4619
3848 1924
4121 597
2032 3050
352 4464
1334 3622
21 3431
1119 1125
22 4090
725 4431
330 3812
268 3560
4495 4501
736 3680
385 367
2248 4790
956 4202
46 4164
3936 1216
3826 3834
34 1896
436 2124
3122 504
2722 1294
1610 4736
38 2630
90 4516
4647 4031
2610 1582
3648 694
41 4781
2373 4829
429 4835
1395 4145
4604 1132
1176 1174
4146 4148
92 2
1362 1360
3878 1296
2313 469
2447 4761
1650 4860
252 1578
226 3938
4485 1347
1027 4197
3294 4872
3026 3032
4707 953
4729 1853
1991 1993
188 3332
1722 1724
1324 4790
3858 998
4284 570
1648 1634
457 4303
828 4274
4854 224
1310 4098
572 3814
2402 3656
91 1781
3662 2782
98 4614
1880 3620
4394 4388
565 3425
4627 1199
2960 3400
1404 104
3804 478
2883 2877
4753 321
2510 274
16 1644
2759 2763
1377 1375
3376 1304
590 118
4712 1684
3035 3037
1491 1479
1148 2774
4864 268
4396 4874
1232 3776
4841 1119
4572 2836
3076 118
4023 1671
3708 2940
4554 1754
2862 2858
3454 392
164 4684
4810 706
4214 990
3376 1444
2301 4235
4534 4536
4872 4458
4703 595
3895 2451
1318 3388
3875 2267
604 3484
2945 4753
2453 1113
3600 780
463 3335
1170 3928
3905 4873
403 3703
4581 4577
532 3708
4526 80
2471 11
515 4413
1361 4075
90 3270
2348 2350
4833 773
416 3380
1512 4198
2350 4150
4244 1584
4389 73
810 4254
1436 1430
4782 3470
323 4249
2675 633
875 4303
3283 1085
1779 517
2068 2748
4650 1852
505 2873
1022 268
4426 658
66 770
4074 4072
12 3504
4622 4624
3241 465
247 3683
3131 4843
4508 1048
1962 1402
4540 656
2650 4186
2036 2034
3164 340
400 1732
4747 4755
4668 946
491 3221
1672 1674
4248 212
1207 3687
4818 3248
3570 2244
1330 2740
1286 2168
3023 627
1112 4590
4614 910
41 31
1372 4314
901 2693
2705 2733
1932 1928
4294 544
1189 3009
2514 2516
1003 1009
1166 4524
798 796
4316 4318
4377 639
2164 1856
1440 2450
4880 536
138 4458
1198 2948
4699 929
2829 2819
4814 1730
3857 3241
3938 218
4689 91
2484 4162
1516 2556
3531 241
253 259
4515 431
392 3442
2201 3957
141 3091
900 898
2041 3771
2508 134
3294 2632
3598 1374
1293 155
2854 1342
824 3978
4374 990
3605 99
4090 3424
4417 2867
102 3490
2674 2670
2440 278
210 1656
3731 1
4742 3344
985 4707
4142 692
2793 1957
480 486
3312 3578
4606 2448
2162 3902
1152 2924
2231 2225
404 3702
2744 4442
1301 3165
3326 1128
522 4246
574 2200
912 4046
3872 674
2499 1339
4850 920
1238 3888
1633 537
110 3706
2480 2112
25 4745
2129 265
4494 8
579 3517
289 297
2364 406
4293 4289
4292 2194
2430 288
1293 4575
1421 4381
2184 4488
2926 4268
854 4008
4338 1760
1838 4848
4487 119
4740 230
2816 54
1284 2444
2489 43
577 1695
2288 2284
2062 4758
252 4882
2662 164
506 2528
2867 373
3105 139
973 499
1575 1569
2345 573
4267 337
1722 4752
1913 2981
1454 2646
3352 326
3602 3876
2652 2658
4016 864
2833 131
2092 2636
2269 4229
1854 4214
474 476
3696 4738
110 4248
255 3731
4658 1648
1998 3242
2041 4321
3597 1623
2710 2718
4777 403
76 72
4879 2165
2214 4384
764 4724
1444 1450
2327 4793
258 1882
2915 333
25 135
3550 30
677 4423
79 3325
4324 4322
738 4188
4254 180
256 3226
479 2197
1056 4366
2073 85
3955 4581
4662 1070
516 4418
226 4368
910 156
192 2686
4352 4794
344 2974
2623 4563
2149 2553
190 2162
758 4336
3257 4199
4234 1070
3292 2470
1893 4643
1136 1140
2286 500
4090 4086
3959 167
4862 224
1564 3964
46 1070
133 4409
2027 2029
1568 3364
959 4375
2172 462
1513 4769
164 1676
2022 4740
2559 4015
2652 1612
4754 1694
528 2490
3709 181
2877 57
167 3505
4350 4366
4833 361
4426 1320
3220 166
4880 702
2118 4708
202 2088
2988 644
2820 4136
2098 26
1934 114
143 4103
599 4687
4117 325
202 4344
2697 147
1866 4342
3475 641
3317 1139
2082 598
1824 1006
1488 4802
1977 3303
791 4615
3602 2466
2028 3430
716 710
1174 4272
3094 3102
186 4210
1572 440
3798 836
204 202
4090 1910
3721 2673
2109 4655
2606 2604
4534 174
4002 1200
3166 4798
1544 2170
256 3628
946 3992
494 2022
4535 835
2872 4626
4682 738
4803 3775
3098 4568
4823 7
3589 693
1162 4004
2636 4312
4569 669
1500 4470
1147 1133
3552 176
484 4876
2453 775
2486 4496
4112 1846
4704 236
3848 1824
2746 2753 2739
2410 3674
50 4102
4120 54
532 530
600 3510
821 2113
4481 129
4128 502
4092 566
152 4688
3067 3069
1080 4550
2971 4421
2455 4791
846 850
4374 1162
4556 2510
2584 268
2710 4126
4738 3002
1809 939
156 158
4744 276
1383 4621
2964 50
3418 482
4610 4608
1523 4235
2670 986
1119 1117
421 3343
3396 1092
3724 2
135 147
4638 2094
4637 1659
4028 1732
3697 447
1936 4848
1342 3374
4707 2525
4152 2960
4424 1964
1950 4732
2710 4710
1776 4874
2810 386
833 3545
466 468
4305 1913
2266 1394
4674 2646
4672 2254
129 3437
1680 4090
3488 3042
2150 2146
558 3100
3815 3827
2438 4808
254 4618
1045 4743
533 2299
1762 4010
971 4341
3239 227
4194 2188
4628 1380
605 4101
4852 2820
186 860
3244 3250
1086 3050
2785 301
2619 4781
2542 3400
4879 1101
281 4531
1218 3596
4802 330
2510 4382
2299 4553
852 4214
3552 1270
170 2770
1927 185
1590 4506
2888 2192
3231 181
4740 916
2110 4504
4772 624
3240 1262
1940 2512
3718 3398
3423 3621
112 312
3531 2903
4257 3245
706 2128
4148 14
3769 4879
2155 3245
514 3760
2856 3970
550 2500
3336 78
853 851
4577 59
4282 1148
4302 2734
1976 3538
775 2271
3122 246
73 3097
2888 3464
838 3908
178 2326
183 4423
972 3048
3544 412
488 2246
4570 174
4673 3373
4779 1027
1582 3118
3034 4512
4502 3828
4872 20
2392 4048
4560 4554
3831 3827
2545 4669
2304 4268
1162 4196
806 3836
2306 3008
1289 699
4404 1294
3088 1518
3751 75
2382 690
2218 2216
4445 2765
1074 232
2382 4554
2762 3766
4012 796
3630 1294
791 4877
1849 495
3629 3637
4810 48
2615 3405
4712 912
4529 1553
1304 1808
2489 23
4850 1720
582 4164
1582 4304
4208 2000
4033 4021
109 1735
90 4260
4716 2720
1891 4809
3583 3579
2508 4302
660 2100
1385 3941
1224 4240
1701 1
4696 872
2279 4763
4690 292
4267 4273
789 2809
3521 233
682 3958
2706 4608
136 4508
15 1985
4869 2193
273 2413
3961 3959
1988 1990
77 3541
72 4296
4778 76
985 4839
3271 3739
1532 1534
1106 1974
1958 910
1760 1768
4818 466
4426 312
765 4747
4642 3506
2269 4859
4688 2454
388 576
2785 4303
4821 451
2553 2549
2024 2022
4638 988
833 3817
4876 4106
3273 263
2326 484
153 2767
46 4246
575 1601
4575 1715
3429 73
3717 883
4386 2860
4378 4778
1488 3416
431 4851
858 4864
2897 2891
2156 206
661 3581
3604 3610
349 2837
4676 3770
86 3848
597 4355
4433 4407
1320 3064
222 1070
4078 652
2785 2787
4610 1262
1988 2262
3720 306
1008 3482
3486 366
2004 4528
4312 210
4855 685
124 4086
1522 4616
322 4836
3385 1205
4701 1493
2082 160
3678 346
4098 1040
2769 531
2854 2852
340 3926
2034 3533 3509
1273 4425
4618 1818
3471 115
1416 4326
2036 4170
2248 222
1332 106
311 2203
2574 4786
834 2114
2582 354
4088 2478
4130 378
4621 1613
3059 49
2092 2094
4794 638
602 604
4829 4067
3088 3720
368 4134
1722 3786
4397 205
3953 1095
2285 3869
1690 1692
1138 4830
2118 2120
372 3396
4849 1605
129 4675
930 3626
363 4243
1153 4041
1080 1082
2992 4496
486 3914
2936 4240
754 3438
4348 2026
181 1955
58 1248
2864 4830
3512 1050
4066 620
3380 926
3586 428
1090 1712
728 3400
2336 2340
4519 45
4299 3439
3607 899
1363 1367
2644 2646
4514 36
659 4689
73 2679
4443 1717
3540 4452
4116 540
4322 792
33 1863
2353 817
4012 1898
4223 3645
413 4531
2366 2376
1223 1271
4417 145
4259 4267
4378 4388
3545 2229
914 4466
1900 3844
352 4054
3756 4364
104 2648
2150 2152
4204 2066
4708 3420
180 186
420 2116
2 2680
210 4178
2656 4702
940 4172
1053 3459
3653 3647
2471 4161
166 4192
1106 130
4645 205
940 3466
4192 194
2266 100
1469 1477
1849 3647
1031 3707
2788 1574
557 4633
3084 264
4644 1044
3782 3784
2617 4791
1528 3758
4875 1901
72 1860
369 3189
14 1670
151 4675
2099 2095
4105 2469
58 1154
4658 302
1711 3421
52 1260
4053 2465
336 4500
504 502
1565 2829
212 4254
781 2175
3314 516
2881 583
4096 384
2333 1523
1718 4208
114 4326
886 882
2566 358
4783 2431
4787 4701
3434 2408
4548 836
3322 3328
3927 4831
490 2648
4285 1935
2128 3564
1116 4496
3392 4674
3702 3350
1528 4854
240 3740
1220 4166
312 3584
3060 692
4332 4326
839 4717
3322 360
22 898
1216 3072
1075 1085
4628 2758
1083 4121
389 4851
4442 264
1626 1634
3712 124
1284 3752
3966 1240
3319 3321
2939 1807
3662 3964
4294 1842
96 98
4646 2892
1518 2894
3414 1734
924 148
101 1585
2689 4783
2523 1439
25 3989
4416 3370
4545 1449
4268 3876
3432 1630
3698 3696
4134 996
2 4112
4634 1016
63 4717
2515 2537
2452 4380
1977 1979
3100 1202
1002 4378
366 4796
290 4730
2808 4732
4331 5
2468 4804
1446 3508
3581 4851
2974 920
3698 416
4532 2808
3714 3716
1174 1168
2107 3895
4801 2713
4519 1187
3308 3306
1659 3701
1988 706
180 3412
4882 492
906 918
2746 1658
2733 555
4686 634
4132 1300
3302 572
4662 3272
4691 163
4739 2965
1292 4016
537 3425
4471 5
2653 3921
4146 4144
1609 1607
4612 1604
1970 2266
3226 3216
4582 670
1280 90
473 2997
1621 3609
4713 3031
4560 2436
1484 152
210 4382
454 4754
4766 2054
128 132
4312 2790
3424 4528
2890 2900
452 446
4156 1578
668 2840
3812 332
4027 455
3158 1440
3193 3197
463 1197
151 147
1136 4846
444 3876
4338 454
632 3928
507 1151
868 6
1998 444
2486 3988
4058 68
90 2070
2353 4807
966 2638
1375 3753
1167 4563
4518 2018
4025 779
659 1095
2656 4164
505 1053
3453 3943
3142 4370
4225 4227
4714 40
1096 766
2072 204
4564 1148
4148 1774
4656 2134
2951 4149
1566 64
3282 1500
2048 48
4876 3108
4848 2490
334 338
388 234
1661 3989
4326 406
2691 2483
4089 1931
240 1892
139 2171
334 2108
707 3693
1696 4848
414 1556
3675 2933
1920 4702
4101 4877
1662 1664
1864 1860
2219 2169
2447 4419
478 2802
3440 4364
766 2530
27 4585
4688 2
4792 490
4367 349
4172 1472
2820 188
3126 1918
3514 2206
575 2077
3355 193
4509 4689
1996 4666
4254 998
4693 665
2456 2446
4457 1533
1051 3227
314 4378
4599 3653
994 2508
2863 4875
2112 3836
4670 1614
298 1780
1895 4841
1195 4451
4074 4728
38 3506
2143 3609
196 4688
2982 960
1168 3994
460 4090
4378 4710
1382 2978
4700 4694
4569 2341
265 4339
3522 656
2845 4373
4084 4086
315 4335
1839 377
127 2865
4842 190
3904 1844
724 2536
4262 1222
3174 3178
2257 115
1188 4538
1090 1086
40 3944
1186 3062
3936 110
403 4597
3587 637
765 759
2244 2250
1860 4828
1462 1464
3881 3869
4070 3624
4098 662
996 2436
3559 3565
2460 118
974 2756
1237 3953
2820 618
1676 3726
3152 68
2530 2528
898 896
2694 2700
241 3613
4171 267
4675 389
4098 3714
1506 1508
4830 288
496 68
3339 545
3278 114
1362 1186
335 4731
2516 3608
3459 69
768 2256
3603 1
1059 2513
2100 3856
22 1636
440 2102
4605 71
1647 4569
3051 4711
720 718
3655 3661
488 2498
863 3451
1551 4473
3528 1324
4601 1177
4297 1223
3516 1784
4851 2025
1026 4254
348 2644
2430 3476
3053 4581
1204 4102
93 961
2753 145
1327 3721
4091 1319
2155 921
4563 1501
1778 4558
364 3850
943 4631
1946 350
657 3271
394 724
3588 312
4556 1214
1634 3674
4807 4815
2150 4250
3814 864
632 4016
1254 3220
72 4592
1204 4552
1580 4760
1760 960
149 3771
1623 1627
282 3132
4482 3594
894 414
4758 3894
3080 604
1061 1055
718 4880
3758 1370
1525 473
30 4156
1968 1500
120 3482
1273 3991
956 2818
514 518
3605 205
552 4426
310 2928
4121 461
191 3829
3234 2054
3923 35
3312 4442
2952 2094
4507 2841
4798 3668
2600 2604
390 4604
1056 1046
1139 3259
3760 2506
2199 4047
4382 4832
4670 1520
2830 2832
1569 4633
4530 2546
1665 407
412 3488
1524 1522
4792 2124
3492 3490
2728 82
1480 2888
90 778
2860 4450
2557 4131
929 4287
4870 2160
2135 757
3182 4828
138 4498
298 4582
148 4842
162 4870
3732 2030
1942 224
1881 4549
4832 2982
2354 4848
3785 2697
4249 4237
1264 4874
1158 3530
339 4781
3725 4593
224 1178
1467 3029
664 2820
4806 808
1472 1470
3343 971
1188 1184
1507 4737
4525 2347
3112 870
4865 1667
1967 2971
684 690
1099 2643
2339 2345
125 4317
1987 1983
2488 414
1666 98
2601 2593
1123 4691
4525 2255
3069 421
1932 4510
1351 2197
3602 1484
3612 1392
520 518
802 2954
1361 4201
2892 2926
1682 1688
711 4877
596 3440
4616 368
3737 589
4815 3737
4632 896
552 3008
128 4228
3808 3802
1908 4510
538 1418
149 3549
3497 1521
2226 746
2818 540
512 3280
4 3786
4460 1374
4634 4628
60 3136
1320 1318
846 220
2582 3820
4878 3296
241 4603
4697 1173
108 4194
67 3355
1298 1296
3261 201
3656 1436
642 4662
4531 791
3622 1450
691 3967
188 2202
272 2530
2682 264
1318 3906
1982 4346
4680 1608
3353 3331
3082 4732
3027 3023
2330 2334
4165 169
4036 926
3272 2794
51 4131
518 4362
3292 202
616 3042
4371 99
677 673
1152 1306
4044 3518
2691 1279
2945 279
3849 553
744 130
3104 582
4032 1376
4397 3037
729 731
4542 1888
4161 133
1154 250
3588 18
4776 4782
3955 73
1960 1958
4693 4687
4632 156
3541 1075
3398 948
3479 1581
1552 4142
264 2146
2566 4442
1446 3576
4261 3287
2646 156
749 4481
1368 3690
1605 4835
2610 26
4852 480
1880 1878
603 4419
1307 807
2582 900
3845 3841
2582 4068
3315 4881
4771 4781
4835 2499
4126 78
4706 2608
4368 2278
1478 140
4237 193
3198 212
4704 2938
2362 88
3038 4258
4204 4196
4659 3915
4797 3341
2724 412
16 1686
4008 2362
2454 1470
542 4840
4332 1234
576 2286
523 503
4603 1789
3733 59
2633 2025
3642 1996
2877 4109
3560 3570
4712 3406
4416 2700
976 978
4449 657
894 3588
2655 1041
1117 3009
3844 472
4841 4833
3910 4676
1778 4400
256 258
900 4524
3989 360 2739
1823 1833
1744 1740
4083 9
1885 4245
3242 486
2538 446
3611 437
277 1083
287 2283
1377 3843
4303 3105
694 4102
1944 128
3180 280
4690 1172
1929 199
1250 4814
4075 203
1611 3641
47 3887
4229 3395
4129 3019
2923 4521
4645 89
4032 4030
3262 300
4344 3534
16 3662
580 4518
1147 1897
3886 396
4324 552
985 4733
1324 4268
3764 274
1173 4539
1242 20
1718 186
4112 358
974 3156
4579 4157
4589 2639
2036 4158
2080 4652
3139 3145
306 3220
4812 326
2700 2710
2881 437
4251 241
275 4173
2775 4129
303 4123
1936 4002
4213 279
4231 1483
108 4012
3948 2452
1036 4008
4354 2942
1811 43
4358 2248
194 3054
2468 2254
2781 4527
1824 4798
3424 2476
1896 4554
4744 2528
1987 3855
400 3646
2848 718
1503 4879
2955 4879
1666 2820
2118 1216
3673 1197
263 585
1008 4636
952 4852
3112 1560
2254 2250
4371 723
4570 219 2739
475 2439
4 8
1028 2506
263 2825
3062 1786
2595 2083
1254 4140
4738 276
3863 4471
4035 2463
2636 2638
533 3891
4028 1240
3916 1450
1914 164
256 4218
1429 4137
1284 4410
2862 2868
3299 3301
4608 4870
4856 1638
4716 2308
555 2423
1115 1113
4715 363
1223 1209
2258 110
1697 199
2656 4844
4408 806
904 4384
1575 3837
1492 3232
3633 1719
625 3801
1576 4796
652 4286
4692 170
1140 4828
2085 225
1758 294
559 2047
4797 3225
777 3951
2622 2628
647 643
1305 1307
1434 4864
526 4478
651 667
707 4411
3550 4550
4725 231
4664 802
387 3955
3728 2538
1126 4754
4822 4012
1670 2956
839 4655
4811 3971
3820 4864
4045 155
2362 302
2935 2927
926 3530
221 2431
122 4610
924 2726
1016 4718
3660 3664
3836 570
208 3926
2689 4839
4332 1988
3992 4722
1444 1442
2356 4716
1190 4050
4842 2414
76 3684
2972 2248
2097 3767
3357 4669
2726 2728
1788 1790
4620 1702
4504 118
4259 1189
1811 1819
1154 28
976 4474
310 312
3967 599
1612 4662
409 4521
2756 2764
610 4258
541 4219
4512 2128
978 4302
4769 4153
28 1734
800 2018
3564 1156
864 3606
3411 4799
871 861
4672 198
3196 752
1916 4760
4804 1486
2936 1374
536 4666
4009 4019
3394 230
4030 2176
602 1400
2410 2408
600 602
2854 3418
3953 3951
1838 4832
530 2814
4114 3694
4333 2505
384 386
4865 1041
294 1536
3046 3052
4605 841
27 31
3116 3818
766 2480
3870 216
2106 3382
4723 495
1476 2536
3931 1477
874 4592
1455 3039
3756 316
3710 3712
4286 3398
2653 3671
183 191
4092 330
1333 1339
3193 3191
3616 1154
4473 4469
671 667
584 3468
676 3346
4430 2944
2652 3190
534 4242
4458 1100
4864 2544
2947 3797
1396 2390
473 3943
4625 819
4347 3441
25 1179
2460 4726
2432 3872
1822 1034
2027 2015
960 1520
2488 2072
695 1457
3485 4627
769 3853
1367 1371
4660 918
3406 112
2234 2220
223 2589
2726 4280
3330 3026
33 4363
4564 506
296 4186
355 2411
2966 84
4720 1490
2834 2832
4852 2946
4251 4859
4511 25
4348 686
616 1126
2662 294
584 4272
1129 1607
4170 1004
2936 552
1906 4196
3803 209
3995 431
3438 816
1294 4518
4510 692
1765 141
2268 3450
532 4334
4626 692
2242 564
1068 4574
642 4032
1017 3585
342 3172
102 544
3722 1176
3949 4077
3750 4752
2362 270
50 2700
3038 434
1460 38
16 736
2604 2160
1223 291
3738 306
2735 257
1955 4415
4677 591
4111 1049
1444 4238
424 4038
2651 1101
536 2152
4817 145
1389 2847
4648 754
4035 1321
2456 4700
2 1480
276 270
1360 3698
4296 104
836 4774
2699 367
4398 4402
4291 369
2757 4817
1564 866
3366 3658
3684 956
718 3710
1457 3555
2040 2578
800 802
3978 30
3866 938
75 4867
1416 2608
4046 896
1872 4128
4740 58
114 3554
4868 992
24 1328
4636 564
3004 156
542 1564
4795 1165
1500 4754
4630 2832
4616 4620
1749 1765
3220 1834
4152 4158
4460 1878
4652 12
2384 4040
2663 4003
4640 4638
1346 2788
1949 4481
4550 1474
1546 764
3686 2382
1065 4701
4834 84
1253 663
756 764
545 4747
4796 4260
416 4746
4139 3601
4060 2
254 3998
4262 2202
3789 3759
852 4110
944 1492
2908 72
2753 2755
4697 231
4741 1959
1640 3488
4231 183
4534 1550
4580 1692
1866 1864
209 1793
1091 2679
628 166
638 3808
614 4578
1646 3884
134 1942
1862 4580
2486 1590
4432 4452
4306 2216
291 4207
3886 1912
958 3756
1551 2691
4840 1412
603 601
3575 3579
1 1605
848 4832
354 3920
3814 3818
843 2381
4182 688
4858 1410
1602 6
3421 4839
4430 126
3264 4776
27 1407
4025 2975
3869 37
3300 494
1051 1451
1380 248
1056 1060
908 4828
3206 4278
3783 1161
2202 268
1028 1590
4343 135
2443 907
1630 72
4260 772
2061 2067
1202 2914
3840 2994
2376 4794
3595 1449
4826 2948
4790 3220
4628 1782
852 568
4646 1094
1140 2242
2443 1077
4497 887
1332 168
826 4878
4758 3790
3805 4491
3237 3233
9 137
3442 492
684 326
1854 3436
4462 508
900 8
524 522
688 3358
2140 4098
244 3126
2184 138
4179 4171
1314 3672
2928 4486
3157 4575
2983 4783
4862 1220
240 2750
2330 4872
1672 3694
3697 1457
402 2682
42 1948
613 2261
4402 3464
4874 492
1760 636
3097 463
4420 3408
4009 4719
3640 1322
2730 1390
4432 278
538 2958
152 4084
4610 4816
679 157
2350 3454
3048 4782
4302 1326
542 1525 2739
1813 3823
2850 4256
76 2738
4386 4878
1353 2775
482 4474
4294 4298
92 2942
777 2009
1089 353
1151 2019
1966 1970
2754 4816
220 4410
4288 1896
4653 53
205 4471
2238 1110
772 766
1854 2028
4579 819
516 4346
1870 3286
1020 3780
2339 4717
4340 1816
3628 4482
4524 2364
1850 4438
3197 3205
1524 3156
1322 1570
1764 4776
241 2541
1829 4607
2068 4830
2703 227
826 828
247 229
199 1267
92 890
1089 1095
4341 2461
3696 162
1115 4701
2116 2114
4869 1901
2374 4826
2670 2668
1266 72
1086 3488
3575 61
929 4825
3326 4318
1474 4728
2958 1680
4387 811
406 152
3734 1338
3342 4338
3379 1069
86 4476
26 4054
2598 4852
2183 3523
4137 457
3047 4853
4308 3722
2604 600
1409 1389
3828 2634
1680 3004
1896 4168
1702 4566
4663 1027
3812 454
1408 3432
2254 3840
564 560
1512 3732
1938 164
1363 93
3221 4607
652 4654
3906 544
1149 1147
3820 456
719 3697
4458 1044
266 1430
2640 4232
3552 3548
4704 580
1338 74
4542 4540
20 4762
456 818
2446 4528
4556 550
1872 3358
94 4250
418 2678
278 3530
2784 4814
3646 154
1880 2640
4489 4483
2253 4865
4062 4056
1037 2257
345 3063
4708 4706
2083 2085
1994 286
2073 2069
3833 285
651 2571
1713 4341
2233 2231
787 4869
4390 972
56 4678
1120 2264
48 3140
350 3440
3942 4576
4330 8
4720 1552
2923 2927
3765 445
229 1423
4144 4136
1675 1655
4049 4055
912 4058
208 3982
77 4243
2205 3551
4411 961
1276 4596
1158 3976
812 4742
489 4031
2073 4575
3994 1638
3948 3950
429 933
4088 1962
1022 432
3192 2342
4488 126
2378 2838
3206 4150
3487 3981
3344 812
4125 3393
1737 1727
4030 1908
3249 3239
227 3169
4254 4252
1958 2764
905 901
3864 448
1790 3536
3048 154
4364 1558
88 926
3104 3112
514 3774
698 2826
4386 1636
3065 1151
3054 248
1085 4509
428 1632
3356 1196
3061 2175
375 2649
2357 827
4874 2126
3033 659
3677 4849
4637 289
798 230
738 742
2543 3655
178 590
3282 3768
4715 677
3970 2034
717 699
154 4112
3518 3522
1586 4874
3644 68
2879 3427
3676 3672
2650 2646
656 3154
4796 30
1998 4336
4881 45
612 2252
2884 4618
2326 18
4829 1189
704 3150
1268 3198
1492 3752
4100 734
166 3728
2012 4408
2870 780
2364 4636
872 2928
4461 1881
18 1690
3798 1260
920 4484
678 3394
4827 2233
1571 3045
3852 2224
571 3941
3069 3101
1110 3802
2776 4810
260 4394
3961 3963
4550 2294
906 902
145 2419
3818 3822
358 2618
1220 4652
1309 3775
2218 2220
4426 4422
4836 2116
2068 3874
1054 4548
19 4655
1352 4432
1981 4859
4460 112
4104 4638
3269 3275
3318 4706
152 3604
285 289
2526 2244
1931 1933
733 4285
4816 3180
1272 1452
4779 2739
4730 760
3550 4698
4066 4826
824 2736
338 2916
2583 2567
30 2786
2245 2243
1010 3586
3489 399
820 1522
2302 3456
629 2377
3032 1300
3032 3976
1501 4447
959 4849
52 1652
4244 4800
4592 1244
2289 2287
379 2655
2457 4625
3120 3122
3405 73
2982 4608
4816 1884
4820 850
1456 1462
1956 3112
1411 2055
3268 972
2871 37
1099 1105
532 4112
458 4732
2426 2424
100 2020
221 3849
4366 2742
2513 4399
77 1471
4590 822
3644 2678
2807 4415
4765 2217
2615 4575
8 3730
366 3468
4558 468
4815 2725
2531 405
176 3044
2694 678
4130 158
1000 3066
253 1991
36 1460
4766 3576
500 3116
321 1387
3528 944
277 3947
1270 4652
483 4053
4843 4355
3261 4635
4491 187
3886 708
4470 322
1317 1
182 2054
2795 4809
86 2070
2400 2392
2174 2168
1144 3646
62 4726
538 2806
1054 3366
3648 262
4498 250
3613 1111
2624 52
4264 2672
3492 1062
4146 4602
4 4528
432 1918
2854 4652
3736 2
3089 1153
4762 4764
4608 1834
3936 2802
847 4649
4506 1004
1902 3812
5 3571
2828 1114
4506 4508
474 4182
3027 723
4796 3460
527 541
1089 1085
4842 2420
1971 1973
1410 2472
578 564
604 4426
130 1234
4695 219
4859 4213
4469 767
1 3
4064 1254
2 2600
140 2220
261 3897
101 3991
1676 1678
4719 1137
3092 376
1848 4868
1216 4842
3346 3348
360 4192
3375 4763
2366 2364
3463 3445
590 2310
538 4318
1488 2330
155 639
2272 2270
3564 4874
621 4639
3537 1855
354 2774
2927 211
4810 528
4056 1410
2844 2846
2196 2202
2067 3223
1604 4116
3838 1686
3884 232
1892 4834
2579 2983
2004 4552
4540 4538
457 4043
4670 152
626 20
1756 4560
2188 2186
4802 880
113 3029
2401 2413
518 3834
687 1927
3061 2305
4655 4657
268 4848
3784 3786
2301 2985
525 4715
4838 456
4286 1780
1305 119
3060 3058
1419 19
935 947
4682 1442
4078 1192
814 2528
756 4228
2104 2106
4086 3330
4589 1745
123 2875
4880 3704
3948 20
554 4136
1624 480
1922 4368
4861 507
536 2598
4572 3254
816 4490
4643 1419
2070 2068
336 4032
611 4075
2033 4107
3803 4579
373 2469
1302 3296
1992 2336
4378 1538
4850 114
3179 1213
1542 1538
405 1341
1176 3316
4575 2277
1023 4857
1892 48
3466 3478
1018 126
400 2942
4129 2683
136 2990
3035 1067
2505 575
48 3818
859 855
2076 2086
324 3878
2157 557
1673 4665
4878 2638
4250 4248
2266 4794
4816 228
3574 1912
7 1075
174 2948
382 2430
4752 78
2455 4517
1194 1758
628 1718
1802 4562
5 393
870 2042
2372 4572
1986 26
1529 4271
318 4024
2093 4881
3267 169
1106 4542
866 2652
3966 2684
3199 643
2174 2178
2851 567
532 1558
776 4812
197 2181
1838 4710
799 4333
1943 4073
1545 3771
1374 2748
2150 168
586 4632
69 2129
1298 1302
1595 2195
4383 1481
830 3916
115 4791
4834 260
2352 88
4871 1197
2695 4879
3491 3493
2612 3784
2325 4555
264 4666
2682 4324
1626 3908
3394 926
1596 3352
2199 4817
846 1216
1306 4758
3015 4881
4050 1558
688 4786
1888 80
4361 389
863 1579
2600 554
2478 2482
3802 1942
2614 3112
3200 214
786 790
4354 1156
27 21
2224 434
4772 48
1486 3964
3254 634
4646 108
4645 483
1038 2464
1028 4150
1825 3105
4366 4372
3355 1271
3730 3732
3478 3488
4793 3055
4692 4694
10 2436
4881 4399
2818 4834
2580 698
1670 4742
4083 4075
4581 1735
4253 1029
4062 2166
4107 2445
2829 4575
4862 3330
240 2388
1819 533
2911 2923
3354 4642
1357 2641
380 1198
4525 2277
968 974
3276 54
2570 3590
382 1690
901 207
3064 36
2361 4439
766 3330
666 4208
4529 3057
4483 4473
19 4013
1495 751
1112 2480
4446 1506
1692 1694
283 4677
200 3662
463 3185
1570 1572
141 2907
2583 4881
201 4549
1069 1065
160 4744
3360 3356
4317 4721
1211 2915
2147 3603
4645 4641
3963 3979
1536 3868
290 3936
901 4497
2836 2840
471 2617
4767 1859
2327 1197
4791 3035
4781 2013
4620 2942
960 958
1573 3323
1577 4119
1445 3301
3183 501
192 4258
4800 132
761 3565
4729 3417
444 4882
1326 2948
3806 3302
4318 2852
2988 1492
1157 2877
3031 3029
2273 1003
1054 1642
3312 848
120 3390
3882 4804
3800 3316
287 4823
432 4552
896 4242
3918 3914
705 3785
4568 200
3917 161
1912 4516
1156 3080
668 4546
3100 1250
716 3634
773 4285
3881 3899
4241 849
176 1588
3208 890
1520 1522
333 2699
1462 1872
3668 3116
608 4468
4742 2440
3983 4813
90 1584
3911 3899
978 2444
4465 2223
225 4765
4844 1008
3409 605
2584 806
43 4543
4815 3525
3414 34
1808 3916
1552 380
106 3988
3995 3843
3350 190
1770 1768
4808 3954
2649 2651
4414 424
1148 1152
3998 3994
2045 3
4763 1013
313 1451
548 4108
2515 4205
2304 4022
1146 3968
3068 372
294 2670
1833 1841
3016 1884
4666 3478
277 3337
3750 2448
2009 4575
164 168
843 847
3028 1444
4259 2261
870 4678
431 2979
2351 141
1078 1074
2 4240
1693 3997
691 197
505 3241
3628 572
4799 2841
1844 1528
2068 316
4342 262
833 25
1500 4584
836 3220
2306 4766
1298 3668
3858 788
4773 957
4692 2318
2297 4087
2409 685
3753 3739
928 918
4879 2357
4480 4490
11 3587
3773 1235
687 4207
3623 3607
3879 3635
4558 2606
2464 2466
3167 827
168 2444
4427 4787
879 1267
327 4039
4090 3190
2302 350
4679 4031
4783 2583
1206 4714
3398 2148
4458 2102
2744 4640
3600 3604
1364 4610
70 2648
3395 3421
527 2657
3974 3970
1150 3266
3954 638
31 1865
1388 126
152 4742
858 4712
2239 579
3367 501
2294 1394
2150 4848
744 4844
4304 3588
932 3424
40 3568
3151 649
4700 1520
4435 1229
930 4826
716 4410
4202 872
4176 4160
313 4759
3059 513
1423 3891
3044 1844
3428 3426
2732 628
56 4590
3554 4832
1646 88
369 4081
4876 664
890 4388
3556 2690
3730 44
4730 2644
3116 3118
4020 3010
2691 135
3380 206
36 1526
2327 4471
2883 2891
405 391
4816 3318
1531 3533
192 3916
160 1184
477 1903
3180 4780
3606 3692
239 4349
1980 328
2089 4819
4072 978
668 666
916 3492
4604 458
1740 3768
4522 2314
242 3102
4526 514
4615 247
4697 2147
4672 2132
820 4680
4496 4798
2298 2300
1131 479
268 3791 3509
4390 2454
3707 3711
390 4426
3331 341
1154 2726
268 2150
405 4523
1981 1319
2870 4816
1588 824
3453 361
1256 4398
2608 1612
4700 806
417 4201
2767 339
4518 3692
2761 4717
2274 2940
3505 4023
3328 3584
348 4574
4576 988
285 4029
114 3672
4859 2057
808 3682
2326 1606
2290 278
3824 3822
630 3574
3429 2433
431 3651
2420 70
2694 856
1972 4838
370 1404
2730 3842
3524 2126
3614 4404
3956 556
2877 2863
2630 4670
736 734
905 4313
4712 746
917 221
2457 2461
2591 571
2190 4514
492 4304
713 2007
2309 4269
4424 4822
1680 92
650 4224
2365 833
3094 3084
4773 1457
4207 389
4262 124
1407 4645
206 376
4275 967
1854 1764
261 4713
1186 4724
3774 328
2168 4370
15 4113
4778 160
358 4066
722 720
3909 1829
728 60
500 2598
221 223
2145 2149
4848 4552
4784 2878
2412 2410
305 313
4656 3182
4098 4616
2436 772
3862 332
1978 540
4370 1350
444 4740
4176 382
1202 2504
4692 4686
3120 1514
1778 846
2372 286
1898 762
4861 399
222 4050
3138 754
663 4155
412 1284
1433 4705
4864 632
258 4220
4266 4254
2176 1234
2426 4112
3084 4766
837 843
319 3893
4358 2478
1648 3510
4641 2981
4725 719
4808 802
1390 4778
1550 1552
769 779
886 4770
945 13
4592 2690
3160 2324
3836 336
4534 202
253 3173
1128 2892
3307 23
1278 1282
1270 4534
4062 4064
4285 1153
4238 3358
4844 1990
3862 4586
371 3561
1773 539
1562 1566
4748 2160
2072 2070
1518 20
2384 540
316 1626
787 4829
3809 99
3924 1848
4821 1937
3566 844
4792 4692
1125 4729
111 4179
1359 1355
1530 4860
4570 948
3570 408
4412 138
572 1688
3792 1390
4453 1863
2116 2118
658 92
4507 4501
4583 549
1172 3670
2441 3401
392 2792
4879 215
1172 1818
1685 4167
4406 2468
3058 680
2621 4549
2360 162
4875 3711
4844 1724
3146 1272
1044 3546
174 2204
2258 146
16 3232
1666 4716
2636 3274
1088 296
4469 1811
1596 1588
999 4475
716 3378
1818 1824
1567 4711
1410 3390
665 4141
4504 660
884 1662
4840 4854
767 769
3485 2163
2062 4656
3062 3068
4798 984
2468 254
4791 3491
1532 1526
2321 151
607 4693
2633 423
706 3020
1329 3729
2054 2046
2297 4795
396 2776
1454 3264
4712 582
1538 4850
16 1940
4272 50
3197 4383
2171 3979
3638 3646
2735 4413
667 2941
3694 4560
3230 3226
3808 322
4609 3189
3954 610
3725 1149
3468 708
4418 4422
3838 480
1421 611
696 2038
4106 1306
3286 174
4688 590
1376 4534
1455 4057
3891 3115
884 132
2470 518
4844 1458
743 4869
3152 604
1920 4604
1980 3858
1698 1696
3816 1556
4562 24
4310 2648
3433 877
4652 4378
2619 4753
2703 1125
4442 4444
4568 1874
301 2237
644 98
1996 1990
28 3806
2541 3797
2687 1735
3951 3947
671 2983
430 4862
1938 1940
4690 272
2294 2296
1772 376
3634 4756
1540 4812
4110 2198
2434 3990
3944 1928
275 285
3854 3850
47 4631
264 3444
484 1634
4858 602
2953 991
4667 3205
222 3384
4847 4225
852 4714
4827 337
2375 4847
1093 4803
4183 3
4529 1729
1702 1716
4702 216
3443 385
1098 452
625 2199
374 206
4215 201
4106 4104
3776 2752
317 4491
3060 1264
4027 1399
2655 4547
3210 3202
4470 774
4010 568
1920 4398
532 550
3898 212
3022 4342
4396 600
1464 4520
4232 928
814 3014
4810 232
442 4746
612 2164
180 3820
44 2146
382 30
871 887
4768 4764
1419 459
4646 2038
844 4614
3476 692
756 4780
34 1448
2634 1484
42 2376
4343 951
740 4478
516 4030
360 1680
3912 3910
4692 2380
4201 107
3351 569
2472 52
4373 995
4392 124
4074 68
332 4206
3006 3010
4359 2253
995 4455
4190 4
176 734
3794 2178
277 4659
586 1150
4592 2512
1014 4714
689 2193
197 3
348 2718
4553 3443
2205 4641
1371 3419
3374 1674
2728 544
1501 3813
348 1084
2106 2108
4740 2740
4728 572
1589 331
3219 1393
3772 2222
4492 16
798 4544
1345 257
1484 3978
2813 2817
209 219
2865 481
3133 4589
308 1758
2023 3457
1629 4075
1964 1966
3274 4222
4036 516
3508 4126
2532 4724
4377 2879
4033 4037
4322 334
1283 1303
4830 3992
2607 2603
4362 770
1121 391
4344 1014
4733 3473
1190 4070
3945 2351
1941 3909
4450 796
4398 54
3837 3259
602 2410
454 466
3398 4682
3017 3493
612 3544
3428 2338
1281 3961
138 746
119 2005
1863 4829
4159 3461
1044 234
963 1415
2040 572
4286 1316
3970 3962
3005 4731
4729 3447
3985 3603
3236 52
1546 1550
2292 748
3202 864
4803 2985
2702 1186
584 3650
4310 538
1590 3038
3609 4391
1927 4433
4266 2240
3174 1658
4384 1028
573 3161
1153 1181
1132 240
4208 736
3347 1455
1458 46
985 4337
4768 298
3819 343
106 3412
751 4242 3509
299 3747
2487 1043
3875 4775
1829 4009
2355 1393
3910 200
2067 931
830 4338
2511 475
2376 1596
1158 4670
1520 2386
466 2734
1855 4861
452 2532
3849 2421
47 2395
2814 4754
1748 2730
4638 552
3370 1672
3990 4824
442 3126
508 3772
1676 4780
4559 3327
3506 4852
4819 141
566 4236
3089 4611
4501 2861
459 2883
4488 4818
3469 1829
2140 756
2400 604
1590 4832
578 4542
1638 824
3566 292
1723 4409
30 2142
4644 4642
2678 350
423 3579
3693 3669
4658 2628
1105 1113
2021 4547
1846 4832
3249 2159
1286 3564
374 3804
3529 229
3807 2607
762 3244
2063 4393
806 810
188 1504
738 2640
2838 1356
4230 510
245 1517
1884 1394
4352 2202
4592 3806
1446 3682
945 4151
1038 4586
3892 3886
613 3597
1649 4569
417 3851
4672 3900
3002 2996
1324 1058
957 3201
4804 68
3646 638
4455 4449
2257 2265
4422 1096
4860 1776
573 3919
2042 3960
483 3859
1956 3000
3747 221
4877 2357
4716 2124
3214 3210
3734 1782
137 3949
3703 2021
2749 2299
563 4327
4520 2194
4882 936
3481 2805
4011 895
16 3756
4126 2174
3932 4826
2296 528
781 4335
3675 1839
3796 626
3052 1892
4057 3475
4798 4792
1091 3741
4741 577
3307 453
1100 348
3638 4718
268 2422
4789 1259
3736 158
415 3929
149 1809
1624 162
2842 4338
3913 189
1922 1918
3228 4822
751 2455
1197 4115
798 3602
2551 4801
4826 76
1856 2530
2069 2067
4414 416
3533 29
4750 4762
4003 437
2486 4120
4322 62
1603 825
4768 2792
3082 3080
1728 3180
2658 152
2755 2759
1922 4294
434 1684
3528 2948
4538 4536
1018 1032
85 4097
196 3868
2277 2275
3930 1324
3840 1844
4514 3448
3593 4561
3873 3321
2884 2408
2095 2093
863 3797
4446 2784
4729 1369
4392 890
2490 260
4576 1260
76 1088
1199 1195
2356 2362
4501 455
641 637
2584 4614
2453 2419
1047 4855
2938 846
3356 934
1948 4654
134 3842
1888 1894
488 1632
253 2893
4374 4150
582 586
4375 4363
4398 1194
455 4789
1719 3957
921 1077
3367 931
3740 2412
1242 3552
1422 3702
84 4778
3742 3748
2009 1
2704 890
4766 198
3196 426
1525 4881
4580 1034
540 3680
2739 3347
3 3343
1158 1166
1034 1036
4018 464
4832 1540
3420 1314
1589 4817
3886 1252
4632 3862
4101 491
969 2295
419 1445
4040 1748
4456 2700
2026 3278
56 3564
1012 4364
3246 286
1956 1958
1016 396
2701 21
3112 4
3154 4732
2 3032
3862 684
60 1760
2390 304
4410 4412
4281 1685
3554 1382
2496 2500
4721 763
2205 3595
425 2161
1708 3742
1216 3460
2448 4634
958 158
3418 3414
1044 4868
186 864
2614 182
4087 3721
2863 2071
1443 413
295 4627
906 1870
822 4392
4117 2997
67 3879
2703 4601
3433 2949
1439 4713
1042 1040
1041 4627
768 2442
4798 448
2387 1065
4716 4708
1770 222
4458 4464
2822 978
190 3070
4485 3613
1968 4668
1361 1363
1591 3935
4714 1418
1943 801
2473 4267
1698 2832
2736 400
4657 2913
1246 4586
2146 3656
3950 1908
132 4172
3491 95
4878 346
4320 4322
3596 3592
2648 1936
3935 1245
2877 755
1441 3917
3392 4330
3748 4594
329 331
4417 225
274 4288
3313 175
4442 1554
2525 287
1093 1623
3091 4385
500 1640
2438 622
558 4326
2336 1502
4597 2025
2897 2903
4843 837
313 393
3896 4142
756 4574
4868 988
4662 2508
1167 4677
44 2780
4501 937
362 4716
4555 149
4 2178
4386 1294
2900 834
4819 3005
1286 526
4556 2582
874 872
1152 1858
4400 1950
4608 4602
4866 3334
2926 66
3092 406
3222 1940
4716 4724
4193 4829
4654 634
4877 1113
1138 4034
526 4650
2225 1641
2268 3248
76 78
189 4619
720 2558
2600 442
1535 3879
2400 3866
4445 3815
70 4870
3610 4452
992 2286
2344 2340
2949 249
2903 1357
2989 2991
3408 1080
1372 1364
982 3988
3894 562
3341 801
4352 2350
4124 130
206 2626
348 2342
3613 4817
2133 3337
3467 709
188 4808
322 3394
360 3048
3290 1430
4594 3788
3302 1152
32 3426
4478 4480
4380 1844
510 512
2924 4526
3475 3481
1263 4343
134 2020
3344 4804
4462 428
3445 3065
43 3013
480 4816
193 2191
4820 656
4788 1546
4139 387
3560 272
4250 2596
1321 4299
2715 447
3928 868
467 4299
1927 4793
4248 3030
911 913
1069 4449
3188 812
1232 1240
1114 4712
68 682
2520 2518
1478 4364
4876 764
2706 44
4726 2048
411 3005
424 3912
3920 3918
4562 1008
4718 914
2155 4019
4450 750
3484 1012
3584 830
4644 1916
714 2766
4196 634
1002 2610
4350 1756
3874 894
1930 4636
4799 1457
1622 4698
305 2261
22 3776
4222 1452
522 36
4545 1031
4767 3925
2942 1126
760 3500
850 3976
153 4417
1832 1834
4870 30
2678 320
2707 3417
3030 250
224 1760
4095 249
2178 2
195 2963
3753 5
150 3642
4626 1264
1031 4823
2186 180
2126 520
4850 2146
3821 253
3182 4802
132 2504
4646 3418
1048 4498
1416 4872
4498 2638
894 3702
540 3764
3950 718
1828 3870
493 47
3940 3936
1698 1700
3117 205
3072 3858
4111 4099
1599 2569
583 1825
4792 1212
4638 3900
3708 2496
3975 2479
2866 164
1276 1270
3939 73
4457 4773
3918 2658
2250 108
1560 4818
2652 4868
735 2901
833 3691
2994 4858
4816 4820
1137 2971
4799 2407
956 4160
4732 1718
4701 2555
656 3432
3206 4478
4746 2590
3486 800
1686 64
1202 3644
1979 4683
1680 4694
2129 735
3761 247
4482 4258
314 4666
336 4658
2694 2692
244 4810
1428 4726
4858 4094
2150 698
4165 427
3431 1899
4685 4681
34 1618
4545 109
2986 2978
3291 1417
3774 3770
2738 2752
590 588
2680 1264
2670 4322
4531 4543
166 1848
435 4665
3288 4850
4289 131
3847 213
4771 1973
3110 4298
2276 578
1117 4471
3565 3567
1468 3374
1098 4302
3570 192
1599 1603
4710 1190
3315 97
4633 819
2538 2536
4526 962
243 2069
121 1269
760 1698
2140 3114
3999 65
743 4037
3938 4728
4383 3517
1224 4252
4629 803
46 4286
183 2323
3956 662
3951 53
4475 311
3454 3448
4855 201
4552 1184
4259 4249
4715 4449
1071 3069
654 4666
3164 3160
3123 2773
3049 417
1481 4221
1810 924
1696 4484
4134 4124
4282 4284
4742 3292
4434 3308
4490 534
3748 398
104 1620
2029 2031
2242 4806
4596 94
1448 4814
4865 3869
2828 706
4192 1186
4826 2482
88 1698
4770 24
714 930
2308 4502
4824 4652
2365 821
4800 168
1037 4581
3958 990
4296 2558
3020 418
2472 4858
4293 4329
2878 826
4458 1396
2161 277
1660 4152
175 3357
3736 1052
615 4751
2622 688
4002 1484
690 694
1769 4613
4595 1537
1922 434
3119 4615
208 3520
4444 220
3290 3288
1339 1351
1215 4017
2032 78
3788 526
3680 56
106 2106
453 2173
794 3856
1036 3434
3840 4310
1500 184
4331 13
4412 4414
4874 4256
4594 2342
2801 2809
3556 1712
806 4592
1661 17
1210 3122
834 2536
2752 332
2542 1270
2412 2416
105 4281
4344 542
4372 2802
379 3799
265 3987
346 4650
3042 60
3429 3431
3037 2061
2800 4576
2610 2606
1276 956
330 4814
4745 3997
4606 1760
2004 4858
833 4381
4018 2220
4149 2587
26 1142
4870 4868
3004 442
4195 1025
3249 11
438 3214
23 2725
448 2514
2158 4380
4728 1850
1184 4016
4213 179
338 3026
59 965
2148 1062
762 3706
3312 3310
42 4412
4648 3024
3375 4881
1729 4707
2490 2488
4386 3050
172 4764
788 1012
1919 1931
2802 2804
929 3813
1825 3
280 2566
3807 915
4668 4680
4165 625
83 2367
1 2865
2744 1068
260 1924
3207 667
3094 78
128 114
1329 4535
1359 1361
1828 1824
27 4879
1384 3960
1542 1546
602 2858
2189 319
2708 4850
4207 1175
870 4168
682 118
1081 19
3677 21
564 2672
3824 934
4840 426
67 3187
730 4708
4165 4161
4515 37
4066 1020
603 3627
4628 4626
1851 85
4012 2236
88 2358
1424 1426
2304 3390
28 2004
851 4403
3451 4817
3081 3505
3258 4638
426 3808
4682 2138
4050 2054
4114 676
821 1991
2837 4723
4343 3199
356 696
4719 1829
4569 2085
4330 1760
406 170
460 4378
1434 550
172 168
3038 1004
2046 4772
5 2503
4835 1061
3000 3516
4114 54
172 2046
1609 1613
2253 2247
2255 2257
4179 1087
1630 2648
413 3487
54 2204
54 4000
1752 4780
4590 3198
1237 4787
12 3264
90 92
1664 598
66 992
4809 1305
508 4726
4879 1395
4318 700
4152 954
3760 3012
239 3999
4002 4004
310 3562
4199 817
1132 1136
230 3534
4751 999
1935 4779
736 3740
4034 4038
2290 146
2398 4672
2114 3236
4277 4285
3296 1068
1249 3733
2804 656
2424 2420
7 3529
3880 3886
398 3996
138 2266
3654 3658
3022 154
612 608
4132 2442
4830 2990
1378 1376
514 4836
2852 332
4570 700
3536 862
4589 1977
2320 792
3112 3116
354 704
824 2846
526 4490
4663 875
4546 32
3824 742
4794 1882
4085 2561
127 4677
1345 3283
58 3612
4682 800
2906 3414
358 1114
4034 4032
1203 3047
2198 4696
4656 1720
3248 754
4060 808
3466 3458
2852 468
138 2242
30 588
4086 912
687 1915
4808 888
978 2510
1778 3032
3358 164
2235 2243
4439 1499
4678 3486
1193 4663
2546 238
170 3314
808 2256
1028 4778
4315 4317
3720 326
2172 3672
510 2744
3698 4
846 3500
772 4062
13 2787
1248 4008
1126 114
4512 68
836 840
654 2204
3874 3342
4258 1956
3993 3981
4669 903
2000 3942
3922 1804
4596 802
154 3840
2006 4556
43 2187
2189 4799
2198 870
3672 3670
2166 3966
1706 3962
4598 4602
3604 2296
4072 2528
3671 2861
672 2228
2633 4773
1619 3145
4434 4770
1082 4674
576 2300
15 1999
1418 2936
1256 532
4729 2877
952 2068
691 695
4854 136
4114 458
1250 4484
146 3924
605 603
1011 4173
4548 680
1276 1278
1871 2815
4784 2218
4412 326
374 930
3833 3837
214 218
3582 1068
2387 807
1826 3540
4871 3405
295 4407
3120 4798
2900 2904
4234 4230
1618 3184
480 476
4868 1196
762 4310
4096 2286
2222 20
398 2054
2542 4788
4770 80
4632 856
341 4425
329 4249
4620 240
769 2077
2500 3446
1394 478
5 2295
3099 575
4715 3353
4 2882
1898 3850
2234 2236
4669 1493
124 4708
4220 292
144 4160
3092 758
10 3424
1582 4808
1063 1065
2698 1014
936 928
4844 1486
2188 1750
198 4812
2262 3330
3344 2040
4800 2896
4576 2660
3955 3959
4702 4706
1008 318
484 4864
1 2777
3994 4642
3176 300
997 2287
95 4301
334 3396
4788 2966
1092 2396
700 3770
2358 4078
4108 4120
3604 1222
4429 1621
3446 3010
4012 4010
2248 4646
144 2700
3602 510
1330 792
716 3730
260 3744
1348 4344
2250 264
3020 4472
846 266
2910 944
4497 1463
4538 1872
4136 1534
2031 2037
4754 4328
1823 4363
4151 3761
582 4286
1097 4519
4508 868
1606 4398
830 3632
1392 4022
2896 622
4778 1348
3680 3676
1546 4538
678 682
4514 2574
2034 482
3920 982
1142 4870
4815 4827
260 3728
2169 3743
4315 1377
627 615
1188 4874
1656 3172
334 4650
2132 2752
3953 297
591 2665
3886 212
3364 948
4878 2400
3802 546
344 4556
2894 3268
432 3966
4613 1723
260 3176
2645 4419
4418 2374
3821 1121
4504 682
600 4878
356 2492
218 706
2300 3828
284 4086
1997 3419
4716 2534
64 2626
111 871
3232 404
3898 2066
1536 1534
4380 950
2594 2600
4223 4779
1436 632
4835 303
3594 1400
2 4320
2214 3818
3001 3013
1461 965
449 3821
4010 2118
3274 264
3518 1914
118 3722
706 3754
56 3332
919 4727
3622 262
510 1100
4360 1444
786 3510
4390 3422
3874 3878
44 1910
4510 4516
3812 230
1957 209
45 4511
4036 1456
4719 1163
3546 12
4838 1356
791 821
4024 4018
3108 432
355 359
73 2349
4829 187
1154 3996
748 3982
3850 2456
1765 2557
1324 4142
1735 3953
870 862
3360 3364
922 4532
3008 398
2953 771
912 1742
26 1228
366 4230
4628 3750
1782 2894
4206 948
3340 806
887 4563
1833 4409
3974 3980
2305 3491
2997 2991
1096 3710
4124 2730
4717 1409
4287 4289
4685 1529
4804 4010
3325 1555
4120 78
3592 432
4728 1072
4326 2274
1581 3861
3762 1636
4431 2159
2244 2240
4372 458
262 3342
350 3154
1857 4709
4747 951
4607 751
2340 4382
1403 209
1955 1959
4856 2056
4206 2498
4562 772
4599 2141
2441 3753
1000 1004
4484 34
3255 3263
2942 704
4471 2193
2838 1878
1207 1203
246 4722
4754 1880
3093 4813
2329 45
1559 867
3827 447
3857 2509
4312 1282
1560 4678
843 4335
4500 1590
1586 4876
3286 4338
1944 1198
122 3252
308 3950
404 4546
1183 5
892 2272
723 2855
1068 228
1560 3510
4830 4834
1452 424
2320 2324
516 4278
114 1418
4150 2262
3857 779
1927 77
1929 4391
110 3328
4881 2551
21 1229
4351 4353
3468 4144
1930 30
4745 1609
3341 4419
436 4216
1252 30
942 2276
3910 4508
4577 3743
4087 4083
4 256
434 2118
4494 240
4819 3565
4876 754
4217 793
232 1318
320 126
3834 154
3451 299
1378 4288
2829 97
4177 3175
1450 2858
94 92
2829 923
4692 1270
387 4771
4406 938
35 1723
4576 1272
1140 4464
1919 1911
4636 2382
2515 2505
1727 1717
3343 327
1458 2922
3940 4620
478 1662
1734 2464
3548 40
1518 36
4318 2952
1072 3770
608 2238
906 3558
4861 443
578 3908
3021 599
1961 3915
3012 4328
1633 4729
2722 458
948 1404
1890 4790
1918 438
3230 4732
3923 3917
3544 3548
1374 4768
523 525
4324 3422
2770 250
3803 3811
766 4780
4774 1490
4254 10
464 3446
2043 2053
1340 1328
1528 4280
627 2179
901 17
2722 2726
2534 64
3628 1534
4847 1501
57 4741
2518 2516
4276 2544
1998 2
2876 4434
630 620
2016 2008
3183 3171
4334 2870
1216 4008
1786 584
334 4438
1539 3709
1198 4814
3564 8
4006 3332
854 4648
402 4694
2144 4396
176 4738
1846 4220
1050 528
564 2792
4044 1466
4596 2298
1904 3534
3391 3395
2130 4616
1684 2630
4872 4532
996 4608
2735 2762 2739
4134 3022
2308 2320
1360 3808
4079 2833
4876 4870
1472 1474
4579 223
1616 4782
605 4519
4876 1196
1457 1463
3552 1196
4412 2842
4815 2907
4127 995
1112 4042
2964 196
14 4336
1326 2592
1014 2794
3448 3446
2802 2798
64 1262
3306 232
1109 4163
1598 976
2342 1690
3468 1936
3318 36
975 2579
2917 71
161 3499
421 4689
598 600
590 1894
4417 2049
3287 729
2084 1208
2700 2330
3561 1293
4230 546
4834 1226
686 2456
1513 4329
1144 256
1062 4424
2871 4865
4765 2491
1682 316
532 2824
23 2825
2396 1156
3294 130
1063 4569
4346 1372
842 2886
2870 2874
334 332
3398 4266
3 3901
3600 354
4714 124
11 3289
254 3744
3518 2150
4380 1374
1294 3222
1932 1934
4515 1563
4215 373
4008 2790
528 3750
4756 2028
2531 957
3013 4441
3607 933
65 3925
4552 10
3004 372
39 3331
2028 4788
3818 1746
788 4366
4318 4320
4736 368
965 4809
321 2857
4073 61
976 1444
440 3438
2934 1846
4200 4764
4154 1498
4512 908
3796 3794
2886 268
1303 1305
246 2552
1432 4746
2559 131
1791 3725
4444 3148
1479 665
4788 3104
1057 1837
2960 654
134 4696
454 3244
1327 1331
3280 1388
1894 3010
3948 22
508 908
4278 514
2396 214
3936 3930
3234 4120
2473 2479
1339 4323
948 936
962 3736
1560 382
4034 2248
3380 4876
4600 2896
4864 1736
2528 4510
614 3038
3128 3124
4644 822
2134 4626
4391 1027
2508 226
350 4860
2074 22
4614 162
4187 2967
1442 332
2961 1095
1024 4522
1414 3630
114 98
4513 267
3875 1907
1738 4080
4006 4008
4584 558
669 85
3090 698
4518 460
4288 1962
4591 929
640 4576
595 3149
1774 4364
3691 881
4800 2960
4445 2837
2656 4826
3013 3019
1029 3323
2436 4824
3259 203
3472 252
2950 288
4879 3307
2961 2975
4318 874
2247 4853
3220 1612
64 4020
2259 4657
4649 3181
4214 68
4486 868
3583 3587
42 1380
4522 2940
4357 4363
277 4851
4770 306
4684 1830
2494 126
2644 4768
1552 1558
1051 4749
3032 3034
1097 3803
4442 3138
4645 4649
1536 4322
614 2432
4457 801
2108 3410
68 3774
2756 4234
1767 93
1994 4190
4401 4391
478 3014
396 394
174 4160
3780 796
2247 4195
454 452
3785 1925
1810 240
4708 2842
4716 1048
4837 2571
2504 4470
1330 4438
4752 512
1821 1819
3794 1022
596 4794
3617 991
23 661
1205 2473
21 73
4468 2360
727 729
895 4363
4587 4601
2131 945
4518 816
337 4723
4407 4767
805 125
3544 2690
926 3400
4792 732
3304 50
2091 2085
791 4293
1182 4424
118 1234
3722 1200
3972 734
95 4381
827 4037
4167 791
4882 1744
3243 1763
3212 1164
4829 1535
3130 40
2128 612
1790 404
2247 1617
4746 2740
2391 4497
4638 4330
3472 214
3384 60
381 2855
1127 4657
1766 1640
411 2483
4552 1522
3874 3400
3400 2888
2806 2804
1404 1396
4318 1038
1171 4023
1826 3984
1607 1603
1174 4850
1610 1602
4874 3122
1875 3927
2335 165
2966 2970
115 1609
770 1888
1962 278
34 382
4748 2002
555 3899
2399 3937
935 2327
1843 2863
90 2570
652 3574
467 4557
676 2100
4583 2761
442 3698
113 3009
1047 2145
4150 110
779 4517
8 2118
3088 2124
916 3352
3762 280
4597 3741
767 2687
2 3280
461 3013
4536 1084
797 4799
3960 3958
4565 4573
3514 1166
1194 1198
547 3445
896 4158
4078 3034
4656 3698
6 244
3262 4868
4364 66
4714 1524
4880 3716
602 3268
3502 646
1789 3385
986 4640
1830 4194
688 2540
3162 462
4846 678
1599 2437
2120 218
3314 356
4621 719
137 2171
3155 3165
1910 1916
2974 208
318 4532
1034 3364
934 4800
3823 4605
786 98
2249 4357
1755 2971
194 3954
2949 2941
308 150
595 3779
2687 3563
1862 4106
3136 4626
2344 4876
4046 4100
211 4629
3774 1406
637 4811
1177 3309
1654 4780
1774 1296
1853 4549
3087 1391
4430 348
4204 1586
2816 10
4389 4387
2594 110
1754 4692
4712 766
1442 4468
2023 3293
3373 2143
266 4026
4514 1302
178 4094
1178 3390
4148 2774
143 407
484 2868
752 756
3751 4367
144 3646
322 180
1464 4834
900 902
1841 3095
3560 384
2621 2609
2612 1900
2358 1038
1652 4856
493 3571
2221 1227
2764 754
927 4731
6 1886
924 1674
4380 650
3718 3724
272 3978
4148 2886
4470 4464
292 3500
3886 4576
4786 1892
4716 3206
1140 1142
3742 250
2468 2470
471 4343
1265 3587
4673 4669
972 2428
55 2657
322 332
3232 870
414 4444
785 2451
3839 33
4830 1514
1838 3340
1156 1158
4045 475
2768 2776
2869 1691
675 4365
125 3753
4214 4208
30 2396
1678 4842
3159 1811
2781 4551
1523 3659
418 412
4756 840
2056 4586
2026 2024
3931 4877
4248 1372
1831 4511
52 4460
355 4853
659 25
2439 459
4576 4582
1606 4420
1898 1900
2399 2397
12 4872
4880 4212
4534 4880
3270 666
4842 2150
3602 16
2616 3374
1722 3672
4457 2241
3988 4298
4733 49
4820 526
3374 2108
3768 648
2156 3954
202 4504
88 78
3020 696
2666 2668
2582 4186
1160 4496
1062 1808
70 1428
45 1249
4452 84
1752 3402
907 3843
444 4576
4120 1792
1852 4876
4394 2750
82 4124
2066 4622
2684 4780
936 2434
4124 1626
1337 4783
886 4332
124 3744
4211 4213
1488 1498
4740 4750
4855 4445
1632 3684
3551 1717
1453 183
683 2041
2912 2910
4142 2316
2562 2556
1435 4621
1948 4446
4216 4224
3216 3214
4866 1784
2922 2938
1804 3918
939 2159
184 2952
1949 4643
2658 2664
25 1621
465 37
3051 4393
2494 1182
4655 21
4844 818
308 3582
4022 710
3153 3151
378 14
308 3150
605 2765
410 396
699 697
3294 2436
3380 578
1045 4805
3363 1995
2834 270
858 4160
3466 1172
3931 541
3515 905
4783 1809
3852 872
2910 1180
1599 2361
1550 4600
347 4581
476 4298
4488 3264
4461 3921
3832 2232
4390 1428
3243 4167
4078 2152
2912 2916
3804 750
3958 34
2208 3932
4822 1670
1032 4458
4675 2049
3661 819
4504 4094
2023 671
2656 968
4377 801
118 2176
67 9
1354 4462
490 492
407 95
14 3548
3178 3186
4690 1852
2076 2072
512 3414
73 4417
4730 888
4250 3956
4756 560
750 2896
1917 2595
380 2066
4577 13
614 2340
3726 4594
424 1784
3526 1958
4310 2092
2104 4276
1166 2854
3632 336
1780 436
1960 678
2202 3176
2702 4228
2234 3868
62 1584
144 3530
3149 3145
94 96
2343 4613
4686 2128
3165 4209
1844 1842
3074 14
165 173
1905 3923
2621 295
3769 21
20 2074
3562 380
4084 4080
3198 4602
1480 6
870 4276
1853 1847
1089 4137
3300 3294
306 626
4243 1083
3 1831
451 4597
3332 434
672 678
1066 1060
3312 120
1775 1765
4814 560
2155 1691
4012 2870
362 2236
4240 828
3632 194
11 4225
22 2224
4682 2628
2318 2650
1956 3402
58 2674
1449 4213
1478 2994
2599 349
50 4774
499 4743
4297 395
2391 753
4753 1507
4735 363
2852 2846
4482 2080
2510 530
1264 4732
4224 4228
684 682
364 2358
4745 4449
301 303
1338 312
660 2418
2216 3950
290 296
1850 78
84 1304
2312 680
4644 228
3711 3717
1085 3707
3450 4830
2954 4810
4754 466
4836 230
3684 3686
2890 2888
4379 2143
142 512
1554 4792
4805 4803
570 3830
185 2813
3260 4464
4376 3646
3970 1690
905 3279
1671 373
2778 1420
4673 3031
3103 1585
988 3764
2427 285
662 1872
2785 4607
1658 4550
2423 4501
4525 1141
897 3727
734 728
658 4362
3704 3702
518 2938
765 3281
655 4019
4512 1230
90 88
4235 4227
1390 1394
2920 224
190 192
1439 83
3340 3342
2795 2787
4122 3466
1420 1418
746 742
444 4758
2052 862
2790 16
108 1474
3684 4700
2505 2499
2526 4586
149 2663
1558 3406
1299 4705
786 774
1074 2434
3929 1923
4074 4078
2458 1026
2145 3877
2391 1489
4136 118
1008 1010
2175 3905
257 2097
137 1485
346 350
1709 2995
4432 612
4772 1176
2716 2144
316 4754
674 4880
4792 4790
4725 4747
4080 1994
4031 1425
882 874
902 490
2292 482
4061 2565
4209 2849
1164 4880
350 352
4258 254
4193 4413
3120 3118
1406 1404
1819 4783
194 54
4350 480
4847 4855
1954 1956
487 499
2032 2026
1802 1798
44 2090
3630 3628
2769 1865
538 3540
1324 2784
2858 2854
2902 4854
246 4764
4469 211
4867 4855
1319 4391
2575 113
60 4364
4780 2582
4670 238
7 155
1114 1120
1566 1568
2566 2562
45 1745
424 2894
3334 174
3632 1280
1400 4
2284 178
1280 4294
3780 3782
339 3539
2239 939
247 4843
1842 1836
284 2918
109 4877
4614 2962
2345 1125
3935 1381
4152 4148
3979 239
380 3092
3363 427
3232 4864
3218 1260
3878 1444
1344 4614
163 2721
4139 371
4881 1383
2889 299
2345 2395
4872 126
2490 4878
4596 264
208 666
1662 3834
4160 18
1179 917
134 1970
4048 3610
2509 511
1592 396
2250 2784
740 2872
4624 2758
132 4716
4304 196
4297 1973
4025 87
4069 2453
1374 2858
175 4523
4620 1636
2676 2674
3349 489
1504 1506
204 4018
2757 2125
562 4664
4300 2002
4806 3490
4004 234
3844 3850
194 3960
36 3980
162 4540
760 2936
4139 1543
138 2540
4861 4417
4874 3742
4724 4726
122 4320
4525 345
1947 183
3807 249
603 1119
4827 1959
4531 4507
3854 170
1793 1159
4601 2405
1820 880
3948 1902
3854 4522
4828 2854
298 302
757 753
1624 1618
3570 36
1954 4876
3595 913
22 2700
1317 65
2669 2685
2842 2844
946 4682
1067 4379
3856 2236
1330 4120
3112 1832
3589 3605
1501 4827
2598 4488
1608 4322
497 4017
732 3676
3766 1806
1300 4566
1154 4230
4823 381
1126 4126
4654 642
22 4420
1867 1861
4161 2041
3581 297
11 4859
4227 4881
2036 2044
1678 446
422 3774
4155 2355
484 4266
4073 35
2417 161
3244 1366
4806 1658
1125 143
4794 752
92 2736
4598 1180
1426 1428
2888 1160
1853 1859
3186 2286
1092 2800
3046 636
4214 1356
107 2035
4475 439
4086 268
888 890
129 3365
2468 4690
4175 797
1122 3576
1983 223
4030 1244
3922 2802
4802 3376
1500 1498
2054 74
4202 4868
2785 4243
1868 4454
4158 1294
452 4196
1964 4290
3010 1386
1414 4376
899 2791
2803 435
2223 771
1312 276
4803 1963
4880 314
538 4452
266 1272
3971 2931
3410 706
246 2564
4447 1321
819 1531
1264 1270
4240 2804
132 4780
2212 2216
3514 2148
2800 1152
226 3348
4501 1007
168 3502
3382 400
1134 3874
472 3782
3624 1038
165 1455
3012 4872
423 4283
4594 2532
152 3234
1101 4339
1952 1954
1548 510
3924 4
1627 1633
1892 1788
4869 27
4334 470
4327 23
958 80
2967 613
4765 3221
1437 2479
134 1994
1552 568
131 4077
4612 38
3127 485
3732 1220
1270 1844
219 4743
4805 3813
2946 4810
3178 4874
4154 2362
3352 3350
3036 1194
385 1831
596 4732
4302 1514
3549 3559
553 2353
2043 249
72 2626
3472 34
1330 3488
1261 1577
652 1492
2896 110
4706 1160
1210 86
475 4409
4654 2780
4739 1545
1560 4384
4693 1937
1716 2614
1906 6
877 2243
3317 4789
1410 1418
480 748
47 3693
4785 3543
1938 3138
1672 3094
2584 4086
3527 783
4096 224
4131 507
2648 4868
678 4034
3632 1986
4275 1201
774 304
4835 1409
3512 3844
678 1946
56 4006
30 3940
2227 4799
4505 79
3483 3491
3674 980
262 270
3625 75
4193 713
4066 4810
2039 4829
1884 1886
2968 206
4679 1801
3912 1240
4658 3344
2541 4747
4592 4582
47 495
520 4534
3363 615
556 3820
1422 6
4856 280
2953 4291
2745 61
1142 4858
2696 252
131 3945
12 2710
1495 4417
1336 4486
26 4836
223 59
2436 108
493 4633
2622 332
3494 850
4795 3391
1310 2364
1595 3639
1580 4090
4323 4319
4030 1766
1002 4356
408 2640
4150 1700
69 55
802 1614
10 4812
4755 1297
1378 3470
4 2596
953 4219
2165 17
943 2813
2996 2650
1199 1201
2738 2734
4704 1262
4016 1860
1270 1622
710 1714
40 3810
393 131
243 4033
2819 947
4277 4273
2180 706
4409 1207
1536 730
238 232
3166 40
408 3822
2961 2957
3034 140
828 638
4480 4078
3810 2026
4369 413
1076 728
2907 2903
2099 2113
999 1003
4420 2616
2975 2191
362 3786
1496 2576
3936 2252
53 4415
2280 1058
1328 4520
4571 1689
102 4880
1145 4123
1177 3497
3638 1444
3194 4108
1612 4774
3707 2139
602 422
209 1891
3166 1784
3927 609
2096 3934
3553 669
230 226
885 1817
984 1890
1372 3250
3046 4768
4642 26
338 340
1118 3906
2360 580
645 1535
787 4845
348 2338
1408 3052
4352 1238
1330 2796
4533 1469
4524 2478
2806 2810
7 4799
4816 158
4800 928
3542 4420
6 270
2169 1779
207 2325
88 4508
495 3029
4823 2063
153 4271
3014 3810
237 2647
3559 285
4458 2100
4523 11
1092 4642
4794 870
1626 4768
1322 1328
708 1602
3916 50
4823 1623
4784 1716
1969 4011
1354 3466
2070 4272
3880 3878
36 1244
127 1827
538 4504
3537 3529
4716 454
3522 3678
1539 1535
4142 3650
3896 3948
3645 2809
1145 4163
4601 897
2985 7
193 4065
3488 1008
3644 122
4653 45
3870 3854
3386 302
1151 4821
2142 4854
4826 4822
3780 3776
443 3969
3322 3318
1943 3587
665 4599
4674 2462
3928 1500
4263 1535
1258 4588
73 4881
2254 816
78 2016
3488 178
173 175
4426 1808
4759 1397
3748 1026
1341 4835
1696 1694
2782 1114
1264 4084
1199 4663
1034 3330
2334 2336
114 1582
634 630
2756 44
2141 2117
3894 6
1056 2374
1668 4852
536 4314
817 2861
4468 286
2459 4459
4696 406
2736 1252
1846 4172
4609 1443
746 4738
2815 3989
4708 3270
3202 4730
3984 116
366 3392
3053 715
4758 3074
3028 4858
2125 755
410 1644
4692 1524
2294 2290
1834 122
2978 74
3084 4854
933 931
4052 108
1144 3830
2360 64
3568 682
2199 1025
1944 1940
3946 1984
3138 110
320 3428
2358 916
2828 2822
4648 3344
4631 4623
2884 3880
3694 4658
1160 3870
4095 4093
1842 3968
4062 460
2824 12
28 3596
690 2982
3985 1129
4212 1308
4859 959
10 8
4039 1395
3288 4698
702 704
32 3862
4880 3884
2761 2927
4692 3260
1316 3060
302 4318
4771 4759
1228 3110
2630 2636
4385 2039
4672 3816
3314 566
744 1972
3137 523
1486 1982
3002 682
1938 1934
4719 2943
1524 4678
3688 4644
3746 308
1706 146
4476 148
3981 209
4430 728
10 2146
4514 1556
1651 231
4270 178
4868 4854
4090 4096
2462 1458
684 4228
1306 1316
1797 3729
1164 3938
3520 86
1600 4220
3192 4676
2838 20
125 833
1191 4521
14 4554
449 2503
3737 1005
2288 726
304 1454
4056 278
1094 46
4454 2946
4449 1605
4398 802
2492 2496
2970 2972
145 3981
1180 1176
901 887
4456 4454
2130 2126
686 2608
1486 3986
439 1111
720 4826
2818 4744
1671 4723
4157 4161
4532 498
4584 1330
288 3604
4526 3294
3500 420
38 4446
164 3484
4213 1777
4355 4823
4250 4252
956 4108
2691 2687
44 2988
4765 851
4468 1360
4802 2434
1311 4645
851 847
310 722
4321 31
1864 3092
2102 4454
4105 591
4833 2657
1437 1429
2798 2796
738 736
4763 4003
3986 1592
2302 3812
1228 4830
1224 4390
4550 1456
4295 443
524 1112
4673 467
4642 1658
3599 49
4322 1204
7 2965
2243 3079
1850 3258
152 3630
2130 1588
4517 1759
4240 256
1036 1040
4824 2008
2327 4791
492 4670
45 2471
3919 1687
734 4488
2647 2623
966 3966
532 1652
237 3165
1682 1678
1192 1188
1230 4630
1564 436
1662 4516
3881 1563
4619 2799
3492 3500
1161 3175
825 4501
2874 3784
2476 2474
3952 1008
401 3779
4387 1
4861 1735
1843 4389
1776 3302
976 4680
4077 369
3017 557
1902 3736
326 4386
3984 3226
100 4364
2208 3982
19 1449
198 200
326 3468
2505 429
2852 1012
178 2546
274 4602
4063 2079
2546 4800
473 461
3968 1552
2936 1158
4816 4814
4716 860
2818 2822
4560 1898
2315 2339
4320 1610
3076 3080
2270 768
4219 4223
4336 4332
3869 1597
4706 3532
4059 2105
246 4434
658 4560
4770 1246
3484 4752
4284 4288
2361 4349
4370 2746
916 3974
960 3494
4567 547
2418 250
1193 4541
2104 3606
882 3234
3544 3538
2818 1452
3356 2350
2120 4698
1120 2006
933 935
2524 640
1643 3997
344 3820
4648 514
4730 2470
2877 371
4168 968
4206 1520
1168 2320
711 3399
3692 792
4626 3702
2496 2352
132 952
1621 4873
4638 94
1068 4370
1277 2819
4808 4812
4296 1532
1013 1029
7 15
1417 1409
3503 1383
4780 1450
3245 3853
1656 1660
3787 521
50 26
1752 4872
4285 2173
3187 3191
910 140
2678 4060
557 4623
4835 641
364 3480
234 2786
848 2310
3062 646
468 4546
1873 1869
1070 3220
2056 96
3094 4026
4112 2160
1353 4881
504 2126
670 668
2906 2910
2262 122
203 2297
4458 1734
3839 1565
275 4051
451 2339
2542 3844
4350 2034
339 2871
2876 2888
2871 4339
371 4415
4840 2908
2381 327
581 4823
2368 642
3955 875
1287 4807
2002 4764
3299 1489
4710 362
2009 2003
66 3832
4209 4205
4601 1433
3264 2154
4817 1187
3726 2414
4125 2673
1932 722
2737 199
3362 1772
2571 3407
3720 34
2741 2459
1146 4658
2565 1475
3473 3471
3890 3954
1360 466
1896 2590
4053 1537
2372 1172
4428 998
4078 2554
502 3118
4879 2933
166 2696
459 449
3796 4742
2464 728
427 4217
2694 908
432 2968
954 2736
2976 204
240 3160
3259 4007
586 588
366 2246
730 4758
4276 4270
1733 4241
991 971
742 3964
4325 951
1526 40
3850 1438
1734 1738
272 4106
3117 4545
947 2951
3701 319
4654 106
2014 4816
4856 2314
3274 3928
1111 4391
3752 1148
254 4852
2808 4810
4051 1299
4279 1469
618 3994
907 4583
3437 29
1039 4585
1720 4802
1028 3384
3862 1392
1926 1928
10 3030
65 4681
1241 3861
1451 2617
4270 2018
1298 14
4861 3209
2719 4529
2490 4448
586 4222
3286 1944
2008 770
3346 1548
222 226
546 998
2340 224
2200 4432
1627 4793
264 3314
4156 3424
510 4444
1147 2649
4498 2778
1873 2745
352 2474
3650 3648
4296 3798
4486 484
3039 3041
3600 180
1690 3706
4767 539
86 1340
3702 3698
443 449
2112 626
1611 4815
1389 1381
325 3561
4106 2292
2380 2392
3223 3731
1191 4271
606 4022
689 3749
1666 1664
2262 2270
4748 52
2642 4720
4778 3292
4853 3765
2432 1138
4260 3774
3463 1883
211 4127
532 3260
349 4065
780 2372
2276 2280
3246 4784
1176 2676
2173 4753
666 3788
1523 3595
2918 814
3588 2
3214 4638
550 4024
4382 78
2150 180
2853 463
4532 1840
3770 676
1902 934
468 3200
3522 2980
3156 2614
3350 3348
3858 500
1379 41
3362 4678
772 3844
4581 1375
4875 2717
2023 3629
1796 1790
4678 1424
2120 4864
18 4464
3081 173
575 4155
2468 3874
4871 629
1227 2547
1700 4810
1500 4548
4221 4859
4539 2797
207 4585
139 3931
1722 1716
1437 1447
4784 2582
3270 1166
176 3736
4250 2098
3424 224
608 604
4358 938
4666 730
240 3092
1432 880
1302 666
1489 3301
259 2991
4527 1317
3529 3815
172 4264
2012 3464
4867 1411
4797 2593
3728 1032
2795 4761
2340 200
2536 1526
1972 4786
4756 414
4661 1997
4779 4163
2886 194
3688 454
4088 70
4050 4056
4257 1163
601 2749
4808 3818
4478 734
1454 4098
61 1349
131 4397
3034 1454
4374 226
3357 141
2688 4672
112 1454
2104 2096
4374 3198
3826 4638
1958 508
4476 3132
2142 470
309 759
4078 2880
3615 621
4719 839
1424 4194
508 510
4398 3768
2022 2016
668 3892
281 4431
4161 183
4766 1496
3138 4336
2593 4527
2059 683
2376 2380
268 4014
4828 1190
3735 3739
2628 2630
4254 2486
4500 1366
10 4776
1565 4501
1539 4531
3182 4408
1935 4625
4011 1843
3157 1661
3742 1980
2110 476
1427 65
1160 3166
1222 192
2516 4792
1033 1047
4068 4072
3276 2692
2890 4490
120 2398
4526 4522
4721 2063
4053 1395
4194 4190
3404 3414
3748 730
1202 3468
4700 950
4254 1596
2596 8
170 1242
4628 1906
884 4396
3144 3134
4646 674
1512 1510
524 530
2793 1143
235 4873
3754 256
1411 411
3670 2712
1545 3711
3535 4221
856 2004
1408 3640
3735 717
518 3550
2699 2379
3326 3920
814 2848
2 2644
372 984
493 1767
967 3217
2112 2114
1827 59
3061 67
1066 4470
844 60
2128 4742
4243 395
2082 280
3733 3735
2554 402
411 43
4320 2062
4878 3526
4686 2268
229 2945
313 4259
1024 3384
499 1957
602 3282
2218 152
99 1741
1126 3446
3943 4387
263 1879
4679 201
4410 4406
3518 3712
4809 3339
2950 2948
4342 1716
4239 87
4325 659
712 2832
4264 2178
382 374
2232 4330
1232 4454
4102 242
4837 805
1835 3087
3405 173
4795 2713
1414 166
68 2816
21 3139
4406 334
153 4759
1470 3988
3248 902
3932 4442
2032 1470
3874 4668
2532 48
105 2837
2158 2162
2970 226
2300 2308
1715 311
1945 1949
4116 2858
4047 4037
4850 40
718 716
422 4652
5 3
630 1976
939 3451
3702 2984
4542 998
3918 1076
747 4177
3556 1258
1167 4023
58 2824
3598 1052
3613 3193
4047 4691
3170 4586
3637 3645
3582 3580
3450 4598
162 908
172 4478
2678 2676
2454 4280
57 4645
2037 2387
4228 2596
3250 3258
416 3790
4423 241
4183 4181
3939 3763
244 4604
1045 4247
1578 90
4070 1796
4730 552
383 1941
1594 140
2444 454
4756 2660
1732 2174
435 4205
1452 1454
666 664
2235 505
3763 2051
4756 4008
4875 4393
4860 692
4239 2653
4767 1177
636 2342
2461 3463
4556 3008
2147 4845
3049 3899
3314 3318
39 2977
1052 20
4690 2670
405 4709
162 2872
1137 2507
4474 1388
3842 3834
3062 1392
4748 3714
333 4353
3514 1574
1675 3981
4148 3056
148 3282
2610 142
4747 1487
2688 1222
318 322
2124 4878
2177 4175
92 3702
2684 242
3780 2828
1198 4768
3942 3948
4111 4119
4608 346
3458 2136
3682 3680
13 3425
2591 2593
4855 743
492 1202
4102 1748
4320 2182
1379 3891
4125 285
109 2755
972 4080
1274 3034
1452 14
3696 664
3165 3167
886 3974
1015 2999
2942 2938
41 55
3968 4682
4662 1800
4537 9
2829 2857
4156 1718
3986 100
444 4174
4385 865
402 1082
1324 3660
33 4675
4264 60
8 3050
3552 4194
2239 4263
4331 2737
2143 3665
4864 3220
2168 1866
3845 3849
3556 3552
3321 947
3705 4723
3660 982
4198 294
760 384
4575 1955
2168 3568
1829 4837
2182 2178
2058 4452
648 4208
1434 2502
4689 2389
2954 2950
3786 990
1275 3897
3383 995
4616 4612
3712 24
4748 438
3572 540
1070 4212
66 70
3860 808
4069 1013
4755 4759
825 517
1714 3656
844 842
943 3439
4880 3440
4125 123
544 3446
3136 94
2477 4067
4757 339
2296 2298
3671 2471
4392 8
1339 4109
4346 4804
2665 1255
4800 4798
306 3956
4746 1036
922 3076
424 434
4567 3725
342 1568
816 4704
3982 146
4737 4451
254 4380
192 3776
1466 368
2434 4366
4526 2426
4228 3298
4342 4336
3237 1209
4775 699
1313 4869
1214 14
198 4822
31 3205
3675 1811
622 4040
3732 4602
634 2656
3333 4445
4746 1438
3066 2712
3763 71
2812 3648
1668 1672
3646 26
1010 1496
2696 798
2982 4854
3258 3282
1350 3138
806 184
1046 4318
561 4817
359 4261
4415 231
4565 2223
2963 429
2896 28
4874 698
750 752
4105 2023
2517 341
2251 4785
2942 2944
4472 4470
1980 62
3579 55
374 3790
4530 3986
4471 1345
3923 21
4570 1556
1529 2051
326 1542
4726 4400
2782 2784
1018 3656
132 3020
4132 2990
993 21
260 4132
4877 1859
3953 149
270 3276
1112 2872
3258 298
378 3664
3900 3910
4727 2621
1343 243
1872 36
4832 2956
236 3224
1302 1306
279 3875
4457 3505
3822 1832
4711 1729
1066 3928
2924 4122
3625 4855
4335 553
2069 4365
4621 2149
3005 1285
233 4785
255 4053
1714 18
4128 1092
3505 3506 3509
4276 1264
2551 3347
4510 4508
1403 131
2632 3668
4775 121
4810 3882
4785 1833
3246 3944
3172 3166
1617 1613
2958 2966
4406 4402
3716 148
4817 3685
263 259
4123 3031
4457 2347
2675 3639
3407 2529
1030 4496
4343 2109
1481 2667
3440 3712
2624 690
4182 4838
1477 4063
496 500
804 4096
1294 1290
1900 4696
4371 851
4739 949
2343 4081
4513 1043
2651 4183
176 884
4560 4562
2322 4600
1105 4775
585 3309
1198 4726
4315 331
4824 1848
1280 4772
3272 1062
1907 1905
334 4024
1136 2272
3817 611
699 4797
3953 315
2493 1285
372 370
1055 4263
4792 1020
1340 3852
462 4518
4534 1886
1278 492
4794 2506
2544 326
4822 4324
1569 2367
45 925
207 1095
2725 131
4235 1251
4548 1356
3364 596
3994 3514
4046 4038
74 4850
1592 4638
564 3030
1212 1232
533 2585
54 3852
470 468
16 4878
347 3917
4338 236
2556 112
4709 1655
842 3970
4212 1914
4714 3120
1375 1371
4258 634
769 1793
579 4711
4607 1285
3798 1632
391 4631
4836 4840
1068 1070
2811 687
386 3106
16 2540
1474 4408
2888 4474
716 4122
3638 154
1510 3886
2532 1344
4687 1071
1146 4602
1097 3407
4569 1731
3978 1512
143 4565
1071 671
5 2161
4175 2993
4312 4584
932 4584
4872 426
1461 153
181 4059
2168 236
1815 3141
4168 2126
3128 490
3146 4582
1603 4581
3331 1505
1221 119
4452 2872
127 3519
4301 1561
1575 605
2766 1244
1505 1491
48 3908
1446 44
3506 3500
4829 3367
707 3427
3149 3151
2334 638
1301 3019
4782 4790
61 4329
1424 3216
298 4474
127 3099
317 315
1966 3652
2182 4748
2676 1884
1182 2906
4542 452
4597 929
1491 427
3780 204
4643 1
34 1740
3147 1143
1122 2352
4876 2262
1967 689
1478 376
648 3224
2429 497
2428 4392
2705 39
26 3148
4632 3720
2639 1069
578 2612
3325 3321
2909 2907
4844 1076
442 4818
1934 314
2196 4576
3858 2408
3139 3137
4603 2849
2691 1619
3786 3790
2974 140
2020 4256
2827 4499
140 4760
4522 4516
4518 3328
247 3231
2707 4653
804 3978
138 142
4502 4366
2968 540
2886 4658
4880 2046
4369 1935
390 1940
213 1751
1976 1978
4800 544
3982 196
4204 1946
514 4222
3502 948
3716 3718
4382 1370
3857 1157
310 3752
276 4626
2104 766
472 474
2150 206
1169 811
4729 4449
4872 3666
217 3903
1437 65
3993 3999
1000 998
2928 464
3848 1040
1903 415
1370 3032
