1442
3509 3510
2735 2737
2729 2731
2725 2727
2723 2725
2719 2721
2715 2717
2707 2709
2697 2699
2691 2693
2687 2689
2675 2677
2673 2675
2671 2673
2667 2669
2665 2667
2663 2665
2661 2663
2655 2657
2647 2649
2643 2645
2641 2643
2635 2637
2633 2635
2627 2629
2625 2627
2617 2619
2611 2613
2607 2609
2603 2605
2601 2603
2597 2599
2591 2593
2563 2565
2559 2561
2551 2553
2549 2551
2545 2547
2543 2545
2541 2543
2535 2537
2527 2529
2525 2527
2517 2519
2515 2517
2513 2515
2511 2513
2505 2507
2497 2499
2493 2495
2489 2491
2487 2489
2485 2487
2479 2481
2473 2475
2471 2473
2467 2469
2463 2465
2453 2455
2443 2445
2427 2429
2423 2425
2421 2423
2417 2419
2413 2415
2409 2411
2407 2409
2403 2405
2397 2399
2389 2391
2377 2379
2373 2375
2363 2365
2361 2363
2359 2361
2353 2355
2347 2349
2343 2345
2341 2343
2337 2339
2333 2335
2331 2333
2327 2329
2321 2323
2317 2319
2305 2307
2297 2299
2295 2297
2293 2295
2291 2293
2285 2287
2281 2283
2277 2279
2273 2275
2269 2271
2267 2269
2257 2259
2251 2253
2247 2249
2241 2243
2233 2235
2231 2233
2217 2219
2215 2217
2213 2215
2209 2211
2203 2205
2199 2201
2191 2193
2185 2187
2183 2185
2179 2181
2175 2177
2171 2173
2159 2161
2153 2155
2149 2151
2147 2149
2143 2145
2141 2143
2135 2137
2133 2135
2127 2129
2117 2119
2115 2117
2113 2115
2111 2113
2107 2109
2105 2107
2103 2105
2101 2103
2091 2093
2089 2091
2083 2085
2073 2075
2069 2071
2067 2069
2065 2067
2061 2063
2051 2053
2041 2043
2033 2035
2031 2033
2029 2031
2023 2025
2021 2023
2019 2021
2013 2015
2005 2007
1999 2001
1995 1997
1993 1995
1987 1989
1979 1981
1975 1977
1973 1975
1967 1969
1963 1965
1957 1959
1955 1957
1953 1955
1951 1953
1947 1949
1941 1943
1937 1939
1935 1937
1931 1933
1929 1931
1925 1927
1923 1925
1919 1921
1913 1915
1903 1905
1901 1903
1897 1899
1891 1893
1883 1885
1881 1883
1879 1881
1877 1879
1873 1875
1863 1865
1861 1863
1857 1859
1855 1857
1849 1851
1843 1845
1841 1843
1839 1841
1831 1833
1827 1829
1825 1827
1821 1823
1815 1817
1813 1815
1801 1803
1799 1801
1795 1797
1793 1795
1787 1789
1785 1787
1779 1781
1775 1777
1767 1769
1765 1767
1755 1757
1741 1743
1735 1737
1731 1733
1721 1723
1719 1721
1713 1715
1699 1701
1697 1699
1695 1697
1693 1695
1691 1693
1689 1691
1687 1689
1685 1687
1679 1681
1675 1677
1671 1673
1669 1671
1665 1667
1663 1665
1661 1663
1657 1659
1653 1655
1645 1647
1631 1633
1621 1623
1615 1617
1607 1609
1597 1599
1593 1595
1583 1585
1571 1573
1569 1571
1565 1567
1563 1565
1559 1561
1557 1559
1555 1557
1549 1551
1547 1549
1543 1545
1539 1541
1533 1535
1531 1533
1529 1531
1521 1523
1519 1521
1517 1519
1509 1511
1505 1507
1503 1505
1501 1503
1497 1499
1495 1497
1485 1487
1477 1479
1471 1473
1469 1471
1467 1469
1461 1463
1459 1461
1451 1453
1447 1449
1441 1443
1439 1441
1433 1435
1427 1429
1425 1427
1423 1425
1417 1419
1415 1417
1403 1405
1401 1403
1391 1393
1381 1383
1379 1381
1375 1377
1373 1375
1369 1371
1361 1363
1359 1361
1355 1357
1337 1339
1325 1327
1319 1321
1317 1319
1313 1315
1303 1305
1299 1301
1295 1297
1291 1293
1287 1289
1279 1281
1275 1277
1273 1275
1267 1269
1253 1255
1243 1245
1241 1243
1237 1239
1229 1231
1197 1199
1195 1197
1191 1193
1189 1191
1185 1187
1181 1183
1177 1179
1173 1175
1171 1173
1165 1167
1163 1165
1155 1157
1153 1155
1149 1151
1145 1147
1139 1141
1137 1139
1133 1135
1129 1131
1121 1123
1117 1119
1101 1103
1099 1101
1089 1091
1087 1089
1079 1081
1077 1079
1075 1077
1071 1073
1067 1069
1065 1067
1063 1065
1057 1059
1053 1055
1041 1043
1039 1041
1037 1039
1033 1035
1031 1033
1029 1031
1013 1015
1007 1009
1005 1007
1001 1003
997 999
995 997
989 991
981 983
975 977
973 975
971 973
965 967
957 959
953 955
945 947
933 935
925 927
915 917
903 905
899 901
897 899
895 897
893 895
887 889
885 887
883 885
879 881
871 873
867 869
859 861
847 849
841 843
837 839
831 833
825 827
823 825
821 823
815 817
807 809
803 805
799 801
797 799
795 797
787 789
783 785
769 771
761 763
753 755
749 751
747 749
743 745
739 741
735 737
733 735
731 733
719 721
717 719
715 717
713 715
707 709
701 703
691 693
687 689
681 683
679 681
675 677
667 669
665 667
663 665
653 655
643 645
641 643
631 633
627 629
617 619
613 615
609 611
605 607
601 603
599 601
597 599
595 597
589 591
587 589
585 587
583 585
577 579
575 577
561 563
557 559
555 557
547 549
529 531
527 529
521 523
517 519
515 517
511 513
509 511
507 509
505 507
501 503
499 501
497 499
493 495
489 491
485 487
483 485
477 479
473 475
471 473
467 469
465 467
463 465
451 453
449 451
431 433
419 421
415 417
409 411
407 409
393 395
383 385
379 381
369 371
367 369
363 365
349 351
347 349
337 339
335 337
331 333
329 331
319 321
315 317
309 311
307 309
299 301
295 297
293 295
285 287
277 279
273 275
267 269
259 261
255 257
253 255
235 237
227 229
223 225
219 221
215 217
207 209
201 203
197 199
193 195
189 191
183 185
177 179
169 171
165 167
161 163
157 159
155 157
153 155
151 153
139 141
135 137
131 133
129 131
125 127
111 113
95 97
93 95
91 93
89 91
87 89
85 87
75 77
73 75
67 69
61 63
55 57
47 49
19 21
11 13
7 9
5 7
2739 2741
2755 2757
2767 2769
2777 2779
2781 2783
2785 2787
2793 2795
2795 2797
2797 2799
2801 2803
2803 2805
2805 2807
2813 2815
2817 2819
2821 2823
2829 2831
2831 2833
2835 2837
2841 2843
2843 2845
2845 2847
2851 2853
2853 2855
2857 2859
2861 2863
2869 2871
2875 2877
2887 2889
2889 2891
2899 2901
2905 2907
2909 2911
2911 2913
2921 2923
2937 2939
2941 2943
2943 2945
2947 2949
2949 2951
2953 2955
2957 2959
2965 2967
2969 2971
2971 2973
2977 2979
2987 2989
2995 2997
3005 3007
3009 3011
3019 3021
3025 3027
3031 3033
3033 3035
3045 3047
3057 3059
3059 3061
3061 3063
3069 3071
3075 3077
3079 3081
3081 3083
3083 3085
3093 3095
3103 3105
3111 3113
3115 3117
3117 3119
3119 3121
3123 3125
3133 3135
3143 3145
3153 3155
3159 3161
3163 3165
3165 3167
3171 3173
3173 3175
3177 3179
3185 3187
3193 3195
3197 3199
3201 3203
3209 3211
3213 3215
3215 3217
3225 3227
3229 3231
3231 3233
3243 3245
3249 3251
3257 3259
3287 3289
3289 3291
3293 3295
3301 3303
3305 3307
3307 3309
3309 3311
3311 3313
3313 3315
3317 3319
3321 3323
3329 3331
3333 3335
3335 3337
3339 3341
3341 3343
3345 3347
3347 3349
3349 3351
3353 3355
3355 3357
3359 3361
3365 3367
3367 3369
3371 3373
3399 3401
3401 3403
3403 3405
3413 3415
3417 3419
3425 3427
3427 3429
3431 3433
3437 3439
3445 3447
3447 3449
3453 3455
3457 3459
3465 3467
3477 3479
3489 3491
3491 3493
3499 3501
3517 3519
3523 3525
3527 3529
3535 3537
3537 3539
3543 3545
3547 3549
3551 3553
3555 3557
3557 3559
3559 3561
3569 3571
3573 3575
3577 3579
3579 3581
3581 3583
3583 3585
3589 3591
3591 3593
3599 3601
3603 3605
3609 3611
3621 3623
3627 3629
3629 3631
3637 3639
3645 3647
3647 3649
3649 3651
3653 3655
3657 3659
3659 3661
3663 3665
3667 3669
3669 3671
3671 3673
3675 3677
3679 3681
3683 3685
3685 3687
3693 3695
3695 3697
3697 3699
3701 3703
3703 3705
3707 3709
3709 3711
3713 3715
3715 3717
3717 3719
3725 3727
3729 3731
3731 3733
3739 3741
3741 3743
3751 3753
3769 3771
3773 3775
3775 3777
3779 3781
3781 3783
3783 3785
3785 3787
3789 3791
3791 3793
3793 3795
3799 3801
3801 3803
3807 3809
3813 3815
3817 3819
3821 3823
3825 3827
3833 3835
3843 3845
3849 3851
3853 3855
3873 3875
3877 3879
3879 3881
3885 3887
3893 3895
3899 3901
3909 3911
3913 3915
3917 3919
3919 3921
3929 3931
3935 3937
3941 3943
3947 3949
3951 3953
3957 3959
3959 3961
3961 3963
3969 3971
3973 3975
3993 3995
3997 3999
4001 4003
4005 4007
4009 4011
4017 4019
4023 4025
4029 4031
4031 4033
4033 4035
4037 4039
4049 4051
4055 4057
4061 4063
4063 4065
4065 4067
4067 4069
4071 4073
4073 4075
4079 4081
4083 4085
4085 4087
4089 4091
4097 4099
4103 4105
4107 4109
4123 4125
4135 4137
4143 4145
4145 4147
4147 4149
4151 4153
4159 4161
4179 4181
4189 4191
4193 4195
4195 4197
4207 4209
4215 4217
4223 4225
4229 4231
4237 4239
4247 4249
4249 4251
4251 4253
4253 4255
4265 4267
4269 4271
4275 4277
4281 4283
4283 4285
4289 4291
4291 4293
4293 4295
4297 4299
4299 4301
4315 4317
4317 4319
4319 4321
4321 4323
4325 4327
4331 4333
4335 4337
4349 4351
4365 4367
4371 4373
4377 4379
4387 4389
4395 4397
4397 4399
4401 4403
4405 4407
4409 4411
4411 4413
4413 4415
4417 4419
4421 4423
4425 4427
4439 4441
4441 4443
4443 4445
4449 4451
4453 4455
4457 4459
4463 4465
4469 4471
4471 4473
4477 4479
4479 4481
4495 4497
4497 4499
4505 4507
4507 4509
4509 4511
4515 4517
4521 4523
4525 4527
4527 4529
4533 4535
4535 4537
4537 4539
4539 4541
4541 4543
4553 4555
4559 4561
4561 4563
4569 4571
4571 4573
4575 4577
4581 4583
4591 4593
4597 4599
4601 4603
4607 4609
4611 4613
4615 4617
4619 4621
4621 4623
4623 4625
4625 4627
4627 4629
4637 4639
4641 4643
4643 4645
4653 4655
4657 4659
4663 4665
4667 4669
4685 4687
4691 4693
4693 4695
4701 4703
4705 4707
4707 4709
4715 4717
4723 4725
4725 4727
4739 4741
4749 4751
4761 4763
4763 4765
4769 4771
4775 4777
4781 4783
4789 4791
4791 4793
4797 4799
4799 4801
4807 4809
4813 4815
4815 4817
4821 4823
4825 4827
4829 4831
4835 4837
4839 4841
4853 4855
4867 4869
4869 4871
4875 4877
2734 2736
2732 2734
2702 2704
2690 2692
2684 2686
2664 2666
2650 2652
2648 2650
2646 2648
2620 2622
2606 2608
2600 2602
2592 2594
2590 2592
2582 2584
2566 2568
2552 2554
2536 2538
2514 2516
2504 2506
2484 2486
2478 2480
2470 2472
2460 2462
2452 2454
2412 2414
2398 2400
2396 2398
2394 2396
2344 2346
2338 2340
2312 2314
2306 2308
2288 2290
2284 2286
2278 2280
2276 2278
2272 2274
2264 2266
2256 2258
2252 2254
2246 2248
2244 2246
2242 2244
2232 2234
2230 2232
2224 2226
2218 2220
2168 2170
2148 2150
2140 2142
2116 2118
2112 2114
2098 2100
2094 2096
2090 2092
2084 2086
2072 2074
2068 2070
2066 2068
2058 2060
2052 2054
2036 2038
2030 2032
2028 2030
2026 2028
2014 2016
2008 2010
1996 1998
1992 1994
1990 1992
1986 1988
1980 1982
1978 1980
1972 1974
1970 1972
1958 1960
1948 1950
1942 1944
1932 1934
1930 1932
1918 1920
1910 1912
1906 1908
1902 1904
1892 1894
1886 1888
1872 1874
1866 1868
1858 1860
1852 1854
1840 1842
1832 1834
1820 1822
1818 1820
1774 1776
1764 1766
1736 1738
1726 1728
1716 1718
1714 1716
1698 1700
1696 1698
1694 1696
1682 1684
1674 1676
1654 1656
1644 1646
1632 1634
1626 1628
1622 1624
1620 1622
1616 1618
1612 1614
1608 1610
1606 1608
1602 1604
1578 1580
1574 1576
1566 1568
1552 1554
1548 1550
1538 1540
1534 1536
1504 1506
1490 1492
1476 1478
1462 1464
1454 1456
1446 1448
1436 1438
1416 1418
1408 1410
1388 1390
1380 1382
1376 1378
1374 1376
1370 1372
1366 1368
1362 1364
1360 1362
1358 1360
1354 1356
1350 1352
1338 1340
1330 1332
1326 1328
1306 1308
1304 1306
1302 1304
1270 1272
1222 1224
1206 1208
1200 1202
1198 1200
1194 1196
1180 1182
1148 1150
1146 1148
1132 1134
1124 1126
1118 1120
1114 1116
1112 1114
1104 1106
1098 1100
1094 1096
1088 1090
1084 1086
1068 1070
1064 1066
1060 1062
1050 1052
1048 1050
1046 1048
1028 1030
1008 1010
1002 1004
990 992
970 972
946 948
934 936
932 934
926 928
912 914
910 912
904 906
900 902
886 888
870 872
858 860
854 856
852 854
850 852
846 848
842 844
836 838
820 822
778 780
768 770
764 766
756 758
746 748
736 738
730 732
728 730
720 722
716 718
698 700
694 696
690 692
684 686
676 678
670 672
666 668
650 652
646 648
640 642
626 628
614 616
608 610
604 606
602 604
600 602
594 596
560 562
556 558
546 548
540 542
524 526
522 524
498 500
480 482
472 474
458 460
448 450
438 440
404 406
384 386
364 366
358 360
338 340
330 332
326 328
322 324
316 318
312 314
302 304
296 298
288 290
284 286
272 274
268 270
262 264
258 260
246 248
228 230
226 228
222 224
218 220
190 192
178 180
174 176
172 174
164 166
150 152
146 148
132 134
88 90
68 70
54 56
40 42
30 32
26 28
20 22
14 16
4 6
2 4
2754 2756
2756 2758
2760 2762
2764 2766
2766 2768
2780 2782
2786 2788
2788 2790
2802 2804
2814 2816
2820 2822
2830 2832
2864 2866
2878 2880
2884 2886
2892 2894
2898 2900
2904 2906
2908 2910
2912 2914
2924 2926
2928 2930
2938 2940
2942 2944
2950 2952
2958 2960
2962 2964
2976 2978
2990 2992
2992 2994
3002 3004
3014 3016
3024 3026
3030 3032
3036 3038
3040 3042
3042 3044
3060 3062
3068 3070
3070 3072
3106 3108
3132 3134
3138 3140
3140 3142
3146 3148
3150 3152
3152 3154
3154 3156
3156 3158
3166 3168
3172 3174
3188 3190
3192 3194
3194 3196
3198 3200
3234 3236
3240 3242
3250 3252
3256 3258
3270 3272
3276 3278
3300 3302
3306 3308
3320 3322
3322 3324
3332 3334
3356 3358
3384 3386
3392 3394
3396 3398
3422 3424
3430 3432
3434 3436
3446 3448
3466 3468
3472 3474
3474 3476
3476 3478
3484 3486
3492 3494
3496 3498
3530 3532
3538 3540
3540 3542
3550 3552
3560 3562
3566 3568
3568 3570
3576 3578
3580 3582
3584 3586
3590 3592
3606 3608
3608 3610
3630 3632
3638 3640
3648 3650
3654 3656
3656 3658
3662 3664
3670 3672
3700 3702
3708 3710
3712 3714
3718 3720
3734 3736
3736 3738
3740 3742
3760 3762
3790 3792
3798 3800
3804 3806
3812 3814
3816 3818
3828 3830
3834 3836
3838 3840
3842 3844
3846 3848
3850 3852
3862 3864
3870 3872
3882 3884
3900 3902
3914 3916
3918 3920
3928 3930
3932 3934
3942 3944
3948 3950
3952 3954
3956 3958
3960 3962
3962 3964
3964 3966
3982 3984
3994 3996
4004 4006
4010 4012
4020 4022
4022 4024
4034 4036
4038 4040
4050 4052
4056 4058
4064 4066
4070 4072
4076 4078
4084 4086
4090 4092
4094 4096
4098 4100
4100 4102
4112 4114
4120 4122
4140 4142
4146 4148
4158 4160
4162 4164
4166 4168
4172 4174
4180 4182
4182 4184
4184 4186
4192 4194
4204 4206
4206 4208
4212 4214
4220 4222
4226 4228
4228 4230
4238 4240
4250 4252
4260 4262
4268 4270
4274 4276
4278 4280
4288 4290
4290 4292
4294 4296
4304 4306
4316 4318
4320 4322
4324 4326
4328 4330
4336 4338
4348 4350
4352 4354
4354 4356
4358 4360
4364 4366
4376 4378
4388 4390
4392 4394
4408 4410
4438 4440
4450 4452
4470 4472
4474 4476
4484 4486
4496 4498
4502 4504
4508 4510
4532 4534
4550 4552
4566 4568
4574 4576
4576 4578
4578 4580
4588 4590
4602 4604
4624 4626
4642 4644
4646 4648
4656 4658
4660 4662
4670 4672
4674 4676
4676 4678
4682 4684
4688 4690
4710 4712
4716 4718
4726 4728
4748 4750
4756 4758
4760 4762
4772 4774
4782 4784
4804 4806
4808 4810
4816 4818
4834 4836
4842 4844
4848 4850
4856 4858
4870 4872
4880 4882
