1442
1373 1374
2141 2143
2125 2127
2113 2115
2103 2105
2099 2101
2095 2097
2087 2089
2085 2087
2083 2085
2079 2081
2077 2079
2075 2077
2067 2069
2063 2065
2059 2061
2051 2053
2049 2051
2045 2047
2039 2041
2037 2039
2035 2037
2029 2031
2027 2029
2023 2025
2019 2021
2011 2013
2005 2007
1993 1995
1991 1993
1981 1983
1975 1977
1971 1973
1969 1971
1959 1961
1943 1945
1939 1941
1937 1939
1933 1935
1931 1933
1927 1929
1923 1925
1915 1917
1911 1913
1909 1911
1903 1905
1893 1895
1885 1887
1875 1877
1871 1873
1861 1863
1855 1857
1849 1851
1847 1849
1835 1837
1823 1825
1821 1823
1819 1821
1811 1813
1805 1807
1801 1803
1799 1801
1797 1799
1787 1789
1777 1779
1769 1771
1765 1767
1763 1765
1761 1763
1757 1759
1747 1749
1737 1739
1727 1729
1721 1723
1717 1719
1715 1717
1709 1711
1707 1709
1703 1705
1695 1697
1687 1689
1683 1685
1679 1681
1671 1673
1667 1669
1665 1667
1655 1657
1651 1653
1649 1651
1637 1639
1631 1633
1623 1625
1593 1595
1591 1593
1587 1589
1579 1581
1575 1577
1573 1575
1571 1573
1569 1571
1567 1569
1563 1565
1559 1561
1551 1553
1547 1549
1545 1547
1541 1543
1539 1541
1535 1537
1533 1535
1531 1533
1527 1529
1525 1527
1521 1523
1515 1517
1513 1515
1509 1511
1481 1483
1479 1481
1477 1479
1467 1469
1463 1465
1455 1457
1453 1455
1449 1451
1443 1445
1435 1437
1433 1435
1427 1429
1423 1425
1415 1417
1403 1405
1391 1393
1389 1391
1381 1383
1363 1365
1357 1359
1353 1355
1345 1347
1343 1345
1337 1339
1333 1335
1329 1331
1325 1327
1323 1325
1321 1323
1311 1313
1307 1309
1303 1305
1301 1303
1299 1301
1297 1299
1291 1293
1289 1291
1281 1283
1277 1279
1271 1273
1259 1261
1253 1255
1251 1253
1243 1245
1235 1237
1233 1235
1231 1233
1227 1229
1223 1225
1221 1223
1217 1219
1213 1215
1211 1213
1209 1211
1205 1207
1201 1203
1197 1199
1195 1197
1187 1189
1185 1187
1183 1185
1179 1181
1177 1179
1173 1175
1171 1173
1167 1169
1165 1167
1163 1165
1155 1157
1151 1153
1149 1151
1141 1143
1139 1141
1129 1131
1111 1113
1107 1109
1105 1107
1101 1103
1099 1101
1097 1099
1095 1097
1091 1093
1089 1091
1087 1089
1081 1083
1079 1081
1073 1075
1067 1069
1063 1065
1059 1061
1055 1057
1047 1049
1037 1039
1031 1033
1027 1029
1007 1009
1003 1005
1001 1003
995 997
987 989
981 983
971 973
967 969
963 965
961 963
951 953
945 947
939 941
933 935
929 931
923 925
921 923
919 921
911 913
907 909
887 889
883 885
879 881
875 877
871 873
863 865
857 859
851 853
849 851
847 849
843 845
831 833
825 827
819 821
817 819
815 817
813 815
809 811
807 809
801 803
797 799
795 797
791 793
783 785
777 779
773 775
757 759
745 747
737 739
735 737
733 735
729 731
721 723
701 703
691 693
687 689
685 687
673 675
665 667
657 659
651 653
643 645
633 635
631 633
629 631
627 629
615 617
611 613
605 607
599 601
597 599
591 593
589 591
587 589
583 585
581 583
565 567
563 565
561 563
559 561
555 557
549 551
545 547
531 533
515 517
509 511
503 505
493 495
485 487
483 485
479 481
475 477
471 473
469 471
467 469
463 465
459 461
455 457
441 443
439 441
437 439
431 433
427 429
423 425
417 419
411 413
409 411
403 405
401 403
385 387
383 385
375 377
373 375
371 373
365 367
359 361
355 357
353 355
347 349
345 347
343 345
341 343
339 341
327 329
321 323
319 321
311 313
309 311
305 307
299 301
289 291
283 285
279 281
273 275
269 271
265 267
261 263
259 261
257 259
255 257
253 255
243 245
239 241
237 239
227 229
223 225
217 219
213 215
195 197
189 191
187 189
179 181
175 177
173 175
165 167
157 159
155 157
141 143
131 133
119 121
117 119
111 113
105 107
99 101
91 93
89 91
83 85
81 83
73 75
67 69
65 67
59 61
55 57
51 53
45 47
41 43
27 29
13 15
11 13
5 7
2145 2147
2151 2153
2155 2157
2157 2159
2161 2163
2165 2167
2173 2175
2183 2185
2189 2191
2193 2195
2205 2207
2207 2209
2209 2211
2213 2215
2215 2217
2217 2219
2219 2221
2225 2227
2233 2235
2237 2239
2239 2241
2245 2247
2247 2249
2253 2255
2255 2257
2263 2265
2269 2271
2273 2275
2277 2279
2279 2281
2283 2285
2289 2291
2317 2319
2321 2323
2329 2331
2331 2333
2335 2337
2337 2339
2339 2341
2345 2347
2353 2355
2355 2357
2363 2365
2365 2367
2367 2369
2369 2371
2375 2377
2383 2385
2387 2389
2391 2393
2393 2395
2395 2397
2401 2403
2407 2409
2409 2411
2413 2415
2417 2419
2427 2429
2437 2439
2453 2455
2457 2459
2459 2461
2463 2465
2467 2469
2471 2473
2473 2475
2477 2479
2483 2485
2491 2493
2503 2505
2507 2509
2517 2519
2519 2521
2521 2523
2527 2529
2533 2535
2537 2539
2539 2541
2543 2545
2547 2549
2549 2551
2553 2555
2559 2561
2563 2565
2575 2577
2583 2585
2585 2587
2587 2589
2589 2591
2595 2597
2599 2601
2603 2605
2607 2609
2611 2613
2613 2615
2623 2625
2629 2631
2633 2635
2639 2641
2647 2649
2649 2651
2663 2665
2665 2667
2667 2669
2671 2673
2677 2679
2681 2683
2689 2691
2695 2697
2697 2699
2701 2703
2705 2707
2709 2711
2721 2723
2727 2729
2731 2733
2733 2735
2737 2739
2739 2741
2745 2747
2747 2749
2753 2755
2763 2765
2765 2767
2767 2769
2769 2771
2773 2775
2775 2777
2777 2779
2779 2781
2789 2791
2791 2793
2797 2799
2807 2809
2811 2813
2813 2815
2815 2817
2819 2821
2829 2831
2839 2841
2847 2849
2849 2851
2851 2853
2857 2859
2859 2861
2861 2863
2867 2869
2875 2877
2881 2883
2885 2887
2887 2889
2893 2895
2901 2903
2905 2907
2907 2909
2913 2915
2917 2919
2923 2925
2925 2927
2927 2929
2929 2931
2933 2935
2939 2941
2943 2945
2945 2947
2949 2951
2951 2953
2955 2957
2957 2959
2961 2963
2967 2969
2977 2979
2979 2981
2983 2985
2989 2991
2997 2999
2999 3001
3001 3003
3003 3005
3007 3009
3017 3019
3019 3021
3023 3025
3025 3027
3031 3033
3037 3039
3039 3041
3041 3043
3049 3051
3053 3055
3055 3057
3059 3061
3065 3067
3067 3069
3079 3081
3081 3083
3085 3087
3087 3089
3093 3095
3095 3097
3101 3103
3105 3107
3113 3115
3115 3117
3125 3127
3139 3141
3145 3147
3149 3151
3159 3161
3161 3163
3167 3169
3181 3183
3183 3185
3185 3187
3187 3189
3189 3191
3191 3193
3193 3195
3195 3197
3201 3203
3205 3207
3209 3211
3211 3213
3215 3217
3217 3219
3219 3221
3223 3225
3227 3229
3235 3237
3249 3251
3259 3261
3265 3267
3273 3275
3283 3285
3287 3289
3297 3299
3309 3311
3311 3313
3315 3317
3317 3319
3321 3323
3323 3325
3325 3327
3331 3333
3333 3335
3337 3339
3341 3343
3347 3349
3349 3351
3351 3353
3359 3361
3361 3363
3363 3365
3371 3373
3375 3377
3377 3379
3379 3381
3383 3385
3385 3387
3395 3397
3403 3405
3409 3411
3411 3413
3413 3415
3419 3421
3421 3423
3429 3431
3433 3435
3439 3441
3441 3443
3447 3449
3453 3455
3455 3457
3457 3459
3463 3465
3465 3467
3477 3479
3479 3481
3489 3491
3499 3501
3501 3503
3505 3507
3507 3509
3511 3513
3519 3521
3521 3523
3525 3527
3543 3545
3555 3557
3561 3563
3563 3565
3567 3569
3577 3579
3581 3583
3585 3587
3589 3591
3593 3595
3601 3603
3605 3607
3607 3609
3613 3615
3627 3629
3637 3639
3639 3641
3643 3645
3651 3653
3683 3685
3685 3687
3689 3691
3691 3693
3695 3697
3699 3701
3703 3705
3707 3709
3709 3711
3715 3717
3717 3719
3725 3727
3727 3729
3731 3733
3735 3737
3741 3743
3743 3745
3747 3749
3751 3753
3759 3761
3763 3765
3779 3781
3781 3783
3791 3793
3793 3795
3801 3803
3803 3805
3805 3807
3809 3811
3813 3815
3815 3817
3817 3819
3823 3825
3827 3829
3839 3841
3841 3843
3843 3845
3847 3849
3849 3851
3851 3853
3867 3869
3873 3875
3875 3877
3879 3881
3883 3885
3885 3887
3891 3893
3899 3901
3905 3907
3907 3909
3909 3911
3915 3917
3923 3925
3927 3929
3935 3937
3947 3949
3955 3957
3965 3967
3977 3979
3981 3983
3983 3985
3985 3987
3987 3989
3993 3995
3995 3997
3997 3999
4001 4003
4009 4011
4013 4015
4021 4023
4033 4035
4039 4041
4043 4045
4049 4051
4055 4057
4057 4059
4059 4061
4065 4067
4073 4075
4077 4079
4081 4083
4083 4085
4085 4087
4093 4095
4097 4099
4111 4113
4119 4121
4127 4129
4131 4133
4133 4135
4137 4139
4141 4143
4145 4147
4147 4149
4149 4151
4161 4163
4163 4165
4165 4167
4167 4169
4173 4175
4179 4181
4189 4191
4193 4195
4199 4201
4201 4203
4205 4207
4213 4215
4215 4217
4217 4219
4227 4229
4237 4239
4239 4241
4249 4251
4253 4255
4263 4265
4267 4269
4271 4273
4275 4277
4279 4281
4281 4283
4283 4285
4285 4287
4291 4293
4293 4295
4295 4297
4297 4299
4303 4305
4305 4307
4319 4321
4323 4325
4325 4327
4333 4335
4351 4353
4353 4355
4359 4361
4363 4365
4365 4367
4369 4371
4371 4373
4373 4375
4375 4377
4379 4381
4381 4383
4383 4385
4387 4389
4391 4393
4395 4397
4397 4399
4403 4405
4407 4409
4409 4411
4413 4415
4415 4417
4417 4419
4429 4431
4431 4433
4449 4451
4461 4463
4465 4467
4471 4473
4473 4475
4487 4489
4497 4499
4501 4503
4511 4513
4513 4515
4517 4519
4531 4533
4533 4535
4543 4545
4545 4547
4549 4551
4551 4553
4561 4563
4565 4567
4571 4573
4573 4575
4581 4583
4585 4587
4587 4589
4595 4597
4603 4605
4607 4609
4613 4615
4621 4623
4625 4627
4627 4629
4645 4647
4653 4655
4657 4659
4661 4663
4665 4667
4673 4675
4679 4681
4683 4685
4687 4689
4691 4693
4697 4699
4703 4705
4711 4713
4715 4717
4719 4721
4723 4725
4725 4727
4727 4729
4729 4731
4741 4743
4745 4747
4749 4751
4751 4753
4755 4757
4769 4771
4785 4787
4787 4789
4789 4791
4791 4793
4793 4795
4795 4797
4805 4807
4807 4809
4813 4815
4819 4821
4825 4827
4833 4835
4861 4863
4869 4871
4873 4875
4875 4877
2128 2130
2126 2128
2122 2124
2118 2120
2116 2118
2102 2104
2096 2098
2094 2096
2080 2082
2068 2070
2062 2064
2052 2054
2018 2020
2004 2006
1998 2000
1990 1992
1984 1986
1978 1980
1974 1976
1970 1972
1958 1960
1954 1956
1944 1946
1940 1942
1932 1934
1924 1926
1920 1922
1906 1908
1892 1894
1890 1892
1880 1882
1868 1870
1858 1860
1852 1854
1846 1848
1842 1844
1840 1842
1822 1824
1814 1816
1812 1814
1776 1778
1750 1752
1744 1746
1742 1744
1736 1738
1732 1734
1730 1732
1728 1730
1726 1728
1716 1718
1710 1712
1694 1696
1690 1692
1688 1690
1684 1686
1648 1650
1642 1644
1632 1634
1626 1628
1612 1614
1606 1608
1582 1584
1576 1578
1562 1564
1560 1562
1550 1552
1526 1528
1498 1500
1490 1492
1486 1488
1460 1462
1452 1454
1448 1450
1436 1438
1416 1418
1410 1412
1408 1410
1406 1408
1398 1400
1390 1392
1386 1388
1352 1354
1344 1346
1342 1344
1332 1334
1322 1324
1316 1318
1314 1316
1306 1308
1302 1304
1298 1300
1292 1294
1276 1278
1274 1276
1252 1254
1244 1246
1234 1236
1228 1230
1226 1228
1220 1222
1212 1214
1182 1184
1174 1176
1170 1172
1164 1166
1148 1150
1146 1148
1142 1144
1122 1124
1092 1094
1084 1086
1078 1080
1070 1072
1066 1068
1054 1056
1048 1050
1044 1046
1040 1042
1036 1038
1032 1034
1020 1022
1012 1014
1000 1002
982 984
968 970
964 966
954 956
950 952
940 942
934 936
930 932
926 928
922 924
920 922
918 920
900 902
888 890
878 880
872 874
862 864
860 862
848 850
844 846
832 834
826 828
818 820
812 814
806 808
798 800
792 794
788 790
784 786
782 784
770 772
762 764
742 744
736 738
724 726
720 722
716 718
710 712
702 704
700 702
698 700
690 692
678 680
676 678
670 672
662 664
656 658
654 656
644 646
632 634
622 624
614 616
608 610
604 606
594 596
592 594
588 590
578 580
566 568
562 564
558 560
554 556
546 548
534 536
530 532
528 530
524 526
518 520
506 508
494 496
490 492
474 476
444 446
432 434
412 414
408 410
398 400
386 388
380 382
374 376
350 352
332 334
316 318
308 310
306 308
304 306
294 296
280 282
258 260
240 242
236 238
226 228
222 224
212 214
208 210
206 208
200 202
194 196
172 174
166 168
156 158
134 136
126 128
122 124
110 112
100 102
78 80
74 76
66 68
48 50
40 42
34 36
26 28
12 14
2 4
2148 2150
2150 2152
2180 2182
2192 2194
2198 2200
2218 2220
2232 2234
2234 2236
2236 2238
2262 2264
2276 2278
2282 2284
2290 2292
2292 2294
2300 2302
2316 2318
2330 2332
2346 2348
2368 2370
2378 2380
2398 2400
2404 2406
2412 2414
2422 2424
2430 2432
2470 2472
2484 2486
2486 2488
2488 2490
2538 2540
2544 2546
2570 2572
2576 2578
2594 2596
2598 2600
2604 2606
2606 2608
2610 2612
2618 2620
2626 2628
2630 2632
2636 2638
2638 2640
2640 2642
2650 2652
2652 2654
2658 2660
2664 2666
2714 2716
2734 2736
2742 2744
2766 2768
2770 2772
2784 2786
2788 2790
2792 2794
2798 2800
2810 2812
2814 2816
2816 2818
2824 2826
2830 2832
2846 2848
2852 2854
2854 2856
2856 2858
2868 2870
2874 2876
2886 2888
2890 2892
2892 2894
2896 2898
2902 2904
2904 2906
2910 2912
2912 2914
2924 2926
2934 2936
2940 2942
2950 2952
2952 2954
2964 2966
2972 2974
2976 2978
2980 2982
2990 2992
2996 2998
3010 3012
3016 3018
3024 3026
3030 3032
3042 3044
3050 3052
3062 3064
3064 3066
3108 3110
3118 3120
3146 3148
3156 3158
3166 3168
3168 3170
3184 3186
3186 3188
3188 3190
3200 3202
3208 3210
3228 3230
3238 3240
3250 3252
3256 3258
3260 3262
3262 3264
3266 3268
3270 3272
3274 3276
3276 3278
3280 3282
3304 3306
3308 3310
3316 3318
3330 3332
3334 3336
3344 3346
3348 3350
3378 3380
3392 3394
3406 3408
3420 3422
3428 3430
3436 3438
3446 3448
3466 3468
3474 3476
3494 3496
3502 3504
3506 3508
3508 3510
3512 3514
3516 3518
3520 3522
3522 3524
3524 3526
3528 3530
3532 3534
3544 3546
3552 3554
3556 3558
3576 3578
3578 3580
3580 3582
3612 3614
3660 3662
3676 3678
3682 3684
3684 3686
3688 3690
3702 3704
3734 3736
3736 3738
3750 3752
3758 3760
3764 3766
3768 3770
3770 3772
3778 3780
3784 3786
3788 3790
3794 3796
3798 3800
3814 3816
3818 3820
3822 3824
3832 3834
3834 3836
3836 3838
3854 3856
3874 3876
3880 3882
3892 3894
3912 3914
3936 3938
3948 3950
3950 3952
3956 3958
3970 3972
3972 3974
3978 3980
3982 3984
3996 3998
4012 4014
4024 4026
4028 4030
4030 4032
4032 4034
4036 4038
4040 4042
4046 4048
4062 4064
4104 4106
4114 4116
4118 4120
4126 4128
4136 4138
4146 4148
4152 4154
4154 4156
4162 4164
4166 4168
4184 4186
4188 4190
4192 4194
4198 4200
4206 4208
4212 4214
4216 4218
4232 4234
4236 4238
4242 4244
4256 4258
4268 4270
4274 4276
4278 4280
4280 4282
4282 4284
4288 4290
4322 4324
4326 4328
4336 4338
4342 4344
4358 4360
4360 4362
4384 4386
4402 4404
4410 4412
4424 4426
4434 4436
4444 4446
4478 4480
4498 4500
4518 4520
4524 4526
4544 4546
4552 4554
4556 4558
4560 4562
4566 4568
4570 4572
4580 4582
4586 4588
4594 4596
4598 4600
4610 4612
4614 4616
4620 4622
4624 4626
4636 4638
4654 4656
4656 4658
4660 4662
4664 4666
4692 4694
4704 4706
4708 4710
4710 4712
4718 4720
4732 4734
4736 4738
4750 4752
4794 4796
4814 4816
4828 4830
4842 4844
4852 4854
4856 4858
4862 4864
4868 4870
4878 4880
4880 4882
