4882 9975 1373 2143
758 300
649 653
4207 1537
980 3742
330 4790
3926 1682
3924 134
3187 35
2223 4403
728 4308
873 3121
2917 2919
4731 4477
961 2081
1987 25
2981 3949
5 1357
4671 997
3593 3599
4745 2641
2003 805
3404 4218
1585 4483
3599 1131
2837 3
1516 54
274 3064
327 2301
47 4653
43 1975
1041 3169
4785 4769
4649 1079
4355 433
333 3409
3027 261
75 1065
1808 38
503 2725
2291 3557
2763 2765
3030 3024
851 849
4755 2939
36 3382
4689 691
1104 4482
716 718
1070 78
3989 1009
1833 497
4081 4083
629 3287
81 535
2747 2751
3439 1855
456 96
568 2634
4335 1153
4837 2431
1823 975
1151 1143
4090 666
3189 3187
19 3087
3525 135
192 4134
4451 917
428 3888
1649 2829
2916 1912
3553 225
620 3828
4676 3982
2991 4835
1678 4852
3453 3447
825 3797
296 4864
1219 4017
3090 4114
4531 4533
2925 4375
3036 1982
3939 453
1987 4261
2181 3697
1645 1177
4557 1163
1839 3039
2431 503
4598 4608
4561 4703
2015 4399
438 1068
3466 3474
66 4838
4514 806
4393 689
4373 439
2525 4795
2180 3758
1663 4717
3350 426
3563 3565
669 3037
4815 4201
590 4092
634 624
1327 1325
3097 4865
11 1217
4040 154
4567 1127
512 4032
2896 2892
2445 4261
4754 1518
3273 3265
4217 931
104 3914
1227 3865
4868 360
2120 2124
752 4376
3466 1592
542 3912
2124 2128
4083 4085
861 3491
4879 1097
2731 4347
4553 993
4714 1326
1983 4303
3449 1177
1131 1113
103 3207
3844 298
2345 1155
4355 903
4375 4373
782 6
4392 1846
923 921
4872 1594
3509 1285
4419 2201
4782 892
4355 1133
377 4549
4666 980
3488 830
23 3233
2329 735
3379 3377
47 4561
1963 1015
414 4116
4028 4030
649 3813
4345 2035
2709 757
266 4762
1021 251
4161 2951
221 2375
1721 4421
891 161
889 3715
4849 2699
3703 285
606 610
4173 3169
561 4091
373 367
773 4031
2851 3413
102 4842
579 3301
1361 1903
4854 2910
3494 2036
4597 373
1072 3538
3060 3050
4519 4585
233 3031
4411 4409
3380 4
501 2149
4016 3324
3489 4405
2521 4795
3409 4775
4847 3513
1053 3739
874 880
388 382
3978 3982
256 3684
3751 3759
4436 1186
1989 1615
4751 103
1322 3590
1589 2447
4729 771
2806 624
4315 873
4227 1729
2910 586
3873 3387
2828 3962
2409 4531
1293 2313
4749 375
3471 43
2689 363
4013 715
305 2489
3298 4782
3030 334
1657 1667
2013 243
2924 142
712 4616
1697 1689
1863 3133
2383 2387
4659 787
2045 4769
1755 4393
3650 728
509 1685
2253 2247
1913 4453
458 4466
57 2227
1002 3320
815 817
4862 1206
2258 92
4535 2545
4192 4198
101 1607
1328 3426
101 1413
519 3271
4695 75
4253 4249
1936 2244
4568 956
1522 182
4632 3776
4136 4144
2501 329
2301 103
2135 3509
11 4871
992 3460
3221 1277
4853 87
1079 3713
375 4747
2138 2904
560 4462
4235 675
1197 4817
951 2675
2099 437
1669 1667
4575 3125
519 3109
1071 4653
309 311
2155 4699
1043 4729
1530 1552
2963 485
3613 3261
426 4082
4681 729
3799 4535
4282 4288
3069 1193
4517 1491
2475 999
3989 4469
2749 257
875 2521
2209 4825
583 2881
2712 4744
3957 1503
4541 3665
1214 1190
1459 727
4349 641
3956 152
4806 2956
4326 250
4787 1265
4579 3429
3019 3017
3583 317
4849 2987
4657 4661
2652 2658
1049 2663
2959 4623
4143 4727
3683 3685
4734 2220
4452 368
2589 333
303 3021
956 4274
4440 914
2237 2233
932 930
703 3935
4313 1047
172 174
4087 4085
156 2262
621 3661
4634 788
2597 787
3717 195
4027 4881
4412 2266
3277 2557
4839 2127
3871 4095
4165 4163
3804 866
1569 2941
2176 1466
3886 2596
1066 3194
2945 2949
1815 853
130 4562
2960 954
3911 803
481 2167
4759 479
4288 4316
1330 4214
3660 586
4413 549
4451 331
4445 2965
827 821
181 4655
4059 2037
3734 524
2609 501
1674 3414
4137 337
3195 3201
1631 3179
319 837
4800 3444
4326 680
1177 383
763 2397
3887 477
4415 49
3619 607
4265 1501
3763 3759
108 1806
677 3363
4265 889
902 4822
3463 3465
1771 2927
4091 2563
1849 3429
4807 57
546 2854
737 739
3700 4878
3741 25
1398 2720
4465 2205
1278 1276
3068 526
4812 4358
4072 496
1011 4209
430 3020
1086 1080
1633 3511
3737 915
763 2523
2126 66
3232 3228
4760 2008
1152 4628
880 2220
4378 1642
1075 4245
3870 120
4211 2655
1836 3680
1030 4688
4488 406
3989 1181
1794 272
3383 1601
537 117
617 629
4536 1536
2150 4328
1171 1365
4293 1321
4027 4613
569 4347
2180 2192
4568 346
979 2191
1429 1425
2261 4195
3381 2547
16 28
703 2589
48 2328
4167 1153
2665 2663
385 2245
304 4660
4622 986
3916 608
4737 2625
3419 49
3059 3877
2812 2020
1991 1957
4175 3281
1839 105
365 2865
2952 992
1557 3755
2816 1660
449 4637
51 3037
951 441
423 4831
4854 1072
874 864
664 3774
1422 724
3160 4848
1299 4053
1489 1511
1825 4387
164 3054
2816 2814
2694 84
4368 970
1295 4865
4797 2813
1515 59
483 3763
4739 1353
3455 157
2105 4845
42 50
1043 1889
1796 3048
2453 4501
1432 3244
59 2875
3674 3660
312 3194
3743 3747
239 1195
4853 3631
3985 335
3153 69
3305 727
3762 1448
4727 2237
3526 1980
797 4599
187 4011
4532 4820
3809 3805
4681 539
366 2428
4255 4717
972 984
2926 4384
2286 4578
53 3543
4065 39
4807 1199
3256 1858
483 157
3264 94
4863 2373
1158 3092
1629 4249
1878 3304
35 2459
117 2037
3692 612
1551 4449
113 1551
2355 245
2175 33
4587 51
3650 504
3629 4743
3391 4231
4556 2502
4029 2781
3770 6
3109 735
603 2583
4588 1938
1298 3866
4539 225
2814 2810
2436 122
1056 1068
4535 453
4589 2221
3720 626
635 3511
28 1258
3695 1483
3304 888
4492 252
3742 1642
4550 1968
2377 1003
2457 19
1083 1567
4865 1381
297 1591
2982 8
2193 3477
192 4486
4283 487
472 3922
2177 3579
2862 336
4231 435
3619 381
2927 2925
1338 26
4817 1051
1801 151
195 4881
2525 3845
2455 3911
1325 2703
4459 3099
3011 3421
4519 1403
1781 4641
84 2656
3454 746
205 1593
138 3274
311 2511
1279 1273
4 2718
2681 4545
413 4109
314 3234
1089 1087
170 1852
2013 871
4572 3168
1287 4207
258 2426
4828 4842
39 1669
420 2014
3544 3532
1176 3798
605 4569
473 477
4001 4009
2915 3383
4816 1528
2080 4448
2849 533
4372 2374
2097 3133
3250 4346
1179 3045
4395 3251
651 3955
4845 2997
885 889
3997 3995
4849 4407
482 492
202 198
4765 3661
4856 4862
201 1411
3 1167
733 2621
2851 2849
2885 589
4723 3699
3235 1373
3916 1666
1931 565
2118 438
428 2726
3047 793
1658 86
4827 777
4752 2324
4429 2439
1381 4237
2092 4790
4779 2235
4187 2845
369 3327
3087 3743
4760 2702
722 4750
2291 15
506 2878
4662 1136
4003 3451
1874 3694
573 1043
4020 1432
3393 109
4805 2127
3614 4762
2827 4731
4433 305
199 3047
4165 1173
1269 3301
2269 3167
2811 1103
1005 4559
365 3589
1675 3993
4703 2733
3111 1521
4058 3280
2268 308
2944 184
1747 257
4241 2515
77 4075
4643 2495
370 4616
1750 294
4255 3505
327 4333
3297 7
3425 2421
4490 4878
959 4737
4309 1527
4690 818
2161 2157
1278 4678
2680 4572
79 4771
3854 722
4617 3453
2063 747
4389 2405
11 1871
445 4549
2109 735
3622 4824
695 4145
3739 1237
4789 1747
1647 4831
88 1492
4879 4627
189 183
3047 855
3736 2986
3329 91
432 146
259 261
331 2879
1291 4451
3101 3103
4047 1663
4836 2570
3962 2728
44 3898
3278 4882
2025 2021
2345 4437
4473 4487
4615 2299
4232 4216
3696 364
356 4824
1199 183
251 4725
3838 608
4774 6
4863 3831
4838 644
1528 3612
3377 437
15 4087
2251 4669
4757 395
4522 1430
569 3555
1974 4216
2247 2245
2901 1255
1281 1007
369 3581
300 4334
1625 1601
558 4342
4637 161
1520 4268
1651 1639
1954 4172
1309 1305
3 4347
3681 2379
128 136
4707 1839
1450 1934
751 1423
3991 2611
758 4760
60 3260
850 846
685 4589
4097 1437
744 3340
358 4190
73 4639
151 4425
1553 1549
1763 169
1850 4422
1296 1968
4481 189
4464 3438
2683 123
4031 669
4616 4614
2980 2990
983 4553
4302 60
4430 1576
4585 4581
1265 3235
14 4096
2493 3487
875 127
1080 1072
281 4457
2479 3833
999 3
3911 1615
1975 1457
2507 2503
3587 3585
3599 4471
1694 4514
25 1889
1283 1279
1821 4237
2386 284
1531 3287
314 4214
453 4829
858 4796
2071 1103
3233 3227
4786 1762
30 774
2397 387
1189 225
4603 1703
573 2547
4852 4856
4019 4697
1601 1115
2031 4415
4500 1510
3248 4868
1970 4568
3101 1149
1542 4082
3172 598
3397 919
181 4523
4655 85
1553 1857
2412 722
2326 2316
363 3555
2682 926
3699 867
3337 95
1063 4327
4843 413
4535 2165
3081 321
2872 3590
4044 166
4861 4869
4758 566
1541 1009
4882 2874
4849 3265
3463 2105
1622 4682
505 4569
3982 1112
469 471
1734 1738
3489 2589
1461 4409
4381 943
4810 928
355 4879
183 3933
1619 2729
4847 4361
1839 2423
1698 4420
3918 4824
2715 3017
2288 2966
4873 2067
3586 154
1947 3465
771 4881
2072 308
803 2889
3207 1157
3437 4839
1913 1911
231 2149
632 24
57 53
944 1120
4699 1931
74 3578
2215 2217
764 772
96 4800
1869 3323
57 2401
961 4535
4345 379
2541 4535
3389 737
4747 29
4655 143
3561 3313
4677 4509
1110 242
3361 267
1989 4459
2740 504
1279 2587
129 4417
4875 3501
4731 141
2648 2640
4315 3419
1027 2829
51 3343
1717 3723
4649 879
1789 857
1368 1365 1373
283 3333
487 2739
1767 1771
3899 3905
4350 660
3807 1477
4369 235
1934 1928
3129 191
1845 4449
4336 316
213 4645
4636 1122
581 3905
2991 3691
501 2373
1686 1690
4816 4874
4199 1169
3309 2095
4497 1777
3472 4472
1151 2853
4589 3347
3874 3880
66 3294
62 2576
413 3383
471 2041
162 4120
2104 2118
4700 4692
4565 859
3454 3446
809 4413
1853 4633
4172 476
4870 306
69 3633
15 681
3217 167
575 4339
2907 4097
548 538
1473 2775
4493 2943
490 4880
3707 2207
4111 821
4335 775
4717 3469
2533 733
4515 147
4347 839
3541 1509
4533 23
2431 935
208 2834
443 441
4833 1919
3872 1456
4424 4434
1378 1377 1373
932 4830
519 2409
3064 4350
1120 4812
1319 3461
505 3881
2325 4163
4199 161
2464 4738
4773 1987
4520 640
1856 4160
4501 4509
1274 4446
3983 2301
2297 89
4371 1129
3854 1560
419 4531
4357 3597
557 4713
4268 4272
1752 4816
1733 4575
3438 1470
1274 2740
1511 1515
167 4429
689 1331
61 4685
2691 437
1826 1842
2904 604
2428 4132
3313 3311
159 167
247 15
2410 3678
1179 1181
3003 2243
4708 1570
4619 217
4444 2188
4357 2249
4639 2657
3576 3578
3935 677
1128 4786
598 4110
3211 563
3631 2613
3529 4541
1454 4810
2994 4646
85 387
1783 2083
1075 1081
3507 3511
1227 4737
2127 3479
7 2539
3334 3330
4862 228
308 2810
3447 57
571 2093
1700 1712
85 4345
1651 19
1350 3352
1240 4748
2531 4795
4233 659
4652 186
2902 24
218 3792
4838 2554
1581 3107
4699 427
4117 103
463 1475
4306 3188
524 2630
1260 4864
3209 1509
4740 4476
1870 3868
1829 4689
4143 2155
358 4538
3375 3377
4217 4219
2192 3264
4439 307
1282 744
3760 192
205 4013
4366 4058
1080 3786
15 3895
257 1181
2139 243
4127 4119
245 3291
735 737
1375 757
4862 4810
4656 1644
79 873
121 2897
4040 2502
1751 407
3517 1639
601 3735
4725 1147
3800 4606
85 1717
2192 2400
4075 2627
183 2427
1695 3443
1137 4575
183 4077
3347 4153
1768 4368
4131 4127
974 290
1628 1620
73 4355
3732 4376
102 4176
1878 4472
2629 1043
1222 4064
1353 3725
3131 1031
1651 3391
699 2975
4278 4280
379 4765
2547 481
4079 1705
2973 2967
567 1215
239 2723
4041 4039
1365 2733
395 1619
3945 477
4059 4057
213 2253
4356 4342
2443 4605
2720 4010
405 403
2064 3606
4439 1007
3247 263
4277 861
3050 246
4571 1295
3995 1365
1189 323
830 2418
1560 4800
3429 2237
975 4305
3321 4589
2016 4182
4135 4673
4815 825
2337 2335
441 4619
2635 93
791 1245
4743 817
3145 3149
4000 3264
4852 4842
4657 1913
1283 3359
3813 3815
4881 2239
817 819
561 3275
4776 682
2249 3399
2912 4200
314 2054
4587 4593
440 3166
559 2201
128 124
4813 2235
4198 556
1959 761
4373 2139
4050 1338
3826 514
3863 1139
2641 239
4409 2307
227 2749
1141 1135
4569 2949
67 2013
4009 291
2478 282
3710 74
2094 58
4811 4807
4874 800
659 4621
3091 1695
2937 4533
1708 1106
1605 2857
499 2669
1944 3076
4525 55
2615 197
4020 3304
4719 2221
239 241
733 1569
821 2717
708 2706
598 4150
2158 4860
3337 3341
1059 3949
850 862
4196 2956
4007 85
327 1875
468 4154
3619 9
417 1979
518 4208
2617 3489
1197 2501
430 80
3149 4855
4847 1565
1277 1191
1286 4270
4705 789
1609 4619
129 2069
3149 425
2954 492
1041 2153
137 3451
1038 1034
1976 3452
1833 2395
675 2883
500 1686
4485 1875
3911 261
805 809
4602 452
296 282
2590 1126
584 3562
50 2226
13 983
4401 3
2985 323
4163 451
4311 4841
4293 2989
797 793
796 2586
545 4247
4723 4725
264 4694
4169 3953
1744 1738
4214 440
2635 525
4275 4279
103 3131
2950 2952
4720 248
1352 4642
53 3693
859 4549
4875 1153
2771 2403
1293 245
3219 3221
1344 1346
2041 545
4847 3423
225 4581
732 1122
1377 241
1166 1172
802 4514
3863 817
1572 4308
1175 1943
4877 4649
1142 3908
4535 2239
1335 4869
490 4354
506 4082
3395 1467
3871 2031
4826 2006
105 4723
2154 3082
4791 3153
4201 1881
2907 2909
439 3383
1289 3483
2089 3869
4496 112
1441 4491
2792 2798
2707 853
3774 1804
1432 3944
734 1932
4403 355
642 3150
4195 2343
52 956
1862 4284
701 45
4083 1397
1370 222
284 1230
5 2721
823 257
568 4552
4564 2798
1821 1815
4821 157
2493 4579
2654 1338
4275 1
4481 3801
2296 734
2146 4684
3221 4687
4041 1997
4687 1373
967 4833
2522 444
47 4421
1281 3399
1970 758
2189 2183
31 2469
392 4842
3010 688
2556 90
331 3699
512 1240
3707 111
2079 643
3428 4718
4821 3299
4350 992
3852 3836
1839 4553
174 3026
3411 3409
3323 3325
745 3275
4424 3464
3203 169
160 168
3907 3439
4336 1438
1917 4799
863 4819
4193 4189
3875 1395
3193 1177
1397 4517
4879 3483
338 4774
2820 490
728 4220
705 4673
2237 2239
475 4077
1819 3563
3659 643
3641 4713
3198 716
774 2006
531 3645
894 4523 2143
1874 3766
457 4331
3750 3736
3931 2815
4831 4581
1526 4742
2088 122
2449 3809
221 1409
4548 18
505 4423
4487 3867
1769 2743
2107 2115
4833 781
2983 2271
2630 18
4298 1574
3835 375
4457 1687
4381 1765
2980 4406
1279 4731
4748 4736
4369 1123
2617 4745
3421 3419
205 3359
3194 2230
355 1459
4878 3884
4585 115
1955 397
17 3267
1148 4166
2531 4315
2122 300
3696 66
3940 1444
2995 341
599 2013
4825 143
4399 617
1375 1362 1373
1165 1485
2277 3461
468 2076
781 3679
102 88
3508 302
1039 4111
91 93
399 4467
442 4774
2069 2065
3758 3764
22 3148
341 3891
644 4796
3827 2509
4642 2342
2355 2363
990 4564
3651 3671
3254 808
4098 950
3425 461
4685 211
4408 2372
3723 1013
709 3137
3005 423
4271 2631
3249 3257
55 3975
3075 967
3937 1215
4179 4529
4170 2876
410 3332
464 3562
674 2034
62 3074
409 3907
4463 4461
4187 4527
4749 3475
1063 4539
2233 1887
1943 361
4399 2043
4468 954
4873 2737
1075 3523
948 3638
3475 1451
1337 3623
2373 4353
627 2393
1268 4262
4783 2765
4861 463
496 940
4795 1539
2807 4655
4801 1815
2121 979
2841 521
3544 560
3914 2588
375 377
662 3844
4536 302
3997 4001
3951 299
4557 4199
3222 894
662 1642
2263 27
4853 2097
4505 1219
715 2987
4702 180
4483 37
4285 4289
4418 1642
161 4209
2317 4525
1142 4332
2470 4610
3905 1765
1080 4674
4579 4573
63 1671
105 4807
617 2643
4607 4613
1917 1925
3037 1949
2290 86
3962 3806
1251 4689
1426 2860
4184 86
433 429
4149 405
2207 4733
3459 205
4807 3795
127 4469
286 3954
4689 923
2255 2253
726 4810
4875 2765
245 4331
4712 3312
4123 4499
801 4825
4245 1237
2046 4778
4365 1945
306 3238
571 4367
2729 1491
1085 3949
3506 3508
4702 4184
2757 4363
3751 4643
19 3229
4705 4293
2727 1821
4520 148
934 806
621 4759
3769 3763
3544 2384
4013 607
1709 1711
3 349
32 4452
1474 432
4131 4133
4603 4605
2167 3943
1209 1825
2483 2491
164 3720
117 4139
4621 1541
3123 3923
2029 3541
2415 1009
4855 2211
3405 1889
621 2681
284 2742
4223 2783
3857 1135
2890 744
3835 385
691 2975
4775 4193
832 3584
3898 1376
38 4488
819 3629
4869 4197
1557 4011
2183 4695
1008 2976
4663 473
1729 1723
2 1508
4375 421
1749 1739
2413 2415
3598 2390
4151 91
925 923
16 4510
4555 2903
237 1991
2621 2895
683 4563
4626 2786
4215 827
3643 189
3118 3108
4836 4390
2063 459
929 2727
4823 519
3685 669
4163 4161
1795 3181
59 893
4879 959
1526 4708
4191 257
1331 4181
4473 4471
2983 949
4792 194
1109 1107
931 3875
3705 561
4278 2118
3533 3525
1283 4703
629 4073
4378 1128
204 2762
634 4560
2393 4355
1404 3302
953 963
1635 3937
2455 491
1130 1144
1205 1361
2858 32
4690 646
4284 916
2343 4745
983 3153
1308 1316
1859 3481
1392 1400
7 3
2096 4870
741 4127
1267 3729
1003 3887
4837 719
1308 4822
4685 4683
4302 838
4316 3390
207 3941
4383 2285
1797 4605
1937 73
4066 2530
2649 1015
468 2928
3543 4797
4684 754
1116 2786
561 4821
4649 2097
113 449
4295 4853
4018 498
4822 1312
2427 2437
61 1655
1237 961
4861 935
3507 851
4046 4040
4345 573
1086 4020
540 4864
1925 1929
3815 4655
4661 4665
842 3730
2430 2464
1395 3797
3536 398
4329 2283
4798 1066
4433 25
3593 3589
1581 1077
2801 4723
4451 4855
670 3434
238 4794
457 4279
2294 974
961 3079
4512 468
2665 4731
3399 2607
672 4574
151 4287
1707 551
4817 229
282 3986
3619 1823
1600 3538
4224 1186
3275 1651
3024 116
3808 1342
2806 4114
4767 4115
61 1255
3572 238
3396 136
3897 1047
3973 4743
3495 4757
2285 31
763 4829
571 299
376 2418
3788 4548
2856 4424
750 3576
4194 1134
3610 458
4090 2386
153 2457
725 4733
2130 3748
1026 3726
2290 2292
2543 4659
73 4651
3439 3433
3239 4473
2427 817
991 4215
9 3107
1472 634
3160 270
3648 1110
1073 4843
720 3738
200 2904
195 2561
2646 844
4881 1295
1093 4467
1552 4542
35 953
1161 575
4167 4173
4682 334
53 2415
3779 3781
3982 3534
138 4858
4817 4813
4864 1502
841 2539
98 2632
92 4768
3341 3345
4139 2911
135 2723
2535 3143
785 779
4091 4451
1633 757
4783 897
4462 1814
4342 4336
2452 100
277 2435
116 958
3545 583
1405 217
2026 4562
1828 4242
4250 356
4312 2292
3386 766
1883 1367
4147 4867
2635 1595
3685 4503
4873 1459
2584 330
3052 372
2769 2767
4218 284
1429 2533
4872 2412
1550 438
188 4664
201 3441
1294 4190
183 2911
2287 4875
2575 2583
357 2457
1993 1033
2279 4283
3203 1925
3731 1959
3165 4255
4859 113
209 1491
4671 629
3355 29
4315 2839
607 4335
4812 278
3445 1033
1150 4824
208 210
766 4556
2541 3193
4515 457
1994 4584
4543 957
3511 537
2798 2800
1621 15
4611 193
1635 4491
2835 157
1649 763
249 4863
3293 1845
1301 1299
852 3458
7 4219
91 3863
2218 610
962 1714
425 2781
2573 151
4643 2991
3504 4842
3948 2556
3940 252
1516 3198
3071 1395
4681 1529
3306 764
2184 4550
2902 3564
3331 1121
4595 2453
763 4805
1466 154
4391 1441
797 3971
3276 3274
4030 4032
78 4332
4469 2789
4507 4677
1127 23
251 4727
4546 160
6 3024
2221 5
4867 1281
673 4663
383 3517
4056 846
3993 2179
557 3467
834 828
9 263
671 3
1308 1304
3402 2216
4829 769
3099 17
3305 4793
1228 1230
2009 1099
4833 2189
2284 4174
1288 2678
4819 3621
444 1834
4768 3274
4169 2343
576 4748
3301 1765
338 3434
1255 4311
3712 860
811 815
210 4798
2061 2065
4388 1854
1929 73
98 2422
1709 1705
3182 4792
3575 671
771 3037
530 4550
4700 2560
4815 25
3502 3494
4346 254
385 4745
2670 4222
2842 4200
3911 4411
3203 4523
4470 3440
4634 1934
2791 2247
1255 401
930 3148
208 4494
3886 298
3280 3276
4075 55
46 2582
741 987
3139 3143
2511 3711
1309 4253
4253 2173
2674 1276
4649 3839
687 2977
1187 4721
505 231
1601 4281
937 2899
4857 47
1063 19
249 3867
3271 2231
2893 2887
510 2038
3722 1708
477 4549
198 3354
1089 3861
127 1249
1473 4177
1003 3807
1135 289
1439 4619
2448 4428
105 3855
2316 4770
348 3554
1378 4880
2209 239
4391 1
1535 1533
4523 1835
3479 4803
4115 2659
3371 3373
4305 4319
1183 3761
4037 4033
2864 3732
4656 4654
4426 3064
4395 4397
975 349
839 1365
4842 638
71 4107
3620 540
1157 1153
1833 3797
4630 1062
2576 2588
4733 3005
2769 2771
14 2982
379 4201
4488 640
613 607
113 4695
234 4036
1477 3325
3847 1449
3317 4819
4361 637
4125 547
4 3498
1493 2579
4773 947
23 3107
2931 2929
2269 2273
4843 2291
4662 3966
935 933
2881 2875
4279 4281
581 4709
3406 3414
4189 781
931 927
4719 2969
4875 2097
1916 4270
301 4585
4680 1624
4568 4566
4769 3301
2924 56
993 929
4511 1879
2774 540
1852 760
1669 4445
779 4719
398 4708
4001 521
4426 840
4594 4586
1489 3957
3663 2333
4078 4758
2919 4819
2559 1723
2266 92
619 4823
3681 1969
793 3303
4432 2544
883 4829
1274 3262
3704 4858
989 4321
2773 4407
3444 2360
19 2301
997 4487
2544 166
1125 3355
1908 1894
2266 3432
4674 2926
4867 1065
3103 597
4035 1571
2045 4377
4157 2595
1332 2678
2463 2459
3559 615
469 465
3117 37
1955 4419
2745 201
2501 4193
629 4745
1661 3589
3279 271
3197 4867
1920 4688
164 4044
3273 3281
987 4719
1710 2442
4694 24
67 273
196 4284
1520 4456
100 3064
4596 3636
221 4241
2829 833
4797 203
661 4369
4326 4334
4426 746
164 3746
24 4698
4547 1251
3815 309
2977 4877
3224 2518
4681 651
3616 4684
2854 2856
4876 84
516 3824
2793 4461
26 2274
3240 886
3460 324
2947 1415
3181 3183
4425 769
1646 1650
4392 1662
382 4428
3139 1
1021 3749
2085 2081
4086 84
4763 2485
2396 3840
4522 1498
1002 984
21 4453
3214 858
4857 1497
4251 1121
1874 4770
2710 130
4828 4814
2370 986
1097 3893
35 3045
4620 4624
1368 4394
4561 413
2465 4633
4810 1786
4483 1501
4526 564
1961 3425
4691 4693
1688 2664
3797 3793
4295 4297
4577 299
1789 4805
4077 291
4805 3033
4805 215
179 1945
4849 3435
623 4111
1349 4653
3328 1558
3633 1
2013 4103
4133 1987
1428 4444
1995 1483
2606 2608
200 4036
2806 4734
2807 2811
4241 1139
793 1459
245 553
3623 1665
55 2029
2609 1943
293 3637
4607 1217
2971 1309
2881 2885
1718 4646
4757 2389
1241 2887
593 4487
3855 3293
3769 2101
3228 174
426 3844
1040 4746
678 2368
1270 3772
4551 1021
4055 4245
3094 280
613 4705
2127 2119
1074 4784
2948 514
919 3689
3846 2626
71 4685
3798 3808
2951 2955
413 3817
4843 939
3851 1941
3093 585
151 1653
3500 1380
2144 1536
721 2399
3391 3939
533 1245
262 2648
4723 4719
925 4201
1203 4147
4856 4
4050 4758
4713 329
3044 234
277 4363
480 2372
4301 171
3906 274
239 3839
1884 4314
1009 4643
4436 2168
485 481
269 3973
1386 3706
3237 4795
3509 423
2365 2367
3554 1154
3055 1933
4775 831
771 4351
1114 4
2603 3825
3701 459
3192 2728
4604 670
1481 3131
201 1485
4751 3999
301 4213
4129 2191
4132 276
3934 144
3888 510
3469 1159
191 809
661 3431
1844 3428
2736 38
323 3127
4372 2134
4695 2681
1187 145
4091 3553
4573 4161
1255 4627
965 3079
3751 279
1461 559
48 2384
2380 4878
4462 194
19 2271
1301 3815
1364 4756
308 3168
4527 4271
1838 3312
4218 190
161 2415
2815 1009
4276 190
1042 1038
727 4717
3383 3385
4458 2722
1581 855
94 1706
1822 4816
4 1576
9 1141
3792 2204
3772 492
4459 623
4743 1849
3491 1821
565 1557
781 4641
8 2166
1639 1633
2751 3743
237 2845
2378 4454
605 1677
4351 4353
3701 2033
4517 1415
2886 222
71 1899
529 4155
4679 1103
3017 3007
595 2921
3681 1783
4734 1112
2278 3870
2757 715
4245 929
237 2741
2048 158
3539 2351
4815 809
4843 169
4865 747
111 4835
3062 3064
3727 1319
1941 1945
1817 3883
1509 3415
506 4244
1458 4870
393 4067
2542 314
90 3256
1999 2475
3837 751
969 965
2962 3794
718 722
743 3629
1145 4577
989 125
4431 4429
341 4305
3960 2054
39 3397
4064 3352
2569 485
2949 4769
3738 4756
1227 2481
1909 4675
2323 4765
4373 1401
4388 160
3851 201
477 481
1877 1873
2307 513
2187 37
368 2036
4282 2134
4297 661
2243 651
1215 2251
4558 100
2395 2811
21 1553
1013 3055
452 2724
449 2505
3189 3191
718 4258
245 1057
4410 4422
281 1151
4124 4118
4344 116
255 257
1613 4793
4570 3432
307 4645
2405 525
3957 1483
3627 4351
4343 1119
2219 2225
3855 1499
1198 4530
116 476
4720 884
4595 4597
983 973
4568 758
4711 4715
4881 2705
1576 2664
664 4656
815 2301
4734 328
1449 4129
3371 905
843 4261
3023 3025
4211 4205
581 4657
799 803
4749 1
3530 2108
136 3932
4813 3065
1499 4405
794 3864
2595 2599
658 656
261 263
682 4872
257 4607
24 2826
1393 4781
2785 633
3841 109
927 2371
3015 2055
3093 4479
487 2665
4384 140
3947 2713
259 2759
2150 2178
464 4280
4375 1833
1068 1354
27 2569
2012 544
2964 2952
287 3857
3053 689
3717 2029
4145 4147
340 4840
4225 4697
4822 3534
1635 2615
4756 1784
4227 1365
4523 1561
1652 4002
2004 1456
336 2176
4390 3116
3521 3697
709 4439
2300 2
4094 1070
2268 4866
2503 1417
279 4639
4195 1525
4341 3319
2061 2055
4585 3103
3402 1156
3639 4847
3771 745
3758 4740
521 3675
2553 2183
3888 12
3188 3186
2679 4229
4013 2685
1313 3891
2777 2775
2583 1055
492 3564
3907 203
2953 247
2234 2232
3521 3523
2978 508
1603 3137
808 814
3977 3013
1095 289
2742 3954
813 3087
57 817
1454 2842
655 4127
1732 4234
2559 4741
3552 3556
4743 1909
3807 965
924 4716
346 4874
537 2901
4577 927
4111 4117
1637 3703
4709 723
3348 1004
2964 2972
4565 4569
4350 2298
2985 1033
1118 2360
1249 3959
3912 4400
3797 1339
1083 2659
3538 2158
4279 2483
1305 1571
3051 3049
578 2970
1465 1457
4544 1344
1935 4709
4553 69
306 4356
1289 4851
3399 4731
4859 2613
434 4226
1603 4881
466 2834
3167 99
229 239
3169 1227
4811 291
350 4876
238 4826
4086 476
1854 4770
214 2578
466 4658
1939 1935
3845 2419
1483 2341
4012 4022
2874 2868
2658 3242
4373 2513
4571 1299
2701 2705
2196 786
1211 1207
4785 4097
1745 2945
545 1597
517 3827
1591 1593
2465 2463
4477 2011
2340 1228
4199 377
1130 4758
3421 1
2106 4882
664 4420
3462 502
169 3677
255 2977
4791 4793
4446 1272
747 4329
2553 11
624 2622
425 11
1789 3211
451 4271
2874 4106
331 35
432 2646
2459 41
1879 4605
702 700
3081 3085
2897 1251
2201 4481
4307 4495
3522 3524
369 4847
1517 1225
4360 4380
4736 258
1726 3222
294 3138
4713 2113
410 400
4541 1711
503 3509
3976 300
2646 4582
4118 1602
785 1169
3761 1307
4797 47
137 2293
3697 159
2337 4645
1599 3819
185 1333
4749 4751
4237 1733
467 2183
1187 4219
4792 3460
1573 1571
3293 275
3217 2063
2503 2491
277 4353
1099 2475
860 3212
2879 4533
4483 3151
2887 217
2384 2378
3061 3413
2722 4606
2299 797
4403 4135
198 4616
4839 1153
2101 4731
4691 1107
2851 1833
2115 3887
827 833
436 3382
2734 262
1261 4621
1402 2078
1674 22
4596 60
592 1930
3653 371
2809 4863
4636 1972
3417 4515
3920 3468
4567 2815
3937 1965
787 4079
4352 2114
4755 655
2794 64
2179 3523
253 2051
1771 2269
3357 4843
2051 2049
3963 1741
18 1014
4654 3460
1677 405
3774 404
2153 4349
1253 3469
4709 1549
1046 1624
49 4623
1255 1261
124 4570
4305 2765
2415 2629
3821 1611
1459 4659
4552 290
2878 8
464 2436
1825 963
3954 58
989 4463
3578 3580
4570 4056
1791 4125
141 1591
3607 3613
2903 1025
3253 2235
95 4245
4255 2151
3650 3148
291 1077
3559 1355
2980 4468
256 3652
1957 615
70 3008
1567 3707
79 4815
2261 2255
1972 1960
3949 1527
3619 257
3555 3561
4231 4719
256 3842
1757 4639
997 4175
3338 1112
2334 658
2958 4882
4662 2452
1010 1562
1151 3663
1584 4834
3492 1796
1146 3878
1779 4301
4055 609
2243 4869
4639 4877
3915 3909
3369 581
3889 1913
3421 2105
419 1623
577 4493
4325 299
3373 997
3773 3227
4631 1411
4728 4718
930 4586
4708 360
4485 2055
2731 2727
382 3946
1485 617
1261 1273
989 4449
1259 3845
4462 882
731 3929
4788 2252
68 3272
2251 2119
4050 502
4781 635
294 2244
785 267
1727 4351
874 362
1788 3042
1619 107
3810 586
1076 2276
1003 1005
4112 1930
2446 3284
2828 3472
4290 54
2820 162
915 3995
2355 373
1280 242
2255 225
3321 111
1237 4717
2801 4603
899 3057
2195 4081
3691 3689
4809 3545
199 4719
4389 2861
1208 1950
974 3054
1611 221
3965 3977
4693 1813
368 3444
2230 1212
4652 468
1831 3475
1179 1177
4605 1353
3978 1368
1120 3084
3596 76
2003 4735
340 352
4719 3297
3811 155
257 4209
1187 1189
1353 3835
1705 9
77 2641
2659 4861
4205 2189
154 3758
4697 673
593 4629
4100 1356
2440 3806
4126 4130
4204 4198
444 3384
437 2483
1591 4881
108 2318
1760 2110
1231 3599
4719 1189
3017 541
4076 3576
629 3857
4853 905
4648 10
272 3996
3360 648
3475 1421
2379 4365
3087 3085
3151 2709
2849 4401
53 3745
203 4063
505 173
3398 4746
2506 4254
4735 1601
3365 1795
466 2016
2903 1141
4369 4371
1398 3942
2102 356
1843 2814 1373
92 1392
1893 751
4011 4009
3180 242
4810 2
2849 913
4769 1211
3434 1288
85 3059
24 3924
1565 67
189 191
2377 3855
3463 1229
1871 555
594 590
747 4765
7 777
509 3893
13 4813
805 2731
865 859
1971 1973
4131 1687
2036 4074
4286 3000
2576 2570
498 1792
4304 2644
3081 3079
72 2036
4463 1705
1770 4446
3001 3003
3859 1499
49 2991
157 3893
4838 3958
275 2177
1311 4343
4137 281
3688 432
3181 3167
441 2903
1898 4876
405 4143
5 2759
2091 3909
3662 4706
2855 3029
3065 3059
97 3965
1745 547
4867 2271
4854 1446
1718 1728
61 871
3788 1922
2985 4121
3600 3580
90 2956
2923 2925
228 1914
4233 61
29 1799
4196 2072
3440 274
2934 2938
2423 4765
2886 2890
191 4713
124 3668
4451 3861
2393 5
4036 4040
2025 4281
279 3889
2538 2544
1651 4479
4167 1249
4239 1895
1851 907
933 2975
853 1403
4013 1651
4495 4649
3147 19
382 376
1705 1697
1647 2769
651 3803
984 4328
3173 4597
4879 1771
2125 1591
3713 17
4856 172
153 4593
137 2143
3321 3317
166 4098
4477 4713
4715 2439
11 4395
3651 3643
3129 329
2652 2650
4222 4860
1357 2925
2767 4463
1545 2821
4047 109
901 4135
2345 1101
2978 2976
1003 1999
1997 4615
1270 4642
477 2415
4242 48
1378 4716
4064 304
4306 142
4738 466
2380 4802
270 3114
3711 3065
4169 2117
3511 3519
343 4721
3369 53
2753 2757
3308 3314
3473 3465
1301 533
4583 421
1569 4713
2697 4703
3297 9
439 3747
460 4642
1832 4550
3769 2055
3193 4787
413 419
588 848
723 4025
89 3001
793 2973
3757 1941
3935 1381
31 4403
4137 4141
4016 4870
3676 724
4705 2337
1149 3545
26 1694
3215 3211
1053 4313
4170 192
4881 2203
427 4485
2346 2368
333 1333
3039 3041
763 3091
1635 65
2089 2087
1990 214
547 541
646 2520
4808 2212
3779 371
4293 4765
235 1859
2345 2347
3676 474
548 4102
2633 2629
853 3117
356 4628
68 2158
923 3499
3011 345
3358 4341 2143
1185 4467
2891 4443
19 4399
511 4425
1162 2210
4203 171
4308 3282
1642 1026
3682 3684
357 1589
1887 1881
64 1318
3856 220
1291 1293
2056 4542
1437 1873
2635 237
381 2575
2211 4319
4583 1707
4503 3331
1529 97
7 2929
2507 3287
3040 872
4205 37
1992 1986
195 4731
23 3139
4823 4039
3508 3512
2937 679
676 2882
2192 3332
2131 2145
1355 3699
355 351
1031 4829
2269 2263
3667 4037
573 2791
28 4682
1377 4845
1307 117
2234 2236
1355 3817
4621 4613
663 4625
2363 739
1302 32
1408 826
4177 1863
2082 2074
13 3741
944 4810
2892 4062
1493 4763
1369 3717
1995 2691
4081 3269
4678 486
4650 98
522 4494
273 4761
2539 2543
125 2821
2046 160
1807 3961
4646 2236
107 4301
3975 85
2956 4698
4337 1081
4060 512
2701 2697
2705 619
1540 4880
4729 1835
4077 2299
775 33
2096 2098
395 65
2199 4641
2694 12
1854 142
3603 1251
1814 1782
122 1394
3581 655
3719 1671
4721 3259
3826 1662
793 4861
1965 4069
4678 566
1873 3497
3181 317
1395 4471
492 3856
4730 612
3318 1044
2904 2906
3291 1489
502 4788
1947 4123
1506 38
2719 4271
4620 3004
4161 65
1726 308
3734 3736
37 3331
4116 4114
3553 763
4636 526
4665 3015
325 4415
4857 2785
3113 3105
4701 2829
207 973
4099 2869
3932 4860
65 4417
4271 2755
736 2378
146 3376
985 2817
1032 1956
4224 194
1657 3267
1049 1057
4061 293
3895 425
623 1109
3944 2724
204 2250
456 2468
3199 171
1847 3689
201 4145
3037 711
1539 115
662 24
2401 2405
2309 3695
579 1295
1697 2597
3083 221
4719 4715
4080 254
2339 19
3833 4355
4750 474
293 1685
4280 3764
1799 1801
485 3689
565 4345
1995 409
2519 2521
1452 4862
4811 3253
1221 4683
4281 25
2948 598
313 4477
4845 2253
3747 37
697 2233
179 4647
3879 421
1276 1260
1717 679
3515 1845
1329 3501
334 3002
1977 1973
2301 697
1435 369
2586 88
407 4735
321 313
3816 504
1147 3831
1384 4722
4276 4274
822 4122
4263 4267
1582 1584
177 19
3111 1065
480 3936
3809 3811
69 1649
53 4787
593 591
1608 1588
130 2264
3469 507
3883 3885
437 2935
3943 1417
4641 2391
2823 4515
195 1865
3358 2
82 2170
4183 4453
4799 49
3200 3206
3845 4793
4815 669
4793 3299
281 4609
960 4848
2889 4749
4851 3447
2762 102
867 3063
92 4350
4642 2866
3899 4511
4417 3523
1210 3686
1927 3995
1940 164
2128 4774
1637 939
874 3054
4357 405
3310 1560
4549 1487
217 4347
4769 1971
1130 4474
2422 4776
4429 1071
3327 2457
1716 4056
140 4664
1281 4081
4728 838
4757 4563
3190 886
4102 2708
1865 3219
4330 304
2155 2151
567 565
1519 3315
2598 2604
3926 2352
1956 8
307 941
1365 1361
3257 115
4730 124
1135 9
2147 4483
4762 378
2008 1348
2797 175
2061 619
3229 103
3715 529
4721 2059
658 4872
1309 1313
485 487
287 2585
519 3405
4293 2573
3171 3793
488 3764
451 2683
4754 402
3553 299
3786 364
392 1078
4179 4173
2691 4401
700 4880
970 4694
263 1941
985 4671
3119 3029
3123 1041
4 278
3681 355
1829 4635
3881 527
3198 3188
86 1542
1098 2958
3461 1181
3232 206
1591 3651
908 2404
3603 111
1612 4226
4376 250
1244 2208
4452 888
286 1570
123 2967
211 4113
3287 3295
53 1893
4719 3207
2513 615
497 3247
4547 1047
1891 387
1140 2714
3566 356
541 3167
4591 663
4753 3777
1223 3901
1450 4006
3559 93
3645 995
3825 3559
947 953
3351 3349
2422 2426
3482 178
1213 3711
487 3137
3987 725
3778 3784
3732 1818
3166 3156
3978 3972
971 3851
229 4777
4535 2583
3970 1288
3097 1821
2123 3243
2934 402
770 4868
804 4050
4881 2137
4311 289
627 2033
2341 3885
1010 3294
4148 2754
4679 4681
5 3905
4863 121
4446 880
4434 4440
3553 445
114 730
4445 2849
87 623
572 3110
992 3504
3656 2336
359 2405
860 1378
160 3212
314 3152
239 4221
2200 754
179 4067
1321 4573
3931 31
4528 4524
4177 4665
516 4534
4561 1075
1039 2983
533 4403
317 2727
977 4621
1987 283
503 4629
1799 1789
4507 2189
1318 1324
187 2983
616 2410
4845 437
4866 3982
4813 385
3265 1421
4505 753
4197 2275
4593 1659
4263 817
2759 1795
1327 2193
3967 909
1363 4675
3475 321
4325 4333
4772 208
433 4647
2578 1822
2783 1027
1113 207
4619 277
1253 1245
1507 249
1731 1739
4673 4679
1172 2152
4082 2940
3223 3227
4646 3182
4692 1054
3443 3863
4869 3669
1685 4405
3419 3413
641 103
718 4714
1281 4373
1391 3967
3710 1328
693 689
2313 1395
179 4047
637 1661
787 793
2481 4103
4177 2055
1055 2249
3198 602
84 2476
3195 399
1033 4519
1818 4090
934 4746
465 4367
3341 4557
1236 1230
519 4783
4561 2329
3814 548
4862 1744
1899 149
4265 2063
95 1917
1593 3453
153 4123
4366 484
4147 675
4553 791
729 3385
3930 176
1035 3059
599 595
4108 2612
2654 600
1412 4768
50 4110
1132 4808
3998 4668
244 4346
157 3685
760 3738
73 3183
4211 1717
3808 4876
4407 4409
3613 231
119 115
735 269
1117 3077
3457 3455
470 4368
7 3687
2631 947
720 104
471 4745
4836 1032
2775 4549
3673 1761
3132 1638
343 1725
4350 2044
2273 3301
2525 4519
711 3411
3884 3880
4477 1791
4447 667
768 3516
2663 597
4783 3887
4269 2543
3003 129
682 4466
1690 1270
1087 2109
2376 3746
2709 2705
2147 3631
1508 120
3392 3404
777 2591
41 4693
2310 3096
706 4854
3253 1451
2375 3889
1696 1692
3605 3607
531 2727
1706 1258
4811 3023
417 3969
1642 4752
1435 1437
4661 3113
1165 1167
1137 3765
4087 1263
2011 4143
1091 4295
2886 1464
2368 196
4369 1109
3262 454
1323 4799
2965 2961
11 351
142 4826
3859 987
3989 1295
4177 73
4114 1030
149 4159
452 4856
2079 2077
3667 1811
4661 833
523 4235
1438 1818
3371 4165
4516 4498
508 502
3330 3316
1256 4466
712 4834
4160 512
3031 7
2844 54
1897 1905
4124 298
4659 21
3199 4449
1325 1323
110 2250
9 4391
3211 1513
1025 4383
4671 1685
1161 3943
3467 11
4128 604
3063 4003
3073 4643
3163 1015
425 1413
1663 3271
3 4659
287 3607
4710 4718
2201 4619
434 3814
4413 2741
2523 4303
2091 4491
897 3291
4331 153
4047 1085
893 2449
3715 3709
4630 2892
686 4408
471 4557
4394 852
1344 1336
805 403
4783 2617
3250 3256
3301 1175
4205 4201
1020 412
4431 4437
3260 1286
2054 308
4452 1232
261 4777
880 120
1258 4808
1447 3029
3463 2685
1040 888
1075 1071
1076 3140
952 6
1231 2917
1579 4833
1185 4441
1382 4690
484 2370
4713 1379
3726 2006
397 4159
3035 959
1663 93
1175 2387
1549 17
2051 4685
2006 2020
3044 4506
2579 615
2755 141
4846 1776
4303 305
591 3877
1359 2757
246 3224
2833 425
3837 3827
18 2012
2279 2277
2948 258
884 890
5 497
1785 4681
1035 3633
559 2107
4787 4789
641 4132 1373
652 3400
4185 2057
83 4751
3555 3543
4106 450
913 3193
1015 43
457 4571
2819 2815
3979 499
2806 4308
4571 4573
505 3345
631 3659
2518 4062
2492 4814
3895 1119
3771 841
4115 2441
752 4832
3965 223
4702 1728
4371 4741
1915 4343
1181 4479
4460 2250
4733 221
113 1057
1127 4827
238 4400
596 3954
634 4554
37 3599
4291 4293
2961 2957
3307 3297
1394 4484
4681 1591
4511 4513
817 4525
15 3131
2685 773
3912 3892
1959 4857
3385 3395
788 790
333 3697
1922 1908
1419 1995
1130 2442
4032 4036
4718 2324
3879 3883
4815 1239
33 3709
2733 35
1811 1025
2431 191
4050 2518
3227 4853
4575 4733
4786 1568
2862 2166
351 4385
3829 65
167 4751
1245 3439
1849 4127
441 2317
3425 1775
4463 2887
4313 599
3751 3747
4293 195
1471 4703
4633 2113
4455 2131
3615 563
3003 1925
2213 193
667 1205
4743 1525
1008 108
1 1839
1151 1615
3915 2227
2051 3185
3473 25
3849 3851
1223 1225
3867 833
1823 1825
4623 751
599 3137
2636 2630
1278 3968
3261 629
978 2708
182 4752
3917 2245
2567 741
339 4085
4873 1853
4381 4383
3071 1303
3982 452
4501 4853
2694 4564
1547 4805
4752 806
4513 2177
2052 3766
343 2883
2371 4763
4637 2331
4095 1025
2536 4158
3939 1973
545 1541
4814 1424
241 889
3378 1552
4447 2759
218 4448
899 4767
107 483
4825 2923
3287 4739
4563 1455
3812 4212
412 3766
758 2832
341 3777
1300 664
4117 2779
1319 4827
3217 3215
922 282
3783 4373
421 4455
2115 4701
2191 2189
4736 2186
4869 619
1392 2578
4236 4232
4850 520
1250 3614
419 425
481 4753
3732 304
1861 749
1675 69
3439 157
2535 2533
4599 1837
3224 1182
4719 1139
3221 1049
3363 3361
1433 2615
3523 1175
348 4048
2526 6
3362 858
83 75
50 4522
3277 485
792 794
4729 1237
2635 4631
1454 4630
4127 1933
2142 2424
4059 4063
281 737
1663 3629
2343 913
3870 3854
35 2947
4394 1754
3993 3995
1296 1300
670 672
399 3187
326 4416
381 1055
244 2556
2358 4596
3524 3528
494 496
1644 1634
1323 4611
3987 251
399 3963
1571 1569
953 3795
835 4277
4869 329
4650 1362
768 3686
1039 2341
2549 4245
2050 804
973 971
1509 3501
4741 4745
231 3663
9 4737
1970 4870
1141 1143
3040 2020
3730 598
3745 101
4726 4204
2149 4131
2817 4503
357 4369
2367 1275
130 3376
4776 4702
1393 77
1017 2483
3223 731
2865 3439
2883 4505
2451 3063
3691 51
491 4759
776 2438
37 4709
427 3503
519 4817
4812 1806
3148 4774
2029 231
2946 62
399 2025
3725 213
4878 2722
706 1708
263 3547
4097 319
4199 655
1503 7
4492 4478
2913 2917
2851 4805
1122 3310
168 1530
531 2681
1171 1173
2149 3923
820 814
4218 742
307 2083
4756 206
4034 678
4711 405
4880 982
4845 657
4038 2590
4207 769
3850 3836
67 2999
3271 221
2748 4126
4330 1034
2449 517
1690 1692
2733 633
2557 4399
4113 521
1959 577
4098 2432
676 3036
3193 3191
4390 250
356 2290
890 3944
1039 1033
2988 326
1211 3569
1907 4679
3371 1861
722 726
3095 3093
4615 1323
991 997
2878 3788
4403 4397
4217 3355
1093 125
1339 3821
2397 3293
3413 895
4113 1073
1551 4827
1176 2744
1436 312
4816 1004
2126 2758
4283 4285
860 1402
3264 2876
331 4873
4351 1623
667 659
2149 4417
2724 1634
3727 2487
2637 149
3568 4862
4548 152
2879 4855
3227 4673
3490 1664
4838 230
3577 125
1485 3935
676 4494
2799 3319
4599 157
4177 1615
123 4819
1931 2789
2237 209
2312 4232
4393 2235
3925 1127
4794 4802
4631 2563
1079 4133
345 2239
1192 4050
1767 439
571 4639
4866 4862
2826 2556
479 3589
167 4521
2065 139
1280 4882
4381 4379
242 4830
3839 3841
3809 4651
169 3359
4403 1045
1033 4351
4420 1548
3901 429
670 3106
2661 4863
2915 215
2985 1197
1029 4713
1034 4662
2714 2734
3435 69
1492 1488
4063 3361
1543 4077
1861 4697
306 308
2234 4508
1373 4097
3185 4123
1539 4071
3890 4862
286 2858
1073 1869
4447 3103
2728 864
901 4687
4725 4727
4441 137
2667 2665
1237 4483
3724 3090
4677 2733
269 3539
4544 2962
3561 1243
2771 1047
2657 4137
4303 4305
3075 3821
2103 229
4062 4046
4151 435
2927 4279
69 67
3479 3477
668 24
1789 4751
4477 2519
4881 643
4823 1095
4791 2147
3445 137
4423 793
201 915
4740 2294
278 4068
4495 387
399 3633
3050 474
3566 4882
1248 1004
2287 633
2514 3996
15 29
784 772
303 3401
2687 307
4288 180
1041 4749
3315 4541
4572 408
1427 4745
4564 1182
4844 1906
1944 4830
556 4320
2547 2891
4743 1145
2210 4054
2005 99
1725 4041
97 3577
665 4627
503 3933
1595 185
1443 1171
129 4567
4032 118
2223 307
2628 358
580 2098
68 1976
4269 1421
343 1609
1564 1562
4784 3142
2639 2357
746 3794
749 4515
1291 4529
2328 182
2755 4177
1779 4705
2237 3427
4837 3813
2078 3320
202 208
4481 2329
3336 4866
48 4580
2404 3446
129 4429
4257 4577
1013 3413
3823 3827
4281 1615
2031 2037
4838 3138
4763 1571
2131 2685
40 528
1707 2681
716 1640
501 4805
1467 4441
554 590
3720 4844
7 1267
2867 2861
2816 104
210 4416
1056 4874
217 4733
3674 1646
4678 1766
3834 3832
351 3961
3944 4862
176 2358
3363 3923
3278 434
4130 2492
1935 57
811 809
2165 2173
4844 1552
3983 4443
1165 1159
3139 4499
4552 3294
1297 3581
44 2194
4149 4707
4055 643
2309 369
4788 582
4541 853
1841 4823
4805 4795
2303 3457
4273 1715
3767 387
2197 495
4049 4053
4152 4146
4231 2507
4199 4201
1730 1732
4859 3555
3954 292
2230 644
2459 2457
206 4600
4271 4275
4830 1450
889 4199
3323 499
2523 415
4642 280
34 1206
4645 4651
2317 4167
3708 3144
245 779
2952 794
4627 1129
580 590
4852 364
1424 3830
70 1458
3565 1495
3725 1947
25 2879
4431 341
1746 1752
150 3898
4216 4212
3184 3186
3845 777
465 2509
369 2693
684 4066
3493 1091
2257 4819
379 2773
2147 805
3115 3113
4071 4065
1488 3342
4497 2073
293 3771
4703 1063
3669 327
4071 141
2253 647
282 3450
1638 2728
4499 787
133 121
4558 766
4759 175
3851 1155
530 528
4777 895
3843 1035
1713 297
3814 3818
3895 2521
3838 140
640 2098
1336 4470
904 920
901 2675
4818 884
2948 104
4625 2483
519 1443
1108 3410
2797 2791
3109 3587
4373 653
1067 3327
849 2635
2561 283
3240 284
4607 2871
267 1283
30 1836
1974 1976
1163 4849
655 2181
1148 1144
4654 1938
83 85
2488 4836
4752 4490
755 3011
53 1433
1445 1441
196 3812
1846 486
2737 4619
794 2758
51 4747
349 4681
1765 1767
4737 3177
318 4740
1174 3344
4761 1631
3123 553
4757 11
1849 371
4574 440
2621 4761
1601 1773
735 1997
441 2139
3391 1895
729 2521
1446 4754
1070 3382
281 1685
3519 3521
1990 4864
2505 377
3707 3703
2690 412
717 4031
915 3041
549 2013
2334 2330
302 1830
4637 3187
1969 4699
4448 678
541 4303
2978 960
2129 3769
3486 124
540 4412
4797 145
3929 2147
2159 4471
302 306
1199 1197
4819 2523
2013 2009
365 4421
4871 1379
3159 3161
3725 3727
34 3278
190 2946
4188 1526
151 2075
2943 2945
4314 2102
1443 4533
2155 2157
1947 3509
917 2199
3589 725
2804 820
2403 3771
349 3507
2178 4844
2407 737
1412 1418
3733 1617
139 2355
1223 3559
4164 262
2158 4752
1844 1842
154 3030
4546 56
805 4231
516 1132
333 3139
3959 3209
2103 4839
2137 2130 2143
1410 1412
4081 485
1708 3478
3308 4278
3932 540
3941 4235
4345 1343
2737 2739
4710 1802
1133 131
872 2914
3263 4779
4729 1861
3766 576
952 4744
4777 3551
1574 3706
4870 3938
4677 3603
4732 4736
744 738
1652 4350
4386 866
4865 3193
4721 759
4783 1195
1782 254
3927 2065
2967 239
3750 3754
3187 2359
4659 3705
3405 4743
4185 1793
2574 614
3443 2433
3577 777
3891 3897
4388 4830
4456 666
596 3920
3483 4535
4415 1535
373 375
3646 1190
4719 1399
1438 1420
315 4683
537 309
13 4721
3722 1100
1654 2678
3211 1189
3333 1921
2027 4789
2349 167
2027 913
949 2787
1679 3049
4469 2395
4623 1139
264 2084
1413 3505
4517 87
4533 2581
597 3819
1920 4454
4823 1499
2734 2330
3414 604
411 413
267 263
3963 33
1313 2395
1277 4019
3938 2752
517 511
2134 2584
3355 603
4561 2953
2649 2647
135 2701
1587 3581
3502 3506
9 4147
3501 3499
4847 3365
3792 1142
601 599
2318 822
291 1885
3165 4697
2972 2974
3203 4791
3982 1102
186 2736
105 3189
4619 2633
2677 3985
3585 1215
103 3433
958 4818
214 1526
3058 4880
4646 1142
1561 1555
4357 4771
1631 4767
4216 1942
2891 4723
424 2424
3533 1745
659 4139
471 4841
1520 2888
1157 2469
2559 973
590 3096
1861 421
454 4850
2039 2041
903 909
1047 2161
29 2741
2405 1239
1390 1392
3446 4818
4499 559
1547 497
1892 1894
4593 121
3712 1866
1778 3058
902 4738
2413 1591
1463 175
3667 41
2981 1071
2014 3192
11 1589
2401 2395
550 4084
69 3685
3885 3891
2589 2593
4862 2710
962 2810
3981 3977
891 3937
2407 2409
259 2125
1941 4179
749 3887
4427 4065
3858 2684
4862 960
616 2142
1399 4279
2 484
4849 287
3572 10
1200 4636
487 9
3522 3520
3691 3695
227 1185
4212 2860
4091 2737
2218 4292
823 2205
4480 286
3742 358
80 1108
235 1539
2553 769
2101 2105
4456 1802
942 936
392 4696
601 3227
4537 275
3325 519
3651 429
799 3619
539 3869
761 1421
517 2283
4420 3686
2660 4112
2093 875
3221 4405
3585 3581
789 3089
2482 2470
407 4053
4237 2003
4547 225
613 2865
371 1589
178 3450
2581 1427
2935 4841
1331 3687
333 3821
1405 1395
2965 1757
2299 269
4743 2663
3399 905
865 4679
2798 4658
2577 1875
8 1172
80 78
4149 4147
3695 1623
117 3837
4155 4149
2759 167
2 1868
4509 3953
153 3995
4791 4881
4756 3056
4109 529
2229 115
1402 1408
4761 1239
3543 2551
967 4053
1969 4619
4833 2183
2439 3905
4240 4236
4033 63
2491 835
4543 1719
30 2636
867 3023
2757 9
172 2484
3498 942
1367 3099
2167 2739
1231 1233
499 3789
4638 3366
4069 2355
3814 2244
1377 31
3249 1209
4339 1437
1207 1203
494 3040
585 583
1809 521
784 786
2408 158
1015 3677
779 4789
4695 3379
4621 1235
3945 525
1056 1052
1695 4071
112 124
2394 4840
2542 3758
1112 2842
789 25
507 3791
2385 4747
2537 2539
1310 4410
3932 558
4257 2117
4325 4323
4859 1171
1026 2374
3185 3183
1163 4577
627 2863
797 1553
175 4351
1723 1719
2557 4865
2267 1509
3649 4753
525 3389
3262 10
1703 103
1763 3369
768 4500
1353 3957
2800 2288
516 2644
3202 14
2192 4882
4237 4227
4508 3258
3383 4699
91 3671
2453 2437
230 4830
349 4279
3465 4345
1462 3172
2822 4330
563 4761
919 55
3135 2153
4728 2676
3070 1060
3875 247
209 2421
809 4677
143 3967
3987 837
2006 4128
3031 3025
4195 701
3357 2347
2018 4756
1778 1754
483 2933
4622 3276
1689 775
533 4607
4114 4104
3034 4388
1516 3952
93 2993
3314 2516
3163 81
3723 387
275 281
15 3687
4047 335
2778 4484
1537 1535
255 611
687 4249
3411 3413
204 4682
2789 245
3847 3849
925 4849
3105 483
957 3589
3251 4455
4096 2928
534 2522
2042 376
2419 2417
4172 2212
1237 507
826 3428
4864 870
4690 1528
711 4405
4764 3662
2035 4069
611 4833
2301 99
16 4808
4807 4805
60 1964
1349 3099
1437 2383
656 2
3323 65
2965 4451
4781 3
2816 4450
4868 2884
3984 326
425 4745
35 4615
295 3625
4761 3049
4541 339
4715 2733
555 2261
2133 489
4401 1465
3473 1493
4836 140
280 3882
79 4213
2531 3761
237 2695
4731 799
1094 3662
1205 4537
671 2969
4790 3116
4310 964
3 895
554 3370
885 881
327 4539
2432 988
4121 573
3096 4574
4867 1127
3358 602
3693 55
2065 53
881 3683
557 2609
345 343
2940 2946
361 367
127 2223
3295 4707
3899 69
127 4333
1251 2253
1786 4420
4225 4791
780 4740
3723 177
1025 3885
1948 1956
2171 1071
3032 4798
4669 1305
3924 34
3259 4403
1255 3349
2494 194
4875 1833
4214 2486
4731 1253
4147 1143
3757 757
1543 1541
4857 3655
2414 4510
250 3314
2707 3649
3983 359
4875 389
102 2264
3035 15
552 2652
219 4081
4338 136
4730 3422
676 3708
2063 4219
301 3963
4052 4
4345 705
551 2895
4729 4737
3693 4589
54 3348
466 4730
4423 821
1747 4823
4557 497
4727 503
4187 1863
964 3196
4782 620
551 3997
1791 3019
4251 3447
4551 2031
4428 94
1841 1395
4857 1237
211 983
3944 3074
1483 1009
3819 1361
242 2678
3839 893
307 3441
1956 1960
2250 2858
3231 27
2738 2734
1118 30
136 4118
4728 4244
3888 1438
2775 2773
1736 3740
93 101
827 4147
67 4655
1394 190
2046 3612
4490 4570
2951 4823
4863 3023
19 3449
1269 479
4791 2137
4179 4181
28 1788
3036 3030
3500 262
2747 2745
1246 1238
4815 4387
2163 167
3895 307
1963 4733
4829 1607
2011 257
3229 4767
3905 2373
1429 4595
3971 171
1738 3264
4619 3777
2312 1476
1510 210
3009 173
598 606
1395 3553
2378 4590
877 4827
1519 4287
3936 2064
4833 4261
536 1442
4129 2119
1377 1383
4271 1339
54 4696
4235 1659
1970 480
1845 3879
297 2827
1357 4417
1043 3039
2231 3891
4759 1171
2939 2943
508 520
1383 1391
559 4331
4855 1077
4644 534
2407 4685
1154 2508
883 4209
3311 4443
560 2350
1582 3438
3509 115
1454 1452
2056 384
1061 3645
715 3915
3213 141
1155 4717
4607 139
3441 2161
2793 4745
1081 4833
3213 4869
3065 3067
3105 325
2910 112
1227 2737
2834 4232
3277 605
4122 1318
735 1827
225 229
2005 131
4037 1383
4546 616
347 349
741 1233
2256 3170
2559 173
560 564
2337 2339
4203 1825
901 4675
3475 247
4203 2221
2975 373
3693 833
3225 77
4191 373
512 3348
2511 4721
145 585
2207 2209
887 4485
4541 621
3181 29
4465 1863
39 4605
3633 1783
4529 963
2577 4439
337 4415
75 2445
3003 1263
935 3363
368 3320
2236 264
795 2921
118 4658
4763 3637
4293 133
4604 1008
255 2125
3788 930
940 4410
3883 4593
4518 4524
3642 1022
2192 4748
466 22
3935 1519
2323 4587
3840 370
344 4282
4661 2635
1109 4461
1046 3308
4205 1489
3551 4715
4698 2070
43 4341
4378 2648
4103 1283
249 255
2409 2413
4215 337
89 4131
3749 1009
4367 537
4684 3186
1543 4857
625 4103
4507 1791
4105 2049
3205 3207
551 3343
1208 3044
1192 4002
2763 19
2122 1956
3715 2563
4837 3425
666 4752
3657 49
3132 4670
4843 1753
125 1809
3581 2773
341 329
823 4075
1851 3513
3701 1977
4797 407
1790 70
2218 2222
4717 3295
4424 2000
3762 1062
851 4547
297 3845
3089 4635
4833 4857
735 4869
1583 1589
4746 2712
1007 615
3637 297
105 4693
943 947
449 2201
3257 975
163 2241
2447 4873
1375 4205
2093 4867
3027 2719
386 2492
4731 213
612 3354
1928 4
1905 4809
4329 1097
1228 1222
4113 4817
3049 275
156 1256
4029 235
3507 2225
1261 3549
1297 3847
1821 3697
989 985
2317 4135
4325 557
4003 81
2301 4529
33 1811
1162 3556
1094 1124
393 403
511 4697
4441 1757
2843 4311
4507 1455
2597 4383
4549 233
1454 2450
4789 633
4867 3239
1993 1995
548 4330
401 1289
1619 4871
1681 4019
3892 1930
2852 2854
800 808
1568 2
4833 3129
237 1465
2714 3104
4227 2943
69 4323
4168 1830
4541 307
2705 4879
1324 4598
4700 2936
3327 4251
4851 1987
1119 4609
153 2239
36 1602
4863 289
129 555
3683 1161
73 2029
743 3133
1425 67
3927 3607
3762 4492
4411 1039
2684 66
1236 3034
2856 2868
2903 1359
4499 4497
4129 1445
4869 547
1691 2541
1481 1479
526 2632
87 4217
582 3322
3212 4510
4177 1129
51 3293
1980 1352
1997 4747
3481 2921
3603 4793
2877 187
2697 1915
1458 4318
320 3996
327 3045
3582 346
2337 83
3426 3420
4693 2721
2735 1485
3237 999
2928 4702
957 3325
1111 3703
3776 4764
595 2843
2568 2544
4540 1064
3941 553
4297 251
354 1826
2507 2261
43 4457
66 1432
4661 1499
2995 2989
1071 4553
1211 2111
4105 4793
646 634
3611 3431
928 924
4822 810
1799 4619
3415 93
603 2753
1709 3499
60 2820
190 4368
2214 2198
3448 262
915 3331
2801 4285
1287 3665
2090 4810
4461 4281
762 4422
3838 78
1941 4483
273 3519
4283 4281
4557 2339
2092 4166
711 3943
670 4600
3743 419
3347 1015
1923 1483
1510 2740
1763 1765
4594 2620
3161 1097
730 2786
197 191
945 4665
238 242
4843 33
1363 4797
1993 1983
4582 4580
4535 3783
3357 419
327 3675
4624 4630
3806 1368
113 4775
4857 1949
3921 1147
258 4064
4059 905
3898 176
1503 3783
1976 4742
112 102
94 4780
3180 3334
2583 4307
4669 1319
2347 4159
2663 865
3815 4567
1346 1354
1130 4878
4771 1477
1715 687
3791 2083
1379 3785
433 2023
3 4181
1023 2857
4500 2942
422 3002
311 4057
579 1285
4672 1956
3467 2275
1991 3755
4660 2900
1569 4317
3688 3698
3611 4879
2520 4500
749 759
3423 4845
2525 805
867 4019
3334 4836
953 4243
2318 2118
2611 2613
342 3690
203 3301
85 4435
4723 139
4606 936
1190 4176
365 4423
744 4512
836 2684
4299 3097
1941 1939
2970 1902
3262 4858
2877 327
3286 1014
70 900
548 4568
3225 333
1507 81
48 3474
4872 1296
4092 268
4301 597
4321 1151
1225 1229
2730 4346
3621 179
1478 12
3788 3784
706 2688
851 4241
2943 1571
3858 688
3766 3764
3621 273
4799 2083
4882 2018
4028 2580
2607 3941
475 2871
2927 1883
795 2405
4369 47
4660 2294
1392 3358
4199 4193
856 4454
933 4575
3655 1165
3023 3019
3425 39
3951 1459
2208 4132
2575 2563
4549 4551
1179 3
4207 1113
4765 1161
1065 1069
3661 4691
4357 3157
2837 2829
3578 4764
581 2375
4875 491
3145 803
31 3665
4206 168
3873 3875
4430 2710
2617 2913
4036 2208
1500 1494
453 4155
3365 1989
66 4738
4752 938
2208 4250
1469 4335
49 2065
41 4735
1327 3171
1783 4325
4383 1767
2133 4643
4128 2758
1693 793
678 4352
4778 602
3905 3907
191 2565
2207 2205
1823 1821
33 1595
2085 2087
4751 711
1021 4851
3027 2353
415 3523
4371 1469
1885 3381
4402 2018
2979 2983
47 4679
3597 1591
575 1875
376 4526
3117 4723
228 4864
4703 4697
2530 3710
167 175
1959 1491
3323 3321
2411 25
4841 2507
79 3397
241 3791
783 837
1992 2000
4719 2017
4623 2393
4735 2097
4605 2921
547 551
1892 1886
1478 4710
3849 3061
3293 383
4529 1553
3754 898
4725 3925
2529 35
3719 3
2007 1995
3057 1343
14 4
2905 5
4455 1297
4248 104
1096 4362
3599 2685
552 4870
1393 2013
341 3885
2149 29
2253 4719
2068 894
4223 2465
1039 1371
2841 923
354 3330
3709 3867
2226 4356
4145 4789
4858 4050
3983 3985
4239 4785
3679 331
1681 1685
175 1613
4127 2743
11 3131
2393 2391
2743 785
2885 4439
1551 877
3469 1213
917 3917
1224 3360
4811 199
929 4689
3046 3826
2088 74
4129 7
1331 3613
710 3872
2767 2765
4334 1622
587 2689
1061 1065
575 2253
1068 1072
2101 2099
42 1616
4424 2444
1533 4693
3073 3959
4794 458
365 4303
22 4484
4545 1967
2285 4347
1026 4104
4005 213
1623 141
1319 2755
3243 1395
352 4470
412 2556
2885 2887
1527 3735
3996 386
3695 4601
439 4469
689 3459
4795 3957
4377 319
4209 513
323 2447
2629 211
3709 1791
2663 2649
3501 425
3035 3031
1590 2860
1779 1771
2 3530
3029 669
2120 258
881 879
79 1001
2067 4829
3033 155
379 4223
3397 897
1317 3431
2977 1195
928 302
3267 101
195 3783
1407 4781
4388 4836
561 3347
1437 3605
1053 2777
1032 3126
3495 409
4813 3887
3717 359
2235 15
4387 2841
1092 4615 1373
4676 2558
1739 4427
133 143
4710 4708
4857 829
680 678
4467 3383
532 536
458 4326
3716 320
393 4357
4593 947
3849 303
29 3761
738 3488
1335 4843
3865 745
4763 3563
2607 4305
544 4618
4882 4554
935 2981
1147 4881
4427 1063
3847 137
2496 2846
4864 3434
3036 666
1955 4011
907 3725
3978 1604
433 4133
4620 2210
3174 1888
564 1876
771 2457
2180 1072
3045 1543
4712 4034
1778 4744
3634 1150
1181 1533
4278 364
2282 2290
591 3493
225 219
493 3911
4155 2419
3432 3832
3699 3695
4556 4558
491 4061
1974 4084
3284 2314
1350 4854
4079 905
2081 947
2037 951
1107 3651
1555 365
2575 167
1655 3493
2242 3526
4705 2557
4057 2005
4881 1851
2000 2006
387 4739
3623 307
2335 4503
63 67
665 3135
4878 552
3871 1399
4578 2622
582 2266
1061 1059
690 54
1014 2598
2983 2985
3794 4530
4315 3331
3367 2327
4685 2425
1369 65
434 1140
4192 916
1566 94
333 3803
2909 4047
1283 4835
4085 1281
4571 4771
337 4663
79 1115
3238 3242
2189 3975
4244 378
4305 2271
3869 169
4319 2641
4631 3305
4797 3673
3136 1194
1580 2906
3470 1088
2419 4397
4607 3571
4693 599
1302 4222
593 2963
1540 4462
71 4873
1295 1299
3409 155
2585 2587
1195 4429
4834 1284
4455 257
426 2674
4839 1835
1469 1977
4249 625
2797 2807
4496 4730
565 4581
3809 855
501 4673
240 2990
485 3627
4745 4137
2239 2243
3875 3879
2107 4487
1933 1935
4395 2385
1041 1049
727 3165
2029 4001
1383 3541
3952 2816
3345 33
343 3909
2243 4145
4413 1701
3413 2429
4728 3590
4654 4636
1417 3529
473 3599
14 1854
4749 2375
1779 95
113 3997
3473 827
2639 2633
3790 80
3128 1912
3095 2991
43 29
4011 681
2738 1006
3436 3428
3166 3168
4166 4162
2448 4370
1926 1922
246 4594
2012 4846
4416 584
3243 4383
3101 1989
2129 67
509 3721
810 4848
3880 2610
1444 76
2122 166
4379 2757
984 1834
1753 4169
1462 44
1255 1253
241 3083
4831 3623
685 3371
513 2137
978 10
4391 213
426 2536
4652 158
3838 636
475 1701
4677 2727
3225 241
2639 1313
711 2151
2196 1110
4510 2016
59 3035
818 4534
1866 4326
1613 4217
3834 772
3706 860
343 4227
763 775
3744 1624
3187 3185
41 2469
3798 1600
2729 125
1488 654
3516 3512
1662 118
1334 1324
4280 4282
4561 4565
4376 22
594 4480
4831 2259
1768 992
3047 3041
1083 2157
3621 1643
4331 1947
337 4851
2855 95
4709 2843
585 1773
1319 4875
2851 2857
4549 4545
1982 3690
4078 46
3641 1331
3706 116
1303 1301
4822 4478
4632 712
811 2355
3931 2287
4389 1995
697 4101
4037 3105
3573 2519
1218 1222
1005 3587
2765 175
565 4009
339 4157
309 1905
1691 207
3545 2589
4311 1069
2058 4860
633 635
3986 1156
3754 606
2636 2638
4509 1079
353 897
2634 526
2406 816
1935 1355
3093 1347
2594 2596
3757 1437
1634 162
4537 4533
1849 1851
4534 180
701 3339
286 1538
1366 3972
3788 3794
2027 4185
1491 553
2861 2859
733 3855
4811 2257
2476 4764
3732 62
3682 608
459 2919
3661 797
3302 1022
34 640
2924 2928
3124 366
4545 4543
3510 776
4762 108
542 3170
3520 4588
2097 2089
2799 4663
255 3101
471 473
4002 1158
2150 2148
4217 675
653 4517
3185 4795
951 57
4343 2065
1065 3255
3938 732
4300 2002
2454 4386
4606 1546
516 2440
3014 3010
4656 2180
2651 1051
4877 4613
3265 1699
3508 1130
4707 1331
4866 3222
2829 4809
1799 3497
4765 2707
269 1921
2617 89
4605 827
654 3936
361 357
852 236
165 3867
4247 1837
4186 1904
2763 185
832 4608
53 2815
1417 3711
382 3318
38 4096
1005 3439
42 36
1625 4585
4275 2645
1542 464
2614 654
3561 3563
6 4092
2783 425
1321 4503
1459 3335
2577 4643
1595 1593
1261 3945
1828 90
4116 2196
2865 4083
4141 4739
1942 1946
2939 27
3782 4616
4871 1337
3474 3494
2199 103
1863 1859
4878 2588
442 1870
2341 3613
3480 4674
1569 4527
2543 2547
2971 997
2090 3740
3834 3836
89 1289
431 2011
1687 3745
3820 3818
128 3586
3936 3912
141 1539
4161 2055
3525 275
412 3538
4243 2359
3361 331
2028 4160
301 291
4741 1425
4382 1516
2616 2610
3306 3622
4345 2077
554 4822
68 76
4549 561
903 4847
3074 4734
1320 2196
1307 1645
2624 226
1235 1233
708 1890
4653 4657
382 3876
457 4493
4399 397
3814 1504
3052 4498
568 3506
4425 279
1889 4827
3952 3950
4810 2534
4711 2837
1151 1153
4191 1407
2723 659
1583 4389
1351 177
1941 3173
3773 2645
1373 3323
4869 3585
4487 4489
4312 942
1853 635
3627 137
4869 4505
2988 42
2284 4534
4544 126
1133 4595
4761 3443
4871 2173
4655 353
2867 4805
74 3132
3120 1640
367 2971
4462 3170
768 2272
330 1440
2108 754
2133 3441
3857 943
745 3729
2738 3836
1067 211
3564 792
4676 3788
3014 1826
3535 539
3990 2464
2527 4165
3342 3334
4217 4847
238 234
4751 4755
3881 2273
1348 4752
4251 19
4451 1775
89 1397
3591 867
700 2232
426 4876
4700 722
4351 3231
3982 2392
1308 2676
645 639
4249 2227
868 2324
4529 2109
4534 1002
4344 3110
2007 449
145 157
53 1885
1057 4813
225 3737
4824 4660
3309 1369
3046 3562
1417 1425
191 91
1733 4179
362 1960
3948 3936
357 4803
4861 3247
4529 1965
1149 4249
2902 2904
22 2876
269 4039
3729 4825
3847 795
135 887
3271 109
216 1678
4589 4877
4457 11
1103 4087
1540 4556
1591 105
3832 134
4877 241
2585 2583
2415 4629
4327 927
415 3441
3721 687
4467 597
4013 4021
1262 1460
664 3930
565 3845
1335 1339
4268 132
3735 319
151 3619
1099 2271
2409 133
610 616
1009 215
217 4355
4710 270
281 3737
560 556
3243 389
2196 8
63 4535
4194 2690
4117 1553
1401 2633
1211 2711
3127 533
141 3513
268 2362
4789 245
4769 1329
2997 2999
535 4197
1377 4115
4246 1296
1764 268
3489 2999
4722 32
4672 254
3219 4285
3981 2125
2903 371
4626 3538
2073 2025
813 2587
3661 1279
4185 1327
4782 750
4217 4215
3887 275
4404 2686
79 2415
2945 4719
4829 485
219 4321
51 501
1900 100
595 4609
3530 246
446 440
1369 2677
3505 3501
2036 4280
387 3853
3639 2117
1799 4341
4587 697
2713 3339
4465 4471
2827 827
1453 1455
2045 3961
2042 84
4177 2703
3383 335
145 4137
4189 1265
1129 4861
2494 4308
2091 4319
974 2942
41 2463
3094 1498
97 2991
1619 3429
2412 1212
1246 1254
3394 1584
3208 3228
2743 2739
4381 1225
4032 480
4524 622
362 3692
1575 35
912 150
4773 1177
781 3135
4472 4840
2370 3824
3421 257
3333 3337
1073 2857
1184 1180
119 4637
2803 4661
209 3759
4711 2183
4189 1235
1349 2797
849 4205
4469 3327
1109 3477
2761 531
3021 777
4077 4073
321 2609
1599 3767
1851 183
3618 1296
2352 4478
3860 26
3439 523
843 3135
682 3860
449 457
2769 4049
4628 830
1768 3776
86 1808
131 4371
210 1852
2817 679
187 4749
4333 4351
4874 4746
1669 1673
3625 1327
3217 3219
4178 1098
2148 2121 2143
4415 4417
4425 2539
2910 2912
662 3402
2496 3818
3983 4875
127 2855
665 1573
3149 2419
4876 4728
658 36
4659 3123
2538 2488
1803 4279
1100 38
1469 1465
4165 3
4815 371
269 4785
497 2023
258 2026
392 1954
4705 1375
3280 3284
4579 4051
591 589
1323 1313
4595 1279
475 2535
100 4814
1661 4429
495 489
2485 211
1235 1237
347 3625
2737 2733
1900 4212
415 4275
4734 930
460 4206
3471 429
3503 4635
1514 3630
4224 1850
4501 707
81 3395
2004 506
61 459
4351 315
2901 3397
4868 2898
2511 4597
24 4872
4104 366
4286 762
297 2357
624 3694
4676 298
1849 805
4141 4145
434 154
30 1662
3577 3581
4369 605
4778 2190
2369 2371
4044 228
24 2614
652 4700
1581 2601
4242 4246
3684 220
116 1478
73 4695
4410 3358
4593 3021
88 3718
123 2061
2269 1727
9 4879
3427 847
3947 3935
213 3269
4345 1925
231 4461
1271 3491
4685 1353
4703 629
3493 2153
233 4357
185 3973
4513 3479
101 3213
899 1657
2301 1063
969 4397
496 4882
3443 873
4023 4697
1177 4121
1196 3676
2162 4720
1950 4
3543 899
154 3250
3012 2068
3421 3427
4702 1652
3449 4333
4086 708
1131 4573
441 3249
710 4868
7 13
1253 3589
3980 214
3267 223
1242 3272
2504 2184
830 3346
2824 2828
4322 4324
585 4407
1904 4452
1539 225
3795 4587
3205 41
233 4537
623 3569
1875 4315
4446 3124
333 3427
3053 199
100 3470
282 3706
129 3757
143 3431
1829 279
1121 4603
4583 69
15 2231
2153 7
4183 1113
3603 589
3820 314
2441 751
4375 1825
4383 4387
539 1349
4221 785
4177 2895
4477 187
3602 54
4749 2941
2099 69
4304 196
4195 97
1411 4819
3798 374
2389 3505
2043 2047
4037 4617
2984 4706
345 3695
541 4621
2508 36
693 4879
246 3952
4192 324
490 1832
294 4070
2239 115
3323 1771
4856 14
2213 3897
4390 1312
3339 37
4659 1963
290 1158
113 111
2732 4402
3168 3182
231 4879
3859 361
1955 4573
166 4820
3729 4633
3905 811
3731 1727
4611 2353
414 3072
1869 4069
2355 1287
3443 3441
3690 220
3713 955
962 422
2326 3118
3284 2522
4764 314
277 2221
4875 4879
365 2825
438 2046
39 2227
4816 1696
2236 2260
4792 2838
201 2255
3698 126
757 2173
3560 1644
4509 1093
239 4061
4409 539
2283 2279
3118 3134
347 3799
1248 2372
3556 3576
3598 1878
229 2245
2429 603
244 4486
820 4816
32 4606
2890 2892
93 3527
2354 1476
2695 2697
813 881
1677 733
2285 5
1681 3205
2169 3129
670 24
1817 2171
1339 1345
36 28
2118 2120
4405 1079
2963 181
51 4035
1479 2951
2361 79
4049 1983
143 4439
630 3854
5 4283
1717 4843
3480 4752
1037 3111
4880 1454
145 4607
948 3502
2096 2088
2338 214
4739 2183
3409 2523
4836 996
3274 3270
2313 4793
4185 2303
2912 2920
308 2874
1221 4867
767 2025
4544 2012
855 3151
1347 2873
4226 2174
291 937
1305 1303
4021 2831
1171 2849
3464 240
4231 229
2721 981
1113 3811
1634 4872
4643 1723
4485 1135
492 1274
3735 3731
3172 4644
2477 2479
825 3971
1483 4503
2681 2687
4139 4753
307 3611
3699 3701
756 3870
967 4691
4849 1411
320 4622
4585 4587
607 601
2353 4117
817 4279
1213 1215
871 2985
539 4341
607 3839
2880 2874
3397 409
1399 131
3456 4818
3977 581
2269 607
3731 1581
2735 1369
3191 1209
2955 939
618 4286
852 204
4810 1478
3734 1158
1961 1945
2533 531
2588 318
4590 4569 1373
495 3993
4081 1929
3193 3195
115 1985
1848 3816
2733 4615
193 4591
2134 4284
1835 101
3738 70
2543 3637
1 3947
2392 118
629 3885
3405 4507
94 4842
3936 1932
778 4292
941 935
135 1169
1355 1359
1458 4346
491 3993
668 4682
3228 2678
2521 2527
1638 626
3639 853
783 4663
1187 1185
29 417
3787 4117
3790 3260
2240 3784
4521 1097
2387 2391
3966 3704
1739 2499
3559 2099
2754 4618
4170 690
1065 2669
130 4726
3569 1463
1414 3054
13 4853
1863 1873
4620 4298
805 3147
4705 551
3736 2042
2350 4784
1425 2747
3639 291
1775 7
2442 4498
4257 1201
4370 408
211 2751
2917 1077
3685 1935
736 3100
2262 334
1523 1519
4560 4566
4300 3058
1123 1871
426 1378
2501 247
4672 1912
1183 2079
4383 1433
3473 2411
4515 267
3610 740
139 1137
3663 71
2921 577
244 4262
4425 2161
1097 4653
1717 3099
357 355
4806 1342
4441 65
1147 4707
4185 9
4627 4637
1490 758
4800 404
1723 443
1366 500
4669 2487
2848 4776
1122 738
4284 58
887 3729
4854 4706
1200 3540
4881 823
4213 89
4269 305
2600 4596
2536 358
849 3745
1420 3000
55 3023
531 89
2530 4330
1103 2055
315 3031
2213 561
1549 1547
53 891
3039 503
1278 1294
2993 3899
669 3893
4496 928
3982 690
2827 27
2993 301
4598 4594
677 2385
46 2312
3831 2129
4582 808
2343 4867
382 2460
172 1832
217 4229
2941 4659
2511 4855
3694 54
1815 4511
1039 4857
555 4659
3679 561
261 2221
647 3513
117 3387
4850 1044
2540 270
4205 2937
3721 879
470 690
4 2188
2269 4015
2287 4879
2721 2725
4805 757
4684 2954
3419 4077
99 1637
73 2075
645 1525
1251 4053
4269 4267
4025 19
2987 2293
2161 2165
2101 1221
4734 4200
1354 4654
3653 739
905 4601
1111 4375
2067 4815
4267 3757
2778 824
2599 2603
1160 4138
1823 2839
31 3215
3327 313
357 3921
1913 1917
238 3476
4475 2243
1322 4512
2779 2787
1335 1331
4780 20
4839 2973
446 2260
1534 4394
2543 501
2187 4631
2293 85
205 1397
1140 306
4028 1380
902 3208
1355 3939
3901 963
2700 1360
1021 4199
4420 2030
83 4715
557 4491
3034 1194
1820 4538
4696 1872
4488 586
3362 1386
3224 1032
482 3982
1211 3161
3620 818
2526 4
917 2717
2405 4031
191 1623
4460 1304
102 4544
3891 2597
3635 875
135 4445
3325 833
1108 3574
2673 1443
2701 563
318 310
2593 4605
2604 120
3245 889
898 70
3039 3613
2418 4652
1547 1543
2660 2658
4249 4239
1585 4845
4257 135
206 4130
1143 4643
39 3029
4192 4188
158 3262
1327 2473
1663 3049
3787 461
4873 4869
367 4793
1133 2435
1201 3437
33 3083
2509 57
3278 4246
641 3987
1471 4777
2425 3857
4822 2138
1611 3297
1087 4257
3193 4501
2857 2859
2429 195
3553 2143
414 410
501 3513
3731 3025
383 4363
4736 2418
3449 2381
4377 989
2353 2355
4833 4825
3239 4363
638 2998
3785 4431
2397 2073
3719 945
1411 261
1980 1986
967 3433
1863 4751
228 4286
4391 4393
203 3611
3175 1141
4215 4213
2157 3729
3714 570
3160 474
579 4687
2094 2742
4293 1587
744 4496
51 1927
619 2211
4551 1071
2569 361
580 1778
2995 4113
2526 4056
3846 302
3055 4097
1667 4461
2935 201
1743 4835
581 3785
2943 2371
2896 2900
3516 3520
4494 32
2703 935
4814 2754
509 1343
1597 2939
1014 1022
4651 3565
2267 463
489 1731
770 3944
1329 4345
1982 64
1050 4598
4355 2587
494 4810
751 3583
4751 2379
3833 131
3754 3276
178 3584
298 4856
46 3054
983 245
1481 2765
4238 3348
4598 854
145 4707
1381 4807
2232 3782
91 2759
4154 1596
3727 1803
1855 25
1288 3360
766 4594
691 3697
4008 220
3082 2460
3654 448
4441 1879
3479 4779
3512 1464
1949 509
2774 228
4470 38
2735 4661
613 617
263 4643
4023 2073
3767 4879
413 2379
4544 4552
4599 1429
3334 536
4106 932
1337 3839
107 101
4717 691
149 3651
3351 587
2215 2827
39 3875
81 2449
3982 3996
3874 98
191 2627
3404 4230
4597 2889
3686 12
4853 727
367 3221
580 4426
2876 3978
3735 2109
4413 3211
1927 3213
2235 573
955 1609
100 2194
4124 4574
1617 4751
1879 4727
113 4803
3542 4478
4132 3388
2933 151
3333 349
173 4521
1687 107
603 4407
4339 4781
4528 2472
856 3484
2828 10
1884 3868
4211 2407
4085 4653
1579 1581
1483 1481
162 566
2658 60
4757 453
2430 814
3544 3550
100 2090
1816 1824
2598 3746
7 849
389 2855
3351 85
3885 4337
1923 83
2616 1008
1729 4533
3842 2228
2383 2375
4680 1614
1491 2189
1790 24
2268 1478
3579 1507
401 625
2260 320
4717 2187
100 2300
144 3338
2295 343
1826 4682
4837 2087
635 4671
4523 321
682 3522
3879 4759
3800 640
2321 2327
2499 4343
2095 3537
1816 1814
2750 1546
1639 4429
4690 2692
739 747
4863 2045
1653 1657
1280 898
1835 3911
3791 755
1081 2941
3567 3577
2636 3266
1378 1802
3996 4012
1024 4400
3307 87
39 2893
4568 2766
3431 4459
919 4141
639 1711
4813 2463
4791 3993
1329 2467
861 2579
3822 48
4829 2679
3388 466
1665 4815
2927 1481
2294 3344
235 4129
912 1952
600 4460
3068 1742
1527 3687
2507 89
797 4759
865 4419
3985 4861
765 2933
4784 58
2329 2331
1275 1587
4571 3545
1349 487
3335 4373
1086 1094
170 3444
2755 4121
4152 2854
427 3643
2889 693
2090 42
2953 4853
4640 3540
4835 73
3354 2832
1731 4551
4387 4391
2763 4665
4752 486
2860 1734
4269 1845
2715 2709
2599 4705
919 1221
3439 3441
1103 1101
674 1718
639 3841
396 4764
2540 802
4151 1207
4615 2461
1144 1612
3999 3221
282 270
4331 1875
320 3382
2349 4819
1582 3394
15 13
445 3033
4783 1573
655 2287
2487 261
2049 4363
848 2420
2626 4768
398 1270
4546 152
857 4617
237 4775
723 3927
710 3932
1965 4599
3239 2687
2439 3599
1173 3807
4585 409
4691 887
6 4172
4517 4513
1045 3197
607 2339
2850 4768
3016 3022
4523 691
119 4711
1451 1447
3615 1685
2537 1477
4581 3329
1117 3667
853 2975
1539 2843
4459 469
816 54
3731 3577
2075 351
2135 2815
3391 1131
267 271
1732 1734
3771 4359
3800 762
3335 155
4569 217
3970 3972
155 3529
2104 2098
3610 892
820 3680
4864 3802
441 439
2087 1681
110 3926
117 4685
515 4657
56 2650
517 4095
426 2642
3056 4824
4794 4750
3302 864
3803 1475
3673 1711
4360 4358
3079 3067
1717 1719
1625 3033
431 451
3623 1085
2022 4066
1340 98
428 3632
4409 2705
2197 4691
2213 2209
1391 3821
572 1822
1046 1042
4185 2733
4393 3981
520 526
253 4753
1347 4021
611 2813
2916 4194
3465 4769
4609 2373
247 2519
808 3522
2793 4839
4092 716
3817 955
1066 4050
3293 137
2173 2183
4882 4592
3243 3117
3842 18
4877 3403
4047 4043
3183 733
1051 4309
551 3649
4174 1416
231 2803
4791 1181
546 4146
4510 668
3855 499
3164 926
225 3235
187 3933
1150 1148
4193 187
679 687
2883 941
505 3911
276 1662
1273 835
2238 464
3955 1621
4283 1811
2407 1693
152 1878
127 4043
1059 4141
798 2322
3865 2549
1959 357
2922 826
931 1451
3631 997
2582 3246
2582 1898
676 4592
162 4868
3183 4645
4878 4880
2045 3005
2803 401
1527 1529
87 1423
767 3279
71 2495
2047 311
1767 1215
2644 3944
4602 352
4239 4237
323 4225
3154 172
2543 4683
32 3914
97 2309
455 3885
80 1898
553 4875
4549 1081
57 529
1577 4651
381 517
4357 1095
3741 3743
968 2922
180 4688
28 2370
4657 1535
3639 3637
2519 2517
3499 3775
3758 2538
425 3487
4686 2702
80 2920
1296 2940
2015 2021
1120 2832
3462 4272
4747 2019
343 341
155 4311
847 4367
2002 4446
4728 4534
18 3216
3555 835
955 3383
1297 3873
3349 747
3533 513
783 4149
1237 4313
3773 1081
2054 2026
2809 4861
722 2842
193 3711
154 2006
4861 1107
927 633
2984 1452
4827 205
441 1571
251 2995
2369 2367
3426 110
4459 1765
1629 4793
1703 67
1034 2462
4691 4687
4398 64
530 532
2111 4687
4679 2811
280 2034
1363 4697
1415 4557
2061 3905
2283 4441
163 3331
4627 571
1436 154
2571 4203
304 726
1343 431
1945 4037
4726 968
4361 2047
1348 662
4833 109
2011 3771
4314 1532
2905 1219
4107 1637
2247 1609
328 2184
4777 1643
2781 429
4171 549
4838 3634
4647 2715
153 1681
2776 4204
4027 2189
4463 1383
1523 3983
191 3359
1166 1150
91 85
3011 1525
4709 2679
2092 3984
2102 332
3003 3005
4823 3123
3936 1562
4813 4003
4154 4152
698 700
745 2067
4363 1517
4024 4816
4091 1191
4422 1870
2066 2070
2079 4227
81 4553
3663 717
66 1270
1654 46
157 4093
4793 623
4595 1933
1565 1561
894 4858
2686 3532
4358 168
4134 1748
3730 3702
2412 2422
2203 2193
1316 1318
3249 4399
2049 4613
2507 739
4366 3104
215 203
89 4245
2533 509
2444 4408
4123 1383
2321 4679
4681 379
4029 4825
72 4246
75 3995
3031 415
1787 4011
160 1178
408 3884
1498 3678
2289 4773
68 56
907 3599
4191 1823
4423 863
1380 1388
4415 1683
274 4632
11 1825
4200 2824
7 1903
4674 2992
3553 183
724 260
176 3154
4327 2953
1696 4284
3360 2550
2623 1131
1536 3428
3039 3037
412 4678
884 4310
4225 521
3072 1724
1770 568
433 211
4579 3291
3378 3392
3387 2307
4008 580
3224 1678
4235 1115
132 4204
588 4086
347 345
4821 689
4597 415
547 469
2398 2404
210 1354
3955 2297
1671 143
2712 904
153 2413
3735 1131
3082 204
756 3888
175 2041
3233 579
3760 318
853 4519
1415 4299
208 4754
537 79
2155 4801
168 434
1648 2988
808 4680
3337 345
4847 1819
2394 4860
3028 162
4514 592
2963 279
2269 4373
3031 193
309 2253
4652 3232
4062 4092
4167 473
957 2693
4571 315
4811 587
2293 4029
2748 310
3403 3409
731 725
4877 4015
4849 4373
505 3621
2607 2611
371 2747
3119 107
1860 4256
1864 1870
1995 3723
4752 2050
1209 3903
201 3937
2961 515
4304 172
567 4489
4751 2969
4085 2187
29 1901
1173 1175
16 2854
1649 4731
4184 4166
3927 1199
4634 1136
1623 4469
318 2660
2026 4816
51 387
3393 163
2651 553
565 2031
92 2556
115 1837
4315 4031
1500 3888
227 1701
2191 4325
3929 403
4389 953
227 2821
4835 1065
4465 2537
265 1999
131 3161
143 4653
1597 4709
4177 537
3492 382
3298 1780
595 3505
4504 2228
4380 564
3767 1347
2180 282
1987 4855
4577 1663
437 3787
4867 1651
145 1881
4 4668
550 2378
925 4253
3474 166
861 4173
570 3978
4139 101
173 3965
1701 55
425 3839
1725 3443
4863 935
4865 419
3949 1729
3880 2920
2604 2606
385 387
3048 4518
4584 1136
3789 237
2256 4530
1635 4129
85 1215
2203 3619
3370 114
4367 605
2013 101
1703 3155
4779 587
3851 3521
4636 1652
73 1001
2455 2453
83 3955
1519 3849
1203 4343
889 1369
4743 3289
1587 3815
2051 4171
2171 1213
4693 3553
31 1937
2410 2404
3513 1125
3950 2
2923 4205
1029 1013
4121 1639
4149 395
2315 3987
3403 1995
158 4164
697 3441
1686 2484
105 3493
455 2623
1195 4121
71 4557
845 837
2519 359
3632 648
3863 1103
1152 1660
4145 1049
1683 4669
4837 597
3915 3917
108 3778
1237 277
2509 4591
3751 581
4504 1084
1389 3923
3373 4669
706 4136
1474 4278
4119 159
2911 97
4167 761
3095 4719
4728 1264
4803 2995
3074 100
2893 2207
2960 4608
181 177
1505 4167
144 1918
2815 397
3270 262
3015 429
433 439
1795 1163
2077 2073
4876 1354
3213 61
4807 2145
2429 493
1529 241
3141 3971
2967 73
1175 4351
4143 4855
161 2249
3064 4212
79 2561
1768 4684
2487 3791
472 4624
1637 4597
3479 3487
2074 4094
2737 4839
3763 2877
23 2793
4247 2541
117 1799
1905 3501
2727 4181
1331 1327
4836 1190
2088 4628
2141 517
327 2373
2274 2262
1411 4139
3520 4790
2422 1420
1737 301
867 4253
2864 4880
664 660
753 4725
884 3056
2570 4414
723 707
4830 468
3968 1076
4592 3660
4443 1833
4338 1204
4749 2913
2987 329
2994 2990
3234 1518
4755 4769
2225 965
947 3667
1477 3695
4879 1185
3431 4869
3695 9
1613 3717
1569 1565
3703 1973
3211 3209
3254 4384
4098 400
856 4428
4689 607
2905 2907
4627 3739
48 3278
1143 2471
4626 2148
627 9
4577 113
4316 2032
4613 2521
3535 105
4 2
551 557
3604 2192
1581 4311
3437 1375
4846 1014
28 3836
3637 113
1608 1614
4375 3975
9 1761
3833 1371
2619 3763
51 195
327 2771
4785 4787
3646 122
1713 3899
4515 319
707 4211
3956 3966
434 138
171 4137
3589 2161
2919 593
3950 3948
3318 2054
2940 810
4407 4403
4881 2283
2509 3207
2318 3408
437 3193
2627 4115
4198 874
2400 4472
849 4267
3892 1266
3729 4855
73 1127
1745 441
4371 1603
2549 2547
2484 2486
1575 1577
4209 237
4647 545
1521 4339
686 692
2814 4640
2471 2467
4408 4402
1531 4557
3439 645
846 836
930 4568
4655 239
1087 141
3319 261
265 3065
1681 1213
3981 3983
4717 3035
1916 696
429 1937
4049 485
54 3362
2847 725
1709 3225
2681 2677
2914 1022
221 3813
4789 4791
1469 4849
2933 2939
4087 871
223 4749
3627 479
596 1286
3369 4837
1714 4656
118 2666
2895 1213
4040 548
2903 4821
3927 681
1365 4877
4735 1167
150 1410
3008 956
3667 2765
461 465
4843 1315
2195 211
1866 1390
349 3613
4059 2147
3011 4221
4603 27
631 1871
4610 4614
687 4431
408 4444
379 1257
2563 2559
4803 3925
1000 4048
2704 4256
2667 933
4033 907
280 4126
3148 302
2581 1071
293 1847
1215 1219
4019 1069
4680 2586
4401 409
587 2325
4660 4656
4686 4880
3459 1667
4755 3873
3705 4665
3582 1864
1788 4828
3667 1423
583 567
287 291
30 4528
4699 4077
2115 753
2127 3909
4556 844
845 849
2744 1228
2626 2628
4551 3123
2414 778
66 4322
372 4858
557 4477
4378 3830
4466 1834
4342 664
3412 4806
4294 1146
4790 636
3488 4
3439 1507
834 4212
285 281
4440 588
1809 4675
2979 1349
4304 1366
4813 3455
1864 754
589 4339
1517 1515
3918 3422
2247 1327
4627 4625
2456 4598
1976 1980
1233 4299
1181 1899
1609 661
3576 1058
1942 1934
2128 2130
4400 812
922 924
2183 4861
4006 2640
986 3608
3859 931
607 3917
728 738
3483 4281
1432 4584
2647 871
2893 2895
4413 4415
3512 482
2751 431
1857 871
4811 1975
450 476
4809 513
1456 1462
2665 99
520 3988
3570 14
3449 713
4053 1165
187 2685
2190 3982
813 3693
1080 304
171 1477
2902 506
2118 414
1893 4747
3605 3601
3505 3507
1046 1050
3994 228
3689 3685
2417 1281
2139 3815
1702 234
4554 4552
2395 2833
860 3716
4326 2726
1462 1488
371 2755
1948 4860
2343 2339
863 4177
509 733
3403 4881
4810 466
4745 2699
3465 169
1333 4365
1659 4647
1236 3926
2543 4615
629 631
1111 2661
201 4083
4379 1761
1121 15
2862 1180
4242 1408
3871 519
4379 4375
871 873
3429 4771
51 3045
2477 85
169 4759
4629 31
226 3756
4479 337
777 779
3659 493
4598 758
2715 3597
1678 1686
785 3573
531 355
3303 123
4351 3325
2304 1900
1373 4283
4093 3829
4449 2961
2368 2378
4825 1525
3473 1799
4502 2028
200 1974
4792 14
2605 515
4785 3217
3768 3770
4343 3313
3953 1257
335 3527
1030 2754
552 3630
293 4827
1981 303
2277 2273
943 3313
2380 4434
4857 2273
3028 22
4365 2413
431 4799
362 4474
3047 1453
808 4272
805 3691
2047 639
1489 4247
3739 1269
1472 84
437 1657
4347 1999
1566 3744
39 3807
2406 48
381 385
3383 129
329 4157
386 3420
3783 425
3707 1161
4551 2261
624 616
1278 4784
1033 3007
3973 2925
1392 4558
4642 632
4435 2369
2591 4401
4006 744
1573 1575
2337 353
4629 1139
724 3320
765 4789
1021 297
2099 2633
2130 4738
3786 1476
74 3918
4077 4081
51 1901
3307 1115
399 4849
1212 2022
979 3039
3190 148
2629 4067
1735 4857
3757 4769
182 3390
1186 4164
1711 3227
4021 733
1381 4715
103 4127
310 308
1183 4699
877 875
2755 197
2843 2305
325 2277
957 4675
859 853
1445 4443
95 2781
1406 3488
273 275
1784 4308
562 4852
83 4339
1199 3251
4531 1199
3897 1739
360 4872
3655 1773
3969 1955
3101 4775
218 3210
839 3417
2822 1846
422 2664
4443 2781
1918 4876
193 2415
3908 2304
175 177
946 952
850 4640
3438 1020
2741 4853
4324 2836
129 2633
3943 205
4708 4704
3835 167
277 3123
1857 1851
2815 2813
1745 4129
1912 462
609 4191
1939 453
3472 16
373 2951
4240 1684
2878 4764
3747 2611
2511 705
4127 843
3149 3159
562 2842
828 824
1681 4861
4454 48
789 379
15 4625
1709 3851
241 4857
563 565
4065 631
4134 402
352 3344
4225 457
141 2443
2079 2081
4037 4663
4181 801
4506 1296
2612 536
1873 2989
4081 75
571 2247
3864 268
3510 1838
4384 3910
574 1020
4325 1735
1029 361
2943 83
4493 279
683 119
4111 321
289 1157
1707 4623
3363 213
2621 7
1237 1245
409 411
3405 87
3681 4391
395 2699
4847 1313
1241 4733
4830 3760
2192 2196
644 1154
528 60
4153 125
3426 4038
83 3949
4664 4674
66 1198
1343 283
84 3426
4113 2875
3799 375
3856 104
2435 4707
4251 867
4459 4449
1443 4287
3331 741
653 3729
1846 1848
2647 4521
1761 1763
449 2863
1677 167
620 3348
4839 1895
4353 4359
1804 2640
684 1626
4467 1503
63 4357
2681 4615
205 1521
2305 2289
3616 4004
723 4865
977 3565
79 1539
3235 3249
2860 4652
4127 309
2723 205
4075 1023
4751 3931
3041 589
3605 4391
1541 3751
864 862
3895 245
2022 382
473 2335
1923 731
4615 19
1361 4227
1699 237
4589 3125
128 4356
4417 4429
3591 1929
28 4198
1429 1435
2901 2905
2487 3149
118 1760
3166 1332
1968 3672
2906 294
3769 4525
441 3329
841 2335
3630 4220
4877 2871
4653 1489
759 4801
1197 1189
3115 3123
240 2934
3037 663
1056 4436
4721 3975
3869 2185
4103 2511
3717 3715
1870 1882
637 4837
2881 175
631 633
859 3979
440 4480
1867 2999
2427 4197
3977 1325
4203 335
970 4402
3191 1159
4616 1074
3195 4311
4613 1607
35 2393
797 799
4271 2673
760 4580
2613 2621
4840 862
1166 4000
2926 2090
855 3643
4588 256
4719 1525
1670 692
485 1115
640 4806
3681 1415
2776 988
2885 1641
1533 1531
750 764
4377 2355
704 3796
395 2285
1985 4407
4137 4133
3343 71
4396 4384
13 4869
776 2850
2770 4062
313 4183
546 3898
202 4818
2251 1589
4288 1104
3828 3822
1920 4200
3947 2449
3511 569
601 881
4643 389
4116 1572
4853 4381
858 4104
2450 216
3957 847
3042 3050
3431 3429
2137 3225
3953 57
2451 4269
973 375
1075 4457
2851 4429
4711 619
4857 2897
3088 4518
3045 1415
2662 3656
4581 1497
643 1947
1503 4305
3924 256
2262 4588
4243 307
2951 2949
298 4642
3755 249
4630 1710
1727 3909
4154 4156
2997 349
136 2342
4542 458
1033 2427
3923 1901
2239 135
4392 782
663 3283
4566 392
4109 4579
2527 2533
167 4023
4858 4748
4764 1230
2708 2292
1155 4623
611 3709
1101 4411
4605 395
3129 3125
3847 3843
4151 2443
4877 2997
2440 3976
431 2825
2790 2788
263 943
532 4768
1153 4795
3969 165
1589 4753
1616 4714
2064 2054
11 4863
3639 3641
263 3181
1089 2705
251 1163
1172 1176
2852 2846
1809 1813
4769 1605
2943 4867
561 563
3371 1151
1527 2533
4459 845
3072 4840
4739 2445
3338 1172
970 966
2860 778
3182 4810
4431 2351
3579 3075
4882 4880
3461 4877
2731 2733
1147 435
2029 2025
2299 1167
2473 1209
4773 1745
227 2697
1957 343
1308 3912
2777 2779
1766 338
3891 15
73 2107
1309 4147
3770 2430
3791 1487
3675 2799
1902 242
243 3897
1628 3604
4365 521
3801 3803
1245 3605
4834 150
3182 4882
2855 1453
1106 4796
1334 4734
1755 843
4580 738
977 4339
4369 4365
3262 3266
4659 29
4017 2231
77 2483
4280 1256
3436 4482
30 2348
885 4629
969 4137
2059 4351
3 4209
3701 2389
2091 115
4167 4165
4550 2256
2279 381
4661 3813
60 4502
4259 111
4793 4795
230 2176
1322 4558
966 4722
3735 3741
3803 3805
3813 671
325 2015
245 1669
1981 29
771 2723
4365 4363
817 4881
4643 1791
4323 127
1302 4586
3769 4251
1803 1807
1317 4039
4783 2863
4503 2499
217 4153
3660 3612
1685 1689
4067 1445
3105 1851
104 2144
3509 2025
4272 1066
2349 65
238 4160
4480 1226
4752 594
905 4611
1389 4033
805 2329
2907 1345
3685 115
3455 493
989 4877
3523 1185
2157 603
3685 2939
4478 360
660 1238
92 2428
2817 261
3619 3613
3628 2218
155 945
3476 4856
4562 3496
83 4075
4878 412
739 1415
1578 1564
1585 655
4713 1381
83 639
2475 2473
2869 67
4721 2011
265 1991
493 1461
3573 741
4879 2001
1027 4089
3414 350
3430 670
4292 206
287 4619
322 1290
3727 3731
929 75
663 1737
3082 2798
4438 1118
4863 4257
3987 3985
653 4337
4773 2625
3406 952
4563 2205
2709 3919
4624 1892
136 158
147 2877
2071 1235
3051 1061
4850 3020
508 2280
3479 3935
2829 2819
4072 3714
921 913
3316 172
229 4249
4711 4703
4873 629
1464 536
866 3668
427 2183
2841 4013
1419 481
2255 713
4117 171
322 4642
3001 2999
110 426
2046 4534
192 836
3429 785
2245 4063
177 1829
1635 3981
2909 3777
1147 2981
472 3276
2591 4135
40 4046
349 4363
2870 102
2379 1911
581 3973
4881 1159
4505 1631
3557 1935
4615 3861
286 1142
577 2667
4249 197
2603 4759
33 4809
3218 4476
830 4400
1625 1633
349 4709
946 2484
4764 3162
345 3813
320 334
4053 985
4596 2738
4562 2324
1727 4717
1365 2969
470 2148
2296 1000
549 4787
4799 2509
259 257
1433 4823
2045 3527
1690 4670
75 71
4520 168
566 568
4196 676
1081 1083
2 2332
3309 1609
2043 4215
4838 2
827 3327
2230 962
4701 2269
1731 4815
932 936
3245 27
1168 162
4369 1009
2795 4681
1013 4667
3655 53
511 2081
3865 4757
461 457
4319 1853
4384 3186
3693 173
2881 135
1455 1457
4201 4765
4203 261
4087 433
4096 54
1903 4137
2979 2977
74 2992
1909 4539
59 2447
3546 100
2659 4449
2321 2317
758 2210
313 4664 2143
2775 4389
1075 59
2086 344
98 3050
431 4345
4689 4829
4390 866
4057 4055
3288 1244
4542 2366
1752 40
3254 448
155 809
1036 4670
4583 655
2939 787
4657 509
69 3283
4672 414
4881 1555
2063 31
3730 468
1033 1029
3299 639
356 1748
3462 1820
2503 191
4391 579
3615 1191
377 3879
2767 1855
3441 4551
4329 835
4119 3337
1261 3433
3392 4456
4875 3159
4839 2177
107 745
1536 2332
4702 1174
1114 4862
2737 33
550 4714
1849 269
1032 2972
3430 4700
4539 2277
2531 2387
68 1146
703 4711
4645 103
4127 1319
764 3934
2031 2029
4427 45
1531 3967
1019 4435
129 3189
2377 1123
3901 895
3273 563
3624 94
4817 3891
4868 4876
4704 670
4818 3566
313 4709
4192 4686
563 2821
308 2928
548 2804
1093 1091
189 3203
1717 1711
4841 347
3495 1985
64 1878
514 4470
4788 4476
789 4323
4773 733
3999 487
1237 4739
2332 82
2671 2667
3261 185
17 3887
2606 358
371 4255
4296 2486
2584 4350
28 438
519 1127
4843 3287
335 4459
813 1259
2626 2618
1355 1351
14 4140
758 4546
2885 547
2155 4339
4310 2538
55 2303
1840 1038
308 3590
1751 4601
1133 255
2516 4800
586 4134
925 3893
2788 2784
2885 4881
372 4838
43 47
3733 4297
3681 1239
4823 4155
1759 1755
4882 1152
311 313
4076 2496
4492 348
4432 286
4183 565
1211 1213
4155 3807
597 4231
4297 4301
1911 1905
4108 2430
4382 1700
1667 841
287 1879
3363 3371
660 104
4037 231
4812 2622
971 4459
4077 1047
4021 1759
302 4540
466 4064
685 4773
3781 3789
1401 3875
913 909
505 105
1070 3954
869 4615
3072 1208
3018 2114
338 3852
1544 4338
4784 512
648 2582
1081 4393
1801 4193
2641 3743
4467 469
2191 1607
4747 1903
4730 2116
3829 335
4660 4662
4091 1935
1394 2322
3865 3851
2300 2316
4672 476
625 1845
1444 584
2577 117
640 2452
2231 2225
1688 3238
4737 901
3691 1273
4061 83
3102 4792
2 3500
2029 1465
477 153
3407 2347
4176 472
4358 954
3205 4437
3165 675
881 2947
3943 1669
450 2956
2275 177
2153 4513
2530 76
529 3727
2715 1315
226 1970
3661 2195
511 505
3357 4847
393 1993
1629 311
2988 1964
3950 288
4378 2010
997 1003
3562 848
2562 4732
3351 3357
2025 3433
108 1274
323 329
1300 1304
774 3544
4328 2460
4831 2875
4299 611
3563 457
205 1589
1657 4627
2987 595
3201 4567
4360 1746
3567 1823
3602 922
2412 4838
912 72
4636 268
4012 4772
1422 4630
596 594
4801 3519
3394 2492
4097 4109
214 210
3911 79
4007 1489
1333 4853
2836 384
3010 2138
927 3801
1622 248
2919 3693
3311 3309
509 3031
3251 1085
8 490
2765 4449
4828 1304
3641 4863
378 4804
2999 2207
3143 4849
164 874
3911 1455
4835 2835
625 4691
4343 2905
1569 4619
4819 425
4831 2411
3971 837
3049 4721
2015 4667
1567 4387
4059 3295
4217 3581
23 4191
48 1832
203 3275
4633 1141
574 4136
3954 184
27 4235
4367 853
777 4611
3402 500
4721 269
2735 1311
3559 741
2840 2830
190 196
3583 1851
540 1684
2411 145
2767 4803
4753 759
342 4006
43 3579
2907 4253
2119 2925
3170 4166
4373 1131
4773 1555
2721 4659
3291 4487
88 4864
2927 625
999 3377
391 4867
4466 1032
3247 4535
3787 1173
4495 811
4268 4256
846 4140
3879 713
2038 64
1701 81
1084 4026
4657 945
3426 1186
963 965
2559 2553
261 4221
4629 265
45 2911
4831 135
2695 2689
989 3371
726 3718
4343 767
585 589
2019 53
4013 1771
3542 48
3459 3457
54 2510
4281 2473
4871 231
3916 1428
2784 2770
267 2753
2913 2517
4439 125
4858 4224
4765 1807
930 3646
3833 429
2391 4527
3761 279
3889 271
884 4644
15 3839
1151 1893
4695 2063
1218 2740
2723 2279
3395 2585
2403 4117
62 4432
3646 96
2735 3821
475 3409
4525 771
4689 1997
3441 123
1824 4370
3667 875
4547 383
3470 4480
968 224
3390 214
2816 2822
1479 1469
4791 3081
321 3875
344 4574
1915 4677
1060 278
3281 4877
4401 777
4835 975
2087 3553
2751 2131
428 434
4535 297
4866 4182
2882 34
365 1191
4674 902
1822 2708
4485 2829
3099 3095
85 4065
219 215
2157 3959
1065 3137
723 4739
4677 2257
444 1524
2957 2955
2217 2219
4857 3741
2950 280
4217 1095
2684 1084
3241 3829
508 3924
668 4262
151 2889
2489 1405
1761 4637
1676 4216
4772 704
4565 351
4027 2879
411 2535
1197 3003
4581 2521
2451 1011
1730 1728
427 429
4655 3331
3020 54
3843 785
57 2105
1017 3945
354 3154
4618 896
181 2227
3965 3955
1625 245
481 4771
4765 3649
3325 3331
1146 3758
260 252
1177 3453
1501 2777
4403 67
2961 589
4604 1938
1180 4480
4665 927
1019 4619
4229 1923
920 922
510 3728
7 4119
3899 85
3841 3843
1841 4267
3547 397
1911 2635
228 2410
4096 542
2829 117
1287 4855
3489 3493
1345 1347
4531 829
2875 2867
943 4853
225 1997
377 3293
4745 4747
4089 4879
2193 1339
2677 237
741 4191
2351 289
1503 4677
761 3741
264 4214
4296 2880
1912 3746
4827 1203
132 3884
656 648
4629 625
1846 4876
2811 797
231 59
4535 309
1483 4155
3395 3403
4679 3191
2375 603
4628 1376
1744 1746
3343 4469
1092 3278
4815 1109
3837 565
966 4536
3348 3344
501 3273
385 4633
875 3847
1837 1831
4587 977
1658 4256
2517 2507
2733 41
4852 3018
4615 797
2879 355
3383 3379
157 2515
3 4569
1459 2407
927 4221
828 4726
130 1938
4798 4214
715 4375
4042 278
3355 3039
1107 2131
208 4732
25 3221
4743 3047
545 3123
545 4429
1392 4788
3567 597
1727 3359
955 4015
4011 1031
3798 3794
1856 1860
4825 1271
4165 2035
4351 549
1239 2205
1493 3705
1117 4645
1398 256
3213 2719
2688 3288
2829 1967
3495 1603
332 4034
1396 902
788 3656
3205 3201
2943 1661
435 2393
3123 4247
2377 89
635 4773
1218 2954
385 2105
2840 4634
1640 4290
4620 1610
336 4526
1034 1022
495 1615
848 4340
4835 2351
4228 864
4798 786
1101 1099
3851 425
4170 3460
4115 2613
3935 3927
4498 1440
275 1901
449 1575
4501 3011
4811 3617
533 517
677 4551
2774 2010
2308 4770
3319 919
4097 1253
4841 3503
34 3744
4603 2317
3005 1047
902 890
147 3273
4115 41
2081 4405
1933 1929
728 2528
1596 622
4224 322
2839 2847
4729 1049
713 3473
4840 1870
755 4381
2174 4804
4733 2983
2881 119
4310 1722
2841 945
1044 4704
4025 171
540 4748
3643 917
2573 4035
2473 2471
3306 4802
796 800
2149 2145
195 4687
634 4094
1861 541
1941 4791
4817 1957
3028 1346
2098 4582
971 3643
2351 159
761 1417
1537 3335
3765 977
2921 4689
2789 2791
4875 4873
4871 2059
1349 869
2837 4017
451 3531
1279 2889
3490 2528
291 2193
3812 1814
4798 2810
1109 4555
4606 224
1641 4397
3406 820
218 224
4399 7
3774 720
348 3546
1255 4581
1040 3976
4828 2226
1801 1803
3043 351
528 4286
1141 3975
374 194
2532 938
2929 2927
581 3557
4621 4625
3015 237
1971 1967
4819 3197
451 4605
4337 3347
2027 3561
4263 4253
208 738
3935 313
911 4149
3382 56
2365 2363
2779 607
719 2227
38 4838
497 3589
2637 4517
2623 2629
4869 3993
886 138
3257 759
3963 1909
3852 1176
1323 4499
1113 1109
1393 1391
2683 4309
3865 4857
4764 3978
527 4563
4257 2771
2844 498
3292 948
4759 1139
4017 3319
3280 302
3055 3059
3745 2451
2275 3271
3725 3717
669 3527
13 275
2247 4835
1634 1628
14 2690
4629 285
817 73
863 1873
3045 255
651 3715
3302 3948
702 4720
704 702
2622 4270
2996 3010
285 1433
2714 4878
3909 3907
21 2389
2143 143
559 561
1499 4093
1313 4475
4795 375
1879 3203
1621 4583
287 4081
2768 376
67 4725
1558 1562
4464 1882
625 4273
4440 22
255 3503
824 4702
2553 3395
1563 4051
46 3548
2586 320
543 3067
3320 416
2711 4421
3821 459
3479 1231
2369 3903
1457 4851
4467 137
2296 2292
238 4678
4193 1977
2860 996
4233 503
336 2228
3791 3793
2571 693
1737 3611
119 121
1031 2659
315 1785
3899 2953
814 3870
1555 1299
2039 2037
3991 3987
3191 303
730 4628
1979 1983
3317 3315
4720 192
53 4595
4279 1731
173 3045
4561 4551
3366 3348
998 3244
3 1443
3752 4404
4539 2087
4114 462
3111 4507
2742 2766
3442 966
42 3764
229 2935
2947 2235
1704 3670
3162 4436
2 2790
3361 3359
1193 3515
463 1341
3742 604
2589 2587
2453 1407
3214 1740
3627 3629
169 4031
1792 4742
4695 1551
4805 131
4863 3365
675 669
4835 35
3055 3053
168 4548
4769 33
858 1908
4839 967
2091 4157
2184 4516
3598 276
4665 4669
3319 4447
2186 1098
1681 3473
213 1581
2475 1025
2607 1679
3163 227
1793 4845
953 3559
3562 436
4775 871
1489 4561
306 4824
1839 1849
4028 4024
3487 1897
873 2765
3875 4565
3538 990
4390 96
4705 1395
1485 597
412 2748
3304 3306
1843 4467
859 4333
675 4383
83 1987
4427 1463
913 4041
323 321
3137 3741
4352 3540
3013 1597
921 3177
4565 1521
4475 1061
1006 1780
2276 2280
4518 4242
3601 571
2766 2770
679 3297
556 550
1405 1417
3613 2641
3259 3265
2523 4721
1553 3849
5 2245
1035 2959
13 2723
1233 409
3925 3923
2259 4193
143 2861
418 2660
1009 1005
3491 1021
4303 179
2367 91
1430 940
1135 4153
1680 3440
4549 1253
368 4846
287 4789
2689 591
181 4667
1824 4834
2122 146
4333 2383
956 954
174 4478
4411 2569
659 655
2783 4207
2904 1418
2636 688
4305 577
3363 183
1482 2442
2847 713
3143 1115
84 888
335 3951
3867 3873
1529 3515
2265 4525
291 2371
2149 581
3588 174
819 3239
2767 47
1694 274
3815 3817
108 4184
4673 571
4745 171
4193 1901
1971 2449
4323 4319
2863 4749
3950 1276
4831 2859
3260 3256
3856 686
4570 4578
1250 3164
2397 895
2173 173
2051 2053
394 400
4625 3001
1383 4591
3346 4844
3064 3072
3596 4652
805 1601
1718 1716
2138 740
4799 3031
3741 997
3086 1154
4140 28
1653 1651
3347 3349
1 4439
4537 5
4227 63
3435 1161
69 3919
3988 872
51 1329
60 4876
4015 397
3331 3333
2779 1277
8 2020
794 4148
3051 1771
1957 4839
3736 2234
2074 1238
966 960
4188 3426
173 1573
1915 4451
1763 85
2640 2638
2598 306
4419 1437
288 3346
1189 769
89 4287
4251 955
4804 1558
2065 3431
4882 240
4258 2684
2326 752
4198 2474
1611 2089
3913 4263
171 3769
4545 325
3663 21
3787 4873
247 4225
4873 107
4797 1035
309 3607
228 226
4722 2466
307 301
2715 513
1167 1169
2553 2549
2131 4551
4365 1049
4799 105
2532 4742
49 53
4793 2813
151 1729
1599 4771
463 3277
2710 884
2968 4196
1849 3609
111 2837
4474 4444
4692 304
645 3
4092 352
2233 2565
1031 3543
2775 1509
2757 1091
251 4027
2607 2603
4225 4859
375 201
4517 4519
1419 2871
4825 4819
1908 2692
689 3391
4395 2637
2736 1280
2294 136
4418 258
4186 4184
1553 4165
4860 1576
2393 511
3999 4707
1027 2647
495 505
4737 2593
4399 9
2335 2331
4067 365
2054 4786
853 4807
177 1565
4850 208
2275 9
1307 3437
1857 4545
3405 1217
314 3236
4414 3654
793 3203
1693 2231
4008 928
1331 87
4 3782
3947 3955
12 4254
4575 1301
123 3449
4408 838
963 1557
1791 4503
2827 4787
4021 4023
3323 205
485 3713
701 4409
4836 252
1317 4591
182 3768
83 3275
629 2397
909 3997
143 2189
3399 881
3801 209
1531 4827
8 4072
3172 1452
1982 4148
1339 4471
4651 999
3167 3161
2059 4825
4562 310
1230 1962
2505 2045
1654 228
4497 1743
421 3529
3066 3998
4079 393
1201 1203
2382 250
4808 624
2342 1086
1787 3759
4727 4729
1006 1674
3967 2525
647 4317
4687 1919
1291 1287
2267 1821
2695 3133
3054 276
229 4241
3269 1447
3502 348
1455 2545
2225 4731
3575 1097
1523 1527
123 4743
3688 3684
1085 587
439 1735
4400 568
3973 4727
4869 1809
4404 3334
4741 2273
1513 467
4327 3553
3528 3532
219 3161
2838 4880
1410 1408
1789 1781
61 559
1522 1528
3034 4764
2489 871
2671 2675
4319 247
4111 2447
260 4326
1028 2896
4784 762
2475 1449
4799 3579
2447 4775
2253 3199
363 3419
1243 3475
2798 314
4446 1242
843 2499
4777 2777
1517 3829
2643 2639
1245 165
2341 95
2196 3148
952 4342
4258 1082
2058 4620
3462 2970
542 2422
689 4775
649 2127
2541 289
3155 227
3064 798
3959 4735
1451 4227
4368 3110
4269 2811
2289 2283
3680 3676
4206 4210
4501 4849
177 4327
775 3927
4075 1201
1705 4301
17 2079
3437 4689
4644 904
3075 457
1848 92
4626 2356
4177 989
2687 3599
929 4273
3778 3770
3748 3258
72 3902
4512 2006
1062 4434
376 352
4672 756
933 4165
2204 4810
1065 1767
1315 4201
4691 1313
2146 552
4683 973
4637 2319
4567 3257
4165 449
4627 4483
3690 222
1569 4367
2435 249
1852 1854
3431 4569
3060 520
4726 1734
106 4480
3663 1375
2327 4771
4049 2347
4577 249
4636 40
4777 785
4298 774
3245 4059
167 2527
3260 3262
371 3975
562 3606
2266 522
1869 4405
67 2087
1895 1891
3907 3285
2213 2215
3165 151
3430 660
511 2583
3716 206
1794 3730
3611 4617
3635 4825
1415 4175
474 4408
1358 68
3011 4847
2488 2486
4846 4418
2487 4853
3785 113
3832 1656
4373 4371
3037 4627
2447 3887
1659 2489
4470 1396
254 4042
3964 156
4224 3788
3506 1040
923 61
4349 393
4029 875
4862 2182
572 580
3950 4454
3446 3436
4359 4361
57 61
4622 170
4831 3231
2150 3362
4719 1919
431 1273
25 4591
4790 3922
1450 1440
308 2606
4742 3118
3283 3287
89 4013
1185 1181
5 4057
159 2575
1863 411
2857 535
763 4811
3090 4674
3429 4341
557 4769
253 3653
4224 558
513 1741
1990 4630
3686 2556
2949 223
3416 1854
1624 876
4433 1365
1487 4511
3602 2352
2621 1553
2261 329
2847 2849
382 4058
4867 951
161 2345
1677 3219
4627 643
775 3475
3 2095
271 4845
3709 3707
2378 4308
215 3937
4663 439
4034 642
3597 1319
4489 4159
4741 3215
2395 2393
2483 5
1469 3149
324 1556
4700 460
2437 355
4153 175
157 2423
23 3353
4074 1678
2375 4657
539 3825
1705 3379
423 4771
710 4608
75 3301
9 1319
4575 1007
2121 1117
2857 2077
3865 1473
1103 1107
307 997
1966 4812
689 2695
4387 4725
3266 3270
1219 1223
1936 1086
3940 2070
4293 4295
4862 3654
4721 27
4623 489
1544 74
3527 45
316 1158
1718 3582
362 4878
250 4064
821 819
3087 3093
5 4867
3453 3455
2524 3770
1756 4398
364 4838
678 674
191 3613
60 3852
386 3982
2098 276
1097 1093
4544 2116
336 80
3965 1955
39 4139
1649 4001
182 3818
4837 3789
1670 98
4589 2213
4594 3242
975 4045
2061 4697
987 935
1863 4059
518 2814
2644 620
4698 244
4288 1734
3052 4880
796 1162
1484 4172
5 1587
1115 4785
2069 4353
545 4053
4456 718
491 179
328 2558
4391 939
2497 3363
2495 3855
1459 4121
1227 3447
3009 315
4718 2548
66 1992
1121 3247
4375 157
3207 507
1097 1099
321 4859
1638 1030
4669 1411
735 731
4864 3464
4840 2696
3625 1683
33 1711
1663 3813
4533 2205
1002 1014
299 3383
2597 4307
2627 481
4176 1456
3689 3125
3194 658
687 689
3146 3156
2164 354
88 2170
4235 147
2324 440
146 4180
1089 1091
2753 3295
624 4570
512 3280
4317 791
4444 3772
844 3488
27 4303
3594 4184
2664 2714
782 4278
1663 19
585 895
476 4588
2783 4401
2861 3619
2710 598
182 96
3782 544
1309 4231
4323 1773
4878 1312
4529 1283
245 243
30 1018
2826 1070
1276 3984
4095 1005
4731 2919
3939 1813
693 703
44 3298
4301 719
759 4755
1125 4805
2633 4775
3815 513
3823 3817
3710 186
851 853
4393 91
745 4855
237 3387
4093 4097
94 1140
1541 1537
4163 57
1254 2860
4017 151
452 4158
2335 97
3710 344
388 3076
4866 2718
1831 2991
4687 1015
154 3514
766 1886
987 2649
4813 795
3831 1285
2539 713
3159 39
4015 375
4493 1189
2153 759
4860 556
4563 3757
3086 1858
3323 4501
1401 4763
1540 3912
1245 4729
4631 1
4675 4217
3743 55
1886 4410
4491 1429
704 712
64 4742
4293 3429
563 4881
33 3163
3169 4865
1681 1673
2811 2813
529 1941
1350 2849 1373
157 159
3731 2083
4634 1076
