191
394 396
332 334
326 328
310 312
132 134
600 602
908 910
934 936
1208 1210
583 585
555 557
551 553
547 549
545 547
537 539
533 535
531 533
523 525
521 523
515 517
507 509
501 503
491 493
471 473
457 459
439 441
435 437
433 435
431 433
423 425
419 421
415 417
405 407
401 403
395 397
391 393
375 377
371 373
365 367
361 363
359 361
351 353
345 347
343 345
337 339
333 335
329 331
315 317
305 307
295 297
291 293
283 285
281 283
253 255
245 247
241 243
237 239
233 235
223 225
217 219
211 213
205 207
203 205
197 199
189 191
187 189
185 187
179 181
177 179
165 167
163 165
161 163
159 161
155 157
145 147
137 139
131 133
125 127
115 117
109 111
101 103
91 93
83 85
81 83
79 81
77 79
75 77
65 67
61 63
53 55
49 51
43 45
41 43
37 39
33 35
29 31
21 23
19 21
13 15
11 13
601 603
613 615
615 617
621 623
623 625
627 629
633 635
655 657
657 659
661 663
667 669
677 679
699 701
703 705
723 725
731 733
741 743
753 755
757 759
763 765
773 775
781 783
787 789
813 815
819 821
829 831
831 833
837 839
841 843
847 849
849 851
857 859
859 861
863 865
883 885
885 887
887 889
889 891
897 899
901 903
903 905
913 915
921 923
927 929
937 939
943 945
955 957
961 963
965 967
967 969
971 973
975 977
981 983
991 993
993 995
999 1001
1021 1023
1029 1031
1033 1035
1037 1039
1053 1055
1057 1059
1067 1069
1069 1071
1073 1075
1075 1077
1089 1091
1091 1093
1099 1101
1105 1107
1107 1109
1109 1111
1113 1115
1115 1117
1121 1123
1129 1131
1151 1153
1153 1155
1163 1165
1169 1171
1173 1175
1179 1181
1181 1183
1185 1187
1187 1189
1189 1191
1199 1201
1201 1203
1207 1209
1217 1219
1231 1233
