1246 2487 599 1209
155 690 599
1161 337
463 319
837 459
443 949
1235 115
309 1061
11 277
1207 27
71 771
535 1029
1185 139
151 685
715 1157
973 685
29 457
45 901
1099 117
453 1047
1207 161
89 595
699 321
916 262
185 1059
93 733
1025 99
455 69
204 1184
987 143
113 13
1227 1242 1209
10 523 599
271 951
1027 211
51 1167
1211 225
704 590
807 385
1097 779
173 1007
47 1035
1079 345
59 1013
1023 1007
35 607
999 237
41 1105
701 57
133 1167
439 101
3 1161
1126 476
105 1037
443 821
123 175
1215 1097
1191 1085
1147 99
1217 1223
1013 455
1177 725
585 1239
590 716
251 1119
1199 585
663 659
83 1025
861 47
981 401
743 1039
75 523
291 1239
209 1161
1236 962
399 983
407 109
1239 29
497 1145
933 239
1213 621
1207 1113
1240 896
3 1073
7 1023
1221 923
897 293
1145 765
15 127
921 251
1047 373
611 3
191 613
249 255
171 965
453 109
13 207
477 1175
903 631
431 887
334 328
419 1077
581 1103
1017 755
1121 813
1213 381
1221 655
1213 139
405 45
765 993
549 297
409 1127
635 1203
191 303
913 1033
87 1225
747 305
548 1240
97 423
166 394
1065 175
1123 1067
1223 7
1229 1069
231 513
9 703
1163 975
1101 1107
603 945
1203 55
571 1
435 131
543 1199
1115 1117
323 1219
787 263
1237 1230 1209
1007 67
431 1209
219 271
605 345
285 283
445 875
153 829
449 61
9 1201
1005 181
3 841
43 681
1153 171
783 239
335 1245
1067 367
1 1209
875 413
107 1135
1085 441
33 551
1165 81
693 267
697 975
905 557
1109 213
955 81
97 1199
441 1225
511 941
1243 415
1061 1229
1217 956 1209
571 41
1004 142
419 1231
1233 643
115 377
411 303
481 45
303 1217
717 69
895 1211
373 1029
21 375
1241 5
1049 767
159 1009
411 691
151 1149
307 819
967 969
197 809
962 1232
407 257
155 1223
111 117
699 197
1007 127
11 1201
1215 793
226 26
565 1187
237 11
1137 35
11 1241
69 571
113 593
127 1203
573 875
1051 657
1065 415
825 1235
25 1001
155 1165
1231 1081
123 1219
187 1023
369 929
1 1155
573 889
93 1129
437 517
1031 803
101 251
573 101
1145 7
327 1239
947 1219
315 985
1123 17
485 17
1181 921
41 1159
695 213
3 137
219 999
365 367
881 397
183 989
368 650
1057 495
783 203
177 1079
1143 813
725 1219
355 577
1137 497
1097 165
147 139
189 523
173 947
1 539
391 85
19 323
991 613
1087 1245
697 139
441 1133
575 35
953 275
483 827
1025 481
302 1204
3 995
1183 351
304 1128
29 319
763 1185
1077 1037
1199 75
705 701
831 1013
173 221
869 69
1030 170
685 425
943 389
935 1241
37 719
179 177
740 244
19 21
1133 210 599
207 411
945 1087
29 729
245 1215
393 729
33 407
1107 19
169 817
387 33
1124 426
739 523
123 373
1213 485
45 791
507 509
235 1101
1187 235
153 51
473 1069
201 815
317 1199
870 1229 1209
293 1031
1215 159
735 1197
753 1121
909 135
1122 876
1101 537
1049 35
979 117
821 969
187 1235
853 95
1229 655
633 103
1245 343
1097 1235
1167 103
929 41
245 785
129 357
117 651
1191 241
887 889
41 803
1075 213
173 1151
503 1085
1125 1131
141 1065
299 961
1079 305
833 839
105 1223
909 141
1093 1101
313 19
1193 993
1125 855
1121 223
155 3
388 158
1007 21
363 1071
163 1083
46 1116
9 743
359 31
127 529
1123 499
9 1127
1111 25
767 625
1071 1069
219 407
13 445
1007 525
1197 1201
271 31
96 972
281 555
1129 103
547 1219
1049 907
757 3
681 1041
1231 185
43 785
84 237 599
361 1107
1225 725
361 353
1157 495
1240 438
19 1231
33 207
1057 301
185 1121
971 675
1 991
449 1071
859 125
187 13
1007 59
841 461
1185 221
1011 47
429 1155
1161 15
1067 209
1201 881
779 325
99 359
1183 613
377 375
1228 1243 1209
1241 959
209 177
1147 1199
1179 221
719 1227
289 1237
781 1089
171 367
955 13
1123 1119
41 389
112 510
1129 723
1209 785
1213 609
851 43
1029 573
71 741
51 905
773 1231
651 1221
1017 19
521 1137
345 343
367 3
843 839
127 905
305 1175
269 13
1009 539
1171 301
405 999
1205 51
209 825
585 45
776 998
1215 15
245 1047
1171 385
311 59
35 1227
617 1047
1213 125
977 973
1103 259
1179 685
1147 239
213 211
75 1083
743 93
577 205
369 1165
1075 1077
139 635
1005 793
1175 1171
21 1233
1169 571
11 1225
243 1223
621 1245
1219 73
93 745
127 1183
47 381
947 61
1245 1
1217 653
1231 1
977 217
1163 75
161 163
387 827
893 13
913 519
1099 71
23 733
611 221
147 615
1191 123
995 1001
435 857
585 185
17 1217
649 871
563 179
163 973
937 543
765 775
185 1047
197 1229
341 1009
419 451
401 3
63 881
881 51
291 907
999 559
657 93
493 477
627 53
151 303
23 1149
873 95
990 626
143 1059
459 1051
333 1241
895 53
1013 771
319 1091
391 31
39 37
1063 77
439 367
923 19
1019 233
649 937
955 1111
89 1009
41 981
1235 597
769 1197
1185 647
1055 11
915 1245
851 859
255 1205
131 1233
1083 713
1191 143
215 1007
651 179
1089 713
1129 223
1201 63
971 3
191 25
171 623
1117 135
1135 231
241 243
1165 1157
1126 480
853 37
97 53
333 19
31 781
675 31
1197 315
69 1083
245 667
19 983
71 1067
39 43
387 215
1085 85
247 441
561 1121
113 833
49 871
1179 171
745 99
19 565
271 895
585 1241
427 1187
213 813
267 1189
531 1059
1055 123
819 301
1189 937
1089 1
287 1229
229 33
121 1097
1173 39
1111 753
263 917
255 901
275 897
205 393
585 889
1123 535
67 709
173 491
3 1163
605 1025
781 29
531 905
101 1015
1061 269
1159 397
833 831
587 1211
601 609
309 975
1223 1157
585 171
225 499
51 899
1132 154
311 399
105 679
790 957 599
1013 523
197 1017
863 939
1061 117
843 39
229 895
241 1067
55 51
949 15
275 1035
1053 1145
225 1115
711 913
1091 263
643 1211
1013 647
521 1227
1197 93
31 11
65 341
562 122
829 67
1161 875
1231 505
385 873
179 181
823 329
667 1
977 1229
75 1157
83 1139
1051 395
75 1211
61 63
209 931
201 1183
1243 335
899 85
917 139
115 537
225 833
1091 695
871 375
997 665
981 191
1211 671
1149 1219
701 679
399 1023
889 289
165 55
45 643
579 87
1193 623
851 867
689 133
585 17
369 49
1113 231
817 821
19 539
1089 295
559 1227
81 547
615 617
59 795
1175 777
985 107
1048 150
209 1019
1113 551
753 17
123 127
655 341
1234 964
873 1199
1053 157
319 1129
1055 1147
879 109
1109 413
245 993
71 707
1167 905
365 299
1173 61
85 837
1034 922
171 625
371 1005
679 59
1071 441
463 955
145 755
41 359
355 1179
65 935
39 535
495 1163
845 1213
43 391
7 635
1236 988
961 555
419 597
309 1117
539 1159
73 537
795 99
1199 117
819 1159
53 407
189 195
1 1201
81 117
797 965
813 367
171 871
851 1173
97 579
1093 895
27 385
629 625
117 903
21 749
561 7
949 83
975 259
739 1011
189 5
1167 253
739 35
396 342
1229 1053
7 765
505 1199
1219 47
1235 325
1011 13
1087 25
977 257
355 1095
775 1121
525 3
875 121
1235 171
1087 545
457 1167
1241 147
547 549
515 1107
583 1101
1127 279
533 1129
45 681
949 1217
1161 691
417 1151
1137 187
11 813
1173 759
343 191
1087 915
171 291
657 241
489 1221
93 1193
463 679
737 1131
95 999
1215 571
267 1051
151 559
787 951
1107 963
319 965
1137 189
175 869
9 109
119 533
185 635
265 57
1105 1203
1087 1199
1243 17
87 995
669 679
1245 57
557 553
119 959
67 373
1171 129
831 163
1197 319
16 990
893 127
929 923
53 1077
101 427
221 713
771 3
499 211
812 188
433 435
181 1219
907 333
609 407
23 1175
823 1239
95 1225
821 3
453 71
35 31
4 426
711 1233
1145 249
1243 13
125 955
801 111
647 299
115 495
1219 869
1125 387
347 789
869 363
1043 19
217 537
931 15
861 3
111 935
933 1167
1241 109
127 597
1223 125
11 769
173 929
945 193
517 509
13 663
55 1087
329 1075
439 73
77 79
533 527
697 15
361 27
441 1063
339 623
83 1067
113 1049
1239 739
1114 904
235 39
651 251
639 937
481 1051
39 733
763 983
766 6
27 805
1221 593
651 69
351 453
429 1063
639 263
19 1049
74 1238
39 755
163 165
539 535
1039 257
837 177
613 615
29 3
631 391
147 157
157 1049
1061 613
1206 170
229 11
221 295
897 1211
89 853
737 321
247 243
826 74
893 583
1145 747
1153 603
943 37
177 423
761 1037
153 3
1155 955
81 1135
137 1
1093 1149
295 1035
961 535
1245 171
630 222
275 883
307 681
123 1025
1029 617
715 303
21 23
1 133
69 77
809 1245
177 537
619 909
121 1031
975 303
51 757
733 343
419 1091
539 57
51 465
283 597
807 97
722 1246
629 635
835 107
829 1111
1157 653
735 1043
1137 459
139 395
1187 727
543 1201
1238 1189 1209
953 641
991 507
359 7
1021 545
911 1227
471 1131
1135 391
121 3
1103 291
721 23
31 367
1229 27
15 13
125 667
385 895
199 951
1089 49
991 33
1033 721
197 31
111 931
13 1095
753 1245
185 631
751 1211
601 459
33 1071
895 899
477 217
53 593
63 919
853 381
945 271
191 41
21 381
437 955
161 769
1177 1133
7 717
215 1055
647 193
1085 153
727 175
333 1075
957 329
337 1099
163 859
291 427
269 57
39 1037
481 295
127 133
1057 383
13 949
1179 375
1121 441
303 597
577 813
845 111
267 1127
385 211
1149 623
789 13
473 1065
1151 165
689 875
965 317
132 796
109 783
491 91
275 1157
775 87
111 103
1151 643
299 1235
21 197
91 1145
367 1105
245 1243
1065 15
769 1087
95 1105
77 1007
907 35
1025 1031
999 5
1 95
1209 21
987 553
73 1057
885 867
69 629
1223 579
549 69
1175 517
9 1163
1071 467
1061 161
789 87
91 67
497 1035
635 3
1001 1141
1171 3
325 1195
585 37
553 79
1069 107
221 225
151 539
1201 749
85 163
1027 71
1097 231
625 1199
709 215
921 129
71 1207
41 1111
151 1077
61 913
13 433
557 1143
591 101
615 347
341 967
109 1237
789 69
128 1238
919 41
283 849
247 1203
1091 99
1217 3
781 55
657 659
105 293
883 361
397 403
1105 19
1197 529
1067 463
1231 41
35 1103
297 293
749 833
59 1065
917 1187
63 839
535 533
469 1223
1145 409
249 189
605 993
37 973
1172 638
1171 9
195 1245
782 1230
225 1157
3 255
7 87
25 233
169 435
153 712 1209
345 123
1073 157
287 1169
621 801
133 579
1139 417
1153 47
839 345
1027 373
117 473
1059 1069
611 191
5 1215
1201 535
435 849
691 237
1017 591
245 1177
1236 511 1209
847 155
437 51
109 1233
1019 345
637 1133
139 899
1147 907
1181 3
503 355
235 85
217 219
863 1101
833 1241
67 675
383 995
1069 353
479 1061
647 103
21 1123
915 121
99 145
1203 677
7 1131
1061 191
319 1161
753 301
74 990
81 653
113 1153
207 1207
111 853
437 971
1061 43
1023 155
759 1095
993 57
659 1133
1181 545
729 1009
171 413
775 491
464 124
1233 341
263 905
897 253
119 853
521 29
1159 503
1121 9
1135 423
399 1197
113 298 1209
861 287
273 1215
481 1077
1221 941
851 849
1245 871
542 242
37 1065
1195 189
21 1081
623 625
763 21
591 1
415 241
137 1245
1133 73
183 447
1091 343
113 811
153 1203
311 1095
237 779
636 543 599
933 409
959 631
957 99
29 73
1094 834
457 215
1235 739
143 1241
181 1067
305 1147
833 443
97 1035
307 297
361 707
549 1235
223 1197
1175 1181
313 1199
653 1213
1231 253
655 677
517 845
951 33
551 289
831 145
769 47
401 1193
1059 1055
861 865
857 157
153 997
155 817
773 1199
19 1081
266 739 599
755 1035
379 663
1223 637
957 949
287 163
33 481
555 93
365 45
331 983
735 367
1187 267
343 1153
1119 59
121 1197
931 179
85 83
31 23
783 789
233 781
121 1071
1111 109
939 321
49 1177
1001 345
316 328
995 485
691 31
181 809
309 461
977 355
1113 1115
135 163
731 141
167 1001
969 83
301 783
859 25
1113 169
81 83
1225 623
323 1167
872 980
331 321
1113 277
571 1157
319 713
1163 1007
943 141
15 315
260 910
215 27
1231 613
295 799
416 48
785 165
1189 1187
43 201
1096 822
1231 1165
801 183
345 1175
1181 319
39 1061
241 1215
953 747
205 1215
302 436
665 321
1151 243
489 1199
1223 17
79 837
285 1127
1207 501
833 1087
425 783
15 1085
15 815
16 1086
355 15
517 523
21 449
1013 339
143 983
351 1061
939 945
1241 1013
128 160
215 1013
1191 133
267 89
605 155
1 947
253 555
1109 1111
51 331
13 3
405 915
319 595
36 612
63 1191
1227 401
79 1055
1181 683
57 1177
423 9
725 29
23 1123
180 1146
65 427
85 93
905 205
23 331
1151 115
599 1203
63 1093
399 9
214 916
987 519
433 65
644 114
815 21
285 1031
1141 3
317 1239
185 161
757 759
161 157
1111 395
453 1229
267 21
1167 949
763 1239
77 1159
503 495
871 1169
545 117
29 1125
511 691
1175 217
1033 93
1197 1037
928 676
73 905
933 147
107 1079
49 755
1209 19
267 593
771 47
85 913
705 725
153 335
1085 243
175 475
49 1109
443 1119
1175 433
225 723
401 1081
597 1063
51 561
801 927
467 205
1005 1237
829 277
1033 411
171 1203
244 350
69 1079
49 889
1217 273
1077 75
369 1237
629 279
433 975
1175 905
197 995
779 321
41 821
815 623
1125 373
1097 9
545 731
1043 741
579 211
1181 159
134 904
17 1115
739 353
147 259
331 335
1199 105
1049 1055
231 1153
1167 529
831 1207
397 57
1001 325
409 879
81 79
185 285
259 979
9 341
61 843
29 721
153 1215
267 1117
517 133
461 9
540 970
197 77
23 855
205 1219
121 785
5 1075
385 519
403 577
1205 395
173 1081
11 601
89 1171
187 189
1033 143
355 97
669 1241
1181 1231
1203 485
247 665
1125 145
125 493
367 851
993 133
277 697
973 969
469 629
965 41
997 31
311 1209
695 5
1237 309
913 489
1243 31
1167 803
437 441
1199 207
519 1081
865 315
395 983
33 1041
1075 603
1023 269
1037 17
85 1197
21 731
1121 183
693 1173
1019 45
54 896
1105 859
136 1215 599
761 137
1163 303
905 903
1206 462
1205 1215
1075 1071
1043 165
523 905
621 1181
193 759
875 47
839 27
187 789
1069 313
163 631
19 1015
515 909
723 569
1157 159
1207 565
845 309
1031 1177
1189 1191
116 504
481 109
229 793
1135 1079
123 887
1016 48
141 281
393 377
1187 201
939 1189
1165 1171
327 929
815 809
933 27
113 1017
1225 197
47 607
627 107
865 1015
641 1089
987 37
171 687
1102 869 599
53 115
763 1121
399 1123
713 243
297 35
1145 883
581 69
575 231
1071 359
903 899
537 1089
1225 755
885 239
79 231
839 499
489 625
529 7
1175 163
423 1095
1197 961
109 1011
5 575
115 405
1119 61
1105 67
817 1213
1123 645
179 927
103 1141
543 63
61 657
272 1238
649 57
1205 37
39 1079
1233 667
933 407
1133 1193
771 1241
845 153
117 759
323 219
471 1195
446 1046
55 1237
1015 9
1235 651
673 1103
1201 1203
1179 49
829 9
1163 481
500 78
575 951
370 170
613 1
169 1067
841 1241
965 605
17 369
1163 5
395 17
1177 133
27 1137
184 580
761 293
623 1081
683 115
1133 755
1205 9
942 1240
41 819
1125 213
1059 233
233 813
1193 135
1035 757
397 765
585 993
11 35
59 829
1191 337
1067 627
649 1
257 283
353 27
307 317
79 521
933 67
459 441
199 1047
1121 669
27 583
535 63
1121 703
1011 293
353 217
1145 541
1185 229
851 25
907 287
871 699
845 1237
571 929
1 749
497 1163
1127 325
19 751
799 883
67 869
811 1219
927 43
1207 189
639 13
27 1069
825 495
123 217
417 421
1155 285
311 247
1027 161
293 153
1031 1141
881 443
798 196
431 433
1057 785
915 715
817 91
45 771
327 1143
35 1109
143 1039
393 1193
25 925
253 1185
697 1085
227 997
693 9
509 1021
231 1165
27 483
167 389
221 1237
941 297
1009 1179
1141 1153
1243 523
1101 1235
151 1189
1147 87
937 87
47 5
265 501
295 811
3 1139
325 925
19 601
1069 637
1165 403
1095 23
1065 137
1217 945
1161 553
1191 819
25 673
65 563
963 67
369 815
1237 1183
1125 1071
87 13
53 1223
1181 537
489 1225
1117 461
270 928
375 1193
1133 471
95 13
1229 471
739 1061
115 1237
585 557
207 39
319 639
149 1231
1119 625
357 765
179 767
151 3
353 1063
649 1181
229 235
1070 172
707 919
283 149
257 683
177 747
3 743
187 1227
945 349
601 1127
595 207
53 579
1175 5
1243 537
303 1123
883 25
297 1233
335 339
3 145
1131 13
15 1077
11 65
267 999
1023 897
1045 43
461 45
865 1177
27 541
905 567
199 903
134 52
389 5
541 997
67 959
97 293
1137 667
435 1225
1055 351
1055 59
657 979
695 43
347 1171
1209 487
765 759
173 857
1243 249
169 517
499 789
1177 71
479 823
139 135
1053 433
769 393
15 249
1023 35
1231 1241
1092 634
637 149
1127 1
819 175
807 365
1207 97
129 1229
425 669
771 1173
1177 341
433 1013
483 103
665 201
371 969
923 61
1119 995
893 299
1116 216
1151 289
149 25
449 1045
277 703
21 95
449 1211
435 861
755 191
271 1055
1195 203
43 521
1225 463
53 35
1233 1099
415 983
997 13
401 1027
501 899
479 1159
657 1237
111 857
843 1079
801 537
639 289
793 123
959 963
557 121
283 587
1159 545
751 1051
213 883
1015 55
1139 79
609 229
990 516
1245 371
1013 759
187 183
1091 19
1194 256
789 1181
1109 291
279 1085
243 937
833 119
13 1225
847 1135
953 123
393 905
969 669
249 17
1235 327
709 1241
505 651
968 1207 1209
295 871
993 987
21 1221
1155 849
1067 693
175 1043
71 1109
681 71
1219 1087
21 1107
133 1229
853 357
115 839
637 117
267 797
237 1221
78 556
1003 73
183 1003
53 985
394 124
539 547
1 339
465 1143
259 1147
145 1059
579 171
1179 793
1199 13
1091 1077
431 1237
141 217
73 1031
107 971
101 801
73 863
451 1217
103 23
1023 361
683 1177
21 1093
707 15
777 197
73 783
307 1161
5 215
385 939
19 1125
425 341
407 47
1155 95
361 363
283 1019
677 1211
1081 187
209 1035
1141 41
1093 559
573 13
841 385
1115 1041
349 1073
509 1091
461 1061
589 845
531 41
761 177
1173 111
251 1213
1223 91
461 1067
1033 573
855 695
39 591
987 219
33 689
329 761
83 627
829 25
1085 251
1217 629
1227 675
673 307
769 1045
65 1149
957 77
457 5
839 29
1047 387
789 91
145 847
1235 259
255 751
33 905
1191 3
224 1104
1153 891
901 67
1143 367
1037 437
205 201
977 479
451 1001
1055 265
443 781
371 1061
679 129
647 51
1153 1155
1211 9
855 1177
939 1143
533 159
923 1241
419 1235
1109 9
79 971
497 1071
721 5
57 527
849 845
403 853
39 429
848 196
1225 41
29 1013
63 1087
81 1079
803 121
907 1217
981 541
913 1185
407 405
397 817
419 901
95 829
910 936
79 1211
843 1107
159 891
697 1089
97 775
153 1009
11 819
683 91
931 67
45 313
1207 77
37 741
167 165
661 429
40 356
915 923
63 67
647 31
1230 732
850 64
417 1205
397 979
181 917
1231 501
805 193
1196 68
165 1087
789 383
91 1063
1229 613
381 667
159 1017
1173 63
503 73
1061 305
243 1201
421 425
155 969
1143 13
1045 199
743 755
761 1
1121 173
21 813
1187 13
461 11
155 1227
1177 565
909 1205
43 539
489 1171
1165 663
255 871
1123 563
29 1235
280 528
29 931
1059 705
1235 949
997 55
575 789
941 185
105 1021
137 641
1107 1109
91 911
209 909
203 1177
525 523
235 239
211 29
841 113
1231 219
320 82
9 959
1175 413
53 925
1243 147
21 1159
1199 369
13 717
957 441
533 1081
949 419
963 967
585 1193
1013 461
375 89
409 1215
195 913
651 331
616 80
832 468
1023 465
565 1121
959 751
1236 1203 1209
173 933
31 585
1125 53
657 1
551 553
161 1165
1095 981
961 379
255 1063
1147 19
243 1231
824 156
365 475
637 39
733 959
173 561
435 1241
175 17
743 733
1235 791
479 705
41 967
915 779
353 1117
531 111
493 1083
1232 935 1209
417 411
19 889
189 1069
819 255
1107 593
1153 571
965 1205
303 1165
33 569
137 955
801 257
1043 813
643 387
1183 305
179 627
1180 1238
83 1117
334 1012
599 67
803 275
663 669
165 1001
1201 813
13 825
727 35
1011 43
47 827
951 47
1011 195
109 1193
1139 147
121 1115
367 1113
719 679
1205 549
1001 729
825 52 599
191 189
1246 1219 1209
581 277
53 625
73 1225
479 1017
1235 475
763 951
1035 1031
211 221
721 1185
77 473
991 243
15 933
31 797
308 926
939 929
1011 235
963 527
967 285
295 625
41 1063
549 327
177 435
39 879
1121 971
207 205
63 791
312 802
771 73
164 948
625 153
813 217
65 215
1219 321
293 285
172 1234
965 807
891 889
511 1127
47 1157
819 23
323 873
1215 875
381 155
307 1185
985 1243
37 1159
1231 17
797 115
1001 43
1183 1181
9 633
49 1027
273 53
335 889
505 1217
689 1059
701 99
359 379
45 51
831 825
37 1029
205 1213
1235 265
316 246
1169 949
1107 1155
647 783
302 1244
929 73
53 1215
23 843
1175 343
783 775
521 1219
676 994
137 529
655 27
1209 855
751 1195
535 1099
871 1223
171 459
831 77
559 49
801 155
127 1187
459 1235
312 266
345 347
5 547
1049 5
199 195
4 285 1209
441 13
1183 1187
1133 55
837 1211
467 1003
105 1019
890 136
1039 529
441 1201
245 723
915 905
1217 259
939 7
651 947
1079 199
579 1205
1219 579
1171 277
175 719
1059 419
869 179
111 261
435 437
759 317
563 1187
125 1001
1 995
321 7
263 751
167 1203
209 1147
643 1039
461 1079
623 1095
617 623
911 93
296 978
227 1107
65 497
151 1173
137 845
1225 387
1213 717
1233 823
1079 207
1213 9
609 1163
993 1129
3 111
253 1153
1211 305
987 1071
977 983
509 15
4 471 1209
15 1027
885 887
793 185
41 999
379 647
1035 1039
1097 15
97 1081
1157 505
229 511
185 1209
243 1121
870 910
115 1031
453 181
661 247
861 59
791 275
81 355
5 977
27 959
143 1009
11 1177
1219 757
1027 3
1119 105
1 747
1149 323
875 159
217 579
507 1219
39 373
513 5
1143 171
540 1164
931 713
331 1231
1090 362
1017 1215
1165 195
5 331
469 171
269 771
71 1137
747 1179
1 777
356 1082
865 705
213 511
51 277
473 463
909 87
877 83
1237 897
513 1233
927 101
1075 103
1189 201
20 624
1203 1069
889 195
103 101
195 1031
679 1233
1091 1093
393 397
713 1235
351 561
893 119
343 885
1069 405
55 1193
45 43
681 47
1179 33
305 17
177 1133
525 275
193 671
53 553
1239 773
589 247
1133 293
387 1233
1235 167
3 1113
441 1137
319 83
1143 593
751 75
1223 79
859 861
829 57
1025 519
623 1155
347 1227
983 375
459 33
731 47
1129 161
873 369
133 1083
153 355
1153 375
263 1223
715 1177
1001 411
1137 241
847 519
375 609
995 993
733 725
39 641
1203 1153
7 1227
393 71
51 979
559 1245
788 104
1045 701
929 583
37 271
269 1199
657 647
1191 171
329 197
1239 883
731 1103
45 865
687 1107
189 715
251 741
11 671
1191 1
1175 153
1209 573
353 347
171 675
1169 51
671 147
1218 268
7 1097
87 1245
1163 561
1117 61
299 1065
441 161
1223 29
63 19
593 1053
565 121
145 1215
786 1232
1081 645
559 1103
1067 165
147 1213
735 1183
57 447
1237 43
1203 27
1053 505
661 161
45 409
527 987
49 705
1131 757
373 371
1147 9
1234 668
1057 911
1069 161
903 161
5 589
1225 575
153 1229
749 469
63 845
172 1246
849 737
5 875
