191
28 30
14 16
38 40
44 46
48 50
56 58
58 60
62 64
64 66
70 72
74 76
80 82
88 90
92 94
104 106
120 122
126 128
130 132
132 134
136 138
138 140
144 146
152 154
154 156
168 170
170 172
174 176
176 178
186 188
190 192
196 198
210 212
214 216
220 222
238 240
250 252
252 254
258 260
268 270
272 274
276 278
278 280
282 284
286 288
296 298
306 308
316 318
322 324
330 332
340 342
342 344
346 348
350 352
356 358
358 360
360 362
378 380
384 386
386 388
394 396
396 398
400 402
406 408
412 414
414 416
420 422
428 430
436 438
462 464
470 472
480 482
486 488
488 490
502 504
512 514
520 522
540 542
544 546
566 568
576 578
582 584
586 588
588 590
598 600
616 618
620 622
622 624
628 630
630 632
632 634
644 646
662 664
690 692
694 696
698 700
700 702
708 710
712 714
714 716
722 724
724 726
730 732
738 740
744 746
754 756
774 776
788 790
806 808
810 812
812 814
814 816
822 824
826 828
830 832
840 842
844 846
850 852
854 856
870 872
874 876
880 882
884 886
886 888
894 896
900 902
902 904
908 910
912 914
916 918
930 932
940 942
950 952
954 956
962 964
964 966
992 994
1000 1002
1004 1006
1008 1010
1012 1014
1022 1024
1028 1030
1034 1036
1040 1042
1042 1044
1048 1050
1056 1058
1058 1060
1060 1062
1066 1068
1068 1070
1080 1082
1082 1084
1084 1086
1086 1088
1090 1092
1100 1102
1108 1110
1114 1116
1120 1122
1130 1132
1136 1138
1144 1146
1154 1156
1162 1164
1164 1166
1166 1168
1168 1170
1170 1172
1180 1182
1184 1186
1192 1194
1196 1198
1202 1204
1204 1206
1208 1210
1212 1214
1216 1218
1224 1226
1226 1228
1232 1234
1234 1236
37 39
323 325
375 377
647 649
851 853
913 915
919 921
935 937
1113 1115
