191
584 586
556 558
552 554
548 550
546 548
538 540
534 536
532 534
524 526
522 524
516 518
508 510
502 504
492 494
472 474
458 460
440 442
436 438
434 436
432 434
424 426
420 422
416 418
406 408
402 404
396 398
392 394
376 378
372 374
366 368
362 364
360 362
352 354
346 348
344 346
338 340
334 336
330 332
316 318
306 308
296 298
292 294
284 286
282 284
254 256
246 248
242 244
238 240
234 236
224 226
218 220
212 214
206 208
204 206
198 200
190 192
188 190
186 188
180 182
178 180
166 168
164 166
162 164
160 162
156 158
146 148
138 140
132 134
126 128
116 118
110 112
102 104
92 94
84 86
82 84
80 82
78 80
76 78
66 68
62 64
54 56
50 52
44 46
42 44
38 40
34 36
30 32
22 24
20 22
14 16
12 14
608 610
614 616
616 618
622 624
624 626
628 630
634 636
656 658
658 660
662 664
668 670
678 680
700 702
704 706
724 726
732 734
742 744
754 756
758 760
764 766
774 776
782 784
788 790
814 816
820 822
830 832
832 834
838 840
842 844
848 850
850 852
858 860
860 862
864 866
884 886
886 888
888 890
890 892
898 900
902 904
904 906
914 916
922 924
928 930
938 940
944 946
956 958
962 964
966 968
968 970
972 974
976 978
982 984
992 994
994 996
1000 1002
1022 1024
1030 1032
1034 1036
1038 1040
1054 1056
1058 1060
1068 1070
1070 1072
1074 1076
1076 1078
1090 1092
1092 1094
1100 1102
1106 1108
1108 1110
1110 1112
1114 1116
1116 1118
1122 1124
1130 1132
1152 1154
1154 1156
1164 1166
1170 1172
1174 1176
1180 1182
1182 1184
1186 1188
1188 1190
1190 1192
1200 1202
1202 1204
1208 1210
1218 1220
1232 1234
393 395
331 333
325 327
309 311
131 133
599 601
907 909
933 935
1207 1209
