117
350 352
338 340
330 332
314 316
294 296
286 288
274 276
264 266
260 262
240 242
236 238
224 226
212 214
198 200
180 182
160 162
150 152
138 140
114 116
108 110
100 102
76 78
68 70
48 50
34 36
16 18
14 16
10 12
372 374
392 394
408 410
420 422
442 444
444 446
462 464
472 474
480 482
488 490
506 508
516 518
526 528
542 544
550 552
562 564
586 588
592 594
610 612
628 630
644 646
666 668
676 678
686 688
696 698
708 710
720 722
748 750
750 752
351 353
337 339
325 327
313 315
305 307
293 295
283 285
279 281
259 261
247 249
235 237
219 221
209 211
205 207
185 187
169 171
159 161
143 145
133 135
125 127
123 125
121 123
107 109
93 95
87 89
73 75
57 59
47 49
43 45
21 23
357 359
379 381
403 405
425 427
435 437
441 443
461 463
469 471
475 477
509 511
515 517
523 525
529 531
545 547
559 561
567 569
593 595
611 613
633 635
643 645
661 663
671 673
677 679
691 693
705 707
715 717
725 727
733 735
735 737
751 753
