154
8 10
4 6
2 4
12 14
14 16
16 18
18 20
20 22
22 24
24 26
26 28
30 32
32 34
34 36
36 38
38 40
40 42
42 44
44 46
46 48
48 50
50 52
52 54
54 56
56 58
58 60
60 62
62 64
66 68
68 70
70 72
72 74
74 76
76 78
78 80
80 82
82 84
84 86
86 88
88 90
90 92
94 96
96 98
100 102
104 106
106 108
108 110
110 112
112 114
116 118
118 120
120 122
124 126
126 128
128 130
130 132
132 134
134 136
136 138
138 140
140 142
144 146
148 150
150 152
154 156
156 158
158 160
160 162
162 164
166 168
168 170
170 172
172 174
174 176
176 178
178 180
180 182
5 7
3 5
1 3
9 11
11 13
13 15
15 17
17 19
19 21
21 23
23 25
27 29
29 31
31 33
33 35
35 37
37 39
39 41
41 43
43 45
45 47
47 49
49 51
51 53
53 55
55 57
57 59
59 61
61 63
63 65
65 67
67 69
69 71
71 73
73 75
75 77
77 79
79 81
81 83
83 85
87 89
91 93
95 97
97 99
99 101
101 103
103 105
105 107
109 111
111 113
115 117
117 119
121 123
123 125
125 127
127 129
129 131
131 133
133 135
135 137
137 139
139 141
143 145
145 147
151 153
155 157
157 159
159 161
161 163
163 165
165 167
169 171
171 173
173 175
175 177
177 179
181 183
