184 7782 9 145
152 68
169 41
8 38
84 124
100 148
35 161
73 81
8 176
140 112
43 65
174 40
134 178
93 169
96 36
98 118
36 72
37 61
13 151
117 31
10 146
37 159
142 6
82 158
52 6
61 75
131 111
73 119
156 82
63 143
134 66
123 53
35 163
100 60
28 40
103 9
178 126
117 177
55 93
165 53
116 24
151 175
103 1
163 89
56 86
98 6
96 12
61 183
107 139
50 58
26 40
158 46
61 71
103 21
111 7
104 10
10 74
11 129
4 68
81 21
116 140
108 48
163 13
72 52
138 14
2 64
144 14
173 73
163 119
121 65
139 167
19 167
166 30
115 175
16 80
90 34
81 151
149 81
29 183
36 20
25 87
172 92
154 54
144 114
155 141
77 153
105 51
157 67
60 162
137 47
51 127
114 104
20 170
124 80
72 58
99 17
92 38
111 95
10 8
30 142
180 24
97 75
46 110
109 97
29 159
135 181
153 85
78 146
126 174
132 32
23 51
139 117
102 48
65 165
20 132
122 24
94 16
44 172
115 35
142 180
161 37
80 70
98 148
43 117
168 132
135 3
122 180
98 116
125 102 145
48 156
20 120
178 146
67 11
139 135
49 93
84 118
40 168
3 133
32 182
52 56
180 156
48 132
52 82
182 44
19 9
35 165
62 48
163 155
77 81
179 29
139 93
108 32
15 13
6 10
120 132
111 155
136 116
66 90
165 105
177 15
9 117
97 103
93 39
67 71
23 1
16 68
46 74
57 141
132 124
3 125
94 46
73 169
183 7
139 169
37 45
78 112
134 148
62 182
107 171
54 88
22 20
94 122
31 13
90 18
58 38
57 131
168 10
90 136
73 165
169 27
141 103
93 37
96 80
101 37
107 155
179 137
88 120
143 129
66 112
11 85
169 87
170 84
62 166
10 114
57 37
92 118
71 91
14 146
75 153
150 174
32 82
36 54
84 16
149 115
42 132
178 20
81 169
6 128
139 33
92 56
161 63
60 46
25 23
66 92
70 106
40 16
92 46
27 117
49 139
48 151 145
105 91
21 165
130 46
116 164
41 35
79 55
15 143
156 126
54 10
24 100
5 135
129 169
74 160
103 139
20 126
8 152
24 68
64 92
151 33
75 165
89 3
35 106 145
110 184
125 161
58 142
57 25
175 17
84 54
155 167
150 18
108 74
39 131
15 5
73 25
139 113
164 146
173 3
26 100
31 45
36 156
127 19
65 95
93 129
34 152
70 178
29 163
84 96
115 53
66 22
4 116
137 9
102 148
125 63
176 160
71 13
162 74
90 76
47 139
28 80
134 120
65 1
41 153
5 159
16 62
159 65
164 66
19 23
103 37
150 184
102 21 145
31 167
17 184 145
90 30
54 112
154 132
129 95
53 155
155 87
118 34
173 41
76 120
158 18
109 145
21 25
82 142
61 115
155 39
117 65
93 15
125 149
125 57
86 122
181 17
73 65
49 165
73 143
112 38
102 162
167 13
120 98
103 27
76 184
149 161
164 16
120 82
180 162
141 43
128 118
8 146
161 93
175 3
102 64
92 148
104 16
124 76
112 178
86 164
21 85
160 52
42 100
57 91
168 42
1 137
10 172
55 77
19 57
155 21
169 149
130 153 9
144 170
181 33
33 115
165 143
162 28
183 95
175 71
25 39
140 30
61 44 9
65 19
127 155
140 44
84 172
67 27
145 15
18 10
4 180
109 55
52 108
163 181
134 94
63 57
164 54
164 44
15 151
177 23
171 75
103 151
54 168
58 6
61 67
32 148
175 1
71 107
159 115
119 19
118 120
86 104
98 52
23 13
127 161
64 172
5 141
111 17
3 91
96 72
116 132
82 128
113 133
177 49
138 162
171 83
63 47
1 49
173 45
38 176
62 106
2 166
174 106
102 88
21 97
72 64
172 176
123 117
55 81
12 132
100 128
20 180
128 42
115 163
98 40
83 64 9
178 72
79 63
163 117
41 113
176 104
96 22
62 42
106 90
38 46
64 22
40 86
99 109
32 140
111 75
76 98
183 15
147 77
97 181
3 165
81 125
94 70
64 98
103 51
143 107
76 112
54 30
25 79
74 158
118 148
94 14
33 89
36 150
150 92
36 158
5 177
110 138
85 151
120 149 145
27 141
117 159
115 49
125 171
80 138
115 111
105 183
22 24
39 181
109 27
20 64
67 108 9
92 170
84 34
3 151
123 67
105 69
130 180
20 48
130 42
10 122
139 131
54 14
126 66
183 131
150 127 145
4 22
29 153
108 166
51 29
15 67
101 103
60 54
134 101 145
172 160
144 182
76 130
9 49
37 151
133 53
94 148
104 82
176 174
39 7
37 153
109 61
6 102
134 184
11 69
12 112
90 170
114 166
120 108
60 80
35 155
114 96
67 97
28 70
115 63
21 31
16 132
38 160
38 104
28 154
24 130
90 46
67 29
42 18
165 145
54 18
28 156
153 53
97 19
11 17
105 85
146 160
96 160
178 154
82 122
98 50
110 12
179 45
131 137
38 10
164 142
106 84
139 59
171 89
19 39
11 47
132 106
171 141
97 119
88 70
128 152
77 117
75 79
8 16
71 15
66 56
165 117
120 58
179 101
156 132
136 184
166 128
68 138
168 22
101 123
32 4
171 69
56 110
170 94
102 170
55 169
119 107
135 163
171 139
122 148
150 56
49 13
62 74
144 32
156 116
95 13
168 30
96 90
110 104
150 100
179 159
94 20
47 161
162 56
88 130
78 160
97 115
137 87
35 123
82 62
19 131
102 132
135 35
183 55
97 99
51 27
17 147
140 138
161 69
154 180
126 24
92 152
173 59
106 26
138 112
60 4
61 11
104 62
114 154
158 96
70 114
102 136
77 1
172 144
1 57
76 8
138 130
15 125
7 83
54 40
35 183
1 5
74 2
165 183
98 38
135 13
177 83
172 112
99 77
24 164
80 82
33 117
1 117
59 65
123 5
139 67
112 126
13 59
27 131
63 109
15 175
149 179
104 148
175 73
71 183
79 115
75 91
95 165
120 52
51 71
148 52
177 69
24 52
3 75
83 67
37 125
57 173
77 167
3 137
44 168
84 24
4 50
152 79 145
123 71
159 11
37 53
179 89
89 27
18 22
76 156
171 21
42 118
178 168
76 178
59 171
128 140
73 145
119 183
86 94
162 108
36 42
20 146
58 124
94 150
110 106
28 44
11 157
14 180
19 51
2 184
95 145
22 184
33 63
12 176
141 183
104 152
26 164
143 101
100 70
109 31
79 45
137 69
38 102
145 127
183 181
28 20
127 39
117 101
162 30
42 117 9
128 164
98 92
50 166
126 150
132 152
145 23
141 157
85 161
33 39
123 119
136 8
46 62
103 95
110 166
92 112
124 78
12 86
170 66
87 17
54 138
162 70
130 122
178 4
65 69
61 155
183 57
127 93
41 57
156 102
74 172
167 129
90 6
97 31
101 75
23 85
89 127
5 91
4 174
81 123
61 145
84 58
112 74
158 88
61 33
167 147
100 14
159 32 145
163 111
1 81
173 147
130 66
61 153
90 132
129 133
33 127
94 124
83 149
119 67
24 108
22 48
106 50
83 127
173 126 145
19 85
130 82
3 33
134 176
5 115
5 179
87 103
22 94
117 109
126 140
153 103
67 49
152 88
73 37
11 155
102 42
85 93
97 91
86 70
22 108
59 109
122 164
41 161
73 121
13 145
59 105
77 79
57 9
91 119
147 133
6 172
135 59
15 115
79 13
72 146
155 149
113 163
39 103
32 124
141 169
49 5
99 47
26 170
113 171
40 48
60 130
16 184
38 150
173 11
153 117
90 70
98 78
15 75
145 107
7 61
160 47 9
44 50
62 100
29 55
27 99
9 121
112 162
167 95
47 159
177 163
139 161
146 110
145 63
50 62
180 108
127 49
41 45
13 141
138 104
113 141
82 98
34 112
50 42
116 118
124 22
39 177
134 106
71 9
86 78
43 57
90 78
98 10
139 35
144 44
148 84
70 120
75 169
142 150
117 3
113 81
150 120
62 52
127 141
70 160
12 184
103 173
35 43
128 104
148 2
144 71 145
8 56
100 172
115 147
134 152
146 104
110 148
103 53
93 182 145
38 128
88 122
127 171
24 64
177 109
25 127
101 109
172 72
115 137
100 106
19 11
183 101
80 174
53 47
59 83
87 139
108 10
40 84
38 72
66 32
57 75
41 71
150 66
129 97
70 20
46 176
121 95
156 8
53 99
138 180
163 125
21 37
9 161
147 38 145
38 34
97 163
59 67
179 112 9
24 120
125 69
149 7
91 15
95 83
101 11
146 82
130 50
67 10 145
109 179
66 14
80 170
167 125
97 85
47 79
176 154
89 101
60 90
96 42
72 122
141 47
87 119
67 47
53 61
97 175
39 73
39 71
151 11
116 66
180 86
75 181
139 183
22 180
76 152
86 20
173 109
37 29
32 134
108 20
174 152
6 178
91 165
122 26
116 162
89 17
6 62
126 46
173 19
71 159
174 112
148 90
90 50
168 24
100 170
120 72
19 171
130 38
175 77
171 169
83 167
181 131
59 155
126 12
17 141
3 43
99 79
16 146
132 182
174 144
110 54
47 95
138 166
43 83
150 76
71 35
161 77
183 153
183 21
160 66
2 92
3 143
59 35
49 107
123 47
56 102
127 175
175 95
97 165
129 183
43 23
101 29
45 165
27 59
18 1 9
47 173
161 159
150 112
159 109
132 50
166 132
176 80
150 64
60 126
3 155
29 125
147 43
7 67
146 56
157 41
100 104
139 64 145
26 82
76 170
90 28
66 110
175 45
99 122 145
71 155
136 18
171 33
14 64
160 10
40 90
106 36
147 15
24 15 9
44 170
59 179
11 177
54 134
45 9
127 3
125 23
143 55
67 109
61 19
183 135
12 72
152 172
137 55
8 80
57 181
159 21
168 60
78 174
78 56
34 54
8 54
179 65
75 125
46 172
81 5
43 45
61 93
95 11
61 125
73 87
122 40
148 20
96 124
91 141
45 47
131 53
61 159
43 85
155 131
10 138
117 99
142 166
86 130
66 46
86 106
161 71
126 50
90 2
125 11
105 123
146 44
85 41
30 78
137 39
18 104
120 60
181 161
184 118
27 137
1 19
91 83
105 143
83 37
132 8
27 57
66 28
145 169
38 22
6 4
89 131
75 43
170 16
122 98
78 46
145 21
122 52
124 140
93 21
133 127
75 123
68 104
179 43
154 52
20 50
87 15
102 138
158 84
135 19
35 105
30 184
45 63
157 49
85 138 9
147 23
94 84
38 164
65 39
163 7
88 12
159 49
37 87
34 40
41 7
97 123
129 101
162 114
98 121 9
79 61
5 143
158 134
69 15
116 42
157 181
111 129
40 160
64 120
29 85
74 124
141 71
40 4
137 159
60 118
87 107
83 137
110 2
2 138
59 79
167 35
162 54
132 174
70 62
12 164
118 94
172 34
109 111
3 25
18 26
42 162
147 113
111 31
182 64
107 33
34 176
178 164
92 6
128 30
166 24
12 64
173 81
110 4
62 176
76 54
122 14
150 20
18 24
99 179
8 22
171 119
180 64
34 130
147 35
15 63
3 49
75 129
172 62
47 5
58 108
103 115
170 64
46 50
13 27
63 139
47 167
34 28
23 183
118 62
46 148
125 55
73 71
110 130
53 145
129 87
133 63
131 87
86 170
124 156
8 36
17 103
129 23
37 67
156 94
88 38
19 103
87 41
47 165
145 81
151 119
126 68
89 57
180 80
162 136
173 171
68 106
179 165
95 37
7 97
138 6
166 126
67 133
135 65
115 59
160 6
68 144
141 53
82 174
121 21
138 114
2 124
114 48
101 161
78 64
112 42
96 106
31 65
122 176
40 150
34 2
153 165
13 143
33 37
137 161
33 95
124 152
97 179
79 1
170 34
149 69
36 112
177 65
1 151
102 76
134 20
164 68
18 8
51 13
90 94
181 133
142 148
8 48
170 178
144 104
92 114
99 147
48 74
118 78
9 171
104 72
147 183
114 146
140 150
18 55 145
128 98
169 109
56 50
37 109
41 123
22 156
180 11 145
16 106
174 154
36 138
80 36
158 28
54 62
50 14
184 102
126 154
31 5
141 175
90 180
7 37
130 128
62 148
174 70
111 161
81 159
89 147
101 9
15 1
175 107
99 81
156 74
156 58
138 94
155 99
164 50
102 68
179 171
22 130
110 68
172 134
150 4
131 143
1 107
179 143
144 134
31 175
30 126
82 150
55 75
43 15
145 179
42 32
169 15
143 7
23 101
21 107
12 114
153 161
48 52
142 130
62 36
39 59
172 122
17 94 9
121 139
36 68
52 34
77 51
99 25
63 19
145 173
166 70
180 40
11 87
64 86
17 153
55 49
75 117
116 182
9 81
149 37
15 127
78 22
91 53
129 113
58 76
25 67
39 61
136 174
25 33
39 43
41 61
66 172
126 2
24 74
40 70
127 77
17 71
135 157
49 125
3 29
95 161
46 54
127 125
150 166
10 86
175 9
156 158
102 32
37 79
162 132
78 92
61 9
41 79
110 22
181 107
4 30
107 101
45 113
183 77
143 127
4 122
162 110
93 109
51 133
23 103
169 103
68 22
142 60
118 136
42 120
65 55
165 167
115 109
12 160
160 156
127 13
51 177
62 86
101 35
139 75
181 49
45 39
174 146
25 157
129 33
161 155
83 57
40 88
52 4
153 171
74 182
9 113
95 159
111 3
53 19
47 3
91 140 145
127 75
83 99
167 3
123 161
32 34
115 83
180 34
152 82
12 94
76 32
184 170
125 97
57 111
105 163
123 9
109 5
68 34
161 17
85 175
60 34
42 110
45 115
36 124
29 1
113 61
163 11
78 12
83 9
99 183
25 131
157 91
147 75
12 60
184 78
149 57
32 174
117 56 145
87 147
16 110
54 123 145
18 12
105 45
60 170
71 65
26 74
152 2
20 54
4 126
177 73
2 146
52 74
19 123
169 37
143 47
95 153
33 149
112 30
87 163
80 48
113 35
91 147
161 105
103 125
164 76
165 51
88 168
129 69
58 34
56 148
27 71
125 9
118 22
94 120
156 122
68 168
78 168
134 18
33 41
94 108
28 164
106 10
60 6
142 52
169 19
27 101
83 13
52 110
51 139
17 29
137 23
68 116
133 29
120 152
143 51
58 14
182 166
178 12
101 18 145
14 36
160 32
113 75
85 99
29 145
39 69
73 159
19 125
13 147
99 163
77 29
91 121
38 84
135 89
179 147
35 171
149 167
76 94
8 34
13 43
43 33
116 138
65 15
74 86
83 61
120 136
168 74
163 33
134 2
41 127
50 34
18 120
53 105
20 76
119 65
151 17
18 130
111 27
149 123
128 108
131 169
47 101
110 170
83 5
1 109
156 104
36 64
172 12
68 54
121 19
155 27
99 171
23 161
173 117
174 90
3 27
183 137
151 47
91 171
97 13
11 165
158 182
48 180
182 106
67 93
93 175
129 153
11 13
31 161
89 177
86 124
99 35
62 174
37 167
112 106
110 164
173 111
15 103
105 1
5 89
117 7
66 104
101 118 9
101 95
33 147
32 158
5 111
65 81
154 72
51 81
147 141
123 11
159 17
28 88
2 157 9
16 58
154 34
26 72
147 139
114 22
184 140
165 77
1 21
147 132 9
72 56
73 161
35 121
46 64
144 48
119 101
21 91
22 86
45 13
168 96
55 27
116 110
172 94
82 148
177 7
103 147
150 164
1 71
149 9
140 72
14 152
108 144
119 39
166 32
7 35
28 102
90 68
59 129
166 44
104 26
36 102
60 156
81 117
84 88
16 162
79 31
27 123
113 37
77 35
133 77
13 119
140 142
48 24
100 44
43 105
106 2
159 101
110 174
115 165
162 176
162 122
128 56
46 168
133 35
18 102
18 20
76 48
146 42
128 78
44 156
77 87
160 110
124 182
15 119
120 124
75 131
82 76
66 180
60 110
139 25
106 180
30 12
12 52
77 139
135 77
135 155
161 55
17 169
21 147
108 122
16 128
167 177
11 41
114 126
152 122
123 29
160 8
109 137
17 85
58 172
156 117 9
146 24
141 21
62 168
172 168
128 84
115 117
130 106
163 71
162 98
69 1
32 6
6 154
29 97
131 13
112 62
12 118
113 97
179 71
149 67
132 30
58 18
129 25
30 122
177 125
77 107
23 61
47 129
76 34
151 27
45 183
159 177
37 97
136 76
18 141 9
144 82
53 5
51 9
73 131
67 85
49 19
53 175
94 132
63 93
67 9
89 183
150 42
115 105
114 38
46 10
183 97
123 127
53 135
28 46
68 46
27 159
172 114
82 30
106 124
42 92
136 52
37 43
81 163
99 43
43 79
88 34
174 48
127 177
127 139
27 7
160 106
117 5
141 7
183 51
167 93
92 106
29 175
108 168
128 157 9
112 118
60 30
137 103
79 159
18 74
86 14
31 25
99 69
56 22
135 87
152 42
47 15
171 25
102 52
92 138
78 48
69 139
130 104
159 3
108 176
151 89
50 156
106 144
175 7
171 175
24 158
8 24
20 2
151 135
109 43
76 14
123 180 145
44 180
15 107
65 33
100 122
105 23
152 140
58 66
91 125
19 143
126 28
15 9
168 12
144 4
25 183
22 52
159 167
28 182
176 16
45 147
99 61
146 50
17 7
103 25
124 82
92 133 145
102 50
141 89
145 77
121 45
63 35
59 17
48 106
7 99
112 46
149 87
100 80
60 176
5 21
88 36
14 92
42 46
65 9
172 32
171 135
131 81
10 44
141 63
21 67
45 3
135 31
34 78
7 121
141 117
113 7
80 46
152 78
149 165
119 69
37 51
130 8
73 29
130 102
107 83
3 17
115 73
165 9
138 150
175 65
67 81
140 144
84 12
155 29
90 92
44 102
61 15
2 24
93 47
184 96
100 8
113 121
111 19
184 46
149 5
15 49
92 174
175 11
20 184
1 155
142 152
158 172
125 95
8 64
33 9
50 170
65 35
93 79
29 91
65 17
97 93
88 58
34 110
132 38
17 149
139 17
16 172
119 43
153 81
132 98
124 66
115 71
21 17
36 100
62 39 145
165 103
114 54
146 100
149 65
85 51
75 41
79 5
174 64
85 121
44 22
82 16
79 137
110 140
84 82
72 48
112 148
170 182
64 140
183 67
140 90
125 150 9
146 126
90 144
181 113
114 56
105 25
117 41
38 108
174 2
121 63
70 56
126 128
29 35
84 80
124 64
117 111
178 94
67 141
75 19
167 23
96 174
168 32
163 103
167 51
149 13
107 105
166 8
60 2
61 177
113 91
63 149
128 48
183 41
47 147
140 78
117 29
81 119
160 22
104 158
134 42
90 86
161 133
145 65
148 34
37 31
181 19
62 162
77 123
161 33
132 126
52 90
8 112
7 135
167 163
175 91
157 97
149 75
67 137
148 150
184 124
78 164
145 141
179 95
117 37
40 124
72 62
102 60
157 161
76 4
5 2 145
68 78
8 30
99 101
40 106
69 133
26 168
103 113
138 34
107 183
38 68
167 181
69 21
156 162
139 23
68 80
116 174
93 141
108 154
66 132
78 116
82 118
136 158
74 148
98 172
29 75
101 139
114 84
66 88
108 14
80 116
169 21
74 16
74 140
70 96
50 178
60 124
105 181
120 78
143 71
151 87
181 59
46 144
7 139
107 103
71 117
131 49
176 138
160 150
158 150
86 128
174 60
88 180
154 112
3 19
130 16
106 170
122 42
50 48
149 133
156 12
63 81
61 173
100 66
2 116
60 134
96 172
160 140
46 82
107 157
87 109
66 50
25 93
134 34
103 145
97 137
69 61
75 93
98 20
26 62
7 53
151 23
53 148 9
167 133
83 163
109 35
16 134
79 67
53 117
18 80
164 130
32 58
28 118
98 2
96 34
64 138
81 95
101 155
140 118
178 118
8 134
148 88
87 115
93 165
53 69
103 178 9
15 181
175 153
140 130
136 60
142 66
129 27
101 13
136 142
167 57
108 116
46 138
41 159
36 128
138 144
96 108
44 122
101 163
179 15
111 151
98 96
155 121
74 154
47 175
65 161
176 68
122 20
149 183
147 125
30 84
161 116 145
16 28
150 50
1 59
58 180
90 12
28 54
104 44
133 144 145
44 128
97 39
43 173
29 47
157 137
174 168
104 182
83 3
82 12
72 30
116 70
79 183
144 102
157 83
77 59
20 68
103 167
72 156
70 12
57 123
110 94
166 40
163 41
64 126
93 3
174 140
168 159 9
169 29
152 156
92 142
2 122
173 21
181 121
70 156
37 127
55 141
106 44
61 135
169 153
110 38
75 183
116 56
83 97
139 175
54 144
19 149
21 99
174 68
166 172
31 93
44 16
36 66
76 64
180 32
63 23
178 54
58 4
42 108
81 59
161 131
17 49
184 138
116 58
136 32
111 59
69 13
116 28
153 123
68 92
142 14
48 176
156 114
80 52
145 71
67 5
151 93
46 16
77 157
142 48
17 135
10 90
62 102
161 7
31 145
94 40
135 99
2 172
134 102
183 37
177 183
146 70
105 95
145 113
137 29
134 44
15 165
99 73
96 50
23 53
140 120
166 20
21 49
90 80
163 121
160 88
3 1
124 68
141 123
57 85
155 113
136 54
153 97
179 11
152 106
68 84
58 134
149 175
119 5
130 118
61 13
94 24
34 100
119 89
106 164
164 6
95 149
130 28
143 159
96 30
48 98
183 11
180 110
37 121
96 8
131 21
182 46
145 163
83 135
173 125
166 60
45 137
119 57
51 149
98 88
146 184
12 98
72 158
149 159
84 46
146 94
179 55
69 31
83 29
166 58
75 175
153 65
125 105
44 138
53 109
62 184
182 34
23 99
53 169
148 120
72 68
179 123
58 164
22 80
73 7
134 40
64 144
58 30
91 65
154 122
173 9
5 121
62 120
14 90
181 169
98 108
119 139
19 117
175 183
127 113
73 147
91 7
82 114
145 79
68 114
100 130
154 94
114 36
121 61
28 132
21 129
87 31
150 110
137 129
148 28
160 152
54 109 9
147 57
76 52
136 10
175 131
148 58
67 127
55 157
25 179
17 105
78 26
62 138
63 9
119 6 145
49 171
71 63
54 106
1 179
165 177
30 104
69 5
66 34
49 143
118 172
32 112
33 13
79 27
42 44
25 43
160 144
111 99
147 157
7 129
143 27
81 3
125 107
58 64
142 2
16 148
57 165
112 122
27 145
183 17
59 71
100 176
51 59
171 51
155 45
100 182
179 103
138 74
32 10
91 111
99 115
45 93
167 75
111 79
123 137
89 29
165 163
168 48
48 54
182 174
147 143
9 157
4 136
100 12
90 110
159 169
33 153
13 171
142 120
150 102
95 107
45 163
83 35
29 48 145
73 53
155 145
16 150
152 6
163 57
16 56
157 171
62 124
147 11
159 35
99 37
138 50
89 25
17 57
121 99
84 56
38 26
138 86
9 13
9 181
52 170
64 116
45 103
71 79
75 67
99 145
88 136
45 117
119 127
149 85
132 40
136 46
140 8
33 90 9
101 79
90 172
35 19
89 115
6 110
62 180
83 141
68 76
114 140
91 35
122 178
127 109
156 106
179 35
163 127
17 15
150 152
56 32
24 4
70 42
32 46
179 79
49 65
85 173
178 120
76 110
48 166
117 59
69 57
3 145
97 147
100 22
144 62
48 152
63 135
158 152
89 157
163 123
48 82
98 156
74 170
72 28
178 62
39 163
79 167
120 176
137 15
80 20
171 181
116 26
160 104
56 41 9
35 37
144 50
107 81
95 21
116 6
112 10
9 53
103 31
118 96
70 138
50 68
117 15
18 48
176 74
80 98
60 182
25 141
64 18
169 43
23 69
31 101
72 18
70 18
156 112
110 108
47 97
179 105
91 127
103 131
182 90
182 172
144 92
2 56
176 136
129 141
173 83
85 101
67 69
44 40
111 33
26 114
118 154
52 126
19 95
176 28
163 21
129 15
113 39
86 28
19 7
113 131
102 58
112 28
11 107
48 130
96 152
25 34 9
170 124
76 46
163 43
110 44
19 83
144 30
64 50
142 27 9
39 99
7 71
22 112
32 48
5 129
58 48
8 124
26 58
158 178
158 114
70 170
158 90
152 12
95 157
146 128
20 156
162 146
64 108
88 24
88 18
72 130
44 154
117 171
167 85
109 7
157 7
86 84
67 143
65 115
102 98
99 91
23 31
184 88
142 80
80 14
46 160
141 77
157 19
69 143
9 77
145 181
67 94 9
111 53
166 134
53 11
7 25
158 66
13 153
71 53
180 6
21 45
171 41
123 183
134 114
66 119 9
22 50
166 184
34 174
108 174
127 53
69 147
100 132
149 23
113 23
112 124
121 77
148 176
50 36
104 42
94 130
16 88
47 7
63 7
55 115
46 150
56 156
88 42
96 148
99 15
133 19
95 127
170 160
134 132
152 98
104 12
6 50
28 84
75 49
13 55
175 57
103 109
155 81
157 115
76 78
53 81
180 70
101 15
14 176
130 120
157 167
72 20
178 90
33 35
67 151
25 5
28 22
36 144
175 179
38 182
101 67
158 128
37 9
100 126
172 126
165 43
97 111
144 52
131 55
40 52
179 163
20 144
89 19
16 60
44 24
131 7
47 119
11 97
101 81
124 130
45 51
163 180 9
150 28
154 4
159 87
53 183
36 134
182 8
67 169
22 10
84 6
6 122
102 74
177 35
94 168
169 65
83 41
173 101
87 53
47 37
21 111
91 45
162 88
110 134
16 52
165 69
172 110
106 98
49 155
26 52
96 162
139 129
114 94
94 6
98 42
182 122
19 55
82 50
141 177
123 73
105 120 9
72 4
156 136
26 130
165 39
19 129
135 37
74 114
112 164
115 183
134 74
142 86
160 98
169 97
161 151
163 173
68 11 9
123 143
78 104
81 23
139 73
139 97
72 110
146 32
5 103
149 97
157 23
108 160
28 108
68 96
160 162
146 134
50 174
1 93
20 106
183 133
77 71
154 76
105 3
145 83
47 39
41 147
147 145
57 87
93 111
184 48
34 83 145
87 165
166 46
106 120
28 120
20 114
36 6
49 27
5 169
161 43
119 137
158 80
144 128
13 37
80 148
181 3
171 77
155 137
97 167
117 105
122 140
100 56
11 59
110 136
26 160
131 165
122 117 145
175 157
142 184
113 95
104 90
136 20
104 116
47 103
182 154
163 157
94 152
160 159 145
4 10
151 169
91 183
16 6
31 27
64 52
40 12
36 12
49 153
111 47
148 40
59 75
131 163
79 57
149 29
19 101
75 155
23 33
156 84
166 120
102 84
105 15
20 66
19 93
123 17
59 89
31 151
34 146
86 120
63 173
126 70
38 134
41 141
84 168
29 141
80 66
163 128 9
148 60
58 112
16 66
107 167
97 65
182 136
145 9
12 138
153 107
52 84
22 182
93 155
130 148
80 152
85 59
118 180
21 51
112 136
94 74
18 156
176 168
136 128
180 60
68 94
46 86
49 41
19 21
184 32
34 150
37 59
58 150
106 18
37 179
35 89
59 113
183 103
35 47
42 166
136 92
145 177
177 63
167 115
10 100
12 50
7 159
81 71
83 101
16 96
18 4
52 152
119 131
151 19
145 43
74 150
3 39
98 131 9
69 71
154 124
53 161
183 143
131 24 9
30 92
74 116
13 25
136 48
57 145
127 153
19 175
58 24
40 142
181 101
30 178
140 176
79 165
97 33
28 76
179 173
64 40
100 90
22 104
69 9
88 100
12 142
182 146
45 171
89 111
79 143
168 170
14 98
53 178 9
128 174
59 97
175 37
114 164
87 67
8 50
157 149
157 21
35 117
178 86
60 10
64 54
18 140
90 134
22 176
150 24
162 58
184 26
168 182
45 15
98 26
174 130
80 154
101 17
34 46
158 112
9 35
168 156
89 90 9
92 96
160 90
99 151
103 171
180 164
174 44
87 161
142 132
139 165
10 142
68 14
140 146
130 78
36 90
55 95
70 150
149 107
82 110
99 141
32 2
48 68
56 68
178 108
143 23
125 155
156 148
114 110
141 161
26 6
9 151
36 40
70 130
76 70
53 179
182 42
177 57
94 88
174 36
29 33
119 111
147 1
172 50
112 110
127 55
59 33
27 29
64 26
13 87
119 181
19 145
75 157
150 116
21 115
168 50
49 95
156 92
175 123
21 11
22 106
21 143
157 43
8 144
10 152
101 121
76 138
117 103
104 4
132 144
110 86
54 170
60 20
3 79
4 158
4 130
7 49
122 32
10 150
138 60
77 57
91 33
123 111
154 129 9
20 112
128 32
119 77
171 70 145
134 112
24 174
113 107
91 79
44 108
181 47
38 74
68 158
100 118
174 153 9
140 42
146 92
154 66
158 58
42 78
145 7
182 88
139 141
69 115
144 88
150 98
29 69
42 124
182 50
41 25
23 67
155 83
101 55
111 169
83 113
33 31
108 70
5 127
129 107
30 74
131 5
38 62
38 126
168 102
47 177
102 14
33 123
35 69
7 33
22 14
168 100
169 133
119 37
87 177
127 99
107 45
54 90
36 94
24 154
114 42
179 177
35 11
64 84
122 110
139 81
60 146
99 19
44 36
108 54
1 61
156 6
78 58
75 11
21 167
111 127
119 129
111 43
9 105
35 67
181 21
6 132
74 132
180 52
19 15
56 42
40 30
116 20
118 14
64 131 9
69 81
51 99
11 137
18 164
46 124
178 26
167 69
110 144
90 38
133 23
153 39
136 98
13 7
72 174
12 130
177 101
4 170
49 109
128 106
63 171
5 107
158 22
142 114
148 140
94 64
124 52
60 32
39 179
94 30
71 131
4 96
115 11
142 94
118 24
86 100
118 114
68 64
33 83
176 78
25 181
31 173
104 46
34 144
77 95
39 123
4 12
14 56
126 182
151 97
166 96
83 161
21 65
68 26
161 81
70 172
28 24
23 173
17 137
79 69
183 49
137 53
164 42
32 68
121 103
58 42
120 68
130 62
103 55
181 109
109 147
28 170
82 96
8 126
105 137
150 30
18 132
144 56
182 96
24 54
90 72
177 181
107 3
94 162
54 128
31 131
8 116
169 113
157 47
31 43
136 86
12 38
176 76
1 139
156 54
101 111
21 61
4 156
156 108
68 150
4 118
6 44
27 91
156 182
184 70
46 142
181 117
27 119
24 76
103 33
31 59
62 12
32 152
138 8
99 153
15 83
102 112
21 13
22 164
57 21
102 86
2 38
18 170
44 52
142 160
48 178
73 112 9
147 93
78 80
89 45
167 54 145
150 6
141 31
142 170
47 91
145 69
94 18
182 66
92 18
176 86
70 54
5 3
180 105 9
125 137
76 128
184 162
160 68
133 37
139 37
98 94
49 137
55 87
133 87
64 118
172 48
184 34
163 49
9 111
80 10
97 81
180 78
25 11
149 111
57 151
144 2
54 66
138 84
20 38
154 140
156 2
184 68
105 97
155 7
57 31
154 32
134 156
11 149
180 2
79 163
18 180
173 79
169 135
10 166
137 57
142 62
71 85
59 61
110 132
43 183
57 157
159 183
110 48
97 107
49 161
152 20
157 69
106 32
149 119
54 4
26 20
148 36
169 161
51 109
174 100
18 82
92 145 9
110 30
29 21
177 17
63 29
7 115
119 105
22 116
166 52
13 65
141 3
99 57
56 158
122 54
101 7
160 166
169 137
24 152
64 88
27 83
79 139
135 15
148 182
164 132
121 133
41 135
68 30
118 150
50 65 9
52 118
161 57
19 139
96 24
160 164
62 84
147 127
141 163
128 22
88 78
27 153
44 160
25 81
170 120
143 35
136 34
53 33
4 74
20 82
39 109
172 22
131 91
44 184
172 73 9
183 118 9
23 111
151 75
103 89
110 154
76 122
125 115
54 80
105 135
19 47
178 182
148 14
67 145
74 28
172 106
121 173
166 6
173 5
105 133
9 147
35 127
179 9
2 72
129 63
118 182
43 61
133 79
101 45
141 105
161 179
179 131
114 50
83 25
102 110
31 47
122 70
55 3
92 162
60 112
89 39
33 119
85 139
89 123
149 79
169 155
155 171
26 28
49 123
12 106
72 180
51 141
113 21
50 32
68 8
40 164
112 44
92 168
158 102
132 146
96 151 9
24 114
115 43
66 30
143 149
162 134
146 74
108 2
125 133
41 149
166 28
149 171
50 86
56 174
112 128
35 111
124 118
172 80
27 107
3 179
133 85
25 59
162 14
143 33
183 69
108 46
128 156
168 64
123 151
166 154
146 168
109 23
13 57
19 25
136 58
181 35
66 156
126 180
9 89
84 20
145 87
160 114
175 43
12 154
28 142
3 163
72 102
96 78
45 149
140 70
48 88
57 95
67 73
143 169
141 65
166 144
17 83
13 165
88 172
155 73
2 36
171 71
146 90
69 83
56 138
39 151
94 174
73 13
139 61
22 144
120 32
118 158
83 119
164 20
26 10
100 92
126 162
121 143
151 29
108 76
6 64
154 160
28 180
87 127
86 148
136 56
116 76
166 34
158 94
127 157
36 24
70 142
68 12
132 80
38 166
45 181
102 157 9
28 8
22 152
152 64
122 8
153 145
163 159
53 3
104 154
34 4
13 123
38 60
138 122
128 66
183 39
178 22
28 110
25 119
2 104
32 36
158 2
169 165
34 24
99 157
126 134
63 13
131 69
173 69
176 164
83 21
134 30
119 125
18 60
85 83
82 94
133 135
13 115
96 142
76 11 145
28 178
142 102
94 32
172 52
32 74
106 14
126 164
7 107
160 16
26 76
30 154
71 93
116 18
54 6
39 135
183 87
143 175
5 57
151 77
7 167
17 39
169 173
170 38
137 93
132 88
178 148
65 125
126 98
172 24
91 61
45 5
67 17
123 165
129 29
27 17
131 6 145
40 14
178 16
1 167
97 17
177 59
25 63
118 106
172 28
126 124
2 132
92 140
107 117
77 70 9
70 152
56 106
107 75
38 54
69 91
6 48
30 98
180 116
106 8
129 55
145 47
86 160
176 180
92 22
176 66
60 158
4 88
108 148
59 21
133 75
107 37
166 140
160 54
150 22
141 61
159 97
128 74
179 113
118 108
165 7
142 138
103 63
120 146
58 114
59 167
17 110 145
63 41
110 167 9
151 35
143 53
57 117
19 5
90 62
119 113
20 130
48 14
1 41
9 127
124 166
26 46
135 137
168 104
14 110
94 54
63 99
109 116 9
122 46
158 30
170 12
11 45
28 114
141 130 145
43 107
72 160
63 11
121 169
167 70 145
183 63
148 168
97 1
151 121
71 52 9
75 73
77 49
182 30
102 174
137 61
96 144
179 23
179 129
127 103
24 112
90 98
168 14
136 38
69 135
156 86
163 149
120 128
161 129
64 134
23 29
73 183
151 49
156 32
172 184
76 6
3 7
14 120
66 152
151 173
26 144
144 156
174 134
139 151
8 46
123 131
56 170
52 130
166 130
105 11
28 151 145
146 106
9 73
145 45
103 159
159 165
123 7
51 43
169 39
131 145
180 100
19 105
119 179
41 143
162 32
144 154
176 158
93 53
39 105
7 11
140 132
121 25
42 80
72 86
16 54
61 89
61 167
104 58
149 158 145
61 87
125 7
140 46
140 172
82 4
126 18
158 180
30 52
66 136
182 18
62 126
86 32
85 154 9
133 13
113 25
170 58
2 70
61 175
118 74
58 2
85 9
156 90
154 90
20 42
68 170
22 60
77 11
2 154
165 17
156 14
155 41
83 79
111 183
150 26
45 119
1 85
41 59
105 29
87 63
184 18
18 14
162 12
175 89
127 17
157 153
112 116
42 34
171 145
129 91
167 43
143 95
75 51
42 84
77 169
184 108
177 103
81 181
10 170
14 32
127 1
85 5
177 25
175 35
134 160
174 12
5 37
13 99
10 128
62 68
72 74
181 137
160 174
82 172
143 181
61 51
93 143
38 156
19 165
10 24
109 57
152 118
7 105
131 133
137 139
151 71
93 153
47 55
47 65
63 55
154 172
36 164
92 130
6 2
138 160
86 184
101 69
43 151
179 13
40 176
153 135
72 148
68 66
52 138
12 140
104 164
134 116
179 19
73 61
150 124
160 50
120 122
134 62
178 104
45 19
49 149
12 44
66 72
55 21
60 140
5 167
109 91
41 93
42 10
164 98
68 44
38 36
81 35
106 158
19 71
6 124
25 149
171 55
35 149
105 127
132 36
50 176
78 40
40 80
161 15
182 142
18 62
85 53
146 52
26 180
2 168
171 61
177 95
106 72
77 63
145 85
66 44
61 3
125 113
151 141
49 45
169 51
111 143
88 154
40 112
3 109
32 88
91 95
133 165
46 120
42 156
92 164
156 26
108 16
121 89
165 125
66 24
24 90
63 85
162 26
148 8
57 81
106 138
144 10
108 40
125 17
93 121
95 139
49 61
172 120
3 85
18 110
165 173
80 76
60 40
5 17
168 28
132 64
183 109
43 121
53 43
10 78
182 68
46 70
20 154
85 147
28 48
24 98
80 136
168 122
153 133
89 47
157 59
151 127
63 65
113 111
59 49
158 38
106 34
89 15
183 163
7 87
2 150
42 170
73 103
11 81
86 48
108 56
119 169
159 181
120 112
48 164
152 182
44 48
71 109
176 132
96 146
109 123
70 16
103 49
173 167
9 41
27 87
3 67
180 54
118 142
65 67
173 93
29 139
173 49
134 72
37 163
152 4
134 142
104 40
133 163
15 132 145
42 72
35 21
22 90
47 87
120 54
143 75
121 157
60 96
5 93
47 43
159 45
35 25
98 158
131 121
14 136
172 142
33 5
95 27
118 10
7 171
126 26
177 85
100 20
143 87
97 133
99 173
52 36
40 130
51 159
8 42
133 61
131 77
101 21
140 38
178 34
154 128
3 153
20 34
47 113
76 84
74 56
97 177
6 74
173 55
43 129
116 168
157 31
6 66
127 73
59 47
147 131
170 8
86 4
4 134
148 24
71 113
112 4
37 181
103 29
94 112
141 85
128 20
171 53
99 31
35 79
101 53
39 133
85 27
30 100
137 59
143 99
64 164
17 115
121 41
123 37
161 67
82 1 145
36 140
51 7
72 136
134 170
158 6
105 129
79 177
102 164
146 124
34 86
110 8
150 52
166 12
151 113
182 112
165 1
65 11
98 184
175 69
8 108
20 40
4 172
146 15 9
68 172
144 124
94 144
10 132
158 12
126 40
151 65
18 144
67 175
167 17
180 182
168 76
169 59
143 157
169 11
7 169
49 99
50 28
130 44
120 36
114 14
8 58
137 99
51 87
2 62
175 133
93 87
50 180
146 18
121 115
119 175
115 29
143 153
142 42
175 173
116 128
86 52
73 117
184 36
30 76
131 101
78 18
31 81
72 162
116 172
20 138
88 26
103 143
137 5
131 65
13 109
36 182
44 26
106 24
5 101
27 35
23 175
72 8
163 77
123 3
172 38
162 66
13 117
143 173
39 161
105 103
4 38
1 115
116 82
79 113
122 50
168 86
162 84
109 129
89 11
171 93
124 160
9 31
169 91
77 155
131 141
42 2
137 77
12 8
39 95
184 50
165 161
183 151
174 20
160 76
123 150 9
20 160
176 30
178 102
33 101
145 35
82 178
28 104
7 147
135 149
32 98
15 31
33 157
67 103
116 102
136 148
18 7 145
98 178
23 169
144 100
144 24
24 104
174 58
38 180
146 130
21 105
25 169
149 103
159 77
154 18
141 59
11 3
60 70
119 1
142 64
74 110
181 1
58 154
8 172
18 84
97 23
96 6
49 135
21 153
96 128
15 167
69 49
11 127
20 8
52 20
166 78
26 54
45 87
20 176
48 162
162 142
122 56
62 60
140 88
58 54
174 158
32 114
37 89
43 177
9 17
76 62
60 72
158 44
124 116
86 26
23 117
1 123
95 171
100 140
172 148
30 88
138 32
178 36
116 148
183 83
68 86
168 80
33 19
59 183
182 58
153 23
183 172 145
18 176
159 31
182 164
163 129
101 151
20 30
126 144
27 127
31 83
119 147
178 56
77 65
105 87
50 78
72 98
48 120
127 129
3 108 145
8 150
13 103
65 29
15 173
131 23
74 122
150 14
109 105
159 25
88 176
147 79
51 113
5 51
82 180
18 100
58 36
95 151
169 47
131 35
118 50
172 26
26 174
178 106
182 108
17 131
97 3
127 131
91 93
59 175
2 112
163 31
178 162
107 39
137 177
17 1
67 89
87 125
144 72
53 113
22 142
36 4
146 6
25 153
82 64
161 3
39 1
31 123
99 5
23 77
89 107
26 146
127 81
41 181
42 176
2 76
118 88
104 118
119 178 145
78 51 145
18 174
84 10
108 78
76 180
82 106
29 167
22 122
26 50
146 108
18 32
131 177
63 131
22 126
77 43
58 130
56 176
165 37
129 3
39 139
8 114
56 60
45 67
88 46
69 19
92 102
43 139
98 144
102 108
76 42
128 60
131 33
22 46
99 165
13 105
180 140
61 129
53 159
158 14
101 73
41 31
37 2 145
175 167
175 25
48 126
23 152 9
95 141
166 22
10 184
67 165
112 170
138 66
86 154
68 82
67 91
174 104
18 162
75 27
45 33
168 8
160 136
118 132
120 38
80 112
178 116
162 124
119 161
133 81
119 79
51 151
84 70
154 60
21 71
24 110
50 54
46 116
14 2
109 155
95 119
164 96
133 9
167 143
155 79
132 136
72 176
101 61
65 139
85 89
126 142
17 113
93 177
145 112 9
88 10
116 36
176 130
153 5
9 99
4 108
85 31
70 78
23 75
28 138
163 25
16 142
71 49
142 124
89 181
90 58
6 82
70 175 9
153 101
131 9
14 166
178 10
132 46
43 69
166 168
138 22
51 119
104 180
125 13
75 85
132 178
41 81
56 4
183 31
140 62
10 30
31 125
130 108
76 60
160 130
151 181
2 162
115 161
120 66
164 62
55 39
45 85
20 4
130 84
137 51
156 68
65 61
34 10
149 121
46 98
156 62
80 29 145
31 133
7 77
5 125
162 140
152 50
14 78
6 100
115 91
128 114
46 4
122 78
26 8
137 95
30 70
88 156
143 37
100 32
21 149
53 139
51 53
36 10
25 47
78 154
62 146
92 12
126 16
64 60
138 58
38 66
21 63
49 25
174 180
10 164
16 30
56 58
36 142
114 168
142 38
15 149
14 116
21 89
82 14
76 132
63 49
79 9
131 125
106 168
151 53
39 101
111 139
93 59
162 64
159 127
118 48
151 133
50 60
48 146
2 16
55 41
93 159
49 117
123 69
181 173
4 114
30 114
178 96
16 42
109 15
70 38
177 149
70 132
142 24
66 26
35 141
131 95
41 133
149 3
144 178
128 182
15 21
85 15
25 17
4 70
79 161
31 71
89 143
56 34
25 9
158 54
182 98
148 48
79 141
166 54
76 36
39 31
120 107 9
101 3
177 67
162 36
72 16
136 134
138 100
66 62
122 104
47 57
96 14
166 68
3 37
80 144
44 178
133 7
175 87
39 37
12 58
83 23
138 148
184 164
116 130
21 123
54 132
142 56
44 124
145 11
36 170
58 86
117 175
67 131
80 6
91 49
88 170
86 98
182 26
66 84
51 131
175 137
114 129 9
9 141
34 142
21 53
41 27
140 2
160 48
148 6
16 24
114 122
95 99
114 6
148 158
173 77
26 124
40 182
33 102 9
3 73
141 23
157 5
101 167
36 110
168 56
133 123
53 95
155 89
127 101
19 183
8 92
4 98
7 31
128 58
16 138
166 36
130 172
55 85
139 9
48 90
10 62
75 177
133 141
140 14
170 82
55 167
20 14
125 85
61 31
152 74
121 105
143 145
152 16
3 113
50 52
121 11
132 92
172 36
28 98
151 155
108 82
166 180
132 148
171 47
126 54
56 134
76 146
180 160
171 123
183 161
47 73
51 41
104 48
167 49
27 69
125 67
83 129
104 184
56 180
164 84
107 169
7 45
159 151
90 8
67 171
159 121
147 39
61 123
91 151
3 177
88 124
65 111
102 126
74 42
87 111
14 12
175 27
14 4
53 13
172 54
16 144
99 45
40 42
141 111
132 44
54 104
112 86
85 129
63 175
155 15
77 67
91 133
60 164
82 77 9
39 63
8 174
33 141
3 65
107 133
59 53
66 178
139 27
162 44
174 54
72 34
49 119
157 73
102 66
105 147
126 34
98 168
44 14
164 2
6 144
117 25
91 177
98 54
100 178
30 174
21 75
117 95
109 47
159 147
59 127
37 55
14 60
85 33
101 145
4 140
67 155
146 144
71 103
17 79
16 114
19 109
136 28
87 99
53 154 9
77 179
78 91 145
156 30
127 23
68 40
175 109
113 161
171 60 9
7 81
172 20
122 48
104 120
61 119
119 133
165 83
64 4
91 161
27 97
58 98
100 46
139 71
83 63
154 14
103 11
129 173
80 162
11 55
58 126
182 86
177 55
108 161 9
178 52
122 106
170 114
73 151
123 95
44 116
129 17
163 65
40 92
57 71
97 57
45 169
25 135
44 4
131 1
181 53
48 36
101 133
147 65
139 125
24 80
34 16
89 49
33 71
83 133
77 97
149 99
11 51
32 150
57 169
57 45
26 176
163 107
135 104 9
108 12
141 109
125 43
73 133
7 137
51 173
39 111
23 155
60 178
155 65
99 133
179 21
66 8
126 118
143 11
68 88
116 123 145
56 182
169 31
120 2
35 93
145 25
49 33
135 131
31 153
162 167 145
84 36
32 170
171 87
142 100
41 111
115 81
122 60
42 26
76 37 145
91 155
16 102
171 65
24 56
153 141
58 144
117 125
12 48
88 44
19 67
16 180
80 92
73 137
51 39
9 1
52 60
157 173
74 166
46 118
69 113
176 116
16 166
120 110
13 113
129 175
54 56
76 96
99 139
171 23
30 14
165 113
35 129
23 39
3 171
119 71
38 32
33 159
82 112
45 111
23 3
86 174
29 5
129 123
157 27
93 105
107 111
62 150
166 4
99 167
88 138
68 60
143 135
54 182
139 13
53 149
10 96
10 102
146 102
100 40
114 40
183 1
43 41
148 4
71 87
140 40
14 124
104 124
126 14
117 67
102 34
111 71
114 108
27 45
124 24
174 6
55 9
10 176
91 167
17 121
120 158
8 70
99 75
92 36
146 118
149 89
180 74
52 70
22 42
112 88
29 95
145 91
12 66
20 58
104 32
30 130
149 31
132 62
7 119
116 126
46 96
100 16
117 147
74 76
143 1
36 82
154 70
56 172
120 56
167 145
22 134
140 24
174 42
138 170
46 106
113 175
52 54
83 11
35 174 9
28 152
28 32
122 18
20 182
147 67
75 173
58 92
151 61
166 100
66 98
3 21
27 181
29 93
53 173
134 119 9
54 2
142 168
153 125
161 89
180 42
134 164
55 165
115 75
164 154
16 120
94 2
97 71
39 79
55 114 145
59 3
60 92
172 125 9
53 177
64 32
56 88
27 121
162 158
95 181
144 150
11 79
41 105
67 31
140 106
166 118
132 82
38 116
69 127
89 97
162 46
16 122
128 40
116 72
131 79
55 153
68 42
101 77
83 139
128 8
1 113
39 41
107 35
131 129
47 85
41 137
75 87
139 159
54 41 9
157 79
107 121
156 16
80 150
114 52
1 51
82 184
183 47
8 154
86 76
79 53
18 68
104 170
120 168
98 174
77 103
74 106
103 181
155 17
70 128
184 106
155 47
125 73
177 111
111 25
54 44
138 164
32 44
51 129
97 173
124 28
67 113
152 56
184 24
180 178
169 95
155 179
84 112
133 171
153 71
111 13
17 55
7 153
104 76
178 114
141 39
32 78
27 11
47 179
127 45
56 44
147 155
121 147
119 21
57 29
160 158
34 156
47 121
165 61
164 94
129 39
65 183
37 77
175 51
170 132
124 90
22 136
37 85
176 118
59 163
48 134
124 50
110 88
115 119
111 63
143 29
162 52
86 152
42 54
122 142
153 9
171 39
174 66
4 16
85 131
182 94
5 39
141 11
51 145
109 151
105 57
103 35
45 133
122 175 145
160 116
79 129
151 157
91 19
43 135
98 34
173 7
182 110
128 160
31 105
64 28
98 114
24 46
114 79 9
91 13
177 33
98 74
90 32
41 151
125 79
142 176
130 132
129 147
3 131
143 77
101 171
77 85
117 169
164 8
124 56
96 150
159 63
88 117 9
181 7
63 53
42 184
106 58
10 16
37 131
138 128
94 26
3 139
109 167
85 7
158 52
23 95
146 54
92 34
69 51
119 55
65 107
29 25
110 70
51 97
13 157
128 92
132 96
9 23
13 107
82 140
85 136 145
146 172
151 25
13 67
145 17
84 98
140 22
16 168
106 148
107 69
71 167
12 180
46 134
50 112
152 146
132 14
169 69
52 32
115 51
137 117
130 10
113 105
4 102
175 79
52 164
72 44
162 90
43 155
82 34
78 134
1 99
134 182
83 73
68 180
184 92
176 94
10 162
178 160
140 6
139 143
113 27
29 13
137 71
151 69
88 62
7 59
165 109
67 121
57 107
72 80
145 32 145
42 30
77 17
172 102
154 50
175 55
12 136
184 120
79 49
170 146
90 42
59 165
119 165
109 163
152 84
37 173
153 35
40 136
91 163
136 100
156 10
155 177
107 137
73 77
160 24
110 80
44 120
129 165
111 37
136 26
180 46
47 71
35 23
132 172
160 60
155 133
172 178
140 108
86 150
156 154
174 88
95 45
52 68
177 37
140 34
109 94 9
101 51
29 59
173 33
106 4
26 84
158 140
124 92
103 119
128 102
15 73
184 116
31 95
52 128
106 104
105 5
127 173
153 109
144 28
75 179
31 147
92 126
10 110
75 63
25 71
120 116
103 61
74 96
93 65
148 124
39 15
178 2
27 167
40 10
140 28
173 17
68 122
43 89
18 86
80 126
19 87
43 133
62 80
85 81
161 121
152 58
116 30
45 61
118 32
109 113
176 32
66 96
171 27
152 62
14 62
115 3
146 122
11 181
139 153
106 150
76 174
73 135
11 117
147 71
153 59
51 163
40 38
104 56
154 48
158 20
60 150
72 124
108 60
51 79
169 99
101 65
6 38
128 94
159 13
153 149
30 180
70 50
146 158
41 179
58 60
178 130
145 157
55 31
55 135
110 142
107 19
102 96
42 158
100 54
96 62
184 157 9
111 137
45 53
115 31
22 12
23 11
50 92
140 102
37 25
168 18
55 53
171 15
171 115
56 96
117 149
101 137
48 34
49 85
170 96
179 49
41 125
83 105
160 42
171 131
139 109
88 52
24 170
169 79
164 124
55 99
161 99
145 5
167 137
123 82 9
162 100
57 67
151 46 9
55 163
86 16
9 87
81 167
73 141
182 52
107 25
52 116
124 70
168 150
114 112
173 183
28 68
124 18
98 176
63 113
10 154
150 156
155 57
147 177
70 92
142 26
131 153
178 84
124 48
27 77
117 51
171 137
158 34
175 21
113 159
21 177
90 82
143 85
147 27
29 127
122 31 145
151 79
8 180
95 5
102 26
106 176
71 75
82 182
169 61
70 136
111 11
165 85
179 153
181 51
66 166
124 16
96 52
78 62
53 67
44 46
163 153
33 125
41 115
113 173
1 135
88 72
96 140
131 173
128 24
83 65
57 11
72 168
59 131
44 64
172 138
165 89
61 95
83 131
81 135
95 7
122 34
182 114
123 107
38 146
19 141
108 134
157 1
81 109
124 20
118 36
6 46
41 103
6 70
49 133
159 105
109 41
51 179
32 116
54 78
110 40
29 173
5 181
75 35
147 81
133 93
112 26
180 120
153 177
9 59
155 31
102 166
79 95
179 17
153 111
37 171
38 184
118 30
91 179
73 167
34 94
78 82
84 122
31 107
125 21
42 148
152 116
58 184
145 33
119 109
125 145
11 161
163 19
163 67
19 147
165 25
133 11
160 56
93 119
161 29
94 48
128 88
175 81
101 105
23 47
155 85
144 168
96 138
167 171
177 81
130 170
150 180
7 23
105 49
96 48
108 142
160 30
150 12
5 71
142 88
75 65
111 55
7 79
50 108
38 50
19 29
19 17
104 112
167 151
108 26
83 93
158 138
54 22
109 143
2 28
40 96
53 39
4 66
70 34
170 48
56 64
137 147
117 93
45 167
118 70
46 56
128 72
75 69
70 104
26 48
82 24
4 164
49 97
43 128 145
167 65
165 27
28 160
82 70
10 182
94 52
69 121
112 184
130 136
104 96
178 110
41 139
140 164
131 61
182 80
157 109
138 126
40 58
12 80
157 183
99 65
28 94
106 136
66 140
172 136
30 34
159 131
84 50
121 123
104 52
136 108
143 81
117 79
73 91
18 118
114 60
71 129
142 154
13 169
94 42
108 170
144 122
92 28
69 41
63 157
69 163
64 42
139 155
149 55
170 172
141 159
5 97
157 123
70 72
101 59
81 49
34 6
127 149
79 19
57 101
73 19
85 127
17 107
181 67
161 59
173 39
161 145
135 75
161 1
145 151
124 12
156 146
144 70
55 133
157 65
112 142
121 13
170 62
4 182
116 144
149 1
160 14
86 126
126 56
114 44
43 67
116 12
22 162
115 85
172 150
77 3
85 73
158 86
31 129
97 43
23 45
136 170
124 114
1 63
152 36
138 72
103 129
37 137
82 176
129 49
40 154
97 15
142 54
41 175
163 147
137 25
53 29
178 14
106 116
102 80
84 166
40 18
80 130
38 42
99 93
149 137
111 181
133 115
147 61
124 30
127 183
87 1
18 16
30 164
86 42
143 133
117 131
61 182 145
115 129
103 43
183 9
181 125
5 155
25 77
62 158
21 139
37 65
22 120
8 184
153 57
138 98
121 175
28 58
39 167
151 165
96 44
179 63
11 42 145
110 20
43 93
137 19
15 131
32 12
52 184
23 15
14 52
55 155
117 87
175 169
150 182
51 67
120 10
121 33
66 2
7 5
24 50
90 116
69 55
84 104
16 26
7 151
115 141
182 14
15 163
26 92
23 57
41 73
44 98
96 28
26 24
98 154
76 40
71 181
120 6
47 69
129 37
124 174
89 1
23 115
169 163
19 155
156 78
17 63
77 19
94 10
95 147
87 113
77 5
171 11
123 167
148 10
154 170
139 91
32 61 145
34 132
64 110
16 140
101 41
139 11
135 115
74 136
29 157
24 60
163 27
53 77
50 3 9
166 18
63 91
159 19
147 29
104 34
184 160
139 15
67 39
120 40
136 62
101 142 9
74 64
108 88
65 14 9
138 182
57 65
85 107
44 136
155 103
171 121
112 68
38 148
33 175
113 143
10 14
30 148
60 172
175 103
60 98
102 12
159 85
127 47
104 166
179 57
72 76
51 153
55 159
136 180
128 50
180 134
184 72
2 128
18 178
84 134
83 81
45 125
3 42 145
13 81
37 75
119 35
87 79
157 81
154 106
140 84
101 147
126 160
90 4
12 28
44 126
162 34
109 133
44 127 145
1 111
164 172
175 155
61 29
150 44
42 82
31 49
181 129
102 22
56 6
62 24
116 88
135 29
142 50
169 115
112 6
128 12
119 145
39 175
151 179
129 57
64 114
105 75
174 166
123 155
63 51
130 144
126 10
85 179
152 130
161 5
106 6
84 136
104 74
53 157
17 43
43 1
81 29
164 29 9
41 97
143 117
135 33
176 114
8 120
127 21
129 151
177 107
111 121
84 74
43 95
4 176
40 158
100 52
156 176
11 43
173 1
128 64
115 131
57 53
56 36
120 34
9 163
25 173
100 94
78 52
47 49
77 13
57 59
45 59
162 144
167 88 145
58 74
151 171
35 157
43 153
85 61
139 177
157 51
164 56
147 135
155 9
67 167
64 154
89 51
52 10
16 50
6 40
171 31
94 78
57 7
161 25
23 121
154 56
65 103
152 26
51 65
81 129
92 158
12 120
115 181
28 174
1 163
154 26
179 7
170 6
146 12
178 152
54 124
78 60
140 156
112 16
91 173
136 87 9
128 26
47 1
170 14
184 129 9
48 112
156 96
101 43
75 33
110 62
128 172
145 139
47 27
54 118
86 38
118 20
174 156
48 182
140 48
11 39
113 123
89 95
153 167
161 75
63 181
49 35
123 103
176 84
118 8
146 40
138 24
36 34
121 179
92 104
51 57
47 17
131 41
97 25
152 100
168 184
32 30
30 86
117 113
26 134
164 34
74 142
65 127
119 75
46 30
146 136
153 19
27 183
30 2
3 147
117 145
156 138
10 48
18 98
184 54
56 30
140 52
53 1
149 26 145
169 71
162 174
111 179
77 177
182 84
11 113
24 102
95 69
43 27
51 31
32 110
121 15
64 160
73 179
26 120
129 53
84 116
40 116
127 31
88 106
111 147
127 71
77 69
133 71
135 91
168 52
31 181
141 181
182 120
135 45
115 67
148 170
161 109
72 126
138 38
102 70
148 44
81 37
149 61
136 122
181 153
159 9
51 33
75 7
50 134
66 10
72 10
124 168
107 29
98 62
27 179
76 106
21 47
84 14
138 118
26 148
178 124
21 79
86 6
147 83
108 18
129 171
154 84
55 91
36 180
83 47
20 78
27 33
42 60
6 30
13 155
154 13 9
87 69
49 39
68 2
164 72
117 85
100 64
92 134
95 115
121 3
37 27
66 118
140 26
45 139
109 11
54 176
81 165
134 24
55 145
56 184
83 169
36 122
116 100
26 1 9
76 126
27 1
138 178
77 149
138 136
86 36
93 73
80 134
17 143
148 164
178 150
130 6
9 64 145
1 25
38 64
129 9
184 176
53 147
46 178
149 139
153 1
105 177
176 70
147 25
50 110
129 135
74 120
123 125
144 60
96 180
173 87
120 4
89 23
182 12
146 112
131 167
40 156
168 112
95 97
31 1
167 135
83 181
1 37
47 131
182 78
120 162
184 28
32 54
29 41
112 144
162 150
170 174
81 39
4 146
25 75
139 123
97 141
154 146
5 87
88 60
166 146
178 80
50 88
55 117
59 145
165 33
85 137
54 102
46 2
99 125
60 106
118 2
142 84
183 121
110 78
82 92
131 107
166 90
28 56
125 141
1 121
134 28
113 157
26 90
151 117
39 159
35 169
21 23
158 50
179 125
49 141
25 55
23 135
66 42
113 31
176 166
70 137 9
82 136
12 134
31 165
126 136
100 28
149 71
156 172
15 157
12 2
61 127
55 23
138 42
25 53
101 97
22 154
94 104
54 116
163 161
12 54
163 23
140 10
105 167
87 157
15 35
71 45
121 57
45 65
164 168
142 156
178 40
111 175
9 95
84 184
118 134
82 72
82 138
53 31
168 154
25 125
140 94
158 8
103 135
94 80
39 27
35 73
123 91
81 121
17 157
57 113
92 24
176 110
183 33
78 170
87 39
94 96
123 25
158 26
183 3
44 176
91 37
73 149
181 73
96 2
181 155
40 172
4 138
105 65
106 52
65 181
83 1
99 129
33 73
156 164
135 97
32 142
92 52
46 146
150 132
19 81
61 181
111 165
125 135
41 95
118 72
12 144
33 109
13 177
95 133
181 147
154 46
173 123
114 86
152 72
119 3
26 60
123 15
27 81
153 63
144 78
81 105
124 4
17 13
101 91
59 103
86 162
17 119
111 69
166 88
80 50
136 94
23 181
47 153
154 16
4 2
59 144 145
170 126
156 24
88 80
152 166
170 30
23 59
35 61
31 177
42 144
183 81
27 133
158 132
138 154
17 61
109 77
125 159
86 83 9
80 156
89 87
54 86
176 2
56 140
172 104
100 84
55 7
103 91
21 9
180 172
74 164
65 129
83 175
110 92
35 39
174 46
136 166
27 15
99 119
91 159
159 107
140 54
3 71
111 61
117 39
81 43
157 85
43 55
181 69
94 58
6 22
115 127
45 157
140 168
53 75
141 1
93 113
99 123
95 71
162 20
89 41
27 23
72 114
40 66
156 110
140 35 9
14 28
136 36
100 184
89 77
69 103
169 177
75 47
104 50
83 121
71 157
171 5
41 13
57 127
150 130
118 170
44 30
90 142
171 97
133 33
66 60
158 64
114 34
93 135
156 100
53 89
97 73
85 171
184 114
144 84
96 136
73 153
82 100
55 181
177 45
16 76
32 92
87 167
95 28 9
164 82
40 74
89 139
124 172
8 82
34 64
125 27
144 180
26 3 145
95 109
3 31
83 179
143 31
63 147
180 84
183 117
116 48
132 22
184 6
76 158
85 163
43 73
35 57
76 22
154 130
184 66
162 164
74 68
75 16 145
94 160
164 90
84 160
89 173
146 138
25 155
39 115
164 88
101 141
103 133
55 107
39 149
158 184
2 82
70 98
151 83
148 166
120 156
65 27
177 1
29 165
184 148
25 65
127 167
172 162
60 152
59 151
18 2
29 7
147 44 145
16 14
33 17
78 102
69 17
87 153
31 179
81 91
142 18
134 122
9 43
14 174
13 75
55 105
94 184
160 132
135 127
91 137
44 80
172 76
10 116
109 25
59 170 9
60 94
63 67
172 14
20 168
165 121
95 17
20 104
45 17
89 63
93 17
184 64
141 15
122 28
62 40
165 155
132 4
169 49
37 49
78 162
8 78
43 131
112 152
148 64
26 132
74 14
40 144
41 177
130 74
72 6
95 163
82 160
145 111
19 27
54 150
36 146
170 152
151 55
168 128
25 133
69 117
157 61
168 4
78 106
184 180
120 114
135 161
45 123
71 121
30 152
72 78
149 113
108 62
104 108
89 93
35 13
166 56
25 95
2 160
61 179
70 68
5 139
135 119
119 16 9
4 80
106 80
93 33
116 170
38 94
80 118
114 148
1 171
143 57
118 122
63 169
26 138
136 114
72 94
160 18
82 151 145
169 3
67 105
40 152
95 73
123 65
25 140 9
63 119
20 140
24 20
174 184
44 94
88 178
19 161
30 146
97 87
69 141
22 74
8 162
79 33
44 58
98 68
48 138
98 22
52 112
18 148
159 119
158 110
132 58
106 108
63 155
62 8
39 157
77 105
59 95
6 12
85 181
4 184
122 64
83 116 145
139 31
112 67 9
22 170
29 181
128 90
75 83
155 105
134 138
48 64
126 120
119 173
104 140
30 24
31 63
148 54
9 115
105 33
1 145
177 99
136 140
27 161
173 107
160 36
49 101
93 69
126 176
26 118
133 111
143 163
144 66
145 183
51 135
56 48
162 168
150 170
88 22
64 166
123 63
158 130
165 141
176 150
157 179
128 39 9
2 114
32 40
58 160
18 112
31 121
158 100
141 37
2 84
155 95
23 119
45 75
75 159
86 134
5 63
163 47
79 89
89 167
37 145
14 184
85 95
138 40
4 142
50 162
180 10
1 169
177 27
152 90
83 55
170 176
158 108
128 122
166 162
56 130
102 180
66 18
118 156
164 158
183 167
99 59
170 46
41 145
75 17
164 80
174 38
55 33
33 67
117 129
56 132
73 171
81 171
26 32
130 36
17 37
137 133
181 13
76 50
98 124
85 25
136 30
124 108
61 55
113 101
167 63
153 67
21 151
164 120
84 120
140 58
138 152
90 84
119 153
162 38
169 33
132 24
164 32
62 4
98 16
130 68
160 148
5 55
166 72
82 22
145 115
1 102 145
29 177
106 126
142 8
156 178
42 106
64 146
11 131
65 137
179 183
7 69
92 178
92 84
5 133
37 157
66 168
81 79
84 60
127 179
87 179
154 184
50 94
6 134
9 119
141 75
81 120 145
80 184
59 159
163 63
162 170
173 135
148 179 9
82 10
52 134
153 159
115 93
138 49 9
142 68
180 128
52 156
157 155
157 119
156 46
55 113
100 68
105 171
6 126
87 21
109 29
1 129
150 128
100 134
55 139
108 36
76 162
70 48
137 75
137 145
104 150
37 147
35 95
182 2
22 70
150 78
113 177
36 18
157 131
100 72
74 184
27 9
22 174
172 78
136 42
91 1
87 65
126 122
96 20
44 78
69 3
116 60
96 58
81 87
180 92
72 170
165 63
102 46
144 148
75 9
104 126
82 154
57 171
43 149
175 147
44 18
101 1
51 49
154 96
178 38
105 47
150 48
114 123 9
172 108
31 77
135 113
70 182
160 34
64 130
17 171
135 9
51 15
14 164
159 69
148 128
78 178
143 61
159 89
130 32
57 133
45 141
154 162
16 118
125 111
41 99
20 102
139 105
15 55
174 164
58 68
99 71
145 175
154 148
43 159
38 124
83 153
52 2
62 34
15 159
4 92
5 151
18 34
42 172
50 148
90 150
62 122
7 127
76 144
67 128 145
100 74
167 11
161 143
1 67
105 157
135 21
7 21
90 16
152 38
172 174
177 133
151 163
159 99
105 169
58 95 9
13 129
63 43
35 5
62 94
51 3
4 160
139 179
171 79
159 157
35 137
22 36
120 96
60 48
156 170
148 66
123 23
9 167
117 133
103 57
74 8
12 122
142 174
168 34
179 69
157 93
11 119
2 78
28 106
3 157
90 168
137 63
64 112
11 49
167 25
52 174
178 64
108 126
72 14
123 59
149 47
33 179
92 160
155 69
89 65
126 74
23 17
16 92
107 93
122 96
56 10
137 130 145
66 108
103 157
159 133
50 141 145
14 134
107 41
163 137
45 35
99 105
68 148
38 154
135 107
47 77
118 164
182 24
167 111
29 113
80 128
103 99
124 10
96 134
41 165
43 123
37 155
16 78
97 145
1 159
81 45
84 44
86 144
87 59
27 93
8 98
181 91
135 57
80 114
41 23
117 63
158 70
112 180
6 118
184 60
71 43
175 101
135 70 9
3 87
122 174
93 149
64 156
181 43
84 8
45 153
15 111
29 121
88 126
21 137
9 169
73 174 9
91 107
61 77
10 68
169 123
89 69
13 183
60 104
78 126
135 177
137 165
84 150
104 162
97 35
157 165
120 174
100 154
44 152
140 80
49 147
127 79
31 137
153 151
9 29
122 58
52 132
158 10
68 132
38 56
23 93
123 93
68 178
6 14
176 92
97 55
116 34
58 178
123 79
86 92
97 155
157 169
161 21
33 21
102 182
43 171
20 141 145
169 85
23 107
25 143
120 92
47 135
89 145
87 121
108 100
137 127
54 74
73 1
93 11
89 13
117 179
14 112
83 51
37 63
103 7
62 64
69 25
179 67
75 81
104 132
87 35
161 51
136 78
88 86
30 172
155 115
11 71
176 58
19 115
9 107
157 111
22 148
77 91
79 135
135 179
43 127
140 178
13 47
133 173
130 162
136 50
59 147
167 53
93 51
13 161
162 24
35 125
21 43
143 125
180 98
105 73
90 184
110 124
44 86
154 102
154 36
45 143
96 141 9
28 38
33 81
159 129
150 108
40 50
28 146
64 96
42 52
55 168 9
101 93
75 77
67 111
90 44
184 156
117 121
176 24
98 36
84 78
153 105
5 113
69 153
6 136
122 80
154 120
27 53
15 133
9 177
88 14
13 175
154 68
1 125
26 80
183 5
144 158
161 106 145
52 176
135 101
71 89
40 170
65 173
158 48
181 175
126 42
72 142
20 142
142 178
106 162
60 86
36 176
28 125 9
67 173
159 23
124 158
75 163
176 128
70 164
64 104
165 23
110 98
61 27
124 100
104 6
145 123
153 11
137 43
120 90
95 3
161 184 145
176 152
176 64
108 6
162 40
24 6
163 61
125 151
109 9
104 142
155 173
2 130
141 81
25 101
148 180
121 125
15 113
184 126
144 74
114 62
110 100
65 133
94 166
11 1
34 74
166 106
107 51
39 125
90 64
75 39
122 184
173 71
16 158
13 137
5 43
14 128
78 100
83 159
54 82
148 78
95 63
2 100
119 85
58 62
119 143
4 128
147 107
134 10
173 13
183 93
8 178
80 30
18 96
72 108
15 153
22 62
147 51
106 66
23 71
80 160
96 176
166 26
168 158
33 69
23 49
31 29
21 184 145
147 5
174 10
110 118
13 5
179 107
27 173
114 130
106 30
176 112
72 132
98 134
138 78
93 77
135 27
121 153
112 56
138 30
169 179
5 75
24 40
27 149
26 12
50 120
172 18
122 158
94 8
58 168
18 128
82 162
6 162
120 160
86 146
88 150
99 11
123 87
154 92
147 165
119 117
32 20
42 4
109 79
102 100
6 28
19 31
20 74
4 162
83 49
113 19
99 3
29 171
57 15
38 82
159 57
42 14
147 161
21 77
70 32
43 143
143 39
76 140
35 173
46 18
26 110
88 6
144 164
152 46
105 61
143 9
177 71
135 85
26 34
106 79 145
64 30
178 24
18 138
50 10
83 117
19 37
105 173
28 78
49 121
30 36
144 136
93 103
181 93
47 158 9
49 175
31 11
118 40
79 85
27 73
37 105
86 140
76 182
118 174
125 77
70 14
165 5
178 42
79 97
55 57
141 87
138 120
14 38
157 133
28 10
55 73
7 65
46 114
101 165
155 33
53 163
152 18
168 180
134 70
91 9
119 59
45 151
45 161
70 3 9
154 134
115 101
22 146
76 100
154 42
71 135
97 9
118 38
168 70
107 127
4 84
45 131
175 106 145
5 163
66 146
61 63
130 14
78 142
133 47
20 88
153 79
85 65
93 7
117 17
34 12
175 5
168 134
85 13
33 167
43 91
115 25
177 121
73 21
45 77
39 121
74 178
46 164
136 150
107 115
8 52
164 108
178 176
64 157 145
76 166
135 165
168 110
94 4
90 88
32 62
171 163
101 72 145
77 113
101 169
15 11
105 111
128 110
66 94
159 67
126 84
138 124
124 180
177 143
32 16
161 103
146 58
141 167
182 16
33 137
135 67
104 134
143 115
127 121
9 93
76 142
50 140
75 31
170 2
8 4
14 46
39 91
151 131
168 36
12 148
49 53
39 13
177 19
11 135
83 111
174 16
184 128
98 166
30 50
144 184
53 119
85 111
51 155
136 2
18 114
145 93
153 91
161 175
132 60
86 82
145 159
111 171
149 112 9
100 114
166 116
149 173
58 110
1 133
38 168
63 151
99 29
13 19
48 2
153 113
29 111
91 41
59 73
74 70
6 182
46 48
165 107
28 52
33 87
116 16
62 154
29 131
183 169
169 127
96 130
178 184
167 41
64 80
44 34
112 108
11 91
37 71
49 111
6 168
106 38
51 123
1 45
22 40
80 2
68 136
129 67
23 79
167 113
63 73
64 10
123 177
175 105
16 12
54 130
111 159
51 95
163 17
111 77
16 136
30 62
88 8
90 20
31 89
178 32
137 143
43 7
2 86
176 90
149 59
58 118
175 177
135 121
40 184
6 176
