82
625 626
305 307
297 299
285 287
275 277
243 245
217 219
205 207
183 185
163 165
151 153
135 137
129 131
93 95
73 75
51 53
23 25
315 317
329 331
341 343
361 363
365 367
385 387
391 393
429 431
457 459
511 513
525 527
557 559
577 579
611 613
637 639
641 643
685 687
699 701
715 717
723 725
741 743
769 771
795 797
827 829
837 839
855 857
875 877
306 308
280 282
248 250
234 236
216 218
194 196
156 158
114 116
86 88
58 60
38 40
24 26
324 326
342 344
356 358
384 386
396 398
424 426
474 476
492 494
510 512
520 522
534 536
552 554
570 572
592 594
600 602
626 628
652 654
678 680
700 702
710 712
714 716
746 748
796 798
832 834
860 862
884 886
