326 2376 65 185
184 56
15 49
265 117
300 8
183 77
287 275
151 278 185
63 162 185
285 24 185
37 161
293 315
211 53
168 23 185
142 39 185
97 280 65
133 61
309 82 185
29 269
64 5 185
298 301 65
10 211 65
162 254
153 250 185
157 166 185
214 230
299 148 185
178 289 185
117 301
227 58 185
144 284
157 10 185
283 177
29 8 185
36 129 65
167 156 65
271 87
97 123
302 188
1 246 65
66 237 185
159 63
295 155
198 147 185
45 171
36 222
12 233 185
80 274
30 300
139 103
63 284 185
190 216
297 298 185
302 128
157 275
306 277 65
246 103 65
22 85 185
306 62
8 24
67 179
175 70 65
325 167
313 3
210 276
297 192 65
9 186 65
17 7
3 325
264 76
16 294
281 152 65
32 290
91 53
249 256 185
139 325
297 38 185
290 275 185
193 258 185
132 275 65
318 94
306 24
245 243
44 132
132 214
284 62
87 160 185
280 258
7 277
164 274
28 323 65
41 241
319 27
188 66
317 253
7 233
9 233
239 190 185
151 111
79 53
291 204 185
81 11
281 77
9 315
58 221 185
11 281
108 73 65
325 207
317 50 65
263 11
53 305
60 300
235 217
144 151 185
7 307
3 274 185
112 92
318 18
316 6
179 99
34 250
137 84 185
104 139 185
257 287
2 318
40 258
142 197 185
271 67
318 223 185
182 113 65
248 95 185
132 258
36 194
252 40
195 27
295 246 185
90 275 65
220 19 65
252 267 65
82 316
302 64
214 234
33 295
248 55 185
323 53
257 81
315 229
276 62
171 173
107 90 185
311 79
6 43 65
286 28
153 71
107 189
141 57
310 169 185
221 158 185
210 160
311 71
156 10
275 47
202 226
205 129
17 132 65
271 79
2 67 185
99 199
324 61 185
295 278 65
136 307 65
205 165
155 49
129 239
265 158 185
45 234 185
310 57 185
296 189 185
12 284
187 228 185
215 75
241 131
235 9
178 85 185
92 277 65
100 232
290 74
92 248
302 36
73 36 65
71 188 65
300 59 65
92 262
318 65 65
274 242
285 143
62 155 185
318 242
127 26 185
264 9 65
65 68 65
108 72
299 129
25 181
39 323
209 65
301 110 65
202 285 185
203 45
321 148 65
64 266
51 137
254 214
264 148
28 101 185
247 19
305 32 185
165 241
151 313
63 111
78 150
213 109
83 154 65
98 107 65
45 160 65
9 258 185
316 20
116 182
206 67 65
119 41
168 24
237 45
153 1
287 269
144 73 185
79 7
50 322
294 83 185
297 16 65
183 20 185
306 246
4 29 65
65 319
80 26
62 54
254 10
309 86 185
256 28
195 321
52 39 65
19 109
30 256
291 182 185
276 252
182 143 65
16 133 65
51 263
250 5 185
297 186 65
62 258
121 35
151 115
16 296
262 254
172 83 65
234 50
254 323 185
14 108
82 200
58 25 65
22 113 65
157 76 65
301 308 65
100 161 185
278 318
58 191 185
247 37
178 228
144 310
228 65 185
4 320
260 110
173 220 65
106 125 185
133 299
12 97 65
285 4 65
311 231
79 135
3 227
21 284 65
279 107
325 93
298 311 65
100 158
53 140 185
61 279
175 271
309 29
136 264
113 59
233 215
17 324 65
115 16 185
258 93 65
193 230 65
4 246
78 5 65
12 148
213 272 185
186 307 185
118 22
36 131 185
32 218
43 264 185
64 222
196 280
316 22
278 319 185
237 42 65
145 20 65
261 5
142 63 65
282 48
284 147 65
129 289
170 194
14 312
326 18
131 16 65
321 146 65
262 26
200 287 185
306 195 65
3 301
55 250 65
290 42
205 251
91 172 185
181 180 185
320 22
296 313 185
296 295 65
188 216
128 76
156 113 185
14 131 65
67 283
123 56 185
153 251
146 311 185
139 36 185
64 23 185
49 145
15 175
223 271
261 74 65
289 79
94 248
4 288
301 65
31 28 185
105 133
281 179
89 106 65
161 311
261 2 185
288 14
296 180
39 297
218 242
88 94
129 5
92 99 185
231 51
40 148
320 54
194 113 65
282 264
7 325
63 156 65
206 235 65
284 171 65
75 26 65
229 263
324 2
143 145
23 235
239 18 65
212 309 65
286 42
193 235
92 160
93 234 65
80 295 185
323 27
126 208
188 284
239 21
145 247
203 164 65
180 94
248 121 185
256 299 185
149 306 65
150 235 65
1 291
119 187
230 168
236 75 65
160 183 65
251 123
208 300
287 135
322 268
88 259 65
178 304
221 155
269 192 185
121 159
106 315 65
308 8
281 230 65
117 283
127 233
134 253 185
250 95 185
264 268
202 197 185
45 293
309 163
86 227 65
220 10
119 127
310 66
7 293
106 168
321 5
22 53 65
20 266
311 51
264 195 185
9 271
67 190 65
310 50
322 182
4 324
313 17
139 199
296 227 65
313 136 65
104 7 185
144 33 65
31 139
160 247 65
91 196 185
116 286
217 115
137 278 65
92 219 185
89 294 65
114 4
150 318
266 209 185
53 233
223 21
323 11
298 40
98 293 185
232 276
325 120 185
305 1
93 250 185
85 297
251 311
294 51 65
38 150
96 72
60 208
194 149 65
124 260
96 169 65
63 91
179 118 65
283 154 185
122 13 185
134 270
271 143
51 158 185
182 46
184 138
28 196
21 204 65
172 325 185
202 1 65
314 206
178 54
259 161
116 87 185
68 273 65
202 281 185
93 144 65
306 132
309 78 185
71 317
257 246 65
242 88
225 256 65
127 18 185
36 292
58 20
24 247 185
111 221
39 195
275 56 65
191 176 65
312 18
108 125 185
53 188 65
157 297
18 307 65
148 266
143 87
186 214
71 164 65
236 198
242 219 65
186 184
94 55 185
48 204
113 299
15 251
215 161
299 4 185
190 290
140 252
41 231
248 294
214 45 185
283 171
55 216 185
147 237
316 138
73 126 65
314 144
93 39
167 175
269 108 65
5 22 65
310 322
126 77 185
194 250
200 212
201 277
143 198 65
163 127
94 129 65
163 249
42 196
324 34
266 189 65
9 309
149 65
26 280
307 75
140 148
2 85 65
115 108 65
36 245 65
229 232 185
268 277 185
215 316 65
56 289 185
299 188 185
296 134
242 71 185
54 290
278 188
42 144
128 310
322 90
23 153
66 161 185
235 121
93 184 65
159 111
258 176
227 66 185
136 252
2 244
36 92
176 20
291 135
86 212
49 288 185
114 258
201 102 65
325 301
52 283 185
249 103
85 317
258 200
41 267
313 272 65
162 204
326 49 65
19 71
256 317 65
304 56
224 43 185
9 323
166 136
238 165 65
291 47
164 113 65
289 187
121 64 65
133 86 65
158 43 185
222 166
20 130
325 248 185
240 88
5 212 185
111 147
14 318
151 113
143 161
27 281
295 312 185
153 26 185
265 70 65
284 213 65
135 148 185
129 307
61 107
16 130
297 94 185
134 171 185
46 310
184 21 185
261 16 185
184 92
314 302
22 226
260 246
124 105 65
323 176 65
215 53
272 53 65
178 298
249 239
290 121 65
316 12
137 208 185
38 269 65
246 225 185
296 38
252 109 185
310 183 185
153 238 65
315 5
63 300 65
107 204 65
303 31
226 172
6 308
163 30 185
229 166 65
253 321
118 220
249 323
40 237 65
316 18
316 192
10 238
322 38
319 126 185
321 159
211 213
146 40
231 293
167 189
299 235
188 24
68 251 185
281 277
84 326
277 262 65
178 102
180 46
12 308
320 257 65
309 31
220 322
107 89
227 105
115 241
275 286 185
258 149 185
163 88 185
103 309
10 324
242 26
165 138 65
133 201
188 311 185
249 247
276 250
207 229
51 48 185
237 15
254 110
140 93 65
38 167 65
225 208 65
176 245 65
144 102
242 23 65
227 78 185
318 109 65
195 290 65
217 61
98 58
57 228 65
117 81
112 31 185
256 95 185
134 165 185
23 261
195 283
149 12 65
189 195
192 211 65
274 37 65
235 62 65
143 236 185
318 55 185
23 283
309 137
192 243 65
95 60 65
32 260
16 169 185
7 285
23 4 65
154 16
61 282 65
40 267 185
165 85
49 279
63 145
284 32
246 10
105 191
302 158
1 319
84 197 65
70 297 185
159 78 185
60 277 65
179 251
203 94 185
156 40
248 164
58 118
119 147
72 319 65
295 95
55 290 65
298 291 65
129 317
94 169 65
204 6
46 228
257 261
42 9 65
94 258
155 283
25 124 65
84 219 65
284 148
265 215
125 219
92 306
243 1
313 89
279 193
86 265 65
299 201
184 130
25 4 185
290 108
70 316
324 50
122 235 185
1 268 185
260 31 65
56 308
260 10
33 68 185
292 265 65
105 311
227 167
217 152 185
307 15
130 115 185
263 45
229 199
195 41
22 195 65
33 212 65
324 251 185
170 88
41 104 65
179 181
312 247 185
148 138
144 261 65
154 66
87 309
249 244 185
282 317 65
29 102 65
258 4
202 307 65
243 3
219 44 185
248 320
255 139
45 143
206 6
163 181
311 207
222 2
289 133
127 55
252 76
70 287 65
99 34 65
19 322 65
192 267 65
302 80
292 24
162 106
264 158
157 325
135 98 65
304 233 65
322 24
247 5
40 94
102 274
278 18
22 97 65
148 50
180 64
206 219 185
40 57 65
285 253
144 7 65
269 199
194 308
246 15 65
284 115 185
132 31 185
244 108
155 55
68 169 65
172 210
30 55 185
155 292 185
3 319
264 130
85 270 65
147 13
228 267 185
23 287
53 291
127 138 185
45 231
186 14
277 289
94 21 185
271 217
62 296
2 220
305 229
153 27
17 100 185
280 171 185
254 134
106 316
152 197 185
278 246
175 287
122 194
45 303
204 126
66 217 185
235 99
181 176 65
2 292
255 26 65
19 297
74 254
184 129 185
152 76
267 82 185
107 167
38 266
174 245 65
6 282
182 124
110 320
198 16
33 317
234 170
266 146
53 221
75 234 65
100 236
287 146 185
114 235 185
248 64
57 287
102 224
69 169
293 126 65
237 146 65
273 25
39 249
79 56 185
319 45
317 45
207 214 65
173 71
180 152
50 214
251 261
5 233
129 321
243 20 185
47 259
50 326
182 228
126 52
19 151
49 78 185
263 2 185
325 56 185
256 241 65
204 62
257 146 65
13 261
224 44
112 122
206 123 65
251 38 65
74 42
179 23
292 162
301 231
8 255 185
312 93 185
308 225 185
167 288 65
196 301 185
292 143 185
14 92
57 26 185
88 208
84 24
160 42
139 280 65
314 22
88 54
103 302 185
30 235 65
278 48
40 308
89 176 65
281 251
139 54 65
194 169 185
251 166 185
45 291
259 78 185
161 243
281 31
31 200 65
144 271 185
271 47
143 178 65
135 238 185
61 257
59 49
289 11
272 268
76 323 65
314 108
28 322
221 129
170 224
264 151 65
52 220
14 282
114 178
224 14
159 135
148 131 185
11 231
322 181 185
214 10
324 326
20 256
38 326
79 77
222 70
46 59 65
322 159 185
214 141 185
52 206
219 194 185
93 87
78 160
2 200
1 297
286 14
275 247
94 106
63 315
287 75
35 226 65
208 277 185
66 175 65
270 57 65
99 283
324 319 185
277 95
148 262
12 306
91 193
114 56
237 27
284 221 65
112 278
92 47 185
299 219
276 5 65
69 176 185
307 11
271 239
5 170 65
296 176
270 264
153 294 185
132 27 65
9 242 65
302 8
103 201
68 304
234 20
21 142 185
21 243
37 301
61 66 185
193 134 65
262 136
238 281 185
283 46 185
304 40
317 43
20 324
308 14
181 232 65
117 196 185
179 289
255 199
141 33
323 236 65
287 103
44 263 185
59 307
83 156 65
54 264
63 200 185
8 304
315 288 185
305 109
282 314
26 246
47 197
41 273
101 313
53 315
31 77
67 180 185
121 308 65
138 105 185
312 26
8 324
16 302
95 74 185
312 16
234 97 65
5 293
316 77 65
315 103
187 246 65
155 9
155 86 65
254 201 65
4 51 65
52 250
47 27
299 268 185
325 98 65
57 177
75 30 65
27 2 185
151 205
303 123
256 70
15 313
15 133
67 248 185
103 44 65
37 307
277 29
202 91 65
212 261 185
258 148
237 132 65
64 319 65
22 326
81 62 65
120 87 185
84 12
151 31
82 305 65
325 5
61 134 185
144 90
82 4
154 77 65
305 27
73 39
106 322
102 318
7 317
323 23
17 325
172 22
291 300 65
250 296
6 266
71 86 65
31 115
3 265
143 286 65
49 130 65
24 107 185
48 133 185
288 238
67 239
187 67
30 13 185
94 189 185
132 11 185
267 157
96 270
261 31
253 45
172 269 185
210 68
228 112
265 85
245 39
201 184 185
76 185 185
135 272 65
132 15 185
109 169
117 171
36 85 65
1 301
317 109
46 304
66 171 185
120 93 185
68 220
112 270
208 205 65
68 202
184 151 65
282 74
88 218
60 114
154 3 65
93 246 65
12 117 65
286 291 185
283 21
84 161 65
77 134 185
36 322
46 95 185
311 204 185
131 284 65
296 168
60 17 65
49 87
147 25
28 314
7 117
289 176 185
244 256
64 236
165 325
165 22 185
78 236
275 79
197 165
25 303
27 291
154 166
288 36
293 68 65
209 204 65
113 189
233 111
238 320
288 24
267 180 65
291 3
264 189 185
41 319
69 285
284 13 65
102 266
272 198
239 5
211 215
274 209 185
65 178 185
4 306
126 78
29 279
39 310 185
61 271
207 39
46 300
223 262 65
262 146
290 168
81 319
216 111 65
254 7 65
129 251
284 267 185
117 187
67 29
82 234
212 243 65
46 174
192 20
17 147
67 230 185
311 7
186 89 65
270 10
250 44
256 15 185
67 311
280 22
217 27
310 318
80 252
132 90
42 182
54 214
178 40
26 272
121 144 185
253 90 65
39 325
265 116 65
267 102 65
98 151 65
98 89 185
66 314
15 195
31 100 65
111 163
3 7
59 299
50 7 65
149 284 65
253 51
27 301
210 106
18 144
253 37
265 188 185
36 259 185
21 126 65
162 209 65
23 199
23 265
285 276 185
185 121
147 199
18 95 185
217 273
43 229
315 19
197 195
298 10
27 24 185
32 112
136 41 185
2 314
228 299 185
117 1
16 161 185
123 320 185
115 185
91 82 185
115 256 65
161 99
311 121
20 314
171 154 65
241 17
294 291 185
105 265
180 256
251 180 65
209 152 185
222 293 185
108 65 65
116 72
222 35 65
59 284 65
149 225
229 41
67 323
163 310 185
322 172
71 235
237 24 185
2 208
162 302
285 66 65
296 114
228 156
297 113
76 123 185
257 236 185
211 326 185
326 74
253 3
315 13
32 312
66 51 65
235 280 65
314 170
116 78
10 230
211 279
292 19 185
162 279 65
277 126 65
86 21 65
157 228 185
323 19
201 158 65
21 65
106 101 185
138 25 185
55 249
40 310
176 48
105 264 65
84 235 65
12 320
6 297 185
167 275
49 125
321 40 65
263 59
186 254
157 54 185
316 193 185
266 196
80 88
81 5
320 111 185
123 155
147 265
167 141
166 274
34 11 185
277 19
260 192
135 146 185
16 7 65
177 1
21 315
170 197 65
107 201
269 71
15 319
130 193 185
233 171
318 277 65
60 272
313 11
258 239 185
61 263
208 58
76 122
24 187 65
163 114 185
252 204
182 54
123 145
290 181 65
295 214 185
159 34 185
52 292
79 305
311 281
165 312 185
299 11
201 232 65
279 126 65
313 287
292 140
291 48 185
160 244
99 323
157 204 65
285 320 185
31 299
72 198
199 200 65
69 24 185
7 49
95 88 65
236 284
42 172
18 322
137 11
290 122
105 18 65
317 48 185
158 258
242 77 185
206 191 185
252 17 65
245 28 185
113 306 185
250 295 65
23 55
197 15
205 158 185
301 273
2 55 185
190 142
190 69 185
107 317
177 14 65
243 190 65
316 120
306 64
134 45 185
299 15
309 146 185
45 36 65
26 290
25 191
42 34
313 217
84 243 185
3 97
294 203 65
287 300 65
306 129 185
317 53
219 73
187 5
44 195 65
256 319 185
186 289 185
32 324
206 107 65
199 63
110 43 185
222 249 185
309 5
143 76 65
318 38
160 24
202 324
133 293
34 108
182 313 65
323 2 65
257 149
298 129 65
321 201
303 3
94 199 185
70 14
259 205
34 154
32 318
285 302 185
170 306
113 56 185
67 134 185
273 193
309 261
259 300 185
49 14 65
312 82
23 311
21 196 185
78 232
21 256 185
261 167
174 240
285 2 65
70 6
321 49
248 85 65
168 117 65
54 120
232 98
109 62 65
302 32
66 234
10 312
301 144 65
271 190 65
86 249 185
267 75
129 186 185
194 247 65
16 186
291 170 185
284 176
89 168 65
247 258 185
105 325
10 210
315 109
229 89
280 253 65
238 213 65
26 288
225 43
70 121 185
260 52
95 305
303 33
89 6 65
12 136
289 23
178 241 185
246 247 185
305 99
314 12
138 286
4 95 185
145 256 185
309 61
117 317
138 218
56 77 65
192 135 65
309 136 185
34 296
154 46
13 313
268 256
299 53
282 215 65
254 6
15 100 65
282 180
275 64 185
53 304 65
16 97 65
132 202
190 89 185
4 236
10 307 185
160 36
273 288 185
100 252
70 326
255 211
206 166
228 301 185
320 245 185
77 287
72 306
188 7 65
316 28
97 294 185
307 229
35 249
170 310
146 136
262 128
38 302
208 50
230 294
227 187
201 57
39 162 185
214 307 65
39 175
202 201 185
249 61
130 275 65
105 296 185
58 249 65
151 134 185
88 21 185
133 69
187 106 185
7 68 185
54 292
116 223 185
154 40
269 4 65
235 269
279 244 65
82 120
210 58
217 22 185
15 245
38 207 65
287 51
1 170 65
13 93
127 311
62 264
299 21
185 88 65
152 73 185
154 259 65
272 202
105 304 185
289 5
275 274 65
95 31
68 213 65
277 266 65
298 264
70 98
33 270 65
60 313 185
127 290 65
15 241
222 80
207 246 65
3 13
120 258
8 20
118 239 65
262 147 185
220 125 185
172 241 185
211 312 65
50 232
326 12
294 114
146 68
48 57 65
283 82 65
280 268
27 201
114 236
130 109 185
316 2
155 288 185
152 75 185
215 261
252 82
21 319
320 42
57 169
133 143
16 152
215 276 185
297 12 185
203 97
89 73
45 312 185
316 122
289 236 65
25 225
303 273
208 35 185
43 145
90 273 185
39 255
164 244
52 288
22 46
260 144
241 210 185
264 252
146 137 185
236 315 65
303 174 185
284 77 65
319 281
85 157
13 287
10 232
146 248
306 29 185
44 282
284 248
27 123
319 150 65
2 310
66 216
316 302
319 326 185
308 106
34 177 185
263 12 185
71 163
323 1
160 77 65
268 73 65
143 251
28 284
272 153 185
228 196
19 324 65
270 310
318 112
9 200 185
62 270
220 195 185
174 24
255 222 185
4 164
232 42
64 230
301 15
97 215
302 48
197 81
63 233
241 127
113 10 185
197 279
103 63
11 53
270 12
167 263
322 20
206 203 65
265 142 185
10 286
277 5
63 307
8 318
232 132
303 263
186 26
319 323
84 205 185
233 326 65
271 125
8 316
226 248
176 98
255 35
189 324 185
151 277
295 43
155 266 185
221 41
209 294 65
151 96 65
103 294 65
307 211
287 62 185
82 217 65
177 142 185
130 28
89 178 185
318 46
24 126
18 155 65
319 80 185
79 253
91 274 65
239 149
274 255 65
8 79 65
31 13
319 13
229 138 65
184 64
80 242
133 180 185
217 91
102 295 65
310 34
256 49 185
263 38 185
246 6
245 303
16 2
109 134 185
323 242 185
198 70
46 165 185
46 96
187 80 185
169 304 185
124 204
304 111 185
259 77
121 82 65
16 314
15 249
230 134
129 287
17 176 65
92 20
267 39
168 142
184 311 185
176 101 65
168 232
2 141 185
318 92
23 87
65 104 185
43 105
170 60
125 80 65
79 267
83 136 185
32 262
4 286
15 102 65
45 323
52 130
248 203 185
245 63
143 20 65
210 181 185
223 131
25 319
8 69 65
313 63
162 34
204 10
224 231 65
16 244
181 309
211 302 65
219 254 185
10 162
242 117 65
220 151 65
276 20
152 268
73 280 65
281 246 185
43 309
297 13
271 53
66 219 185
294 158
190 283 65
15 165
154 88
147 180 65
17 146 65
36 294
235 17
154 255 65
36 51 185
204 50
278 135 65
127 130 185
281 50 65
8 161 185
301 23
172 149 185
158 162
32 227 65
241 134 65
195 312 65
121 215
73 304 185
81 128 65
258 244
199 140 185
25 239
231 92 65
115 188 185
166 10
223 245
94 296
106 55 65
137 14 65
166 151 65
133 172 185
29 232 185
76 79 65
295 71
171 168 65
298 22
1 325
220 49 185
49 192 65
145 303
203 90 65
13 193
192 321 185
319 18 65
86 222
135 50 185
2 322
233 163
110 41 185
200 77 65
321 239
24 97 185
161 17
160 73 65
59 318 185
11 295
64 272
40 323 65
265 140 65
48 213 185
246 109 65
272 59 185
276 59 65
91 319
33 57
202 192
123 13
134 220
300 321 185
129 224 65
16 319 65
50 203 185
10 78
253 320 185
268 36
1 295
140 318
155 216 185
229 27
195 294 185
161 153
273 76 185
65 203
265 314 185
103 78 65
7 309
170 267 185
237 258 65
12 47 65
28 230
267 31
308 50
50 202
77 303
5 1
258 198
243 71
269 76 65
93 34 185
210 159 65
203 154 185
190 312
316 273 185
218 251 65
19 304 185
322 52
266 325 65
62 254
119 210 65
152 100
318 50
178 205 185
66 189 185
298 270
8 173 65
48 19 65
135 30 185
47 207
27 299
63 198 65
64 292
326 318
297 15
294 66
286 26
170 161 65
17 144 185
211 256 185
123 308 185
267 32 65
4 22
227 41
110 203 185
221 296 185
251 31
280 90
196 68
280 54
204 104
143 73
185 262 185
261 293
112 198
223 33
121 295
271 324 185
245 93
216 247 185
302 126
273 99
91 115
104 308
104 121 185
183 288 65
314 64
158 313 65
259 27
231 115
258 208
281 137
254 106
303 9
40 5 185
231 136 185
32 181 65
242 2
269 48 65
326 28
258 269 185
25 213
158 179 185
148 257 185
239 95
281 13
324 194
45 140 65
224 168
251 315
32 268
264 203 185
231 204 65
62 191 185
282 280
71 9
293 168 65
134 166
41 106 185
252 243 65
297 54 185
6 174
302 52
152 57 185
5 317
285 261
69 22 185
95 28 185
104 189 65
138 253 65
261 103
156 308
280 273 65
116 118
299 137
39 295
4 290
304 202
233 227
133 58 185
144 279 185
34 71 65
213 39
194 127 65
186 271 185
137 22 65
300 11 185
325 169
73 42 65
58 66
280 166
307 76 185
278 87 185
102 288
40 286
72 281 185
169 103
312 275 65
20 186
6 292
73 239
127 131
310 84
23 177
183 253
283 91
192 326
19 211
110 82
236 160
312 12
235 83
184 322
71 309
36 113 65
240 319 185
28 274
242 109 185
323 85
248 263 185
78 312
6 276
255 243
91 321
15 204 65
111 2 65
184 32
324 99 185
163 171
51 203
238 93 185
128 27 65
315 298 65
124 38
292 190
117 122 65
170 298
150 161 65
201 195
312 102
219 118 65
187 232 65
298 258
303 284 185
80 153 185
300 4
324 6
5 213
48 220
193 249
2 63 65
75 303
2 245 65
289 33
125 295
99 203
10 250
40 238
186 122
295 77
43 100 65
299 45
249 285
293 254 185
16 308
161 303
204 237 65
293 253
196 238
250 29 185
234 91 185
223 6 185
291 185
211 194 65
326 4
219 301
14 266
319 5
216 282
323 244 185
130 24
315 116 185
48 105 185
86 55 185
252 137 65
58 14
133 152 65
130 162
318 222
183 259
64 100
239 80 185
92 70
323 173
30 284
128 242
147 159
68 199 185
322 6
54 322
166 322
309 143
297 90 185
207 190 185
185 131
174 98
175 119
279 248 185
299 132 65
311 65
175 230 65
200 119 65
27 273
129 300 185
22 310
215 78 65
304 204
262 228
167 277
104 149 65
118 304
235 198 185
96 293 185
134 191 185
54 190
183 190 65
84 76
230 54
324 14
324 201 185
36 104
259 29
135 229
180 244
6 242
99 61
20 237 185
3 98 65
129 148 185
310 12
306 224
184 300
153 287
215 129
8 209 65
239 175
96 65 185
322 43 65
39 88 185
227 224 185
293 41
283 176 185
33 51
284 20
250 202
7 56 65
284 126
124 3 185
129 274 185
312 227 185
147 291
297 99
266 41 65
275 125
203 255
13 165
170 23 185
28 160
122 31 65
320 6
1 135
214 244
302 71 185
113 322 185
128 272
20 101 185
89 264 185
275 284 185
211 252 185
296 185 65
214 199 65
237 284 185
302 281 185
178 31 185
202 4
260 118
154 139 65
208 9 65
296 262
240 9 185
312 171 185
303 114 65
145 132 65
159 189
229 227
226 288
317 39
45 198 185
326 2
230 113 185
6 228
315 172 185
203 180 185
326 101 65
219 50 65
267 238 185
187 104 65
166 205 185
7 303
246 291 65
172 151 65
217 282 65
31 236 65
164 308
251 60 185
142 91 65
155 254 185
99 20 185
94 4
59 321
256 56
101 281
127 80 185
15 325
65 313
54 284
35 315
252 217 65
116 144
237 139
314 36
308 272
156 86
62 68
29 41
326 8
325 99
2 201 65
117 268 185
165 21
325 13
47 232 185
23 61
225 227
206 199 65
95 108 65
202 318
116 52
81 71
68 184
159 208 65
138 296
77 227
20 181 65
196 105 185
148 137 185
160 203 185
