974 4774 31 371
189 86 31
430 412
44 88
814 860
291 261
272 297 31
351 391
343 678 371
385 60 371
285 218 31
595 563
425 401
499 481
81 65
126 395 31
256 55 31
50 24
337 814 371
790 816
263 616 371
669 639
767 719
461 443
267 58 371
921 873
477 435
209 192 371
540 417 371
363 284 371
284 79 31
846 794
720 732
202 154
586 554
580 560
48 22
223 273
274 117 31
48 59 31
417 366 371
51 128 31
841 891
933 899
299 148 371
147 110 31
230 207 31
208 535 371
122 68
298 310
51 164 31
598 564
42 14
550 677 371
202 168
816 772
406 315 371
197 147
506 565 371
157 210 31
766 794
155 298 31
228 188
56 501 371
914 922
655 681
168 265 31
307 802 371
390 402
156 174
38 185 31
471 428 371
79 84 31
960 934
670 698
450 476
442 392
634 519 371
88 387 31
435 84 371
86 67 31
122 311 31
190 164
376 399 371
469 202 371
63 13
84 337 31
269 52 31
944 912
552 249 371
287 86 31
455 542 371
126 613 371
708 706
10 103 31
395 375
589 543
608 413 371
301 308 371
89 448 31
697 655
474 484
596 331 371
890 906
551 525
429 646 371
349 34 31
363 892 371
265 2 371
49 144 31
650 668
563 609
844 399 371
232 192
419 467
456 247 371
121 93
177 242 31
492 456
776 239 371
64 101 31
503 529
433 413
594 618
276 11 31
126 114
4 297 31
352 406
514 745 371
5 324 371
815 855
827 835
571 559
718 758
564 544
335 321
660 676
454 49 371
554 506
345 341
855 827
652 441 371
630 684
464 454
679 723
237 288 371
88 243 371
924 886
801 799
256 271 31
196 154
94 339 31
452 454
75 47
119 296 371
306 107 31
108 122
776 800
402 444
638 664
44 14
260 511 371
90 301 31
137 232 371
837 821
12 58
399 355
624 570
772 784
232 284
546 17 31
201 260 31
146 101 31
646 622
427 411
56 46
703 657
836 822
117 578 371
47 29
333 317
955 901
635 683
136 166
771 741
80 217 31
341 686 371
274 326
158 59 31
5 51
629 679
873 829
443 471
878 832
128 315 31
299 502 371
320 187 371
177 147
768 726
187 163
780 790
132 81 371
711 715
533 543
340 177 31
875 883
530 508
189 241
355 156 31
258 238
237 168 31
907 873
413 453
206 217 371
805 813
111 153
343 299
117 121
336 340
448 831 371
515 569
206 232
123 190 31
287 265
619 621
89 212 31
449 415
771 735
516 37 31
213 720 371
37 354 31
780 754
138 81 31
48 115 31
469 74 31
155 236 31
715 731
448 29 31
748 788
700 523 371
165 151
114 37 31
932 946
693 653
501 487
233 360 31
818 850
38 435 371
423 399
817 833
785 496 371
954 914
184 57 31
866 329 371
694 734
104 487 31
465 475
680 503 371
10 52
94 501 31
473 449
364 165 31
74 80
180 189 31
108 619 371
35 57
88 539 371
128 112
45 454 31
652 600
563 579
2 421 31
395 411
412 380
761 733
524 497 371
684 692
588 580
532 566
166 216
621 613
518 470
102 152
60 581 371
342 569 371
464 273 371
788 770
240 226
397 410 371
158 122
230 228
808 828
182 657 371
371 166 31
700 752
944 914
514 15 371
893 911
40 537 371
307 70 31
81 35
241 444 371
289 297
336 294
623 569
568 275 371
774 351 371
68 60
875 833
338 797 371
21 59
656 577 371
194 109 31
243 572 371
456 486
437 385
877 863
386 354
492 5 31
178 365 31
342 356
173 136 31
594 560
208 93 31
207 259
548 594
149 140 31
218 569 371
419 427
119 123
341 351
124 287 31
705 735
625 238 371
773 775
421 447
458 414
733 771
943 893
299 289
452 482
229 216 371
106 136
615 637
383 343
591 601
909 923
58 147 371
9 208 31
477 449
53 476 371
159 131
732 754
197 155
656 604
566 558
406 155 371
70 347 371
494 442
309 323
588 546
253 307
388 275 371
85 101
32 545 31
372 324
175 137
143 90 371
427 463
418 376
315 335
835 875
86 112
472 7 371
546 617 371
444 697 371
820 796
730 714
591 633
501 46 31
819 825
400 179 31
140 144
615 659
194 205 31
297 279
844 866
348 298
584 620
111 242 31
855 841
789 831
134 178
524 486
263 532 371
384 795 371
224 172
60 151 31
508 589 371
543 561
114 68
55 51
244 270
581 64 371
557 494 371
269 221
427 395
697 434 371
618 553 371
264 310
178 19 31
441 236 371
531 525
540 508
497 276 371
919 941
516 15 31
118 327 31
410 364
801 787
760 758
608 624
264 258
904 940
594 624
901 861
525 537
835 845
424 452
42 505 371
831 851
32 291 31
479 467
74 321 31
406 87 371
279 246 31
217 130 371
424 448
249 170 31
125 376 31
205 203
416 420
560 535 371
46 151 31
687 715
275 223
560 548
566 568
179 165
468 779 371
446 107 371
859 811
731 717
18 26
655 364 371
316 358
794 828
932 894
670 692
341 700 371
437 443
432 787 371
252 309 371
739 244 371
64 21 31
641 510 371
259 100 31
315 84 31
44 24
40 92
848 820
488 495 371
679 494 371
108 65 31
596 311 371
303 351
944 930
182 132
953 935
342 191 31
815 821
378 420
900 948
802 776
109 144 371
414 368
376 326
338 388
157 248 31
191 181
288 322
511 36 31
454 405 371
545 362 371
284 234
328 45 31
154 601 371
137 606 371
873 350 371
727 775
532 488
20 40
194 214
553 682 371
541 396 371
311 214 31
53 60 31
332 378
97 20 31
162 257 371
318 137 31
125 202 31
75 77
623 651
377 44 31
358 402
460 107 371
469 485
511 678 371
327 264 31
77 368 31
343 303
485 90 31
170 142
474 456
347 8 31
57 29
636 666
574 576
143 109
488 399 371
487 304 371
206 373 31
258 234
269 313
293 302 31
329 383
847 797
463 491
425 266 371
142 357 371
872 924
156 106
239 283
872 868
389 606 371
181 215
161 119
301 353
339 359
276 322
742 299 371
261 432 371
150 96
198 240
50 92
295 250 31
718 766
782 794
338 296
555 547
121 105
355 14 31
492 516
951 923
8 12
611 591
126 86
231 192 31
27 126 31
59 99
714 760
54 503 31
476 169 371
35 59
276 217 31
65 107
24 397 31
271 280 31
76 451 31
608 644
894 858
197 179
296 326
440 484
204 190
756 740
555 603
185 102 371
69 458 31
745 711
199 356 31
194 226
56 36
50 96
321 188 31
298 288
260 274
624 604
642 614
144 315 31
350 97 31
626 435 371
403 379
167 258 31
484 502
434 386
252 236
371 393
942 914
140 142
44 38
105 76 31
191 182 31
575 563
126 1 31
33 440 31
671 619
252 260
520 478
482 454
788 319 371
884 870
488 486
540 51 31
200 246
920 878
97 36 31
247 332 31
877 907
623 202 371
822 800
427 314 371
132 142
480 555 371
188 236
485 138 371
161 670 371
780 353 371
410 161 31
540 530
528 31 31
478 103 31
898 862
628 297 371
320 259 371
301 64 31
195 175
773 368 371
337 387
543 698 371
34 78
82 50
107 83
127 216 31
184 211 31
217 185
123 115
624 646
768 411 371
173 414 31
564 257 371
44 46
70 359 371
252 245 31
445 431
199 264 31
686 646
408 430
563 24 31
404 359 371
654 636
312 274
216 210
155 18 31
190 65 371
668 678
446 440
120 147 31
179 171
969 939
236 291 31
50 14
119 163
702 748
371 640 371
561 517
704 313 371
210 238
318 251 31
402 384
820 804
128 283 31
389 429
214 242
127 125
713 697
540 488
868 828
522 568
640 253 371
299 347
115 149
541 569
277 154 371
173 201
139 121
233 308 31
305 259
240 265 31
821 829
698 660
487 507
263 74 31
112 143 31
98 597 371
242 131 31
656 692
953 925
599 635
1 168 31
173 36 371
773 508 371
146 166
448 494
558 19 31
542 570
891 907
355 18 31
227 177
67 115
147 119
475 511
59 346 31
450 95 31
377 104 31
780 798
210 263 31
505 472 371
807 835
664 672
704 237 371
610 644
524 488
861 827
248 290
419 96 31
843 825
507 493
6 455 371
575 615
44 441 31
177 155
912 958
289 576 371
212 349 31
931 915
487 521
387 403
10 407 31
206 260
212 401 371
205 52 31
35 79
713 737
120 152
307 323
504 462
610 564
604 590
56 100
177 199
55 176 31
570 681 371
59 91
443 393
483 728 371
423 172 371
858 822
403 443
380 420
631 330 371
833 785
231 280 31
202 250
448 460
805 769
43 57
401 50 31
25 478 31
218 383 31
722 443 371
323 315
723 763
79 182 31
320 268
810 762
336 63 31
121 322 371
872 894
287 774 371
766 788
163 22 31
131 122 371
929 949
327 2 31
546 512
807 767
519 469
65 40 31
534 359 371
221 74 31
404 89 31
182 196
439 106 31
668 622
444 759 371
536 395 371
402 11 31
683 725
283 333
852 800
582 576
549 30 371
446 493 371
615 611
749 725
349 776 371
90 120
836 886
967 913
120 155 31
133 342 31
761 286 371
27 354 371
195 164 371
89 458 31
637 585
78 177 31
654 630
781 731
442 729 371
694 640
654 704
113 91
548 498
851 883
375 552 371
923 897
203 134 31
701 647
137 308 31
414 468
324 298
63 436 31
236 234
42 67 31
565 603
743 256 371
835 787
304 280
55 478 31
827 795
171 298 31
884 918
162 65 371
759 226 371
225 314 371
290 71 371
569 621
30 157 31
293 154 371
573 567
808 838
813 867
603 655
913 897
5 39
349 297
438 709 371
375 196 371
288 262
348 398
114 403 371
606 586
410 438
404 185 371
63 472 31
142 121 31
777 727
110 167 31
564 550
753 719
807 819
380 326
822 802
568 578
49 27
598 612
584 552
99 522 371
736 734
225 270 371
102 43 31
141 58 31
861 328 371
357 208 31
478 480
314 321 371
371 355
22 355 371
47 200 31
566 530
196 69 371
830 872
663 617
238 288
954 974
513 479
772 804
419 447
287 42 31
736 726
222 365 31
305 66 31
385 355
223 672 371
4 40
448 486
696 479 371
236 201 371
683 673
753 711
244 15 31
225 748 371
71 17
548 526
278 113 31
757 715
115 474 31
279 317
186 125 31
537 487
404 551 371
304 219 371
568 582
751 773
203 276 31
453 503
146 189 371
332 747 371
134 150
715 705
615 587
576 608
563 527
386 358
710 255 371
63 152 371
785 793
111 103
231 288 31
116 149 31
571 531
864 832
392 388
340 33 31
515 479
33 552 31
770 505 371
61 98 31
103 488 31
140 146
539 581
152 83 31
425 130 371
699 743
186 148
245 348 371
261 251
39 324 371
400 149 371
311 786 371
271 186 371
871 925
293 618 371
90 44
25 57
151 161
401 363
25 77
22 389 31
601 559
812 820
393 854 371
144 131 31
36 30
125 95
147 352 31
417 102 31
337 782 371
944 892
384 829 371
66 98
712 706
603 619
678 628
665 691
657 609
569 597
515 485
651 340 371
547 546 371
771 452 371
482 79 31
13 258 371
506 494
78 65 31
42 293 371
425 42 31
138 31 31
305 251
673 669
514 67 31
330 861 371
494 514
302 288
52 72
228 210
612 586
348 388
326 276
32 541 31
636 163 371
293 303
551 306 371
513 531
600 636
80 321 31
577 553
164 67 31
408 725 371
161 172 31
321 104 31
310 260
226 599 371
34 165 31
133 32 31
144 35 31
58 68
915 905
607 657
499 515
38 103 31
812 814
454 458
183 219
542 285 371
285 184 31
417 449
507 576 371
366 414
276 353 371
481 485
763 809
67 488 31
814 834
297 34 31
69 496 31
159 181
800 746
141 193
213 221
871 885
449 457
386 430
289 343
84 75 31
572 588
123 173
630 576
600 562
101 127
333 758 371
549 292 371
150 673 371
18 34
457 114 31
161 215
123 176 371
329 234 31
407 425
913 927
449 24 31
763 773
508 454
634 155 371
160 150
693 707
564 556
528 548
593 627
321 98 31
791 821
825 871
741 701
368 392
428 109 31
250 214
71 117
45 494 31
110 343 31
219 152 371
270 285 31
898 950
294 201 371
536 443 371
827 300 371
66 505 31
304 250
220 202
215 90 31
282 707 371
202 246
912 880
632 277 371
90 128
458 476
891 873
337 389
841 791
649 701
813 284 371
158 33 31
48 117 31
463 602 371
714 762
155 111
584 573 371
80 391 371
865 913
163 169
364 395 371
217 241
539 527
344 91 371
87 130 31
563 577
250 155 31
434 153 31
379 367
259 58 31
492 532
127 105
75 506 31
289 298 31
804 852
12 50
846 391 371
45 276 31
603 80 371
759 725
286 291 371
140 9 31
222 187 31
364 354
208 119 31
38 537 31
244 290
291 287
467 421
410 71 371
139 151
147 106 31
964 950
505 531
104 577 371
46 389 371
194 168
514 477 371
881 859
399 782 371
204 243 31
594 293 371
811 821
16 50
837 849
179 114 31
644 598
567 563
452 416
180 200
199 249
1 154 31
38 34
857 837
421 429
725 715
475 504 371
195 622 371
163 506 371
138 124
784 752
382 358
214 192
320 29 31
231 306 31
169 234 371
768 786
438 81 31
96 62
22 157 31
11 372 31
523 184 371
395 355
245 221
874 894
508 77 31
215 235
70 106
88 101 31
165 119
353 172 31
613 76 371
608 640
61 35
510 564
82 78
279 303
739 789
553 595
323 297
605 450 371
671 651
199 276 31
331 378 371
730 720
185 221
512 61 31
813 801
709 701
27 404 31
701 681
433 487
809 807
453 483
108 333 31
250 204
226 190
119 97
51 21
807 831
472 403 371
160 77 31
63 452 31
282 242
271 14 31
382 338
55 49
721 761
873 911
72 531 371
35 51
353 355
679 633
222 248
215 175
317 359
363 365
611 320 371
45 252 31
58 197 31
22 20
269 808 371
668 682
74 5 31
919 879
807 841
524 523 371
887 855
781 793
791 745
314 153 31
408 396
483 477
178 197 31
342 21 31
208 216
263 273
477 475
114 124
157 195
281 48 31
257 538 371
115 63
308 5 31
367 158 31
621 663
399 345
246 228
517 469
277 325
374 380
70 241 31
61 10 31
197 205
106 64
636 688
756 752
450 299 371
368 408
384 348
762 463 371
759 797
292 123 31
415 96 31
88 313 371
219 181
410 81 31
551 62 371
214 441 371
2 32
83 111
44 401 371
159 169
819 835
498 474
557 611
79 544 371
192 371 31
831 779
672 407 371
908 856
910 948
131 244 371
415 84 31
80 183 31
579 332 371
426 468
168 154
642 674
691 741
339 156 371
668 646
468 405 371
787 789
258 157 31
937 929
758 784
93 125
521 565
441 80 31
422 147 371
670 674
324 271 31
122 150
153 125
283 300 31
486 532
115 202 371
757 743
471 76 371
771 721
36 475 371
136 150
293 52 31
302 573 371
622 606
869 825
614 621 371
767 735
699 458 371
175 338 31
155 234 31
786 782
404 420
528 484
209 92 31
553 575
478 464
32 221 31
125 362 31
229 181
620 263 371
134 182
788 774
177 129
618 658
657 615
209 362 31
164 357 31
637 675
65 566 371
344 334
562 524
214 190
681 661
101 107
358 376
225 86 371
40 2
353 335
187 155
366 382
702 662
354 402
517 622 371
808 762
28 539 371
905 907
334 336
40 189 371
826 407 371
436 73 371
495 541
647 657
304 334
366 99 31
554 550
92 114
82 126
674 710
117 328 31
308 294
109 118 31
690 710
917 955
226 51 31
25 13
611 577
255 269
374 353 371
707 669
509 481
464 529 371
175 318 31
865 877
148 144
185 242 31
560 598
369 16 371
606 568
244 127 31
556 133 371
56 18
213 106 31
245 546 371
225 193
782 836
334 352
187 241
148 202
88 293 31
208 291 371
341 444 371
723 765
248 214
215 237
22 351 371
186 230
343 396 371
464 472
905 953
583 537
721 671
390 412
120 154
395 447
814 784
571 664 371
403 361
593 140 371
392 179 371
658 608
601 486 371
16 89 31
381 397
721 498 371
315 291
492 472
595 567
696 704
64 41 31
427 473
905 887
298 334
207 258 31
124 443 31
918 924
182 551 371
361 96 31
495 42 31
792 812
888 844
134 225 31
586 540
546 522
161 133
872 858
284 244
463 461
97 114 371
189 382 371
282 272
102 277 371
823 869
173 225
189 290 31
732 704
671 687
444 575 371
657 286 371
557 40 31
54 36
496 534
222 309 31
696 710
620 249 371
47 61
351 331
483 72 31
434 71 31
475 532 371
98 84
78 413 371
591 248 371
114 243 31
598 361 371
384 79 31
620 670
211 166 31
200 313 31
26 479 31
591 597
125 174 31
630 580
347 319
659 693
42 62
140 147 31
285 313
145 328 31
185 189
338 390
454 472
780 806
303 624 371
716 706
460 119 31
330 229 31
21 206 371
55 414 31
822 776
299 309
694 642
52 26
577 603
642 682
745 781
560 604
789 765
388 416
293 674 371
13 504 31
581 294 371
684 634
427 401
403 385
196 403 31
19 172 31
540 486
483 437
351 230 31
295 110 31
830 878
476 426
242 29 31
301 257
318 215 31
831 783
659 687
741 753
497 493
104 132
414 360
308 39 31
268 294
475 469
12 337 31
81 101
796 427 371
212 361 371
149 244 31
860 836
504 47 31
885 843
107 24 31
145 4 31
263 264 31
63 19
79 90 31
143 94 31
828 784
79 138 31
963 943
853 847
792 838
458 504
196 210
191 204 31
724 710
631 599
186 172
499 762 371
340 388
91 83
270 226
479 453
377 32 31
3 412 31
49 234 371
771 801
472 452
370 398
48 91 31
542 141 371
342 364
272 79 31
229 318 31
25 356 31
446 444
950 952
258 226
154 162
718 730
199 28 31
336 362
907 953
574 596
364 378
391 337
248 317 371
99 67
856 820
245 205
496 458
847 811
697 645
176 245 31
355 361
184 188
279 48 31
901 869
73 121
313 26 31
334 449 371
142 103 31
816 852
690 740
347 309
168 139 31
397 476 371
705 478 371
818 854
624 629 371
251 289
230 63 31
837 889
444 454
193 380 31
494 773 371
929 893
16 17 31
402 360
542 119 371
466 468
86 79 31
652 527 371
109 302 31
30 139 31
768 818
142 663 371
169 356 31
663 689
387 351
814 830
517 14 31
75 244 31
9 142 31
166 220
277 240 371
653 613
574 329 371
824 852
315 610 371
877 829
486 763 371
74 425 31
328 282
333 196 31
338 342
228 174
451 364 371
870 353 371
30 433 371
917 899
812 800
474 424
606 564
188 313 371
897 847
363 192 31
712 754
89 87
453 72 31
291 474 371
702 648
104 473 31
194 77 371
559 22 31
656 680
464 448
768 772
347 389
481 114 371
870 834
23 108 31
508 474
111 77
754 746
505 110 371
139 318 31
289 241
46 483 31
432 75 371
71 53
72 395 31
926 968
316 53 31
845 791
594 562
84 261 31
796 754
98 44
750 794
343 38 31
147 232 31
739 470 371
139 344 31
88 132
84 106
113 298 31
265 440 371
340 370
485 521
166 643 371
8 48
696 718
888 878
523 557
777 749
293 136 31
48 221 31
6 413 31
308 348
237 279
724 517 371
259 496 371
361 315
467 517
27 59
474 469 371
441 140 31
391 435
707 681
246 167 31
283 122 371
189 78 31
381 389
719 735
686 682
311 291
358 346
932 912
716 732
244 278
105 22 31
26 40
32 46
301 82 31
627 601
650 656
401 359
340 386
305 110 31
412 803 371
249 293
806 385 371
678 706
400 360
350 181 371
684 672
344 125 31
868 882
328 298
308 195 31
944 932
107 168 31
40 463 371
401 437
777 767
436 420
493 481
476 496
82 136
462 482
534 546
264 300
399 359
430 481 371
387 726 371
941 917
86 84
761 500 371
709 270 371
278 304
292 191 371
452 466
175 424 31
302 23 371
88 82
432 422
378 402
560 588
151 210 31
780 253 371
78 60
58 110
181 174 31
734 708
818 784
237 74 31
149 151
784 756
409 412 371
819 859
1 352 31
367 327
723 721
771 743
344 29 31
857 805
150 110
676 710
780 740
323 361
800 766
146 275 31
104 148
289 249
21 1
510 91 371
605 567
821 869
124 174
845 887
756 726
382 344
354 103 31
440 404
600 554
575 180 371
689 687
809 795
865 887
400 364
262 212
442 791 371
271 628 371
168 71 31
129 442 371
327 90 31
641 677
827 801
84 431 31
881 907
459 28 371
56 33 31
19 55
961 915
331 307
662 688
809 813
429 407
390 585 371
346 386
649 398 371
693 709
442 271 371
99 306 31
251 291
503 626 371
817 837
359 321
271 468 371
106 138
38 483 371
150 116
916 966
570 618
524 205 371
108 106
156 107 31
592 622
51 57
85 32 31
241 298 31
51 7
959 921
237 40 31
31 460 371
12 143 31
465 517
30 289 371
678 718
470 462
277 233
570 526
795 829
883 927
552 99 371
700 746
163 185
155 145
118 561 371
824 778
749 769
932 952
193 570 371
228 238
387 328 371
303 52 371
902 884
679 645
663 284 371
267 546 371
145 111
409 134 371
271 92 31
612 638
466 653 371
644 698
224 633 371
519 547
418 436
158 198
654 211 371
701 484 371
185 284 31
472 89 31
849 821
49 276 31
171 187
461 220 371
768 774
564 445 371
246 203 371
194 339 31
321 317
522 520
539 561
447 471
341 321
559 539
721 709
201 153
36 8
951 959
96 116
551 515
330 334
126 106
549 547
554 500
97 93
101 426 31
398 356
157 632 371
167 184 31
402 368
178 182
8 14
723 374 371
440 450
130 120
900 884
495 457
625 637
714 688
743 508 371
76 293 31
370 15 371
59 71
324 348
407 48 31
164 155 371
205 86 371
133 370 371
664 345 371
245 206 31
437 762 371
240 229 31
689 214 371
75 89
238 15 31
183 221
732 784
133 432 31
973 935
700 686
657 611
88 128
247 257
354 603 371
672 702
639 607
657 605
449 42 371
824 808
474 393 371
327 54 371
19 290 31
913 933
354 417 371
177 390 31
307 255
535 569
639 681
452 139 31
858 878
277 218 371
4 26
432 460
885 937
105 57
626 636
296 151 371
95 156 31
513 86 371
104 105 31
609 350 371
56 16
874 898
596 67 371
603 440 371
667 334 371
309 758 371
156 181 31
331 412 371
582 538
280 115 31
813 803
903 909
316 302
835 817
233 118 371
144 126
970 942
670 680
2 335 31
550 633 371
492 446
336 491 371
428 470
323 812 371
272 273 31
875 927
225 366 31
300 111 371
340 63 31
24 327 371
163 146 31
782 810
271 284 31
596 644
603 621
164 413 371
356 380
849 867
57 428 31
872 848
20 30
528 267 371
108 373 371
128 95 31
388 358
801 825
704 662
379 370 371
651 603
321 339
6 251 371
676 716
25 53
888 838
399 433
377 200 31
489 543
122 511 371
150 323 371
142 183 31
42 113 31
429 146 31
650 704
118 107 371
121 56 31
199 144 31
144 146
66 70
255 728 371
273 618 371
91 74 31
363 407
911 891
709 408 371
5 270 31
26 345 31
649 637
935 921
943 947
945 937
861 893
75 282 31
33 17
299 265
304 55 31
292 649 371
207 239
822 403 371
425 160 31
607 557
690 662
589 555
3 470 31
857 869
30 543 31
911 867
545 599
165 188 31
31 294 371
668 684
823 789
296 332
313 365
100 151 31
412 145 31
955 947
101 470 31
48 100
214 397 371
238 200
311 259
302 421 371
251 227
97 91
700 730
103 59
52 62
768 792
211 265
775 725
389 76 31
451 738 371
125 137
391 343
378 127 31
235 247
514 498
592 580
759 789
608 604
5 49
117 266 31
333 268 31
824 798
540 574
509 497
715 707
597 633
239 273
594 616
571 575
202 41 31
204 85 31
609 645
496 508
58 289 31
48 489 371
96 130
236 243 371
217 211
94 105 31
6 91 31
469 104 31
31 338 31
309 278 371
182 407 31
609 577
418 121 31
139 70 371
333 371
137 286 31
573 601
735 699
369 423
419 70 371
687 703
451 439
914 886
305 323
318 67 371
928 916
146 190
661 659
338 290
419 437
730 734
742 772
133 143
224 188
790 742
613 639
410 436
116 92
510 530
95 632 371
326 278
519 505
722 766
833 789
52 94
158 210
491 92 31
34 177 31
319 331
603 641
486 233 371
249 285
175 390 371
380 388
737 368 371
958 968
311 355
249 510 371
536 484
88 92
221 352 31
461 38 371
59 350 31
791 823
749 799
81 50 31
107 12 31
362 312
135 640 371
427 444 371
60 363 31
541 284 371
556 602
659 665
94 146
908 914
471 320 371
199 236 31
867 885
172 565 371
394 428
489 330 371
315 311
265 219
910 934
682 644
846 808
476 490
269 128 31
412 420
404 69 31
963 955
43 326 31
866 870
294 685 371
864 918
181 240 31
662 638
814 419 371
497 58 31
340 161 371
784 796
659 623
355 210 31
196 234
224 274
194 483 371
679 292 371
374 322
174 180
339 355
594 611 371
207 732 371
204 244
312 207 371
123 175
331 337
42 165 31
694 666
51 77
151 119
922 960
676 644
328 297 371
41 67
627 657
570 520
374 342
951 897
496 456
894 930
84 132
197 217
583 529
475 64 31
49 300 31
125 173
459 256 371
911 877
730 774
278 285 31
166 411 371
485 640 371
880 401 371
511 30 31
10 349 371
968 964
846 852
306 296
28 18
666 634
424 400
533 567
68 48
460 41 31
235 34 31
664 612
329 321
754 808
125 556 371
974 956
696 750
732 774
610 640
127 430 31
943 897
361 365
76 169 31
214 117 31
200 150
547 503
704 724
220 81 31
532 498
856 840
571 545
903 895
14 481 31
241 356 31
11 470 31
164 303 31
219 30 31
442 438
704 722
953 971
213 199
218 204
474 75 31
573 563
667 709
648 624
112 573 371
472 500
249 694 371
761 410 371
319 738 371
100 78
623 633
480 510
242 599 371
112 275 31
298 332
764 716
54 441 31
425 461
157 282 31
925 929
859 883
122 365 371
109 164 371
60 253 31
114 293 371
306 308
60 537 371
18 193 31
119 356 31
238 27 31
166 178
293 816 371
281 233
283 289
358 89 31
644 694
176 200
180 71 31
514 65 31
436 490
199 222 31
839 805
202 461 371
265 64 31
373 401
147 338 31
254 230
799 763
418 133 31
585 591
188 393 31
78 429 31
379 347
707 659
700 694
291 166 31
794 814
764 784
732 690
195 446 371
461 501
13 284 31
457 421
756 331 371
28 16
390 436
13 59
515 475
61 452 31
968 966
366 23 31
822 842
119 121
435 459
278 319 31
78 307 31
280 195 31
82 493 31
263 249
616 610
186 190
438 105 31
883 841
310 362
91 51
480 189 371
421 411
322 233 31
51 114 31
538 481 371
325 375
606 626
483 505
219 208 371
85 103
832 866
499 525
196 214
886 846
206 353 371
20 441 31
163 182 31
964 954
505 90 31
280 441 371
235 164 31
16 4
83 166 31
68 78
409 510 371
422 468
692 738
626 672
687 661
353 212 31
797 420 371
364 418
33 77
188 218
87 129
696 656
373 427
386 408
285 231
786 744
151 109
409 728 371
885 899
818 369 371
258 282
44 517 31
28 62
370 429 371
592 630
131 129
390 657 371
274 316
269 714 371
959 961
328 290
86 265 31
267 275
940 906
686 722
251 241
768 778
196 115 31
535 563
144 182
159 196 31
152 104
109 62 31
481 527
328 107 371
357 198 31
609 615
355 230 371
754 736
130 156
97 51
971 967
648 646
860 894
370 563 371
163 153
293 325
789 769
490 524
333 325
399 451
416 412
104 108
450 456
790 838
223 234 31
307 240 371
712 734
714 660
28 287 31
479 58 371
559 549
179 246 31
108 191 371
83 210 31
122 249 31
5 500 31
721 675
357 333
14 26
369 674 371
478 450
180 168
819 789
25 50 31
418 442
159 145
251 301
585 631
104 133 31
553 535
326 803 371
416 430
738 736
277 292 371
726 489 371
729 775
406 394
363 516 371
413 389
647 677
444 129 371
815 833
913 885
152 114
468 89 31
127 332 31
73 508 371
216 236
193 8 31
132 71 31
457 162 371
295 327
598 582
650 616
354 111 31
242 765 371
809 819
85 131
918 970
554 321 371
75 516 31
375 74 31
706 654
900 934
583 94 371
631 655
731 695
555 503
524 583 371
10 313 31
812 804
520 641 371
265 194 31
509 70 31
86 96
648 652
187 135
328 177 31
519 543
134 128
561 545
789 741
176 183 31
840 826
341 60 371
49 13
234 361 371
363 488 371
720 696
330 278
218 214
426 143 31
244 272
419 56 31
253 216 31
284 405 371
95 506 371
923 969
889 859
509 74 31
765 763
688 195 371
195 90 31
702 732
609 136 371
31 182 31
505 274 371
275 251
530 353 371
312 260
646 596
416 450
347 730 371
568 562
668 311 371
85 97
195 151
55 498 31
648 700
461 481
123 69
513 487
76 233 371
538 492
329 266 371
510 556
316 449 371
73 314 31
366 557 371
119 224 31
707 709
302 317 371
454 607 371
350 376
2 48
189 153
399 411
737 705
184 152
398 350
238 250
855 897
440 426
349 14 31
613 625
729 717
640 656
680 716
785 258 371
704 499 371
168 132
635 428 371
491 540 371
880 882
674 716
643 609
758 812
866 371 371
321 331
44 59 31
843 847
183 215
128 104
36 479 31
669 679
177 244 31
861 825
910 880
776 792
17 318 371
49 24 31
176 156
537 507
126 157 371
313 116 371
365 409
530 552
893 877
18 201 371
220 325 371
713 683
331 178 31
34 117 31
764 806
648 600
20 553 31
62 40
326 304
948 944
84 299 31
236 266
604 495 371
250 264
334 280
18 405 31
257 224 31
274 135 31
179 266 31
179 272 371
338 310
971 925
267 247
11 19
810 772
459 479
254 266
445 140 371
125 133
620 529 371
410 394
546 13 31
618 648
545 20 31
413 387
38 205 31
23 236 31
154 182
518 526
825 350 371
337 297
575 599
552 522
526 512
5 40 31
59 93
612 636
383 74 31
629 683
89 111
530 506
761 771
90 441 371
683 216 371
538 566
252 232
528 476
899 859
474 440
451 405
961 939
454 426
913 901
237 140 371
118 179 371
208 351 371
427 152 371
811 841
848 896
449 556 371
151 175
145 129
507 511
504 77 371
126 172
66 557 371
136 122
786 750
57 13
149 187
560 21 31
811 857
841 797
263 213
169 150 31
489 499
237 246 31
53 107
870 892
398 408
314 330
49 418 31
944 898
198 249 371
278 773 371
142 160
169 398 31
749 787
34 407 371
474 420
195 145
8 517 31
27 86 31
154 194
328 189 371
17 464 31
84 134
171 384 31
860 417 371
205 176 31
315 313
722 684
31 27
325 172 31
709 659
26 447 31
199 251
53 13
355 315
8 34
256 292
743 717
89 354 31
54 74
239 310 371
63 9
175 314 371
133 378 371
415 463
622 640
335 379
373 186 371
410 402
380 583 371
390 507 371
455 473
415 425
386 334
275 206 371
712 295 371
472 105 31
95 518 371
580 628
317 369
895 945
163 109
131 123
149 191
652 654
776 762
350 402
366 404
716 754
332 377 371
310 282
224 233 31
932 898
799 825
207 223
934 948
405 369
336 197 371
437 435
104 153 371
653 450 371
293 100 371
706 666
6 307 31
322 85 31
254 260
578 548
204 193 371
85 139
388 420
747 729
622 403 371
629 188 371
324 284
300 274
697 657
337 333
59 31
704 241 371
21 170 31
720 694
900 918
152 142
187 100 31
769 821
82 479 31
720 375 371
569 652 371
528 538
633 640 371
390 653 371
380 422
8 343 371
230 347 371
238 97 31
785 376 371
568 546
902 854
382 219 31
399 403
314 340
192 293 31
291 295
233 670 371
15 5
145 127
746 211 371
908 948
490 511 371
307 357
158 361 31
1 462 31
136 177 31
779 823
356 366
185 388 31
902 880
708 435 371
478 440
370 275 371
95 258 31
102 313 31
328 549 371
642 672
173 205
152 633 371
204 269 31
599 589
445 650 371
408 380
326 350
576 339 371
308 266
767 713
229 174 31
760 784
375 323
424 404
164 49 31
379 572 371
200 137 371
67 15
872 912
445 437
363 385
171 200 31
694 654
780 822
143 220 31
579 192 371
233 128 31
329 456 371
75 484 371
728 704
588 548
357 387
456 502
55 178 31
529 533
459 439
811 771
584 610
783 753
410 428
34 36
395 357
214 119 371
218 260
14 22
330 326
635 633
33 488 371
492 438
778 744
119 392 31
93 102 31
726 774
249 340 371
420 446
279 276 371
116 118
871 398 371
115 374 31
278 240
372 245 371
487 576 371
799 745
428 406
656 620
695 204 371
144 136
112 415 371
855 368 371
766 758
557 599
754 778
150 559 371
313 80 371
753 779
407 441
575 342 371
564 577 371
47 62 31
71 79
460 468
79 210 31
222 633 371
327 104 31
325 268 31
58 309 31
897 929
519 686 371
26 73 31
47 532 31
82 90
136 535 371
131 208 31
238 185 371
920 908
395 379
367 168 31
943 937
418 372
598 558
198 164
657 190 371
255 253
411 12 31
916 924
857 829
879 847
291 293
411 40 31
222 21 31
638 588
290 243 31
698 251 371
159 165
348 350
319 786 371
531 517
17 53
244 286
880 930
384 394
578 632
256 240
115 312 371
157 278 31
15 64 31
48 159 31
329 367
621 639
528 482
386 410
84 327 31
845 819
124 163 31
7 520 31
441 399
68 50
337 367
64 447 31
553 539
152 339 31
853 885
276 131 371
197 288 31
450 498
756 736
411 624 371
75 288 31
378 25 31
299 624 371
724 279 371
27 384 31
657 669
350 296
335 339
275 802 371
378 354
564 549 371
443 493
873 903
119 10 31
507 525
796 818
253 160 371
482 115 31
489 680 371
341 377
519 718 371
954 952
443 463
615 466 371
706 321 371
154 206
472 526
185 236 31
890 926
884 892
339 50 31
453 112 31
591 563
65 434 31
72 309 31
136 181 371
29 75
41 55
109 602 371
359 350 371
656 670
534 717 371
327 359
802 768
7 256 31
78 74
400 398
622 600
247 203
98 439 31
112 156
568 540
47 558 371
90 351 31
378 384
199 154 31
531 388 371
677 715
477 58 31
471 429
100 154
933 961
44 273 31
7 296 31
29 37
216 232
274 519 371
359 572 371
368 318
518 548
426 787 371
739 779
809 801
154 393 371
676 706
14 46
308 342
496 691 371
292 314
347 325
595 583
278 267 31
441 242 371
208 258
62 107 31
226 219 371
142 673 371
48 40
79 414 371
365 368 371
188 363 31
655 418 371
192 69 31
826 774
337 62 371
234 280
558 604
97 134 371
687 693
590 573 371
764 736
517 489
716 525 371
713 747
246 216
83 45
620 612
242 278
695 570 371
254 25 31
450 121 31
129 125
839 831
510 516
253 207
229 180 31
902 864
42 54
185 272 31
250 1 371
668 702
429 174 371
589 547
95 214 31
721 693
166 137 31
703 326 371
61 15
356 364
98 515 371
445 110 371
275 283
357 52 31
494 526
202 73 31
636 617 371
204 214
577 555
427 433
461 423
86 34
61 25
128 114
757 759
570 530
380 109 31
476 419 371
614 564
251 234 31
13 65
125 155
112 479 31
680 724
63 70 31
249 258 31
637 320 371
261 213
492 717 371
330 364
766 734
615 591
703 755
963 933
160 169 31
65 29
204 77 371
16 66
70 34
260 159 31
323 349
245 16 31
867 865
287 294 371
48 76
257 20 31
455 439
91 470 31
95 127
184 224
80 311 371
822 838
217 193
374 227 371
876 922
408 91 31
244 339 31
317 170 31
330 187 31
927 919
884 932
575 312 371
898 884
865 879
138 176
350 342
416 410
891 863
57 109
831 843
377 355
536 582
692 648
584 555 371
278 297 31
123 135
211 177
317 164 31
10 26
347 498 371
99 81
234 165 31
273 219
387 138 31
445 399
854 904
455 503
71 212 31
28 32
48 383 31
392 364
111 402 31
287 329
172 327 31
479 485
968 920
371 162 371
599 607
135 226 31
318 161 31
183 197
484 631 371
148 243 371
271 218 31
63 53
583 531
193 54 31
236 268
126 90
186 166
508 351 371
294 203 31
386 370
212 307 31
739 715
504 556
439 580 371
269 271
467 485
919 967
253 295
124 176
88 417 31
91 264 371
274 247 371
372 1 371
107 492 31
38 315 31
79 127
829 831
542 504
312 366
241 225
512 532
500 37 371
349 138 31
153 135
612 662
230 252
831 803
810 846
296 409 371
337 375
461 332 371
701 318 371
587 414 371
899 869
846 874
15 110 31
267 84 31
66 431 31
94 165 31
89 288 31
741 292 371
522 613 371
153 147
30 61 31
599 605
43 25
430 406
17 60 31
257 299
82 64
403 554 371
160 126
219 171
45 236 31
697 647
858 810
186 329 31
900 896
497 42 31
665 707
268 365 371
124 475 31
299 319
458 484
703 745
163 165
64 72
937 923
892 844
905 877
703 713
667 637
740 738
871 843
196 180
188 240
591 553
522 475 371
313 291
174 261 31
186 192
185 162 371
302 282
669 384 371
513 465
24 62
13 326 31
591 595
235 46 31
352 71 31
734 780
593 547
132 499 371
140 233 31
255 245
726 770
139 131
65 338 31
740 441 371
277 570 371
561 298 371
447 453
382 398
957 927
710 748
281 294 371
259 72 371
238 179 31
299 325
459 72 31
102 80
488 101 31
167 209
166 613 371
298 290
715 701
60 191 31
134 85 31
712 742
796 309 371
397 347
144 357 371
695 685
61 200 371
933 945
325 307
254 268
57 442 371
124 385 31
333 428 371
185 626 371
413 42 31
247 193
112 329 31
97 226 31
58 42
137 34 31
649 665
435 487
465 491
284 413 371
866 894
669 711
139 160 31
814 788
379 862 371
23 416 31
498 546
243 223
586 425 371
558 580
48 263 31
678 161 371
557 605
99 82 31
192 663 371
446 329 371
229 187
307 349
82 112
82 104
91 148 31
538 540
456 773 371
610 563 371
729 745
153 169
701 216 371
579 613
350 384
127 620 371
237 201
129 278 31
514 37 31
383 435
531 581
97 466 31
493 256 371
905 899
756 806
670 664
521 509
263 231
130 49 31
188 95 31
406 424
394 364
126 112
151 97
90 421 31
211 258 31
502 552
362 171 371
854 876
579 533
311 4 31
834 818
285 289
402 95 31
540 576
603 158 371
398 390
667 653
823 773
553 589
149 147
755 751
755 793
24 329 31
764 818
892 850
614 658
411 389
592 349 371
533 513
332 543 371
525 230 371
170 129 31
248 275 31
757 773
149 193
78 64
461 407
638 640
288 119 31
339 128 31
339 307
63 61
450 451 371
187 172 31
20 8
11 47
249 282 31
257 220 31
113 288 371
484 516
304 310
429 423
842 896
54 433 31
251 570 371
526 488
820 788
154 441 31
649 615
115 342 31
333 604 371
621 629
248 273 371
592 632
334 312
288 326
243 76 371
649 599
40 489 371
161 422 31
179 173
65 91
565 609
141 125
598 632
922 974
253 201
185 360 31
395 138 371
496 498
196 445 371
146 631 371
451 401
591 549
353 401
126 347 31
530 512
876 904
40 517 31
665 717
431 477
45 204 31
175 170 31
48 93 31
462 177 371
729 743
553 551
598 642
250 441 371
503 483
454 474
352 394
956 954
98 429 31
374 402
187 62 31
297 319
105 147
87 164 371
880 928
781 827
923 903
784 740
794 820
609 659
551 523
390 209 31
696 323 371
22 285 371
73 92 31
227 522 371
342 231 31
28 30
207 209
783 773
304 294
219 177
353 142 31
63 11
103 108 31
106 35 31
177 168 31
200 226
880 832
145 123
698 674
342 396
493 545
56 371 31
773 797
539 38 31
59 57
121 168 371
171 208 31
713 743
98 146
610 580
532 199 371
410 400
898 910
683 733
86 337 371
444 63 31
26 533 31
911 863
89 480 31
953 927
369 172 31
614 628
902 924
361 842 371
32 121 31
192 131 31
176 293 31
833 793
939 935
409 26 31
90 295 31
1 100 31
31 81
159 330 31
120 481 31
603 635
18 345 371
510 301 371
740 694
110 112
937 909
561 520 371
83 113
868 852
395 381
622 574
55 86 31
26 529 31
172 385 371
471 523
703 693
128 419 31
316 105 371
313 434 371
494 546
850 796
893 915
346 659 371
67 128 31
401 403
512 552
252 549 371
97 67
863 827
817 853
105 85
51 53
142 178
229 152 31
572 467 371
158 235 31
134 421 371
559 597
867 821
583 615
533 102 371
939 959
221 456 371
535 545
265 162 31
821 795
585 613
691 727
169 155
363 194 371
154 186
782 754
116 395 31
274 246
360 671 371
32 267 371
643 617
94 457 31
174 210
571 603
540 494
388 402
468 107 31
380 219 31
339 98 371
68 41 31
572 285 371
185 410 31
724 728
38 451 371
102 295 31
450 432
168 393 371
288 284
689 164 371
488 57 371
91 204 31
214 216
427 413
73 356 31
512 605 371
109 30 31
683 655
175 290 31
522 661 371
453 784 371
711 707
583 514 371
443 423
569 603
391 365
493 50 31
195 324 371
343 377
345 355
969 921
418 53 31
302 119 31
528 544
257 309
87 392 31
217 267
797 817
586 632
570 540
166 299 31
14 473 31
547 563
787 771
745 374 371
348 386
251 90 31
632 281 371
433 421
886 908
946 958
790 804
255 249
320 288
247 293
404 409 371
492 23 31
175 205
287 247
971 921
332 115 31
187 344 371
376 338
640 628
682 672
69 115
665 637
74 371 31
526 359 371
353 514 371
820 784
726 688
171 236 371
910 900
405 638 371
258 232
96 112
485 658 371
81 368 31
177 454 371
277 146 371
31 516 31
651 659
179 366 31
24 515 371
166 124
240 263 371
244 475 371
384 71 31
725 777
526 578
52 98
395 48 31
783 835
277 112 31
264 266
337 309
179 26 31
174 159 31
943 939
265 291
174 144
408 109 31
545 541
182 234
394 372
267 26 31
167 146 31
529 541
674 397 371
203 179
40 82
888 858
2 465 31
270 209 371
398 430
952 958
96 84
30 369 31
19 86 31
802 814
702 215 371
831 781
522 472
295 116 31
733 440 371
253 124 371
760 768
221 191
883 903
317 190 31
647 691
38 8
237 225
548 309 371
326 445 371
229 175
598 602
177 145
658 666
726 327 371
470 454
310 330
2 14
665 639
47 186 371
385 387
425 128 31
71 30 31
450 484
638 131 371
403 74 31
216 49 31
438 249 371
303 372 371
173 510 371
805 819
573 557
158 168
196 209 31
846 820
685 733
792 351 371
883 887
20 64
481 758 371
455 495
575 537
715 693
127 165
397 92 31
201 394 31
244 49 31
479 501
930 960
885 861
482 25 31
9 152 31
195 207
24 337 31
77 244 31
91 314 31
739 781
452 464
522 525 371
353 426 371
407 38 371
133 89
379 407
14 6
51 368 371
425 457
720 734
284 230
331 670 371
525 575
518 538
248 202
908 860
182 305 371
30 80
172 158
771 739
171 622 371
414 464
43 340 31
355 56 31
453 487
436 19 31
555 551
716 718
551 549
123 75
115 190 31
416 521 371
361 738 371
51 370 31
875 885
447 467
611 605
106 130
174 134
672 698
174 391 31
454 412
386 406
801 811
751 769
317 350 371
22 18
161 412 31
296 244
494 99 31
935 911
439 475
391 710 371
481 529
970 958
451 417
460 450
307 210 31
933 925
81 502 31
661 468 371
569 551
327 86 31
59 73
651 693
565 595
526 279 371
256 254
107 91
347 694 371
210 63 31
408 372
787 759
304 61 31
145 92 31
143 200 31
403 421
587 537
422 420
858 880
564 612
167 116 31
114 275 31
560 309 371
580 532
317 798 371
648 682
789 793
120 140
259 574 371
392 225 371
636 590
589 573
35 116 31
119 157
529 402 371
459 38 31
211 444 371
308 669 371
99 422 371
205 156 371
443 352 371
115 278 31
389 154 31
397 359
82 52
543 521
1 200 31
818 838
806 351 371
625 546 371
626 642
190 203 371
777 759
694 676
956 928
969 919
491 698 371
125 161
257 148 31
30 44
233 251
772 782
907 923
339 184 371
704 670
939 885
729 757
597 563
794 748
540 165 371
146 139 371
261 282 31
823 833
365 84 31
275 317
392 787 371
229 30 31
3 378 371
775 466 371
648 577 371
360 145 31
581 613
505 529
443 491
474 755 371
238 597 371
535 585
150 162
136 445 31
458 53 31
54 78
279 132 31
94 335 371
649 671
358 306
798 794
119 360 31
76 163 371
557 525
566 544
33 59
140 164
922 954
479 447
201 116 31
229 199
796 760
726 776
261 302 31
224 31 31
247 273
470 359 371
181 165
224 176
202 232
877 923
395 148 31
341 373
441 346 371
119 153
204 184
441 14 31
546 536
331 106 371
623 635
214 99 371
467 511
222 174
614 606
439 710 371
461 455
483 439
765 719
587 583
108 162
164 287 371
209 173
38 211 31
149 654 371
582 608
92 433 371
660 644
886 918
370 372
251 264 371
332 173 31
185 227
700 716
346 35 371
75 340 31
864 890
209 229
724 690
428 390
421 552 371
616 463 371
174 67 31
454 478
690 648
547 539
297 245
186 204
72 93 31
284 310
251 217
277 686 371
118 160
53 96 31
209 436 371
701 402 371
937 917
761 240 371
656 217 371
328 87 31
510 526
560 637 371
263 144 371
140 363 31
916 932
147 214 31
456 490
699 687
173 418 31
736 708
594 97 371
355 480 371
483 507
549 497
60 263 31
121 155
294 302
337 268 371
54 445 31
94 419 31
528 65 31
241 215
94 231 31
579 547
535 487
2 185 31
434 659 371
756 720
256 252
878 850
92 84
194 186
189 192 31
263 314 371
424 13 31
17 18 31
98 58
718 193 371
24 20
290 250
80 28
259 200 371
558 574
390 354
488 355 371
812 828
105 149
830 854
843 797
851 873
496 79 31
330 47 31
12 443 31
625 619
202 723 371
336 395 371
799 823
581 625
68 365 31
486 442
98 122
760 756
177 66 31
905 903
146 367 371
651 616 371
225 184 31
324 334
330 231 31
266 316
798 774
120 395 31
892 904
184 515 371
333 361
243 254 31
609 579
109 14 31
236 553 371
769 719
533 505
614 600
121 107
505 535
40 187 31
156 353 31
390 420
574 157 371
759 412 371
644 467 371
864 830
205 213
759 793
839 853
771 765
456 571 371
234 276
286 268
285 263
398 183 31
859 368 371
476 438
656 369 371
209 220 31
46 247 31
267 223
29 25
589 637
334 41 371
617 653
342 392
811 823
414 189 371
786 754
107 125
73 37
71 216 31
33 478 31
341 333
706 730
368 329 371
705 675
550 512
236 9 31
18 433 371
126 19 31
613 637
330 531 371
253 231
484 462
31 368 31
143 89
281 232 31
811 865
972 964
240 208
357 401
823 835
277 271
918 936
348 179 31
68 407 31
301 198 31
384 400
537 565
239 112 371
87 127
147 184 31
545 505
25 374 31
564 576
201 243
539 487
396 446
80 42
27 248 31
5 31
164 186
491 108 31
494 532
49 318 371
110 158
547 48 31
201 209
165 570 371
265 468 371
190 449 371
315 285
54 66
805 775
690 640
884 858
545 42 31
469 576 371
408 235 371
741 727
429 469
384 89 31
443 4 31
40 38
212 289 31
692 674
459 26 371
820 862
584 556
395 198 31
472 430
698 387 371
603 553
584 297 371
384 57 31
582 77 371
248 99 31
63 57
534 491 371
79 99
246 43 31
563 414 371
199 173
802 856
329 339
471 475
677 731
561 603
131 258 31
388 539 371
87 378 371
782 736
857 867
308 63 31
191 217
25 246 31
214 73 31
280 238
108 463 371
844 311 371
670 395 371
895 845
556 697 371
869 913
735 723
304 27 31
501 304 371
184 377 371
729 703
443 78 371
352 374
973 965
392 382
208 238
475 534 371
559 553
151 177
120 387 31
624 640
548 582
40 32
691 701
77 57
935 895
793 757
93 147
163 162 31
568 561 371
59 220 31
4 12
101 430 371
645 647
275 233
944 920
255 289
684 696
100 463 371
869 388 371
650 646
102 541 371
679 480 371
333 314 371
266 127 31
936 968
243 54 31
427 417
829 837
88 301 31
145 197
235 241
675 685
479 439
186 371 31
446 460
307 94 31
894 852
746 696
186 232
356 223 371
185 170 371
142 174
97 404 31
163 205
420 95 31
819 839
813 821
399 96 31
212 246
271 260 371
212 149 371
46 72
149 288 371
120 146
285 500 371
305 254 31
566 699 371
625 605
535 88 371
126 381 31
131 352 31
558 596
225 236 371
322 29 371
258 731 371
83 49
871 879
534 317 371
814 818
350 659 371
462 81 371
692 321 371
944 946
312 292
665 677
126 128
484 514
544 9 31
609 625
271 229
144 116
553 328 371
372 213 31
824 375 371
134 633 371
334 141 31
39 288 31
917 905
34 133 31
292 215 31
438 131 31
353 371
492 450
507 704 371
356 151 31
412 372
265 636 371
139 16 31
29 514 31
109 188 31
292 165 31
427 479
110 116
300 133 371
218 235 31
397 451
336 265 31
853 881
161 618 371
475 340 371
194 206
99 266 371
541 384 371
236 192
389 210 31
33 490 31
105 79
146 53 31
342 531 371
31 318 31
217 219
285 158 31
87 326 31
151 203
261 277
247 232 31
252 288
795 803
463 467
382 416
375 415
765 729
787 298 371
281 780 371
115 596 371
906 896
394 695 371
245 201
230 211 371
76 511 31
113 103
891 376 371
140 116
749 757
506 456
796 816
117 418 31
90 247 31
155 410 31
336 461 371
917 925
696 690
323 408 371
510 5 31
253 221
359 369
406 442
111 384 371
86 487 31
190 160
115 71
139 89
373 176 31
443 429
277 283
446 458
18 451 31
230 283 31
623 532 371
533 548 371
596 105 371
295 297
567 536 371
568 602
112 469 31
407 2 371
33 196 371
198 473 371
674 652
333 351
196 67 31
69 12 31
142 126
404 450
118 293 31
160 455 371
79 156 371
12 20
184 164
229 114 371
77 69
89 356 31
769 450 371
862 882
523 384 371
156 303 31
47 562 371
679 637
383 401
178 146
860 846
314 237 31
176 21 31
315 345
419 166 371
12 257 31
896 872
445 496 371
322 308
546 540
599 623
281 148 31
492 697 371
788 263 371
222 220
794 836
370 328
448 450
297 100 31
852 876
193 195
573 106 371
617 567
681 735
906 888
14 64
333 700 371
484 510
717 767
832 858
227 140 31
391 385
147 121
356 358
411 152 31
628 598
265 370 371
441 391
731 765
496 544
244 169 31
559 607
349 335
651 665
108 97 31
390 95 31
364 314
124 122
590 642
650 121 371
89 68 31
569 250 371
538 403 371
272 265 31
294 328
194 3 31
539 706 371
202 210
243 288 31
225 340 371
618 574
85 476 31
157 404 31
212 250
622 572
532 578
350 127 31
750 766
78 495 371
76 507 31
843 795
15 11
834 850
458 441 371
337 176 31
296 215 31
707 747
834 842
435 441
248 260
461 471
180 202
455 483
122 327 31
269 194 31
127 70 31
281 323
49 168 371
375 369
228 333 31
389 433
681 282 371
209 544 371
773 743
741 689
5 438 31
194 224
150 363 31
956 920
288 264
705 713
383 363
299 295
132 146
642 608
210 3 31
712 684
391 94 31
371 412 371
286 314
879 903
738 718
18 259 31
71 482 31
503 62 31
738 780
750 702
848 858
64 389 371
723 771
157 161
697 667
508 470
235 358 31
882 832
633 687
356 344
171 262 31
259 416 371
938 894
122 235 31
245 94 31
140 349 31
245 247
449 419
106 305 31
43 186 371
477 666 371
277 257
635 665
172 395 31
799 813
78 30
584 505 371
682 656
471 592 371
581 537
793 805
225 514 371
313 120 31
