77
256 258
240 242
230 232
202 204
174 176
170 172
152 154
130 132
106 108
82 84
76 78
48 50
294 296
306 308
314 316
336 338
352 354
390 392
404 406
406 408
414 416
428 430
452 454
462 464
476 478
496 498
498 500
524 526
542 544
554 556
584 586
614 616
646 648
660 662
680 682
696 698
726 728
738 740
271 273
269 271
253 255
239 241
223 225
199 201
167 169
155 157
135 137
115 117
111 113
101 103
81 83
71 73
31 33
9 11
291 293
297 299
325 327
329 331
361 363
391 393
413 415
437 439
451 453
463 465
469 471
487 489
517 519
539 541
553 555
557 559
589 591
595 597
641 643
661 663
697 699
729 731
741 743
