752 5980 273 553
469 321
398 505 553
11 664 553
122 690
130 580
645 427
553 44 553
614 385 553
415 531
98 296
23 744 553
581 20 553
483 228 553
376 110
353 609
498 336
246 696
153 618 553
445 290 553
608 117 553
198 397 273
20 179 553
679 80 553
366 229 553
294 696
138 187 273
212 317 273
363 727
196 302
257 321
474 400
549 160 553
508 599 273
145 709
407 648 553
61 288 553
324 455 553
673 740 553
343 274 273
731 183
733 313
602 482
397 293
4 198
547 333
100 650
122 636
333 308 273
201 92 553
11 513
727 303
230 517 553
45 442 273
191 749
41 36 553
433 745
573 21
361 344 273
453 605
397 729
201 445
552 188
490 255 273
592 699 273
445 637
255 44 273
563 594 553
445 412 553
725 425
543 407
728 208
620 37 553
748 29 553
315 105
272 358
324 218
485 325
328 351 273
328 207 273
329 148 553
68 305 553
182 398
665 489
232 533 273
254 333 273
313 537
292 98
102 632
94 359 273
97 568 553
281 743
536 546
659 618 553
579 137
492 234
752 91 273
261 70 273
261 340 273
693 639
296 672
110 593 273
314 544
62 256
125 576 553
166 216
699 363
38 528
236 91 273
124 354
541 351
453 596 273
661 189
663 179
207 473
167 277
663 723
609 369
286 103 553
79 26 273
541 449
59 272 553
55 548 553
511 522 553
516 578
425 41
399 708 273
674 541 273
41 502 273
655 257
530 144
23 475
686 340
269 455
220 24
376 402
528 569 553
658 364
185 298 553
513 402 553
110 239 553
525 94 273
108 28
496 443 553
525 109
738 657 553
262 66
219 751
620 422
392 288
376 505 553
483 505
622 101 273
349 559
29 632 273
340 554
265 725
33 595
64 537 553
199 567
641 497
577 2 273
544 407 553
561 591
215 187
196 656
600 666
234 650
470 38
283 19
558 289 273
365 442 273
250 56
120 533 553
91 105
686 146
365 141
579 632 273
620 442
392 70
235 711
616 164
630 65 553
598 241 273
651 188 553
33 58 553
573 593
424 186
482 318
98 618
226 279 273
224 138
139 583
695 617
308 123 553
374 241 553
170 126
306 108
698 341 273
600 312
81 647
287 744 273
6 556
273 651
323 538 553
458 648
325 312 553
592 660
261 131
491 301
680 29 553
666 264
668 744
50 187 553
67 42 273
549 596 273
501 366 553
404 563 273
680 493 273
717 188 553
606 360
191 113
229 213
567 692 553
225 414 273
67 201
715 155
411 334 553
85 256 273
122 398
346 670
203 449
270 692
150 389 273
22 554
207 93
319 339
249 167
554 33 273
553 247
562 204
64 508
197 34 553
277 740 273
477 57
167 362 553
393 101
181 96 273
121 595
280 302
584 74
406 636
682 128
282 246
292 36
459 651
425 641
680 156
486 46
67 234 553
366 657 553
386 500
345 606 273
79 605
114 91 553
347 370 273
577 79
167 518 553
721 413
97 122 273
288 204
52 345 553
46 450
210 56
517 208 553
587 463
623 194 553
659 199
696 180
459 465
238 630
191 510 553
462 328
501 59
627 451
371 503
376 94
81 508 273
418 352
209 92 553
509 642 553
288 16
359 713
357 465
664 160
102 394
607 419
212 595 273
448 56
550 408
188 658
655 283
454 685 273
462 255 553
459 286 273
373 204 553
378 578
251 397
742 521 553
164 598
463 682 273
208 349 273
706 486
241 521
23 71
455 634 273
712 151 553
425 324 553
54 204
700 75 273
270 362
636 380
446 19 273
712 493 273
314 38
625 20 553
531 122 553
172 139 553
662 110
126 366
24 184
65 139
752 412
170 588
133 521
160 650
557 168 553
547 240 553
241 290 553
11 383
638 102
579 647
208 621 273
386 61 553
77 543
48 108
676 408
606 680
351 16 273
186 127 553
427 312 273
74 629 273
427 209
712 518
182 421 273
134 336
630 318
376 134
364 521 553
74 172
52 91 273
27 587
537 378 273
78 168
645 648 553
278 9 273
127 659
256 600
119 450 553
418 697 273
593 248 553
274 706
112 568
394 472
48 538
108 626
139 555
743 256 273
367 32 273
93 289
125 656 553
336 244
352 110
528 748
328 277 273
691 266 273
404 252
522 562
176 34
339 262 273
578 419 553
247 477
609 525
677 698 553
534 214
309 435
507 211
234 342
390 421 273
213 330 273
166 501 273
219 611
604 682
22 394
436 149 273
18 549 273
79 339
512 259 553
4 165 273
540 272
691 24 553
178 234
400 119 553
359 362 553
229 431
430 39 273
262 304
207 416 553
101 655
737 677
292 498
46 126
492 571 273
140 708
163 314 273
341 741
681 361
441 444 553
707 277
704 140
75 648 273
166 664
271 583
572 319 273
232 295 553
245 190 553
118 142
332 9 553
7 565
45 457
55 405
581 37
22 540
142 396
31 84 553
616 369 273
314 726
518 150
523 27
730 623 273
306 707 273
623 397
406 189 273
480 436
329 748 553
428 659 273
635 750 273
565 366 273
196 677 273
563 414 273
709 619
311 364 273
353 585
47 449
7 353
242 565 273
10 464
673 613
622 733 553
77 83
338 265 553
646 683 273
461 7
306 126
751 152 273
597 213
588 473 553
285 536 553
684 41 273
715 169
186 675 553
17 403
165 672 273
293 88 273
655 269
539 268 273
144 676
610 9 273
617 239
376 173 553
495 707
740 381 273
530 103 553
274 362
367 58 553
126 103 553
50 454
150 372
495 39
130 558
156 172
262 714
597 132 273
35 559
306 52
742 267 553
533 182 273
324 107 273
284 252
622 166
279 429
714 378
417 590 553
712 475 273
362 651 273
700 471 273
179 621
429 713
251 596 553
343 731
509 532 273
194 66
626 294
570 685 273
624 386
697 729
22 558
543 76 553
501 590 273
11 385
457 653
52 298
210 711 553
106 206
534 493 553
397 41
569 592 273
721 646 273
497 180 553
302 96
590 519 273
617 682 553
734 274
537 653
713 748 273
109 467
338 322
356 434
522 650
602 46
448 562
11 529
517 600 553
254 488
293 121
299 254 553
627 28 273
49 188 273
678 697 273
386 120
445 318 273
314 208
84 495 553
545 398 273
302 333 553
104 19 553
307 548 273
700 444
223 61
74 648
425 71
407 645
218 89 273
340 363 273
727 567
206 277 273
206 286
656 288
661 217
426 538
295 645
12 492
500 358
379 660 553
299 641
632 202
284 511 553
67 233
714 23 273
35 461
54 476
444 370
241 639
301 435
182 376
69 200 553
426 484
12 540
710 631 273
312 404
567 145
571 183
262 170
353 240 553
642 147 553
413 744 553
470 125 273
546 151 273
665 124 553
737 522 273
647 375
206 552
555 725
506 648
630 732
682 172
539 77
447 549
108 735 553
433 559
469 49
55 642 273
751 652 553
691 397
234 86
263 311
147 24 273
409 644 273
432 120
107 311
422 116
50 616
555 343
399 528 273
356 579 553
357 748 553
159 536 273
82 679 553
149 3
333 532 273
459 255
307 262 273
307 718 273
532 44
648 110
9 114 553
421 658 273
290 574
227 186 553
728 253 553
563 693
326 547 273
361 363
670 246
541 171
117 693
77 14 553
562 272
668 146
464 456
693 348 553
147 391
57 599
395 724 273
305 238 553
486 563 273
228 268
387 452 553
538 469 553
416 11 553
673 546 273
161 538 553
714 171 553
645 348 553
80 106
152 129 273
293 83
145 645
741 407
666 592
599 99
642 436
186 547 553
149 516 273
11 585
293 591
470 736
182 225 273
727 549
35 159
482 645 273
279 599
294 359 273
91 25
311 101
204 574
10 348
205 361
183 311
25 141
371 259
689 222 273
725 273
695 384 553
608 751 273
410 307 273
368 74
451 70 273
28 423 553
356 565 553
95 520 553
280 351 553
161 47
150 539 273
22 503 553
449 591
150 378
416 565 273
542 544
428 560
455 719
354 52
606 532
300 511 273
93 147
312 677 553
578 296
192 494
291 667
572 75 273
438 134
36 253 553
203 653
503 120 553
683 338 553
708 349 273
311 93
733 403
441 13
728 216
242 66
179 717
674 170
149 721
12 201 273
643 179
625 452 273
313 528 553
427 548 273
643 150 273
543 326 273
653 481
642 159 553
524 398
3 279
160 719 553
151 273
548 217 273
190 627 273
523 729
750 475 273
143 634 273
261 55
622 435 273
316 310
13 103
123 734 553
302 346
449 1
628 719 553
214 203 553
227 321
149 164 553
623 689
455 593
37 12 273
287 244 553
52 309 273
593 197
528 428
558 494
429 405
175 531
367 308 553
274 399 273
105 671
507 203
117 379
181 681
58 278
702 553 273
144 34
535 547
269 12 553
290 513 273
595 207
395 589
164 540
501 461
537 498 553
654 100
369 590 273
439 663
432 494
116 474
311 579
392 360
277 735
66 394
502 54
42 63 273
428 620
503 21
594 464
367 390 273
673 447
597 351
376 517 273
189 252 553
228 470
697 196 553
444 273 273
195 237
469 175
220 720
63 334 273
436 258
559 107
120 309 553
21 480 553
43 361
111 305
135 567
655 446 273
258 28
459 25
273 208 553
697 307
393 427
732 166
8 529 553
641 349
206 571 273
371 246 553
230 156
85 587
371 252 553
416 57 553
277 13
547 284 273
134 233 553
304 449 273
505 198 273
372 206
703 652 553
474 76
243 8 553
147 353
568 186
469 349
413 707
742 248
309 170 553
128 509 273
405 205
504 191 273
553 692 553
228 530
127 106 553
719 509
147 237
285 29
380 514
444 64
332 679 273
47 241
331 687
322 449 553
57 482 553
153 80 273
179 567
310 169 273
330 304
374 14
159 687
178 292
290 676
305 127
230 300
676 284
12 743 553
682 718
373 85
120 559 273
324 587 273
134 416
626 158
105 113
467 546 273
596 413 273
358 460
185 237
464 552
434 32
9 522 553
233 492 273
440 732
106 629 553
384 415 553
299 116 273
390 408
1 321
570 25 553
319 66 273
260 704
285 731
724 264
492 599 273
583 262 553
576 18
531 275
375 548 553
123 512 553
342 72
398 370
81 559
659 569
183 710 553
174 48
139 263
507 480 553
70 240
655 194 553
119 467
485 5
84 178
435 150 273
289 103
92 572
230 136
230 596
467 581
111 601
94 496
489 531
630 384
516 308
153 188 273
132 273 553
216 698
550 28
109 669
591 364 273
541 7
654 302
712 316
461 320 553
628 105 553
236 684
584 592
378 680
381 516 553
483 282 553
206 578
651 620 553
137 653
421 67
237 296 273
8 93 273
517 661
674 292
256 665 553
224 645 553
494 54
491 28 273
583 353
523 5
752 361 553
716 173 553
270 613 553
152 555 553
677 248 553
386 675 273
521 97
165 683
514 637 273
272 730
150 415 553
364 678
428 353 553
642 655 273
231 701
568 56
734 486
716 111 553
744 225 273
689 393
529 739
652 156
526 557 553
567 475
303 639
578 315 553
200 677 553
432 215 273
406 551 273
739 491
234 433 273
440 260
645 638 553
428 207 553
526 639 553
69 374 273
593 185
390 179 273
240 465 553
418 30
228 387 273
443 374 553
477 80 553
670 630
376 123 273
164 658
544 182
51 361
357 161
562 132
617 493
154 298
187 412 273
536 144
691 400 273
486 528
282 113 553
455 680 553
267 711
542 60
460 250
478 498
443 517
48 76
377 529
173 48 553
327 9
680 216
195 747
165 146 273
519 705
308 299 553
301 690 553
474 682
628 559 273
579 147
327 109
167 501
6 685 553
25 385
746 488
571 482 273
153 391
168 236
401 375
120 400
152 418
677 126 273
368 348
123 675
172 194
634 91 273
605 574 273
264 127 553
181 703
587 345
22 291 553
741 461
3 535
484 751 273
181 60 273
177 404 273
48 243 273
138 520
166 704
259 597
547 158 553
718 274
321 246 273
43 279
424 679 553
21 49
231 466 273
57 567
238 470
186 656
428 74
91 59
283 247
56 200
270 544
15 436 273
492 402
287 272 553
7 440 553
311 291
460 439 273
365 131
284 96
481 256 273
610 361 553
183 615
580 214
705 249
130 337 553
537 101
346 2
439 266 273
103 437
678 263 553
361 731
18 94
271 659
270 510
404 446
317 371
36 575 553
686 407 273
73 527
421 74 273
126 206
707 557
564 553 273
8 370
170 20
190 94
493 16 553
83 565
262 671 553
178 265 553
296 40
582 138
614 119 273
674 146
456 261 273
385 65
320 408
229 341
56 389 273
535 144 553
747 368 553
269 559
88 544
738 404
531 199
362 48
468 674
415 707
487 252 553
108 548
623 588 273
12 593 553
471 331
331 105
569 106 553
200 319 273
505 586 553
237 338 273
449 707
521 626 553
162 473 273
544 686
646 406
424 744
331 382 273
240 439 553
407 525
395 125
526 54
686 605 273
301 567
462 196
203 140 273
649 267
484 632
37 54 553
424 653 273
259 497
393 741
204 551 273
389 410 273
36 588
404 517 553
273 575
625 268 553
503 716 273
134 329 273
735 349
224 455 553
350 66
552 284
519 741
689 721
739 608 273
118 28
403 653
336 715 553
354 218
526 5 273
531 320 553
490 670
701 329
78 531 273
488 430
589 621
622 118
232 510
416 700
209 589
271 265
166 333 273
237 639
316 480
461 319
643 662 553
568 254
377 681
613 515
216 232
302 262
200 11 553
449 633
288 578
227 342 553
182 14
28 295 273
49 538 553
539 593
219 429
120 448
639 97
725 275
22 326
7 555
322 343 553
581 40 553
559 341
704 672
640 741 273
146 561 273
695 353
77 110 553
722 344
482 440
385 37
482 546
6 225 553
658 132
661 730 273
649 320 553
198 16
409 19
131 660 273
7 11
151 40 553
421 100 553
521 285
507 6 273
323 410 273
231 696 553
54 625 273
535 68 553
582 133 553
124 540
637 473
519 30 553
738 535 553
665 422 273
114 556
107 483
175 40 273
647 752 273
247 378 273
260 188
479 710 553
25 712 273
407 206 273
24 301 273
658 271 553
12 248
440 214
251 426 273
581 418 273
24 376
718 142
450 256
143 128 273
38 167 553
191 674 273
151 224 553
123 615
80 632
635 91
444 473 273
206 209 553
552 54
44 476
516 114
524 64
586 198
469 219
443 733
417 643
130 684
593 722 273
536 100
550 699 273
384 270
359 266 553
510 248
8 137 553
465 325
489 313
318 619 553
705 714 553
643 713
298 514
178 390
406 180
120 92
683 648 273
406 10
379 266 553
538 263 553
714 725 273
515 383
165 687
608 94
22 534
133 383
79 606 553
674 419 273
578 97 273
92 535 273
749 217
310 460
642 139 553
274 225 553
656 468
418 177 273
244 195 273
106 59 553
332 552
91 176 273
722 474
696 193 273
259 560 273
620 58
296 256
747 486 553
492 214
454 428
624 17 553
719 265
677 533
55 489
596 219 553
521 713
49 606 553
727 366 273
233 365
377 688 553
268 563 273
88 356
698 226
399 208 273
275 700 553
55 458 273
418 723 273
308 462
546 240
692 120
262 109 553
666 59 273
522 85 553
174 118
463 407
129 93
416 42
641 529
655 81
275 205
14 393 273
570 67 273
611 336 553
272 531 273
242 37 553
253 591
124 57 273
197 499
576 109 553
463 180 273
268 474
251 13
106 458
121 641
271 652 553
275 54 273
724 315 553
639 163
31 472 553
173 717
347 490 273
696 712
614 339 273
178 453 273
630 110
499 99
541 1
646 746
618 244
751 649
361 436 273
272 510
422 707 553
731 653
651 670 273
661 203
742 390
573 302 273
228 256
232 658
367 683
420 25 553
130 31 553
188 293 273
520 714
325 522 553
147 282 273
638 692
722 179 273
251 158 273
502 319 273
459 479
100 524
376 67 553
550 196
572 296
371 392 553
344 649 553
730 529 273
89 674 273
737 327
697 127
474 387 553
723 272 553
600 488
343 325
591 460 553
319 600 553
296 204
659 612 553
388 426
100 200
738 459 273
198 253 553
533 59
78 634
752 622
26 576
499 69
529 538 553
629 101
323 751
426 732
670 721 553
20 508
533 40 273
201 435
550 414
265 361
360 716
512 49 553
147 534 273
50 4
712 579 553
543 594 273
674 196
648 346
706 598
366 291 273
228 610
127 568 273
628 297 553
631 165
162 718
584 7 273
311 406 273
243 376 553
311 619
195 312 553
9 272 273
282 285 553
718 180
388 79 273
291 660 273
136 465 273
748 629 553
211 286 553
741 430 553
496 180
537 556 553
180 59 273
531 750 553
42 568
238 359 553
431 241
9 608 553
394 320
320 494
617 413
83 190 273
404 570
612 474
432 137 273
713 110 273
42 149 273
454 65 273
66 312
580 141 273
79 357
400 223 273
598 561 553
87 370 553
5 401
549 349
366 6
187 578 553
305 207
703 646 273
450 719 553
624 124
534 256
279 374 273
749 520 553
326 473 553
69 386 553
478 339 553
691 265
565 692 273
395 324 553
609 101
671 632 553
44 70
595 393
263 104 273
195 249
658 174
714 256
443 545
290 17 273
477 250 553
111 645
248 610
421 264 273
739 267
441 484 553
680 572
239 273
499 317
245 573
389 183
459 675
495 519
499 268 553
473 109
319 115
133 742 553
383 180 273
671 563
695 204 553
366 184
393 580 273
360 626
166 540
87 422 273
74 506
705 704 553
334 598
555 406 553
689 334 273
42 312
430 472
124 640
616 733 273
315 736 553
172 153 273
1 682 273
471 144 273
47 464 273
287 630 273
97 220 273
123 425
105 577
223 299
592 314
82 418
458 88
750 303 273
477 707
149 605
110 260
368 599 273
716 19 273
603 228 553
330 709 273
207 309
140 343 553
687 150 273
652 57 553
40 177 273
498 64
434 351 553
381 741
469 59
713 743
701 389
707 313
475 111
589 17
22 491 553
229 600 553
734 752
21 535
484 372
141 292 273
52 139 273
194 672
365 336 273
670 210
206 559 553
378 399 273
52 9 273
423 255
158 41 273
345 483
731 22 273
694 590
587 742 273
675 692 553
325 401
426 308
193 70 273
23 275
361 41
221 722 553
613 143
247 633
446 5 273
717 566 553
197 459
225 525
232 691 553
500 402
5 527
531 11
726 23 553
663 167
371 477
97 655
401 703
327 135
424 536
281 719
163 666 273
241 397
462 691 273
443 92 273
173 697
243 657
233 271
148 657 553
593 49
563 380 273
52 410
670 146
574 501 273
270 21 553
195 562 273
148 499 273
381 268 553
545 163
553 28 553
291 254 553
482 110
728 160
191 287
695 661
471 677
735 363
15 750 553
714 486
702 336
451 274 273
506 564
40 176
614 380
565 159
116 668
580 391 553
601 579
97 454 553
311 502 273
234 397 273
709 303
203 161
721 355
186 599 553
664 201 553
29 22 273
7 533
432 28
597 89
218 690
341 329
572 10
231 126 553
420 181 273
148 694
518 313 273
239 659
494 751 553
77 397
630 86
668 128
58 219 553
84 78
656 93 273
106 344
462 747 273
215 319
28 723 273
286 718
368 96
667 633
515 372 273
234 27 553
137 513
282 267 273
287 655
499 407
598 623 553
477 248 273
672 258
375 748 553
316 718
343 740 273
466 670
306 72
203 160 553
548 443 273
78 467 273
238 209 553
664 372
665 152 553
619 330 273
239 627
167 545
56 44
343 214 553
401 615
722 324
31 368 553
183 527
750 677 273
275 685
367 604 553
396 732
703 387
163 98 273
582 726
407 372 553
204 408
368 578
631 393
507 412 273
681 705
649 686 273
698 186
193 269
355 200 273
186 189 553
640 597 553
458 634
203 155
134 9 273
625 68 553
255 575
423 52 553
298 710
697 444 553
561 332 273
250 197 553
596 296
614 326
102 452
655 433
675 137
727 56 273
237 483
171 120 273
545 39
407 497
98 663 553
18 509 273
594 145 273
131 212 553
721 209
652 5 553
209 210 273
313 574 553
275 715
645 625
287 507
146 588
542 303 553
302 722
598 152
184 610
548 14
251 255
223 540 273
97 599
435 332 553
483 469
19 386 553
638 254
20 436
651 555
239 82 273
672 381 553
280 732
530 120
561 255
642 725 553
177 585
46 540
710 111 553
119 589
622 406
736 288
309 234 273
159 170 273
605 682 273
747 385
466 639 273
312 62
220 571 273
674 609 553
269 300 273
323 475
326 86
109 417
8 558
115 432 273
180 350
70 460
180 564
369 696 273
674 154
454 636
314 552
229 65
406 690
506 561 273
134 149 273
40 400
190 358
90 198
748 113 273
109 149
709 445
459 555
708 254
649 175
26 408
28 536
48 256
672 451 553
220 672
267 384 273
176 584
15 427
101 220 273
597 14 553
200 342
144 450
399 6 273
401 311
248 301 553
155 157
430 302
420 600
427 336 273
68 107 553
655 116 273
739 193
546 576
673 243
340 751 553
554 20
203 504 553
620 555 273
380 626
333 6 553
246 633 273
237 705
185 9
182 439 273
363 597
154 356
732 471 553
450 333 553
640 179 553
317 517
684 309 553
99 445
323 709
215 77
319 695
162 121 273
248 334
485 545
593 29
292 559 553
714 345 273
84 367 273
261 53
270 463 273
342 206
215 702 553
287 601
463 483
290 530
475 22 553
67 601
201 266 553
90 618
181 496 553
96 628
420 341 273
636 228
34 267 273
350 353 273
73 49
476 504
401 471
566 40
451 236 273
141 7
706 79 553
546 28
421 5
144 200
617 649
75 415
92 406
211 310 273
303 682 273
424 28
523 3
384 196
725 214 553
692 378
359 74 553
604 141 273
603 381
302 217 553
252 445 553
555 619
533 463
507 389
279 521
406 252
352 449 553
583 526 273
18 484
154 680
396 679 273
51 471
614 413 553
7 577
256 393 553
299 614 553
166 126
177 186 553
300 698
5 160 553
140 582
403 633
648 502
748 546
406 607 553
530 746
587 109
542 59 273
153 507
8 126
44 552
8 254
121 42 553
322 4
73 189
184 686
711 186 553
275 495
126 441 273
743 244 273
60 374
574 76
194 448
584 37 273
139 291
239 739
149 272 553
269 408 273
661 578 273
435 109
112 132
612 160
110 242
633 391
486 375 553
324 87 553
739 163
385 568 553
686 455 553
156 745 553
726 288
555 77
624 258
709 410 273
260 310
427 407
606 424
304 62
580 9 273
417 310 273
433 85
663 555
220 134
469 53
726 415 553
639 243
490 681 553
317 538 273
470 22
525 177
672 218
609 374 273
426 92
199 330 273
249 535
703 198 273
576 724
392 237 273
140 608
75 402 553
354 635 553
228 431 273
724 103 273
554 519 553
100 602
424 472
512 43 273
619 81
182 672
4 464
494 468
458 378
750 236
691 139
49 159
682 590
576 86
664 389 273
444 562
660 207 553
316 721 273
297 677
373 531
528 531 273
642 276
524 234
247 750 553
407 268 553
567 679
642 708
16 490
391 3
601 315
748 677 273
30 157 273
21 276 553
250 495 553
665 246 553
76 573 273
300 598
407 380 553
33 638 553
83 539
634 100
42 315 553
183 584 553
510 204
575 11
40 509 273
440 112
589 19
444 143 273
471 387
507 427
406 408
136 188
375 579
619 382 553
593 256 273
256 74
50 231 553
271 423
722 139 553
192 41 273
526 311 273
338 329 273
400 104
724 397 553
433 625
337 533
224 343 553
137 204 553
169 163
38 380
188 89 553
79 349
683 439
180 461 553
586 155 553
112 573 273
403 41
254 219 553
163 735
207 467
673 353
557 711
450 743 553
448 94
514 344
449 436 553
123 25
651 381
3 541
442 271 273
520 20
41 433
491 181
141 353
619 695
326 251 273
58 538
348 53 553
70 27 553
474 666
450 230
322 666
239 630 273
690 210
150 694
406 147 273
493 272 553
672 549 273
436 225 553
211 325
72 505 553
189 540 553
281 247
477 66 273
580 549 553
159 339
258 553 553
378 648
531 634 273
405 117
654 376
479 498 553
373 672 273
176 528
638 107 553
296 465 273
378 314
533 175
180 453 553
632 494
698 180
632 651 273
751 224 273
712 286
229 622 553
120 16
219 616 273
342 393 273
564 385 553
577 89
434 146
579 607
223 689
117 485
222 75 553
135 317
8 725 273
549 135
650 340
304 679 273
198 232
271 273
395 174 273
349 260 273
604 143 553
149 90 273
523 541
453 441
201 453
58 511 553
339 641
108 625 273
330 194
51 106 553
138 450
144 520
651 587
477 590 273
723 233
187 379
652 232
310 92
528 687 273
30 443 553
623 698 553
708 347 553
291 295
71 567
21 479
709 571
303 248 553
448 8
39 556 553
246 310
153 651
256 636
95 107
529 43
657 176 273
687 670 553
732 7 273
505 656 553
129 535
276 131 273
502 142
73 672 273
249 331
200 604
671 269
294 351 553
567 178 553
381 664 273
576 646
669 111
99 44 553
476 449 273
164 714
147 663
125 625
736 384
611 744 273
183 76 553
110 350
537 496 553
499 635
181 192 553
524 24
11 346 553
247 573
733 663
361 524 273
440 198
160 37 273
8 56
222 99 273
652 242
406 680
452 560
75 581
370 493 273
347 581
605 750 553
18 501 553
594 255 553
41 368 553
715 513
261 591
493 344 553
340 555 553
644 593 553
183 247
548 271 273
219 629
259 322 553
246 170
314 315 553
84 181 553
267 596 273
440 159 273
181 660 553
45 115
61 579
733 341
623 254 553
192 619 553
411 276 553
265 606 273
209 170 553
68 168
297 90 273
34 164
427 43
706 61 273
739 729
535 686 553
147 585
3 409
141 326 553
239 74 553
513 34 553
95 308 273
582 3 553
313 487
69 309
229 55
210 286
284 182
136 610
386 270
403 741
678 192
734 249 273
580 352
704 49 273
478 590
131 675
10 685 273
251 587
577 744 273
300 540
299 442 273
472 169 273
41 387
716 273 273
249 301
526 685 273
333 217
382 718
639 93
508 369 273
606 557 553
62 394
616 371 273
138 102
517 562 273
131 186 273
690 705 273
380 723 273
568 372
578 644
267 513
365 376 273
447 650 273
116 512
319 460 553
670 112
574 385 273
721 645
553 81
338 496
21 463
231 719
360 559 553
349 41
243 170 553
612 144
686 206
144 630
37 521
406 506
221 364 273
365 318 553
186 658
157 116 273
330 728
638 5 553
399 62 553
660 649 273
696 141 273
268 410
362 265 273
149 95
389 271
488 330
215 398 273
654 212
578 603 273
648 382
111 687
611 109
2 313 273
252 309 273
460 53 273
586 210
562 308
510 724
42 492
543 470 553
549 689
373 401
176 703 553
179 579
657 475
244 561 553
365 682 553
572 543 273
358 489 273
604 163 553
44 486
174 730
459 71
561 678 273
196 536
679 444 553
552 384
739 82 553
408 736
463 83
266 477 553
530 714
715 351
57 571
251 574 273
604 528
113 249
704 715 273
459 421
390 492
105 744 553
70 450
712 731 273
479 724 273
327 699
614 281 273
719 433
281 689
671 405
372 301 553
425 530 273
202 536
503 184 553
651 489
37 139
486 472
272 568
742 659 273
629 721
295 659
424 599 553
393 474 273
639 414 273
653 255
506 476
418 509 273
617 211
129 559
171 190 553
743 345
198 305 273
718 283 553
403 645
609 195
355 617
485 463
168 505 553
76 292
221 494 273
661 193
700 214
567 464 553
129 468 273
263 195
46 550
242 151 553
738 341 553
520 12
380 63 273
303 679
223 170 273
114 381 273
611 91
619 49
63 461
302 72
745 183
552 517 553
488 650
536 467 553
439 415
68 217 553
333 216 273
719 325
410 96
480 23 553
594 666
181 306 553
729 205
559 391
495 115
681 483
29 338 553
273 528 273
97 609
179 616 273
502 147 553
339 423
239 200 553
610 417 553
212 746
424 321 553
125 563
452 314
272 672
603 574 273
225 694 273
628 144
507 542 553
88 467 273
298 331 553
309 414 553
242 258
456 425 553
106 369 553
743 216 273
466 105 553
357 74 273
717 191
130 303 273
667 178 273
642 437 553
317 179
4 113 273
603 341
740 192
410 540
644 446
331 276 273
146 218
343 62 273
187 560 553
185 385
243 616 553
65 177
50 432
601 243
146 18
191 573
66 227 553
389 501
544 184
307 57
701 88 553
575 170 273
700 132
711 600 273
570 42
570 412
677 258 553
473 507
399 651
513 719
92 246
26 364
488 629 553
227 405
543 133
197 598 553
718 268
377 611
353 630 553
625 322 273
470 268
411 217
593 38 553
735 661
738 471 273
26 532
1 397
696 212
134 564
316 389 553
67 478 273
283 437
735 736 273
137 470 273
214 262
188 534
338 184
119 563
88 186
366 328
598 54
593 589
231 218 553
568 345 273
545 703
259 606 273
147 427
62 607 553
604 217 553
1 557
604 252
565 566 273
496 334
139 386 553
281 160 273
497 685
576 553 553
349 512 553
34 550
145 683
640 94
299 403
293 261
82 440
392 330
441 354 553
597 86 553
191 532 273
446 208
312 113 553
39 304 553
55 52 553
255 110 553
210 142
569 155
339 134 553
478 343 553
356 570
467 61
213 218 273
122 457 273
18 95 553
538 278
51 596 553
575 286 553
74 47 273
334 298
74 528
405 349
523 311
470 66
605 236 273
383 267
78 198
690 33 273
365 728 553
195 750 273
86 354
652 118
111 104 273
502 723 273
256 586
174 484
412 625 273
282 356
700 136
596 46
88 492
731 390 553
660 165 273
240 560
334 736
24 487 273
449 13
365 55
456 190
126 731 553
683 340 553
701 127
476 453 273
743 203
250 309 273
740 665 273
482 701 553
570 119 273
655 395
660 150
604 436
413 481
420 593 273
334 455 273
225 43
697 203
644 27 553
578 251 273
719 12 553
169 577
19 278 553
715 667
158 730
349 312 553
199 386 273
324 628
688 142
281 417
97 637
328 623 553
173 539
214 77 273
270 385 273
140 512
168 458
635 77
341 731
277 183
137 216 273
412 217 273
751 434 273
121 358 273
42 300
152 170
242 425 553
526 325 553
172 600
103 351
245 585
290 571 273
602 626
319 666 553
144 393 553
303 187
342 548
235 50 273
8 417 273
696 152
254 688
417 247
600 677 553
140 216
74 233 273
333 9
399 259
76 308
177 653
640 524
259 382 553
324 678
18 384
546 605 553
175 215
497 43
726 187 553
699 456 273
88 87 553
700 360
133 55
343 603
535 143
80 149 553
164 273 553
689 321
739 696 273
186 328
727 479
279 701
646 314
57 171
112 113 273
36 514
276 430
445 309
322 609 553
381 78 553
388 464
558 134
354 95 273
233 228 553
141 447
497 235
681 534 553
163 582 273
642 261 273
634 128
689 125
746 145 553
257 102 553
228 686
509 468 273
570 254
60 90
287 435
672 11 553
18 435 273
41 404 553
277 137
373 648 273
138 115 553
732 172
309 524 553
636 368
368 656
525 211
744 200
736 397 553
102 454
711 596 273
159 681
371 399
217 491
389 290 553
577 313
584 510
4 305 553
361 368 273
137 626 273
550 8
663 253
498 551 273
90 666
670 248
188 576
224 253 553
671 504 273
295 333
236 51 273
238 566
215 523
664 223 553
547 262 553
746 244
199 633
343 176 273
557 101
621 8 553
487 438 273
90 644
386 608
629 185
600 731 553
252 423 553
250 97 273
445 568 553
106 262
613 608 553
402 254
643 425
305 378 273
624 509 273
153 707
209 93
238 275 553
626 384
12 27 273
737 452 553
749 273
86 85 553
172 144
326 146
681 653
245 536 553
748 490
237 668 273
171 745
609 419
81 575
48 445 273
123 430 553
158 362
519 82 553
520 86
350 443 553
224 360
69 407
547 61
695 114 273
567 734 553
698 662
577 363
688 107 273
78 231 553
194 50
674 479 273
125 271
155 402 553
688 271 273
621 146 273
315 147
720 181 553
327 743
45 277
471 669
15 201
431 10 553
17 26 273
353 723
704 638
126 548
712 31 273
78 516
746 463 273
209 78 553
323 164 273
242 731 273
529 734 553
553 652 553
479 205
324 470
483 679
415 93
393 271
392 292
171 715
498 500
402 634
140 498
151 379
226 626
596 587 273
362 470
162 218
377 196 553
34 347 273
403 91
363 155
694 258
128 297 273
583 305
160 571 553
220 562
237 254 273
626 249 273
671 111
400 586
656 215 553
397 31
145 562 553
323 520 273
163 56 273
511 34 273
182 50
587 336 273
275 733
710 234
79 132 273
730 506
709 269
363 33
716 567 553
422 689 553
285 370 273
275 657
620 426
380 687 553
148 574
611 622 273
650 111 273
699 663
562 196
747 215
639 357
234 636
466 154
738 662
186 530
119 481
700 490
255 121
712 142
502 215 273
608 566
453 1
421 733
653 632 553
226 346
646 255 553
193 263
298 452
574 746
176 469 553
14 588
65 497
675 732 273
639 628 273
222 181 553
194 584
200 52
390 52
612 70
611 63
471 662 273
173 643
201 94 553
325 432 273
174 618
739 214 553
383 142 553
69 611
400 527 553
10 380
232 685 273
257 548 273
206 726
453 355
322 329 273
251 751
443 572 273
195 488 273
101 650 553
631 366 273
438 290
36 192
751 327
709 205
278 283 553
88 103 553
549 655
644 195 273
111 48 553
322 403 553
299 627
361 316 553
129 499
614 382
742 486
740 709 553
163 575
512 148
254 528
507 598 553
645 501
399 137
35 346 553
76 590
409 455
238 684
514 100
302 664
15 116 273
219 341
324 164
302 608
410 351 273
250 604
628 597 553
249 325
581 422 553
161 49
499 301
123 182 553
141 357
178 263 553
52 169 553
108 94
693 201
372 263 553
551 27
714 178
587 167
238 320
532 27 273
521 545
542 171 273
68 703 553
160 44
227 614 553
100 640
186 537 273
341 571
250 72
302 593 553
359 128 553
242 334
678 422
710 264
526 180
309 732 273
445 143
630 63 273
638 164
518 192
342 625 553
68 348
442 727 553
522 133 273
490 65 553
220 344
15 587
294 28
9 529
554 700
587 153
456 290
374 62
596 327 273
159 142 273
556 78
376 618
71 553
94 507 553
4 112
666 294
244 161 553
73 231
620 557 553
704 240
521 250 273
576 245 553
313 48 553
174 732
132 556
264 625 553
159 593
289 527
705 76 553
355 722 553
361 114 273
593 646 553
223 635
679 309
56 299 553
664 295 273
264 366
206 442
13 517
265 625
91 475
533 67
565 611
94 141 553
311 487
302 599 553
677 6 273
621 191
148 592
251 533
186 4
603 275
395 185
579 634 273
86 546
244 335 553
696 253 553
388 76
629 66 273
416 594
99 259
730 154
47 171
736 446
20 182
288 607 273
257 727
747 62 553
3 35
583 511
514 172
405 699
245 620 553
671 211
677 116 553
345 49
632 268
515 293
613 743
363 488 273
87 258 553
21 527
416 412
601 235
91 56 273
511 215
222 22
498 240
515 243
266 441 553
130 322
480 230
146 544
45 403
94 522
547 161
584 9 273
25 299
464 280
701 567
64 113 553
708 332
104 642
192 622
70 43 553
252 140
589 409
611 359
282 379 553
241 695
319 42 273
469 3
26 367 553
401 358 553
503 210 553
658 620
343 272 553
324 720
268 533 273
102 587 273
471 511
547 419
652 280
491 92 553
164 704
368 162
164 252
445 312 553
690 293 273
140 448
203 517
610 125 553
59 377
630 160
375 187
190 629 553
250 403 553
327 207
634 156
610 133 273
451 165
146 176
458 244
542 55 553
350 63 553
316 344
134 665 553
503 361
263 452 553
481 279
444 479 273
507 113
15 332 553
671 99
543 445
189 745
264 82
25 672 553
548 16
553 522 273
744 176
711 373
238 237 553
117 75
643 237
372 602
345 127
359 504 273
675 265
56 604
63 119
603 234 553
468 164
316 708
73 58 553
424 696
83 573
519 17
509 44 273
24 623 273
748 233 553
270 564
234 596
353 255
224 489 553
589 83
108 341 273
128 202
605 181
499 175
706 323 553
454 98
199 486 273
544 293 553
386 590
414 596
433 527
22 639 553
447 594 553
659 87
131 699
217 270 553
44 578
596 734
244 253 273
518 526
138 161 273
410 435 553
323 415
295 677
363 349
671 570 273
702 354
103 119
337 382 553
382 678
234 380
659 561
582 453 553
210 443 273
721 575
506 144
565 57
445 442 273
163 145
646 340
197 262 553
198 54
509 667
98 279 273
385 447
86 590
191 495
406 316
228 6
14 202
162 546
233 342 273
81 50 553
485 142 553
163 731
609 355
91 667
674 416
548 716
331 417
322 578
35 489
645 229
616 181 553
280 520
290 523 273
411 191
206 50
436 63 273
440 35 273
636 714
166 398
733 630 273
497 585
367 63
541 492 273
29 523
269 46 553
74 532
415 509
580 697 273
546 212
433 751
225 163
322 498
657 296 553
497 483
322 538
504 156
596 150
511 584 553
673 267
655 130 273
168 520
36 182
462 82
108 384
399 602 553
598 465 273
241 233
331 67
268 59 273
526 58
524 178
98 538
529 720 553
471 89
686 144
469 551
517 584 273
580 463 553
135 302 273
671 70 553
303 295
388 167 553
353 168 553
18 235 553
74 387 273
752 360
711 201
573 96 273
327 665
572 66
90 620
295 302 553
109 625
357 749
615 612 273
618 478
507 100 553
53 181
130 77 553
496 548
106 436
422 541 273
665 330 553
562 734
738 340
664 195 273
297 151
742 176
73 611
512 646
326 697 553
334 138
467 323
201 138 553
257 731
604 74
64 269 553
186 109 273
590 178
281 390 273
349 651
629 77
551 77
725 233
709 92 273
232 337 553
720 304
241 351
351 1
465 21
742 738
398 739 553
560 650
439 302 553
230 283 553
326 331 553
23 684 273
586 743 553
299 12 553
400 685 553
686 360
41 365
619 443
228 173 553
300 186
407 296 553
517 356 553
292 628
350 69 273
545 666 553
718 43 553
716 212
649 524 553
284 604
688 572
748 542
426 536
206 39 273
393 617
339 18 273
42 183 553
7 561
586 733 553
4 422
515 594 273
280 187 553
653 694 273
231 146 273
438 525 553
287 159
308 60
608 537 553
49 527
270 126
589 246 553
690 255 273
7 508 273
738 427 273
269 422 553
528 729 553
240 618
72 562
728 563 273
293 665
563 25
345 723
168 126
458 633 273
535 192 273
11 559
349 686 273
299 694 553
145 713
125 523
244 554
737 223
619 267
373 393
671 705
344 399 553
528 480
214 636
503 53
657 119
171 725
498 229 273
63 403
549 15
297 741
144 578
72 492
204 483 273
485 595
97 409
111 647
116 640
430 82
618 170
158 139 553
48 496
585 457
369 52 553
151 62 273
206 740
21 493
532 621 273
696 138
19 475
525 733
660 121 273
519 7
271 297
372 288
407 101
324 12
415 196 553
316 479 553
749 528 553
32 456
622 404
146 198
685 475
214 451 553
724 335 273
238 56
468 478
183 398 553
354 739 273
632 63 273
474 590
231 266 553
616 539 273
649 101
160 554
296 678
82 560
724 190
419 25
233 695
154 193 553
197 36 553
13 567
489 102 553
252 636
415 390 273
457 254 553
234 396
69 270 553
544 168
281 625
180 358
441 334 553
122 191 273
581 241
504 367 273
641 655
642 337 273
440 134
726 732
271 123
443 555
519 615
578 281 553
194 98
404 746
233 682 553
545 53
336 612
16 15 553
171 680 553
640 103 273
84 479 553
550 86
428 423 553
364 618
646 614
349 108 553
680 202
732 352
748 178
149 428 553
165 199
621 159
398 344
433 627
200 688
499 135
33 183
116 615 553
84 168
507 5
142 439 553
697 313
691 354 273
212 105 273
336 370
57 164 273
573 47
605 231
683 617
261 391
454 16
254 217 273
746 214
477 137
193 158 553
16 145 273
255 74 553
513 417
693 420 553
133 97
26 592
261 102 273
592 473 273
214 468
440 468
617 301
184 515 553
638 471 273
179 729
657 281
699 10 273
84 229 553
626 539 273
707 742 553
671 135
133 551
42 188
236 520
181 164 273
568 714
743 441
162 58
76 222
558 508
515 329
469 389
306 534
597 287
511 7
382 691 553
188 709 273
533 518 553
732 214
68 627 273
160 647 273
212 685 553
653 124 553
56 293 273
573 486 553
470 133 273
395 651
22 567 273
162 594
488 72
157 158 553
179 204 273
426 590
690 459 553
186 411 553
400 636
465 9
185 731
183 679
721 325
200 242
12 100
509 309
290 222
463 80 273
496 387 273
554 226
381 157
314 77 553
217 541
62 222
703 139
568 86
538 628
184 561 273
298 123 553
395 217
729 251
641 574 553
99 728 273
434 89 553
315 716 553
291 109
394 695 553
361 596 553
480 736
632 320
635 484 553
703 405
570 452
567 342 553
593 277
651 26 273
455 258 553
12 657 273
499 143
739 721
43 523
700 487 553
560 114
100 266
225 422 553
321 161
115 581
725 245
142 585 553
257 319
97 612 553
519 207
618 720
422 536
148 586
317 506 553
205 687
235 428 553
94 163 553
137 707
78 506
69 682 273
473 216 273
51 356 273
166 215 553
586 519 273
55 18 553
176 174
637 676 273
449 15
371 719
580 255 553
219 645
447 24 273
295 693
616 103 273
143 458 273
491 524 553
737 376 273
40 717 273
452 372
426 282
448 580
303 289
149 38 553
690 589 273
211 383
400 652
509 483
421 150 273
105 543
650 126
444 341 553
470 629 273
301 727
483 386 553
686 348
452 185 273
49 505
746 206
204 634
543 379
383 78 553
550 384
655 318 273
237 331
90 506
333 149
320 255 553
668 381 273
362 207 273
670 263 273
672 663 273
662 86
387 388 553
720 671 273
466 339 273
626 98
408 578
646 505 273
217 446 553
207 437
401 449
341 301
30 278
179 585
97 589
171 458 553
404 327 553
32 155 273
131 653
298 472
166 712
569 344 273
39 503
751 385
218 538
403 547
506 110
264 28
638 436
631 218 553
196 370
556 180
566 6
112 572
532 120
578 33 273
428 335 553
538 67 553
619 139
233 346 273
425 391
537 124 273
740 201 553
449 332 553
251 635
7 238 273
16 45 273
551 604 273
511 393
84 624
550 357 273
542 496
269 551
422 726
580 516
238 162
234 116
686 43 273
374 514
190 141 273
564 54
497 427
342 685 273
267 244 273
410 656
227 707
502 580
488 126
522 587 273
648 728
506 238
97 69
80 31 553
536 38
737 550 553
593 682 553
549 129
11 74 553
285 53
725 217
176 144
684 635 553
593 515
238 414
702 93 553
462 211 273
479 265
131 79
515 12 553
405 747
32 112
95 528 273
334 548
188 163 273
260 388
592 248
354 132
422 38
527 496 273
304 589 273
100 468
441 614 553
217 225
518 351 553
1 447
490 68
686 350
101 151
137 94 553
471 493
410 369 273
355 181
748 381 553
22 185 273
455 277
429 375
572 6
602 360
533 702 553
264 742
308 402
86 654
10 546
138 538
410 724
665 109
649 201
67 728 553
568 665 273
46 485 273
665 576 553
155 34 553
439 676 273
707 322 273
431 210 273
99 147
479 125
327 505
393 220 553
221 152 553
570 528
377 83
513 529
39 422 553
672 750
571 343
179 337
337 215
115 571
576 237 273
687 588 553
487 78 553
648 188
385 409
26 412
240 745 273
418 57 553
228 386
539 413
65 506 553
674 276
334 103 273
683 119
668 687 273
408 128
539 732 273
287 745
670 513 553
661 512 553
5 463
101 394 553
531 334 553
285 257
134 690
413 4 553
76 406
729 288 273
503 353
675 321
292 388
605 2 553
496 469 553
214 457 553
418 670
206 714
475 630 273
188 140
682 194
708 262
732 586
702 184
223 641
375 218 553
609 39
51 397
387 119
688 723 273
672 463 553
65 720 273
560 745 553
100 257 273
252 606
82 643 273
438 482
567 223
438 22
267 47
172 167 273
138 252
167 446 553
302 342
115 117
218 32
740 147 553
37 151
304 668
424 5 273
495 56 273
339 237
354 346
162 570
472 249 273
638 403 273
535 201
681 311
413 41
375 161
137 671
441 37
36 508
636 218
319 616 553
244 411 553
207 386 273
162 636
10 196
708 741 273
186 627 553
144 652
11 676 273
689 283
186 726
56 536
56 456
90 462
328 667 273
238 636
152 252
49 577
694 466
155 288 553
676 607 553
420 307 553
20 580
402 335 553
516 186
552 1 273
4 334
545 183
223 206 273
176 565 273
189 259
15 46 273
581 246 273
456 411 273
469 419
250 9 553
334 562
236 237 553
386 502
27 143
169 578 273
394 701 553
706 696
353 278 273
407 575
693 339
752 442
305 721
333 611
606 70
543 682 273
629 169
529 588 273
658 274
477 257
614 442
660 365 273
241 326 273
56 334
367 271
233 707
563 230 273
552 342
431 47
80 343 553
107 404 553
342 379 553
595 87
518 427 553
659 85
633 132 553
30 33 273
556 135 273
474 492
609 417
681 327
484 23 553
219 376 273
232 712
392 26
464 617 553
750 686
709 746 553
454 143 553
88 452
380 129 273
198 426
366 303 273
189 272 553
385 303
373 144 553
170 179 553
366 497 273
173 721
586 11 273
213 491
331 595
702 689 273
298 102
490 650
381 744 553
330 253 553
431 550 273
387 705
353 300 273
130 492
230 684
551 271
518 352
620 560
212 386
73 637
463 264 273
538 594
646 333 553
148 129 553
413 54 273
160 165 273
480 15 273
330 410
591 359
371 95
692 476
518 666
614 317 553
115 590 273
393 332 553
505 651
244 466
81 571
741 529
337 743
565 81
439 107
196 476
610 54
208 720
16 564
218 319 273
572 665 553
317 147
513 454 553
672 501 553
518 36
435 265
581 557
689 164 273
327 301
568 358
298 690
498 94
548 162
109 415
222 279 273
548 340
163 635
733 615
634 132
9 355
561 133
631 494 273
606 426
596 52
529 156 553
270 83 553
470 419 273
216 682
143 242 273
597 21
134 210
577 685
492 285 273
394 611 553
691 195
299 689
457 54 273
739 243
679 117
342 648
681 161
411 33
678 444
98 460
278 577 553
458 288
393 84 553
543 457
660 166
348 393 273
471 501
562 257 273
78 600
149 296 553
576 198
658 751 273
349 48 273
7 403
246 115 273
687 227
299 259
607 429
43 357
692 616
31 166 273
678 485 273
81 746 553
80 570
273 477
425 490 553
742 171 273
331 301
702 323 273
278 328
615 291
588 128
200 680
660 360
271 133
584 478
519 669
251 25
605 209
477 359
584 320
134 410
282 743 553
260 12
661 139
95 360 553
566 74
547 329
466 350
36 429 273
298 303 553
601 115
554 261 273
727 163
331 327
95 619
266 356
136 353 273
408 625 273
409 119
591 247
311 702 553
451 547
168 554
668 459 273
578 19 553
22 406
689 183
267 645
244 538
636 425 553
147 617
336 327 273
592 294
200 287 553
643 86 273
683 185
184 86
290 37 553
633 175
302 122
83 418 553
13 455
72 580
242 590
284 236
705 591
534 471 553
267 231
697 230 273
434 236
133 373
471 731
399 609
636 580
458 331 273
442 404
224 392
398 736
274 569 273
290 737 273
479 489
313 205
372 251 273
277 722 273
404 559 273
212 648
335 360 553
42 86
533 709
381 658 553
158 58
750 250
1 412 553
71 29
594 236
690 251 273
229 579
218 267 553
28 555 553
80 614
519 580 553
380 455 273
78 180
36 326
38 679 273
29 74 553
79 424 553
557 372 553
403 33
117 27
116 382
290 744
195 16 273
720 372
391 351
419 42 553
281 724 553
376 328
280 75 273
368 700
415 399
349 302 273
547 584 553
658 354
460 586
626 220
184 307 553
291 741
144 270
244 646
248 131 273
113 311
432 38
275 262 553
469 428 553
662 15 553
598 244
480 297 553
3 377
176 208
160 328
219 468 273
111 136 273
644 118
93 309
604 438
496 195 273
656 103 273
350 572
536 393 273
14 552
551 557
214 541 553
737 574 553
528 283 553
158 618
204 339 553
315 372 273
315 59
434 286
656 430
568 492
70 634
292 108
504 245 553
423 20 553
745 436 553
605 228 273
750 184
409 177
408 598
21 543
48 347 273
320 506
480 616
203 384 553
329 725
524 612
597 417
700 725 273
537 279
382 647 553
442 3 553
550 142
438 51 553
703 240 553
505 75
188 447 273
498 60
233 605
663 402 273
177 616 553
140 351 273
40 396
254 516
371 193
555 417
531 250 553
27 46 553
374 442
145 319
145 597
403 99
86 166
514 745 553
230 463 553
241 594 273
630 680
668 278
548 284
351 442 273
425 535
252 635 273
277 507
450 519 273
80 26
499 25
153 404 553
398 438
554 318
574 8
123 401
730 157 553
680 428
676 383 553
251 473
448 463 273
658 631 553
416 440
368 561 553
120 598
589 535
57 672 273
198 402
669 241
715 614 273
159 521
14 242
748 380
647 52 553
56 370
10 619 553
99 641
275 413
455 305
405 655
89 491
582 13 553
17 736 553
736 658
208 688
148 104
420 111 553
63 399
615 330 273
297 299
667 369
226 244
186 721 553
134 703 273
192 94
383 195
300 389 273
489 477
512 264
449 97
269 291
326 355 273
122 468
718 732
237 723
419 18 553
538 306
25 124 553
377 46 553
544 306
564 629 553
276 536
357 229
369 388 273
30 39 273
199 532 273
214 100
321 565
506 614
476 28
287 61
570 608
598 185 553
361 101
536 380
329 196 273
25 476 553
218 70
508 433 273
369 450 273
471 556 273
260 50
222 701 553
682 660
129 16 553
738 87 273
380 671 553
554 47 273
445 726 553
151 399
530 10
620 490
183 605
138 39 273
489 737
750 145 273
687 357
494 738
148 90
643 283
305 693
716 735 553
286 722
5 567
290 687 553
460 505 553
511 39
305 177
7 54 553
226 231 273
132 39 553
736 208
629 111
712 412
587 163
666 247 553
743 144 553
488 123 553
475 120 273
668 272
388 102
719 445
541 283
231 371
568 475 273
393 103
341 679
104 556
593 626 273
732 111 273
614 139 273
634 741 273
111 376 553
686 675 553
555 193
696 476
137 633
469 269
741 295
595 289
574 284
656 715 553
291 691
451 498 273
311 246 553
732 244
27 422 273
95 503
102 664
505 276 273
522 559 273
475 356 273
6 433 553
519 251
145 441
394 584
721 147
355 647
428 53 273
132 528
13 429
618 133 273
170 342
90 660
609 569
712 452
280 696
406 467 553
190 328
582 384
672 555 273
74 205 273
526 108
342 52
595 227
411 478 553
631 89
392 621 273
390 142
602 214
219 683
265 556 273
62 559 553
636 752
42 552
584 503 273
56 520
726 151 553
473 368 273
91 620 273
403 332 553
469 664 273
174 701 553
727 605
70 440
98 751 553
605 187
701 227
533 115
688 162
601 135
341 611
190 79 553
578 235 273
497 77
199 350 553
423 17
296 512
617 692 273
678 434
741 375
385 145
606 116
473 263
386 330
97 615
106 652
38 608
27 203
606 351 553
699 165
708 226
175 447
550 108
596 507 273
205 714 273
373 158 553
7 352 553
550 451 553
280 746
603 65
129 35
652 502
9 66 273
516 164
200 605 273
208 395 273
61 62 553
658 439 273
396 220
302 645 273
318 172
399 741
706 414
517 445
329 217
687 260 553
35 307
111 576 553
148 80
276 188
513 646 553
643 484 553
467 126 273
51 666 553
158 718
225 583
317 503
259 530 553
171 621
529 668 553
506 15 273
503 236 273
584 261 273
306 655 273
574 164
541 563
391 413
385 364 553
481 134 273
344 647 273
338 341 553
95 516 273
70 743 553
724 495 273
679 630 553
223 581
481 364 273
625 157
454 152
668 733 273
403 70 273
166 652
242 328
567 474 273
394 80
613 440 553
624 585 553
518 396
106 655 273
538 14
391 454 273
338 477 553
129 613
251 248 553
463 112 553
584 645 553
688 287 273
79 254 273
306 595 553
584 668
56 372
124 465 553
102 468
476 500
129 363
355 193
372 38
86 644
457 304 553
717 54 273
124 667 553
731 321
588 671 553
498 358
710 251 553
711 654 553
149 704 273
170 734
146 292
575 297
115 665
442 690
72 322
406 16
559 240 553
53 101
326 143 273
730 51 553
418 182
403 129
20 289 273
711 285
174 367 553
506 213 273
595 235
659 479
382 258
102 562
668 348
470 640
724 91 553
609 285
465 168 553
543 104 553
499 13
127 543
637 173
311 346 273
490 108
137 499
719 32 553
259 204 273
430 480
371 681
176 288
281 649
603 677
521 9
528 18
489 711
511 587
308 25 553
608 660
615 646 273
315 671
210 128
579 177
95 165
747 126 553
118 645 273
77 267
307 526 553
464 644
107 204 553
200 15 273
462 67 273
693 390 273
751 726 553
185 78 553
516 229 273
700 624
537 249
643 188 553
270 16
752 426
70 254
133 556 273
691 198 553
127 625
111 124 553
62 168
86 658
159 675
339 64 553
319 680 273
738 190
323 132 273
534 122
410 9 273
360 487 553
362 35 273
695 341
448 258
239 387
482 449 273
93 103
299 482 273
236 111 553
205 503
507 362 273
47 342 273
367 93
32 252
30 176
94 458
702 170
218 514
160 262
747 50 553
611 239
267 23
341 534 553
364 22
464 736
65 611
623 70 553
480 617 273
694 208
445 310 553
654 477 273
536 167 553
132 51 553
226 630
548 369 273
455 237
447 265
675 440 553
426 269 273
61 461
7 286 553
315 472 273
86 265 273
274 97 273
77 714 553
719 690 273
11 571
309 86 273
12 262
708 303 553
188 519 553
684 460
616 751 553
414 694
403 122 553
337 152 273
604 68
112 495 553
273 403
13 314 273
298 314
709 187
208 616
593 303
522 261 553
186 195 553
688 186
171 246 553
349 611
361 4 553
699 417
15 442 273
620 137 273
203 387
182 255 273
693 125
283 115
596 647 273
513 388 273
243 705
676 220
685 113
514 12
688 148
179 522 553
386 488
543 211
509 193
37 349
565 93
115 391
530 511 273
634 710
275 582 273
442 51 273
620 166
452 457 273
324 128
540 332
36 387 553
115 482 553
722 500
437 65
557 37
705 596 553
17 517
374 410
386 647 553
240 713 273
640 727 273
118 228
127 742 553
750 79 273
116 573 273
41 293
470 361 273
77 256 273
105 3
156 101 553
565 80 553
397 610 273
562 276
647 468 273
718 91 553
678 391 553
404 747 273
409 38 553
54 504
3 328 553
714 563 553
402 139 553
426 38
599 103
642 240
723 257
650 134
29 303
639 169
744 412
354 282
343 606 273
313 525
506 542
385 704 273
231 634 273
12 386
140 245 273
615 57
660 672
704 178
735 299
169 677
602 58
254 577 273
715 668 273
123 509
560 608
382 507 273
112 182
498 327 273
482 369 553
723 584 553
15 355
244 8
110 564
358 262
529 47
201 171
701 120 273
258 536
275 512 553
708 384
133 513
292 658
196 496
244 612
568 369 553
59 188 273
385 545
469 239
64 340
694 217 553
712 270
136 154
519 177
193 619
688 274
224 666
62 278
650 518
263 411
616 214
302 647 273
210 63 273
68 398
735 331
260 158
279 295
337 588 553
716 522
420 385 553
186 345 553
685 204 273
339 540 553
561 8 273
314 145 553
648 209 273
658 98
375 119
88 562
54 510
563 513
548 677 553
231 228 553
90 606
635 435
595 39
623 185
501 422 553
1 359
628 653 273
646 648
690 493 273
273 610 273
265 601
598 34
489 177
597 420 553
577 104 273
702 258
515 95
383 354 553
436 543 273
346 197 553
645 612 553
322 388
172 257 553
292 313 273
182 526
548 654
394 83 553
720 510
126 597 273
350 225 273
657 689
32 576
656 485 273
572 567 553
702 252
101 677
417 372 553
653 226 553
580 242
546 106
126 694
372 49 553
630 54
189 727
716 17 553
535 19
200 593 553
493 220 553
240 258
232 2
41 161
223 474 273
570 175 553
126 22
339 272 273
65 23
559 80 273
162 261 273
531 366 273
509 5
342 326
164 73 273
346 130
86 511 273
297 502 553
119 693
416 511 553
456 455 553
610 176
564 13 273
605 291
620 688
74 719 273
38 487 273
479 310 553
601 596 273
360 624
24 547 553
166 11 273
290 469 273
456 329 553
32 169 553
145 506 553
504 176
88 592
557 703
203 1
427 581
246 32
512 719 273
253 547
710 151 553
250 597 553
495 207
176 646
683 389
358 291 273
151 510 273
263 109
218 4
134 258
693 311
105 260 273
316 495 553
419 400 553
158 242
740 576
480 268
750 457 553
375 680 553
164 1 553
130 594
187 370 553
24 452
3 567
673 211
689 316 553
594 232
224 217 553
141 324 553
254 120
556 731 273
558 214
403 229
235 433
586 748
589 733
749 72 273
378 752
552 66
218 414
617 587
609 661
114 542
247 701
150 183 553
486 165 273
526 136
42 212
311 500 273
435 21
534 371 553
408 592
555 702 553
73 615
236 195 553
258 649 273
310 393 273
496 324
164 237 273
558 713 273
73 626 553
321 41
173 224 273
163 227
157 703
666 451 553
599 450 273
696 481 553
243 583
161 214 273
139 134 553
483 19
257 469
556 276
387 541
431 396 273
123 671
363 610 273
40 468
165 520 553
733 185
90 614
727 578 273
316 210
578 24
367 127
77 481
433 689
589 534 553
509 529
660 450
96 486
291 552 273
232 448
445 334 553
366 516
576 159 273
437 390 273
608 575 553
534 246
223 124 273
5 486 553
33 553
617 48 273
548 533 273
156 264
459 52 553
733 94 553
269 596 553
606 172
436 353 553
241 468 553
561 347
114 502
736 365 553
527 631
613 51
739 559
688 442
249 453
515 268 273
537 669
320 309 273
304 503 273
202 737 273
370 505 273
677 181
433 364 273
110 505 273
540 581 273
5 80 553
60 575 273
541 733
600 397 273
84 76
470 85 273
532 403 553
96 620
395 119
13 550 553
387 354 553
202 300
37 510 273
141 482 553
579 279
262 303 273
59 632 273
80 572
648 290
103 322 553
711 272 553
190 342
120 644
498 393 553
652 614
652 437 553
688 386
112 525 553
85 629
48 540
223 660 553
429 609
423 311
404 731 273
494 160
629 495
717 467
702 101 553
390 127 273
741 82 273
205 266 273
52 242
310 247 553
150 628
174 588
72 168
736 640
681 735
653 734 553
285 259
10 253 273
512 733 273
82 639 273
697 460 273
383 328 273
580 628
504 618
452 573 273
505 471
500 590
483 747
655 243
211 609
357 407
111 153
277 330 553
394 387 273
30 207 553
507 29
471 218 553
77 145
613 55
388 255 273
710 627 273
550 236
99 675
584 181 553
503 621
26 447 553
642 702
247 734 553
252 694
248 603 553
61 684 273
561 654 273
425 130 553
278 83 553
326 201 553
510 52
513 162 553
82 370
426 461 553
556 295 273
205 341
543 602 553
329 746 553
101 144 553
516 590
329 325
573 566 553
123 673
176 326
375 52 273
80 151 273
448 192
652 321 553
191 90 553
238 744
589 292 273
751 741
586 102
547 505
480 728
164 402
225 712 273
529 479
664 547 273
627 296 273
446 2
38 399 273
296 431 553
482 416
610 676
35 531
137 123
444 26
522 163 553
240 182
617 595
165 636 273
740 405 273
566 262
537 543
301 734 273
505 740 553
343 610 273
398 369 273
681 430 273
215 74 273
276 418
4 219 553
182 419 273
72 631 553
414 379 273
376 545 273
490 321 273
537 125
153 175
595 637
351 665
285 45
644 134
409 704 273
736 180
315 337
322 44
203 665
438 733 273
152 325 273
235 575
249 676 273
15 119
672 659 553
650 454
543 496 553
720 27 273
131 506 273
715 523
189 154 273
653 671
132 356
419 86 553
534 403 273
633 205
294 527 553
161 572 553
214 404
289 581
621 239
213 359
645 32 553
257 461
97 651
219 717
411 451
261 61
80 261 273
610 370
314 712
590 334
300 502
12 175 273
132 135 553
342 135 553
152 2
356 558
455 65
553 35
456 383 553
457 617
722 658
622 326
523 124 273
94 571 273
482 63 553
35 327
287 374 553
747 477
242 234
181 743
233 554 273
271 12 553
74 335 553
376 81 273
555 35
487 708 273
694 240
42 35 553
730 514
197 703
283 387
326 32
163 44 273
255 93
572 435 273
403 310 273
584 108
751 487
504 48
745 475
571 654 553
263 415
733 169
323 546 553
534 225 553
233 45
70 546
598 439 553
689 365
94 508
644 501 273
564 158
446 377 273
270 80
276 362
569 57
670 264
49 325
452 525 273
19 136 553
152 406
181 245
436 592
175 320 553
289 688 553
179 477
27 575
270 389 273
413 513
338 732
42 534
683 46 553
25 561
571 326 273
259 80 273
263 501
455 664 273
495 145
408 225 273
289 57
17 419
437 681
598 346
269 615
714 410
656 279 553
639 584 553
603 742 273
441 486 273
404 748
486 133 273
268 92
394 433 553
214 639 553
541 612 553
684 160
100 666
191 395
584 370
34 469 553
674 310
102 598
396 406
224 712
400 80
524 682
222 86
742 500
344 575 273
74 78
505 219
278 420
583 648 273
505 261
533 387
671 393
476 296
443 213
439 595
408 415 553
92 305 553
327 33
688 654
594 664
81 591
648 430
641 332 553
396 637 553
516 623 553
283 716 553
225 141
89 58 273
672 264
201 124 553
292 201 273
445 174 553
752 302
430 34
18 471 273
463 699
616 192
656 574
37 268 553
157 211
199 334 553
470 410
194 163 273
362 644
331 47
526 442
164 606
614 486
100 78
574 384
445 88 553
553 405
291 633
265 59
502 15 553
344 491 273
440 454
275 119
367 293
741 281
492 633 553
471 469
613 326 553
559 167
638 478
630 678
497 188 553
648 254
174 452
641 570 553
490 226
704 303 273
594 247 273
181 4 553
745 459
116 729 553
511 299
63 264 273
16 432
286 239 273
503 71
564 178
568 287 553
90 584
498 218
89 641
641 38 553
659 317
551 196 553
426 456
488 104
388 202
278 460
731 60 553
10 570
214 734
95 489
444 73 273
99 663
182 626
128 647 273
123 64 553
462 637 553
361 745
461 68 553
207 72 273
501 452 273
374 735 273
553 193
662 640
25 343
654 299 273
390 285 273
661 743
448 130
143 231
51 435
392 678
613 187
307 491
151 711
356 56
690 326
26 422
130 599 273
556 711 273
296 280
362 650
493 715
532 377 273
499 567
508 115 553
486 616
742 741 273
468 437 273
750 547 273
3 668 273
617 201
635 579
106 605 553
467 289
602 288
582 294
487 5
701 386 273
184 181 273
229 212 553
209 453
12 332
85 237
220 98
524 699 553
304 738
447 84 273
262 599 553
285 226 273
268 471 273
93 254 553
83 527
186 204
11 587
156 517 273
197 594 273
154 360
682 284
579 190 553
130 288
99 368 273
168 648
125 354 553
188 734
693 199
300 704
627 350 553
430 418
414 601 553
579 438 553
43 269
423 482 553
539 384 273
256 686
525 43
248 645 273
118 599 273
50 469 553
663 235
567 24 553
211 679
680 688
65 335
443 636 273
35 330 553
313 703
176 505 273
463 311
561 141
635 311
283 704 273
559 500 553
671 109
688 700
704 47 553
180 171 273
495 622 553
638 99 273
153 49
405 720 553
422 371 273
581 545
418 676
142 341 273
97 312 273
283 59
649 547
691 283
353 520 553
547 397
273 108 273
35 570 273
201 739
282 602
198 171 553
654 114
436 16
230 326
84 618
411 285
520 666
645 355
128 570
660 148
119 37
391 556 273
383 503
196 630
235 250 273
203 708 553
752 180
313 462 273
168 684
197 577
216 130
101 538 273
414 284
59 349
688 194
500 623 273
535 330 273
677 213
732 330
245 89
559 703
731 213
462 745 273
255 216 553
194 221 273
494 584
306 301 273
374 90
740 250
1 560 273
752 198
72 541 553
285 90 273
429 62 553
602 317 273
86 656
382 313 553
670 612
542 275 273
623 139
489 542 273
259 476 553
628 204
87 418 273
396 659 553
631 150 553
621 252 553
273 553
57 399
43 468 553
451 12 553
88 89 273
505 469
234 357 273
202 599 553
302 588
388 446
396 338
279 322 553
504 317 273
505 141
354 554
42 280
203 491
226 158
662 230
226 434
612 654
178 532
26 489 273
138 367 553
236 719 553
650 418
373 109
147 181
673 105
405 653
588 471 553
588 746
303 667
571 60 553
14 233 553
695 157
138 630
306 308
322 15 553
500 372
474 337 273
344 683 553
215 607
723 481
482 439 273
398 334
140 3 553
250 385 273
32 120
60 613 553
181 258 273
570 120
374 88
235 380 273
209 397
126 452
149 73
547 227
336 144
81 204 273
514 120
9 720 553
206 512
61 406 553
425 327
501 723
581 633
167 413
241 745
615 251
547 392 553
580 80
84 66
156 145 273
430 201 553
117 112 273
115 539
190 118
334 359 273
668 150
274 351 273
126 573 553
300 515 273
673 333
12 174
473 137
580 403 273
40 478
624 74
387 99
60 264
5 94 273
155 408 273
292 748
31 33
423 226 553
124 669 273
51 710 273
128 302
592 744
474 208
7 275
513 110 273
650 186
700 543 273
