75
155 156
183 185
169 171
161 163
157 159
149 151
145 147
137 139
133 135
129 131
121 123
117 119
107 109
101 103
95 97
77 79
73 75
69 71
65 67
51 53
49 51
47 49
43 45
39 41
37 39
23 25
17 19
7 9
189 191
191 193
197 199
211 213
217 219
223 225
229 231
233 235
188 190
184 186
178 180
170 172
162 164
154 156
152 154
148 150
146 148
138 140
134 136
130 132
120 122
114 116
112 114
106 108
98 100
92 94
84 86
82 84
74 76
64 66
58 60
56 58
54 56
48 50
40 42
34 36
28 30
22 24
16 18
8 10
190 192
198 200
200 202
208 210
216 218
226 228
228 230
