240 3702 155 189
3 203
181 135
102 48
145 231
27 227
20 200
170 210
223 15
40 240
47 208 189
20 218
139 212 155
194 2
38 16
128 40
96 216
192 182
22 172
58 77 189
147 239
179 119
52 162
11 236 155
108 24
2 128
31 187
184 126
40 132
59 155
122 196
164 64
104 156
56 170
18 12
16 22
92 144
225 43
142 208
62 240
52 236
163 39
40 213 155
85 233
202 10
198 236
104 180
183 65
92 145 189
124 30
42 232
238 34
135 223
224 94
88 84
8 74
172 60
52 2
114 212
100 9 155
112 92
111 193
23 181
183 125
7 205
94 112
156 78
234 110
137 11
144 186
54 240
233 19
211 117
239 23
45 233
208 100
39 219
18 42
134 56
124 190
1 21
211 202 155
180 1 155
4 163 189
9 192 155
40 224
50 238
215 222 189
69 215
197 25
42 236
43 159
26 232
56 180
42 182
237 82 155
211 71
179 147
186 60
159 131
192 60
238 210
17 39
211 224 189
141 221
162 230
75 177
126 229 189
7 147
56 24
26 153 155
209 45
39 187
117 58 189
114 185 189
84 236
141 147
190 203 189
222 38
238 18
14 102
57 189
8 202
227 77
119 117
173 207
24 198
73 230 155
80 12
142 62
220 26
225 173
144 86
157 17
46 108
225 191
197 77
17 199
185 122 189
205 159
91 231
30 240
160 142
64 8
177 83
216 18
228 2
114 179 155
238 16
62 174
75 195
83 239
29 237
99 239
190 132
232 184
222 6
179 213
61 185
209 7
154 184
86 210
204 11 189
125 195
103 195
120 10
2 230
92 104
82 135 189
199 133
95 57
25 189
128 104
75 191
221 209
234 184
53 41
218 134
224 84
233 37
186 40
158 86
149 61
150 17 155
192 10
24 144
83 39
205 219
181 208 189
169 95
233 29
125 58 189
116 88
226 192
27 151
20 44
12 110
217 162 155
86 133 189
113 165
110 178
165 61
35 207
1 137
237 1
168 78
135 175
119 68 155
132 221 189
61 7
142 2
13 227
141 73
95 127
48 94
94 58
205 33
16 98
221 5
57 100 189
16 212
153 12 155
138 218
13 107
116 5 155
45 60 155
30 213 155
143 14 155
159 47
194 20
187 27
81 73
175 99
207 134 155
148 62
10 166
4 52
22 230
131 91
35 11
12 239 189
65 193
235 51
225 193
34 148
215 25
197 3
20 10
27 62 189
148 182
6 224
157 5
205 43
211 215
26 148
55 161
81 108 155
232 32
99 197
233 69
232 222
50 208
33 157
200 49 189
201 15
20 182
150 46
38 167 155
230 38
162 200
186 240
232 66
201 220 155
93 195
39 229
93 236 155
84 232
201 92 189
41 175
23 57
231 63
122 10
29 167
201 47
24 218
66 31 189
239 15
87 235
42 94
3 239
239 27
161 95
154 228
39 231
17 35
219 225
228 113 189
222 40
88 226
66 6
84 172
124 20
64 204
221 139
168 24
178 152
121 233
48 70
81 161
208 130
24 196
40 118
215 125
215 134 155
27 213
205 15
4 230
178 186
29 5
94 226
14 48
27 73
131 145
223 99
1 201
137 149
103 111
140 188
14 156
21 141
32 202
158 154
66 192
227 63
232 2
146 14
5 215
98 182
11 235
182 138
154 214
129 109
37 119
188 28
203 67
48 218
231 27
210 104
102 42
205 75
52 238
206 32
113 213
118 212
171 51
36 130
180 186
107 23
231 163
224 240
98 50
146 107 189
9 221
237 213
218 104
10 234
125 148 189
132 26
184 164
203 38 155
211 231
193 209
99 237
57 143
211 26 189
27 135
109 47
88 102
33 203
221 31
22 233 155
200 122
130 50
68 176
101 45
53 231
189 139
38 136
28 208
21 51
179 3
168 62
189 199
159 151
83 111
10 194
194 166
169 61
239 69
12 43 155
10 118
232 82
215 45
86 44
206 210
222 188
114 104
27 167
150 39 189
13 141
225 35
87 55
124 10
178 28
120 216
79 7
107 97
150 148
67 209
127 25
229 15
70 216
150 154
89 41
38 228
99 23
25 79
29 169
41 121
225 64 189
173 35
18 60
163 136 155
190 90
56 64
172 58
62 190
42 230
123 19
208 24
220 44
37 153
160 80
208 62
236 80
93 125
104 56
231 15
5 45
198 240
12 186
159 19
221 63
12 238
148 187 155
75 1
200 32
2 214
236 90
116 165 189
81 13
104 2
206 212
240 150
149 15
40 183 155
25 131
134 148
76 100
114 116
193 145
141 168 155
26 34
228 158
34 101 155
209 17
124 54
219 53
11 73
143 91
62 66
208 88
223 77
234 28
66 40
180 60
74 188
95 191
212 86
178 214
193 215
172 46
97 157
56 186
15 221
170 58
240 16
186 238
23 137
122 39 189
37 1
217 85
205 59
22 210
55 207
8 106
1 214 189
67 221
82 228
131 101
78 66
62 211 155
35 45
4 38
130 196
177 29
128 125 155
42 157 155
5 14 155
207 19
181 25
206 82
50 156
83 185
48 115 189
235 127
17 83
21 207
240 138
73 211
98 10
195 39
174 192
207 9
92 134
147 139
98 160
159 23
86 216
52 103 189
96 158
161 35
168 4
228 194
210 50
195 231
213 89
168 72
36 232
232 98
96 82
41 181
46 214
110 32
202 46
82 196
194 156
66 198
220 236
1 205
101 237
196 81 189
140 230
183 230 189
51 147
191 29
116 132
165 63
67 197
27 95
205 29
228 236
74 144
131 1
238 107 155
234 34
99 201
162 192
29 215
103 238 155
100 217 189
47 188 189
47 184 189
69 37
199 1
16 226
7 27
28 238
188 66
80 122
135 73
3 13
205 65
239 133
21 233
202 235 189
224 42
71 139
27 173
52 120
83 40 155
33 231
174 6
129 71
15 139
129 72 189
54 101 155
219 91
157 235
116 52
157 231
102 237 155
220 10
61 216 189
201 11
163 69
35 203
172 98
31 62 189
107 7
225 9
169 77
28 195 189
7 97
213 57
192 195 155
116 178
179 15
85 35
128 116
209 119
27 233
213 13
144 82
142 192
190 214
84 165 189
92 96
114 4
232 92
139 131
41 11
17 91
240 124
51 71
116 68
237 153
58 113 155
121 90 189
86 237 155
9 51
220 4
21 231
39 65
190 240
190 126
93 187
196 136
115 159
173 51
182 40
56 4
108 52
115 239
232 70
24 240
214 4
94 192
204 104
48 183 189
121 13
167 17
177 35
163 135
230 34
149 151
9 66 189
104 132
9 165
147 209
15 225
86 93 189
162 100
235 173
186 16
84 82
156 49 155
213 97
37 82 155
74 2
202 22
59 20 155
128 48
237 187
80 56
210 186
61 131
63 11
68 92
125 227
79 19
5 35
162 6
141 225
143 1
61 75
108 84
102 52
43 19
106 116
8 170
84 78
76 226
159 11
138 24
2 134
231 238 155
134 239 189
238 60
5 191
18 226
42 33 189
22 184
235 121
115 237
41 235
39 51
71 39
203 85
165 51
95 234 155
170 62
153 145
82 190
64 210
30 52
32 218
232 137 189
5 217
64 198
182 80
130 198
151 19
79 179
32 16
135 205
123 55
221 227
231 17
64 92
144 137 155
118 74
97 233
52 142
104 117 155
142 127 189
221 33
10 226
167 87
184 77 155
176 24
150 179 155
105 128 155
226 52
91 225
149 99
217 193
96 230
230 14
75 73
195 57
167 41
155 29
1 221
11 93
48 186
15 199
89 99
35 183
180 83 155
183 74 155
116 138
42 208
184 173 155
126 5 155
17 161
183 151
162 79 189
148 164
238 44
97 79
71 231
155 3
12 126
4 23 155
198 8
61 147
56 172
213 175
47 213
7 227
237 26 189
239 9
88 234
174 216
33 53
37 217
86 129 155
92 126
56 18
125 193
171 164 189
1 48 189
238 82
116 4
232 99 189
149 41
72 16
165 223
161 61
48 176
132 86
78 126
198 140
3 199
181 63
29 235
91 100 155
100 226
97 141
3 65
1 177
5 219
195 87
64 228
114 233 189
151 102 155
89 159
28 224
141 12 189
2 109 189
217 35
37 203
68 171 189
49 77
101 225
221 73
131 15
101 213
146 216
173 237
118 88
132 44
212 56
230 33 155
5 235
147 171
232 237 155
240 100
26 162
73 137
235 109
106 32
239 11
115 227
28 129 155
186 58
149 91
117 69
156 33 189
98 8
22 64
9 95
31 171
7 185
13 233
108 48
56 226
128 180
139 62 189
51 14 155
158 100
62 112
195 21
200 34
197 69
122 180
27 219
130 61 155
135 215
67 85
194 52
221 45
140 174
167 127
30 63 189
21 197
138 120
151 93
234 8
54 10
235 33
39 81
119 217
152 197 155
135 184 189
204 33 155
96 90
2 208
22 240
184 151 155
12 209 189
55 147
132 128
175 3
74 192
97 57
74 146
236 6
234 16
223 55
221 85
217 71
237 45
12 216
141 77
209 151
156 98
26 75 189
82 154
209 51
202 72
101 67
18 138
174 61 189
19 221
186 6
208 10
200 35 189
14 197 155
134 84
233 137
127 215
33 177
3 235
178 212
201 83
133 122 155
45 218 189
32 214
130 184
8 230
149 85
227 159
225 109
123 207
52 76
26 130
59 93
195 171
150 108
236 114
235 61
209 174 155
52 150
34 105 189
143 75
54 210
6 230
35 189
240 46
100 198
48 59 155
137 77
135 139
70 111 155
70 96
134 51 155
171 227
128 73 155
78 214
144 222
191 15
50 220
163 129
146 150
158 52
146 66
197 31
99 31
161 207
238 42
48 238
231 78 189
208 64
167 143
56 86
26 224
127 219
60 240
71 65
66 160
51 221
197 205
194 152
195 67
115 163
77 189
69 181
221 115
18 199 189
63 115
238 32
216 123 189
9 151
97 155
200 28
8 76
108 240
8 32
156 232
57 167
138 4
24 70
166 61 189
121 28 155
16 222
204 120
233 199
153 39
51 55
145 11
212 202
33 143
107 151
229 137
85 21
105 119
13 171
104 4
85 37
100 26
114 18
197 97
162 106
119 233
117 106 155
152 112
31 81
151 211
71 191
108 96
45 231
217 11
236 116
117 186 155
29 93
102 196
76 146
196 84
70 84
13 173
44 70
206 68
37 169
88 126
221 13
223 232 155
126 111 189
184 183 189
233 187
140 130
62 105 155
58 188
74 4
145 146 155
3 167
13 217
71 35
238 20
90 89 189
133 209
179 47
187 109
46 12
25 45
191 197
209 93
143 2 189
188 90
121 173
67 226 189
168 8
73 133
41 239
228 203 189
48 5 155
31 225
237 87
2 240
216 220
66 240
223 31
55 197
135 145
45 99
30 148
202 6
200 54
171 213
122 230
37 41
79 233
233 14 155
146 16
201 17
80 84
21 232 155
102 116
192 166
210 56
191 107
205 9
139 37
158 4
31 113
137 4 155
209 155
100 78
85 181
217 208 189
27 22 189
203 55
63 201
79 145
202 209 189
66 21 189
136 15 189
209 83
167 227
120 142
120 92
87 175
83 3
162 8
227 155
29 175
147 45
27 147
76 230
68 4
184 238
150 203 155
36 178
42 112
179 207
183 162 155
15 207
211 5
47 233
75 5
235 1
168 116
82 106
27 209
128 150
230 131 189
60 224
183 25
121 72 189
172 5 189
202 64
170 156
47 5
37 163
77 88 189
115 107
71 157
176 238
225 151
231 47
205 11
182 15 155
37 181
236 60
65 107
179 73
117 27
130 24
158 216
171 221
10 92
107 171
60 188
30 178
229 1
212 188
51 49
98 120
45 139
39 147
185 117
173 201
225 39
111 165
120 240
201 161
220 136
143 129
190 44
189 11
223 63
3 231
55 157
105 17
224 20
84 184
237 31
53 79
172 2
89 166 155
19 195
205 189
172 79 155
144 206
24 234
46 226
21 2 189
17 183
103 133
126 180
223 225
218 91 189
2 17 189
154 220
216 82
138 208
36 50
108 200
188 106
123 105
58 60
222 169 155
135 98 189
42 103 189
57 25
236 108
4 236
180 34
196 228
103 21
201 98 189
80 44
90 166
176 104
222 230
202 30
156 18
28 226
103 151
141 5
208 75 189
141 130 189
139 77
111 154 155
41 199
195 13
22 68
105 199
114 40
236 156
202 230
104 164
191 129
44 222
209 41
103 91
111 37
98 12
164 54
195 106 155
63 159
52 200
183 119
161 233
51 53
215 78 189
164 158
214 109 189
101 103
168 10
67 239
39 149
173 105
57 144 155
144 65 189
148 188
165 235
175 185
235 179
229 13
106 20
85 191
221 176 189
125 45
211 109
204 156
44 166
153 121
131 125
50 206
180 226
14 216
100 228
239 43
155 211
237 177
64 173 155
49 163
183 31
233 190 189
96 72
171 117
35 231
43 177
22 128
235 79
201 29
196 187 155
112 174
58 56
187 114 155
167 203
192 80
196 8
213 135
64 137 189
226 118
113 215
11 165
6 220
227 238 155
118 215 155
176 97 189
190 54
104 41 189
150 227 155
202 52
4 21 189
157 7
56 148
207 59
198 232
38 220
200 113 155
162 184
181 133
211 101
81 33
52 232
108 23 189
46 216
107 53
106 108
8 10
111 60 155
38 46
64 130
174 202
221 122 155
192 12
215 1
194 24
45 111
236 62
239 103
90 226
205 24 155
83 23
230 18
42 204
200 72
207 14 155
158 74
148 214
155 131
238 36
63 58 155
3 229
57 52 155
189 27
201 81
87 233
30 232
36 5 189
178 34
57 103
20 82
195 35
104 178
32 27 189
171 42 189
31 129
33 175
43 209
11 141
100 220
62 196
179 35
190 4
222 60
205 185
4 34
30 42
213 19
83 195
98 100
228 34
180 8
156 168
97 61
220 138
146 4
183 9
103 87
31 227
224 16
2 224
32 204
44 170
74 191 189
78 16
203 69
202 102
157 108 189
12 170
10 11 155
23 149
104 142
21 202 189
136 168
39 119
215 149
26 176
188 156
194 132
224 34
99 217
157 52 155
214 211 155
12 162
154 144
32 148
24 142
204 126
7 15
51 239
57 137
84 52
196 6
231 37
190 76
56 173 155
36 176
239 59
178 32
223 87
227 9
90 195 155
48 208
204 180
71 175
83 171
98 68
189 101
19 129
140 160
214 226
236 18
48 166
228 74
147 11
184 163 189
112 230
95 147
22 40
150 24
76 75 155
31 19
4 208
154 12
105 137
157 175
220 24
211 75
132 72
113 13
31 85
28 145 189
61 229
182 70
61 121
121 201
20 234
2 136
85 172 189
137 237
96 238
105 177
146 200
239 221
130 240
158 7 155
58 224
17 87
106 230
139 3
75 7
65 125
187 235
69 167
57 205
220 3 155
226 12
209 215
114 110
228 208
14 118
115 228 189
101 191
89 187
218 194
238 4
125 220 155
25 21
122 38
29 7
238 8
67 57
141 95
11 139
238 180
11 155
171 239
130 150
30 188
32 118
187 229
18 190
189 131
224 138
10 230
134 193 155
81 103
133 60 189
98 101 155
121 17
51 15
40 44
214 196
237 33
84 210
71 75
217 19
138 148
159 157
14 220
194 6
140 240
1 213
73 143
48 234
118 219 189
239 7
86 39 155
166 218
224 126
51 169
186 106
188 18
197 133
216 118
49 45
215 47
115 5
119 20 155
11 161
208 7 155
136 134
238 2
215 57
213 127
221 159
55 151
201 229
9 195
15 5
177 17
164 52
183 1
28 212
149 89
84 16
83 133
236 2
240 32
118 166
8 226
88 142
103 210 189
23 77
36 202
237 3
181 19
66 222
218 188
159 17
126 48
214 36
105 240 155
227 1
9 171
3 77
203 97
215 77
65 199
79 129
35 61
62 188
49 193
122 182
2 108
51 129
161 13
192 8
97 100 189
74 205 189
125 34 189
133 235
153 213
207 143
161 231
25 196 155
64 94
225 23
95 96 155
146 51 189
141 47
15 89
205 121
59 229
220 152
213 7
233 221
155 156 155
139 177
170 69 189
35 130 189
16 180
186 30
128 192
2 38
240 6
146 108
140 166
65 177
215 49
58 208
134 176
198 54
57 173
28 236
197 106 155
180 40
19 171
167 155
49 145
165 13
186 130
9 34 155
5 193
59 1
218 16
173 197
165 53
25 229
4 18
35 133
158 129 189
12 136
78 30
80 7 155
106 94
173 213
53 125
48 73 189
138 214
172 40
112 168
176 93 189
162 237 155
33 83
37 141
223 30 189
126 58
24 80
236 68
79 163
210 88
80 154
60 212
154 54
123 85
39 9
74 234
199 107
15 73
44 136
48 110
37 171
3 227
106 132
66 118
78 4
205 23
9 57
46 56
115 31
175 231
87 99
51 63
28 197 155
152 52
135 236 155
62 224
196 16
148 44
22 234
153 57
201 38 155
59 221
190 46
8 61 155
17 215
204 18
228 75 189
145 47
158 80
70 188
135 65
155 64 189
46 203 189
99 159
56 216
172 198
203 101
11 191
220 209 155
21 139
221 41
177 124 189
33 129
41 75
24 110
204 16
120 14
207 27
157 1
165 233
57 237
99 231
148 20
28 164
100 86
37 237
106 220
196 206
91 121
172 153 189
189 193
185 79
141 40 155
97 151
12 230
62 200
43 219
139 238 189
123 137
172 106
27 67
200 51 155
181 207
135 71
72 188
156 154
151 95
160 69 155
188 201 155
7 77
18 6
198 14
56 92
32 100
59 167
123 121
105 165
216 32
93 150 189
236 10
228 32
100 238
239 1
72 160
28 186
201 67
136 124
131 207
161 43
161 31
16 162
222 64
206 48
165 79
82 50
107 197
32 138
137 25
53 85
93 13
178 121 155
237 39
90 57 189
71 207
218 14
151 5
107 41
76 218
76 214
41 237
124 186
142 200
220 101 189
155 61
58 238
230 205 189
41 217
58 228
56 90
113 48 155
164 76
93 92 155
42 20
138 234
132 149 155
128 193 189
47 88 189
54 2
74 184
203 39
1 163
138 10
40 210
99 79
48 140
18 218
190 186
12 205 155
28 4
128 234
119 77
40 218
179 88 155
36 125 155
17 187
208 194
229 148 189
137 163
52 104
207 11
79 133
178 206
212 106
132 123 189
18 164
212 225 155
235 107
35 153
159 75
187 61
216 160
4 198
148 55 155
148 105 155
127 26 155
98 62
42 218
42 4
185 65
229 21
28 220
55 135
16 62
21 192 155
53 191
163 55
216 10
197 198 189
61 211
100 150
81 217
156 92
85 141
184 46
64 109 155
214 8
199 45
175 211
100 171 189
122 205 155
215 139
49 147
225 159
203 91
197 9
32 134
143 111
22 190
206 177 155
87 50 189
58 191 155
156 235 155
92 127 155
223 71
227 25
209 213
231 41
133 141
176 2
223 207
105 205
56 26
150 44
5 239
127 222 189
26 234
104 160
172 52
82 167 155
235 9
141 125
181 123
219 95
98 208
73 224 155
206 230
62 32
58 45 155
143 41
36 64
193 167
12 222
237 131
186 112
225 57
223 27
167 79
55 105
15 127
163 19
32 92
123 147
67 235
29 221
23 221
93 103
218 100
117 217
59 218 189
51 178 189
221 165
185 191
65 119
158 132
157 99
33 228 189
159 163
15 163
237 65
113 129
220 239 155
233 11
44 68
129 192 189
233 23
67 185
69 101
63 23
23 161
101 132 155
81 229
198 142
151 239
171 135
231 59
88 194
33 209
224 228
210 66
143 79
109 165
204 8
158 34
220 30
68 240
64 48
100 232
240 206
199 68 189
138 60
80 213 189
172 206
78 14
45 79
159 185
165 97
231 105
161 229
221 213
227 188 155
226 236
8 216
37 225
224 169 155
204 212
97 215
8 218
68 48
234 64
161 137
3 151
236 196
61 102 189
101 155
167 37
59 129
140 72
176 18
104 112
25 51
50 192
232 120
16 126
213 103
170 53 189
142 91 189
84 230
180 102
45 195
114 142
63 155
83 98 155
155 107
151 88 189
32 236
35 134 189
114 224
204 106
102 218
31 127
196 12
62 108
2 184
144 116
58 124
182 121 189
45 63
220 90
13 181
240 26
163 196 189
52 124
187 209
46 142
237 23
142 92
25 231
237 125
1 101
190 74
197 163
45 91
219 34 155
187 21
168 232
172 64
135 131
2 182
94 180
211 21
68 219 189
216 136
240 64
189 107
224 8
236 38
194 14
107 89
11 123
150 215 189
112 105 155
179 76 155
132 184
130 48
129 208 189
176 46
50 218
96 144
115 203
78 142
213 29
155 109
196 153 189
204 4
205 69
140 82
118 1 189
159 21
46 132
22 196
121 7
174 44
60 12
51 225
45 161
230 40
39 127
201 5
17 57
210 178
212 222
35 103
192 58
170 144
93 163
43 179
199 77
26 180
215 39
192 102
220 134
173 199
218 140
5 237
150 66
171 202 155
55 101
15 169
77 30 189
182 211 155
30 230
123 71
104 130
222 178
92 202
128 36
216 72
11 231
161 39
203 65
204 22
12 42
181 117
157 47
190 192
128 218
174 82
41 223
84 20
142 115 155
175 225
208 148
163 173
77 203
195 53
48 221 189
92 224
180 124
227 117
91 187
177 25
210 4
235 233
237 89
156 34
178 54
27 61
110 204
197 115
237 9
50 158
203 19
37 101
201 31
128 108
119 45
87 170 189
224 12
10 232
53 109
8 240
59 225
184 190
138 8
51 133
19 206 189
105 51
128 220
133 233
60 146
133 11
39 23
169 43
137 199
174 180
127 197
26 106
110 182
17 207
229 85
53 226 155
37 221
233 63
211 141
11 31
14 204
179 204 189
118 139 189
110 14
224 88
124 50
204 168
107 109
85 235
164 34
215 59
144 20
25 233
212 10
40 232
181 51
230 80
227 207
140 148
172 217 189
199 221
156 85 155
237 47
33 125
122 234
103 233
225 41
201 210 189
93 233
80 238
7 236 155
115 150 155
132 144
240 226
172 12
184 40
111 229
153 204 189
117 175
136 16
240 151 155
165 231
200 5 155
178 22
184 20
150 18
106 208
140 98
134 123 155
94 184
234 76
7 233
225 29
135 69
209 35
220 36
65 231
132 206
8 236
239 37
24 152
163 215
123 161
129 93
159 211
13 237
6 126
145 176 189
230 16
239 186 155
188 192
230 142
225 70 189
115 116 189
70 136
211 227
111 73
227 41
90 174
41 177
58 44
28 150
57 171
70 183 155
165 47
35 139
131 81
176 6
70 92
3 61
5 33
142 76
1 153
233 229
34 44
12 211 155
73 33
199 52 155
168 169 189
43 237
72 142
209 1
240 172
211 19
224 44
173 25
202 4
147 224 189
217 194 155
90 162
198 28
117 86 189
36 15 189
108 76
96 6
173 1
30 181 189
146 46
210 134
74 38
234 54
131 69
112 20
39 31
197 59
14 171 155
230 47 189
185 220 155
81 113
36 60
183 13
51 23
73 129
124 204
81 145
130 17 189
218 88
116 96
108 238
173 49
19 51
7 98 189
161 239
62 226
1 203
27 221
103 229
55 35
163 239
5 163
205 21
20 235 155
108 230
9 175
42 234
183 187
101 82 155
152 83 155
67 175
237 93
112 114
228 46
226 6
205 3
53 207
215 205
18 157 155
124 104
128 80
113 1
45 43
5 65
126 192
181 35
60 182
129 101
23 144 155
188 26
136 14
87 199
58 136
6 206
84 106
235 189
213 25
20 230
24 30
1 107
204 89 155
127 205
238 54
4 222
227 83
55 109
207 99
77 79
118 140
229 7
222 24
47 16 155
39 217
69 161
6 77 189
49 179
184 42
90 25 155
219 1
7 165
160 168
200 3 155
239 149
221 181
129 3
194 111 155
63 137
15 117
66 220
104 141 155
23 193
118 102
180 28
222 26
39 41
40 226
168 52
53 235
54 188
69 199
6 192
205 169
13 89
201 143
236 40
54 170
15 19
7 187
228 23 155
149 217
105 239
62 90
119 207
156 223 155
51 187
44 216
128 120
149 161
234 66
24 6
38 62
198 98
31 233
90 140
57 131
52 144
154 62
144 118
212 38
29 219
231 5
119 81
83 179
166 96
12 156
82 218
217 31
11 237
103 193
207 7
51 35
229 33
162 20
179 21
38 216
204 112
190 32
1 105
20 70
223 133
22 208
19 131
179 95
240 136
154 28
212 238
25 65
165 121
181 107
238 38
30 234
29 193
229 193
22 222
56 88
82 102
120 62
25 239
200 4
76 162
58 168
126 197 155
7 142 155
57 41
35 147
125 143
193 77
186 44
5 106 155
191 63
208 214
74 230
82 182
189 17
108 55 189
70 226
201 153
98 220
135 33
124 24
180 74
151 29
101 81
20 23 189
14 100
208 60
202 222
200 6
148 50
15 157
43 3
46 179 155
46 230
96 10
188 80
103 182 155
221 217
11 221
74 14
58 34
35 93
202 34
140 94
85 50 155
35 15
219 59
184 102
68 36
226 42
187 71
129 105
105 5
59 138 189
10 200
205 220 189
52 68
206 98
130 162
204 46
107 39
222 118
239 95
232 181 155
90 8
131 239
174 84
21 106 189
67 229
163 216 155
16 112
227 39
230 82
152 182
50 178
176 14
75 51
129 62 155
178 166
170 65 155
17 235
143 77
57 151
2 218
135 197
18 208
8 232
109 78 189
65 51
230 200
65 194 155
55 229
59 203
206 133 155
140 136
124 160
224 18
2 190
23 165
133 120 189
48 32
91 107
166 64
112 216
209 99
1 20 155
9 233
69 71
51 229
136 9 155
206 185 155
23 173
63 31
119 83
104 235 189
147 203
87 15
99 49
227 89
158 236
96 66
211 35
191 115
225 71
70 198
145 13
46 84
222 110
195 209
226 2
183 29
17 171
205 228 155
30 158
149 219
55 141
174 28
79 239
1 111
57 49
67 237
107 227
21 201
139 53
199 73
144 18
178 90
197 17
107 229
12 240
103 9
199 193
230 128
67 159
235 154 189
34 94
153 59
29 197
92 41 189
170 108
222 2
27 85
92 38
176 164
112 226
150 165 189
122 206
19 71
29 231
109 150 155
125 171
240 84
30 48
174 154
187 224 189
70 196
15 12 189
179 75
9 229
106 4
184 192
11 195
215 63
133 49
84 4
53 205
73 209
4 240
84 12
94 186
36 32
126 170
221 7
146 42
227 11
178 12
227 190 189
196 26
50 146
168 152
93 141
151 73
166 14
184 53 189
232 94
160 204
55 77
92 5 189
62 212
16 164
62 68
222 154
186 158
165 173
82 162
224 96
231 7
125 122 189
166 156
20 166
170 60
225 17
171 188 189
166 4
132 183 189
40 200
120 182
85 125
201 3
202 82
8 108
155 7
185 40 189
144 44
186 38
15 215
41 169
72 118
75 57
228 4
27 232 189
41 132 155
48 15 189
110 219 155
48 228
115 222 155
213 11
174 16
199 91
82 236
228 18
117 209
26 198
53 153
185 123
18 132
99 131
181 138 189
14 93 155
20 226
222 32
171 115
206 96
47 239
23 200 155
185 121
73 99
218 15 189
91 200 155
87 49
196 56
33 183
57 31
29 91
105 135
27 1
55 132 189
122 92
29 229
190 113 189
18 191 155
9 123
79 17
126 17 189
69 177
22 212
24 178
76 136
22 200
47 102 189
208 6
216 36
3 221
225 1
216 47 189
144 172
106 74
165 175
227 158 189
55 211
1 191
172 170
25 167
181 81
219 3
240 28
37 149
12 129 155
76 194
26 186
215 133
77 18 189
3 149
109 136 155
36 166
76 184
183 111
211 65
220 80
221 39
208 80
11 223
60 152
114 206
15 197
174 105 155
196 86
206 130
74 193 189
235 31
121 151
29 113
172 86
204 56
27 237
74 138
222 46
233 43
2 139 155
210 60
107 123
192 138
62 214
121 21
202 104
146 78
98 76
186 110
147 194 189
86 84
45 137
161 33
105 197
137 47
208 178
174 58
62 87 155
200 8
200 198
24 39 189
12 204
56 188
9 1
115 46 155
3 215
17 221
85 55
224 192
73 239
223 33
94 205 189
193 220 155
70 110
34 98
34 74
81 133
194 98
158 56
11 97
51 233
188 16
21 97
225 113
207 208 155
170 2
13 239
40 100
16 5 189
182 78
227 124 189
80 116
175 199
163 3
65 101
152 228
27 91
221 50 189
117 194 155
43 199
76 223 189
101 235
113 107
215 141
42 96
111 39
34 151 189
70 230
170 154
50 166
231 183
236 50
171 41
210 222
180 199 189
15 183
184 58
158 190
60 168
54 56
146 27 155
221 189
35 215
204 134
94 24
183 117
94 90
34 96
23 223
133 45
79 228 155
79 117
123 41
44 234
153 189
26 214
221 79
124 42
23 151
14 56
205 77
235 27
165 65
53 183
228 166
162 56
87 68 155
100 140
18 140
240 134
62 63 189
141 219
24 224
55 99
101 25
45 227
25 211
1 179
72 228
50 6
180 4
28 190
81 188 155
178 18
89 173
82 234
206 108
239 236 189
85 175
59 209
208 43 189
206 44
50 48
220 229 189
143 239
115 122 189
108 222
13 157
98 44
105 113
4 194
4 164
83 182 189
116 87 189
211 129
8 210
121 15
48 45 155
173 113
203 225
91 193
209 13
210 20
137 69
218 106
123 78 189
100 74
107 152 189
235 230 189
204 10
23 35
240 10
171 110 189
5 233
232 20
33 121
228 1 155
158 172
217 1
142 218
88 134
144 119 189
109 153
181 115
118 87 155
229 11
229 179
45 232 155
117 223
31 205
153 215
68 34
30 168
27 49
185 74 189
4 234
20 16
176 206
222 156
69 9
2 156
225 40 189
135 113
1 207
130 70
90 14
155 49
223 7
119 191
51 170 189
16 202
11 185
101 96 155
153 33
123 205
23 79
34 31 155
234 130
106 201 189
186 80
13 87
152 48
72 82
217 23
13 231
218 204
214 34
145 6 189
60 206
165 25
187 181
11 27
40 162
227 202 155
236 104
194 170
204 177 155
136 150
68 178
196 170
231 129
211 7
63 175
5 223
158 176
62 221 155
132 196
236 44
72 186
223 1
236 36
27 162 189
78 236
217 53
210 6
122 226
69 217
126 238
165 135
90 182
232 34
155 83
134 168
42 158
51 89
234 142
71 203
55 98 189
86 150
67 199
173 47
178 21 189
227 87
35 205
7 110 155
13 139
98 187 155
192 26
220 192
26 76
37 215
196 29 189
129 83
7 237
166 102
35 95
239 108 189
3 24 189
218 126
224 184
149 153
6 216
190 14
62 36
97 51
89 178 189
140 150
202 200
162 132
188 118
160 128
86 130
197 13
14 227 189
163 71
118 198
236 216
84 229 155
87 117
233 81
158 232
31 181
150 70
70 214
116 198
222 130
4 218
233 115
21 127
44 94
95 155
121 25
10 218
75 58 189
145 187
28 232
141 231
54 208
32 198
21 237
220 130
226 58
11 53
227 153
216 88
217 57
137 157
173 21
62 219 155
140 20
225 21
214 90
28 222
155 239
228 184
76 232
1 231
7 149
240 20
143 137
1 149
8 228
71 193
174 45 155
191 65
191 147
143 174 155
143 44 189
153 191
224 23 155
67 225
236 12
8 128
237 135
140 50
68 42
11 143
150 198
201 79
84 202
6 238
193 35
58 216
117 215
45 173
57 146 155
3 225
14 172
215 27
29 165
206 81 155
205 61
221 49
67 93
60 90
39 151
100 186
82 68
18 200
69 201
190 24
220 162
179 223
1 233
39 59
238 162
65 228 189
199 141
232 229 189
49 69
159 183
158 22
10 126
21 193
190 16
154 87 189
134 4
16 54
36 226
112 34
231 121
225 55
58 115 155
46 238
13 185
131 9
41 117
225 19
18 36
220 84
155 201
210 174
120 230
120 166
228 226
232 118
169 227
116 210
164 162
230 72
228 160
140 172
216 186
217 91
112 84
2 100
71 36 189
39 91
236 170
185 135
67 169
226 26
2 198
158 90
124 182
60 150
11 187
77 17
62 222
224 10
216 90
34 130
68 186
122 118
2 204
62 115 189
116 233 155
32 115 155
176 32
140 116
13 235
174 132
72 55 155
219 33
231 135
73 171
224 22
152 151 155
36 230
197 111
212 6
203 93
74 76
50 202
36 224
39 120 189
218 68
90 148
227 135
168 208
234 12
60 10
35 235
182 218
177 63
115 83
178 46
184 63 155
119 22 155
211 29
15 237
49 75
21 191
213 91
14 42
122 192
231 111
223 198 189
115 75
174 26
234 80
95 180 155
215 237
127 146 189
199 25
227 101
109 173
33 213
7 219
222 8
228 108
214 10
14 202
214 18
210 112
14 114
17 227
169 75
57 141
73 42 155
135 153
113 17
185 51
233 32 189
104 21 155
33 97
228 6
221 231
82 87 189
223 3
65 141
142 202
210 152
53 193
22 182
214 94
108 232
228 28
14 168
223 25
147 201
13 10 189
62 173 155
195 25
68 100
108 210
163 23
228 36
149 63
204 28
215 157
219 57
187 60 189
61 125
183 121
149 127
112 46
115 153
40 71 155
110 192
178 175 189
57 193
146 11 155
185 171
190 42
118 34
81 199
39 129
68 150
91 54 155
178 216
165 141
219 37
23 167
30 194
5 202 189
163 109
24 230
139 51
86 126
99 27
34 132
238 10
238 132
53 239
39 230 155
37 113
229 155
239 93
50 224
83 145
170 22
162 94
121 109
233 17
157 35
151 7
235 21
24 98
154 162
205 151
31 167
235 15
177 77
132 4
194 44
235 91
24 182
235 23
209 231
230 60
13 95
171 60 155
74 174
35 185
104 24
228 216
148 139 189
180 6
239 17
124 218
9 211
53 223
8 78
101 231
142 206
85 185
55 34 189
141 179
129 25
6 182
206 218
13 219
56 74
171 203
226 24
125 4 155
142 184
114 120
17 169
170 20
21 217
224 90
110 194
1 193
105 71
194 115 189
162 182
35 197
192 40
231 9
215 70 155
177 39
182 116
54 156
7 137
146 132
138 172
105 85
49 128 189
109 131
18 240
134 120
227 5
160 222
43 127
181 55
147 57
133 93
127 170 189
236 154
26 236
78 20
70 224
236 20
31 105
88 190
84 222
172 223 189
99 1
153 85
28 177 189
79 231
64 12
158 196
59 37
131 231
160 60
153 27
35 41
22 21 155
53 39
77 59
82 32
17 237
130 163 189
78 190
62 178
42 36
183 45
143 17
216 166
55 129
15 193
22 218
200 126
34 168
64 206
132 10
3 187
36 142
230 56
24 162
237 185
80 198
239 29
181 11
28 110
219 9
217 191
17 139
137 62 155
204 184
75 129
22 198
206 4
156 16
130 102
217 61
42 10
198 67 189
48 194
132 84
130 80
231 81
196 42
96 218
16 220
109 207
130 20
184 30
112 228
61 23
40 228
23 177
38 82
173 80 155
45 211
69 222 189
32 130
208 92
13 21
42 118
161 219
57 231
179 71
73 61
4 232
213 5
41 15
173 123
240 44
71 117
16 210
228 148
229 200 189
8 153 155
22 236
80 25 189
18 222
20 94
167 123
79 41
42 180
62 134
203 206 155
55 239
14 66
16 116
227 55
207 29
229 49
208 36
135 176 155
141 207
124 232
169 147
26 50
165 171
112 200
204 54
194 134
113 91
234 6
91 23
207 41
238 24
22 232
17 103
236 94
39 205
199 143
40 214
22 216
101 57
201 174 189
125 214 155
158 174
210 138
99 189
228 10
84 35 189
136 236
209 47
205 109
113 171
8 81 155
214 98
156 130
121 223
17 205
102 112
206 186
14 234
19 30 155
126 212
30 183 155
15 227
9 157
39 201
24 20
48 103 189
228 181 155
46 66
129 145
121 138 155
188 4
234 2
146 40
104 38
181 199
6 64
20 4
