310 1581 37 157
157 170 157
292 246
36 202
224 38
284 171 157
192 181 37
88 173 157
19 119
224 14
271 84 157
5 303
62 157 37
222 158
197 206 157
262 309 37
81 264 157
12 250
172 131 37
97 307
245 244 37
228 183 157
27 241
46 309 37
131 104 157
10 280
268 153 157
205 256 157
271 144 157
193 59
94 224
259 1
15 282 157
185 34 37
310 205 157
258 248
82 191 157
300 11 157
205 184 157
6 246
271 258 157
285 245
95 62 157
86 96
185 35
41 8 37
113 310 157
55 79
302 8
277 219
276 207 157
25 279
40 210
208 279 157
63 41
155 294 37
301 151
299 127
189 305
117 235
230 255 37
139 102 157
268 184
63 259
49 292 157
54 17 37
140 248
290 94
119 72 37
149 309
11 285
211 19
156 188
296 266
3 257
105 50 157
87 222 37
79 231
176 60
28 302
200 31 157
4 232
86 65 157
35 72 157
97 128 37
43 252 37
124 179 37
208 30
177 92 37
72 185 157
15 217
63 227
1 144 157
56 85 37
207 303
220 159 37
257 1
221 80 157
285 71
205 295
36 123 37
31 2 37
19 157
295 3
206 87 157
80 26
24 96
189 75
14 248
93 182 37
224 23 37
174 102
227 173
24 278
95 250 37
243 4 157
109 190 157
182 99 157
285 224 157
131 38 37
73 205
85 221
74 263 37
93 300 37
255 113
27 189
163 52 157
187 180 37
55 159
42 140
1 147
284 61 37
75 297
104 4
51 245
151 116 157
117 262 37
62 83 37
244 260
290 18
216 82
86 277 157
123 266 157
127 231
176 89 157
299 118 37
209 287
216 85 37
157 14 37
48 300
5 305
159 76 37
21 301
277 178 37
20 310
247 103
43 246 157
33 56 37
175 150 157
129 43
33 90 37
243 61
124 79 157
79 13
226 225 157
4 71 157
200 262
142 107 157
147 15
104 179 37
267 5
17 136 37
66 282
233 31
178 22
100 171 37
254 104
25 253
7 251
181 276 37
6 148
23 279
102 77 157
212 81 37
73 256 37
13 59
154 30
184 148
161 92 157
8 281 157
310 24
301 189
14 260
184 249 157
115 300 37
151 265
108 56
71 134 157
113 156 37
145 74 37
181 250 157
73 94 157
265 242 157
24 113 37
235 31
22 250
70 42
243 98 37
146 152
52 302
53 116 157
1 291
84 34
273 9
204 83 37
118 40
207 192 37
248 173 37
117 196 157
144 162
71 257
267 165
272 213 37
172 166
136 23 157
108 59 37
163 45
143 150 157
2 235 37
257 46 157
96 35 37
86 97 37
85 220 37
77 158 157
5 191
108 21 157
89 212 37
206 214
166 219 37
222 289 37
146 110
160 100
244 158
241 271
306 6
128 91 157
66 139 157
105 178 37
163 144 157
181 253
105 108 157
306 159 157
278 1 37
148 137 37
159 138 37
22 168
49 30 37
51 282 37
244 201 37
23 72 157
275 35
251 265
196 88
4 310
62 81 157
309 246 37
2 308
2 302
120 310
50 298
265 228 157
268 110
15 125
237 199
105 110 37
272 244
5 237
84 29 37
4 260
104 269 157
104 253 37
105 236 157
300 219 157
7 171
132 35 157
53 267
201 194 37
286 112
276 171 37
252 129 37
165 103
92 66
70 306
155 24 37
22 219 37
120 155 157
16 184
78 89 157
74 191 37
10 302
185 49
112 4
171 189
90 99 37
30 213 157
119 182 37
304 47 37
215 292 37
71 238 157
233 141
33 204 157
223 219
61 303
296 89 157
281 296 157
267 2 37
176 117 37
110 293 157
11 247
9 47
276 178
301 165
48 93 37
307 143
73 28 157
129 7
308 32
192 26
177 105
45 258 37
293 1
24 101 37
4 94
144 294
96 166
296 3 157
119 239
247 29
239 13
249 6 157
265 15
172 45 157
249 87
235 121
174 293 37
163 70 37
59 101
69 116 157
11 165
38 309 37
238 235 37
122 191 37
185 1
110 47 37
221 215
198 58
307 3
294 84
304 253 157
11 219
90 204
218 185 37
260 6
268 158
236 237 37
5 111
22 276
273 209
170 229 37
262 297 37
209 182 157
250 243 157
24 110
129 243
295 152 157
114 149 157
234 4
238 220
87 85
75 66 157
271 23
214 189 37
175 42 37
117 70 157
27 182 37
85 21
184 257 37
7 61
295 61
243 63
139 244 37
306 26
305 9
190 42
308 8
46 115 157
256 28
274 265 37
280 167 157
258 4
231 26 157
148 129 157
155 222 157
229 132 37
72 107 37
65 82 157
292 84
278 18
308 4
257 276 157
288 161 157
178 179 37
173 300 37
304 2
236 220
148 143 37
152 101 37
143 80 37
111 287
77 232 157
290 52
144 214
121 272 157
118 230
216 95 37
166 265 157
247 246 157
241 231
148 227 157
19 307
165 144 157
289 193
213 97
101 75
71 54 157
259 254 157
231 43
83 223
236 175 157
96 61 37
275 296 37
310 102
206 70
272 40
247 135
189 110 37
301 233
282 89 37
261 106 37
49 89
250 239 157
188 185 157
201 171
208 164
193 52 157
20 161 157
188 209 157
126 179 157
7 89
251 292 157
281 288 37
76 211 157
150 149 157
280 186
265 136 37
169 201
309 1
279 80 157
70 32
66 141 37
2 306
167 7
249 45
127 34 37
194 111 157
219 133
289 7
179 200 37
20 268
294 301 157
270 62
236 231 37
90 257 157
199 64 157
199 86 37
203 273
260 169 157
29 250 37
89 18 37
304 25 37
243 280 157
292 171 157
268 241 37
84 105 157
304 32
306 214
3 305
304 33 37
113 6 37
136 34
62 109 157
6 125 157
92 254
27 297
85 210 157
58 153 37
290 24
220 74
9 307
171 202 37
77 171
47 247
126 298
199 113
26 298
66 272
263 120 37
208 97 157
122 126
174 55 157
140 245 157
67 304 157
185 28 37
302 121 157
279 141
26 222
267 142 157
138 156
254 219 37
230 257 157
147 78 37
266 1 37
148 45 157
210 20
252 92
75 259
272 109 37
64 102
90 18
105 297
266 38
279 71
112 37 157
141 32 37
51 98 37
6 287 37
224 87 157
120 7 37
272 75 157
165 281
182 197 157
3 95
93 199
271 243
75 185
199 283
220 277 37
105 261
20 91 157
181 41
219 122 157
193 249
303 296 157
15 64 37
104 245 157
283 107
122 288
273 16 37
268 76
14 284
116 122
240 14
7 305
295 190 157
12 227 157
6 182
248 16
42 160
102 195 157
83 211
213 167
60 244
227 112 37
303 7
5 257
165 130 157
110 137 157
154 306
74 183 37
272 82
159 276 37
291 170 157
262 118
124 145 37
187 198 157
161 236 37
209 20 157
292 154
36 51 37
181 238 37
88 135 157
270 154
6 234
68 263 37
248 225 157
72 166
99 82 157
22 25 37
86 121 37
16 206
145 161
144 82
271 25
34 95 157
262 255 157
290 165 37
206 189 157
195 255
249 34 37
73 221
81 105
79 215
151 286 157
106 144
135 243
153 52 37
143 33
1 40 157
12 295 157
306 101 157
303 189
90 34
248 50
145 154 157
13 243
70 84
307 84 157
163 281
86 288
28 193 37
80 15 37
2 180
245 305
162 259 37
156 40
128 94
260 249 37
130 289 157
240 86
94 247 37
11 293
168 280
57 292 37
3 303
41 291
294 257 37
271 188 37
208 11 157
256 155 37
51 33
231 105
249 26 157
248 120
5 112 37
91 129
256 24
206 220
88 288
260 266
256 38
5 47
32 83 157
215 274 37
186 79 157
233 120 37
136 28
158 47 157
294 52
282 58
292 74
4 306
27 283
3 63
249 81
92 192
125 58 37
97 35
188 173 157
267 7
10 278
99 45
110 15 157
304 8
71 213
236 169 157
244 125 157
131 45
166 189 157
239 182 157
21 273
78 40
29 261
107 199
185 304 37
6 71 157
136 296
85 254 157
50 300
176 82
72 85 157
29 33
282 129 157
5 299
52 304
167 71
147 252 37
190 65 157
202 86
234 141 157
5 177
87 72 37
167 128 157
89 62 37
8 133 37
157 73
300 58
145 29
6 303 37
222 147 157
32 172
104 210
275 99
288 269 37
6 272
241 88 157
34 85 37
294 67 157
65 122 157
183 9
12 17 157
162 223 37
122 120
4 82
307 232 157
60 155 157
43 102 37
222 138
52 75 37
147 13
115 130 37
140 211 157
256 95 37
115 82 37
66 97 37
24 283 157
92 249 157
267 12 37
291 308 37
276 163 37
189 287
197 160 37
302 25 157
229 78 157
300 212
27 80 37
156 228
12 193 157
261 244 37
1 272 157
108 75 37
167 208 37
107 136 37
196 108
30 210
126 93 157
108 230
110 182
179 218 37
40 305 37
292 289 37
235 159
253 163
191 50 37
165 49
125 5
190 171 37
92 190
143 77
62 201 157
308 65 157
247 96 37
273 15
10 264
175 93
253 73
74 46
297 205
105 264 37
3 28 37
217 65
179 194 157
58 242
295 110 157
304 4
165 222 37
57 293
50 290
105 164 37
178 307 157
11 144 37
25 299
214 172
14 127 157
11 114 37
88 71 37
182 125 37
200 148
196 140
213 24 157
28 250
132 124
213 177
277 244 157
227 40 37
169 230 157
217 5
128 256
154 253 37
81 170 157
272 14
133 203
108 298
195 106 37
110 277 37
246 223 37
235 95
48 281 157
250 74
254 309 157
36 263 157
256 10
285 176 37
64 131 37
255 123
132 115 157
158 97 37
95 232 157
113 168 157
20 152
82 44
3 96 157
72 301 37
69 78 37
157 22 37
208 301 37
295 66 157
220 54
118 281 37
42 246
292 54
240 175 37
41 186 157
156 12
107 172 157
141 34 157
141 230 157
69 146 37
121 246 157
31 289
47 81
60 53 157
263 29
287 177
251 110 157
306 307 37
309 51
235 68 157
203 33
280 88
245 63
46 155 157
155 266 157
43 192 157
82 256
288 10
205 113
299 151
60 161 37
201 262 157
170 277 157
9 83
155 38 157
15 249
223 234 37
74 306
29 287
292 8
27 262 157
129 241
303 31
221 6 37
168 267 37
19 295
13 299
273 31
218 117 157
192 90
129 290 37
36 59 157
183 66 37
4 280
287 19
40 94
246 25 157
81 119
45 186 157
228 14
15 215
246 93 157
270 126
44 270
173 91
146 81 157
8 127 157
162 5 157
256 42
5 285
280 290
152 304
258 265 157
257 92 37
254 128
192 22
155 2 157
292 80
170 162
11 272 157
6 302
155 251
98 53 157
168 306
293 214 37
125 307
241 83
121 2 37
215 282 37
296 76
183 25
209 298 157
212 83 157
136 217 157
254 251 37
89 215
23 81
194 141 37
280 79 157
305 175
146 225 157
81 10 37
32 162
119 299
200 230
60 98
302 74
129 163
91 110 157
101 106 37
159 57
92 285 37
177 184 37
51 277
226 267 157
60 220
105 127
21 224 157
87 221
25 199
301 123
185 307
39 81
58 53 157
127 48 157
219 309
224 76
79 91
134 85 37
227 162 37
29 194 37
55 59
184 194
17 242 157
226 250
168 99 37
251 91
91 88 37
132 103 37
133 228 37
30 227 37
124 159 37
216 266
276 247 157
264 74
232 196
299 67
146 207 37
83 239
20 202
88 308
28 224
296 38
308 60
38 261 37
67 142 157
141 29
226 156
247 40 37
296 258
146 115 37
6 83 157
294 11 157
135 21
34 204
308 42
299 87
118 231 37
167 93
243 212 157
308 10
1 273
238 303 37
207 154 37
81 252 157
163 37
99 301
167 222 37
229 66 157
168 147 37
186 269 37
205 178 157
178 115 157
146 254
178 192
293 245
236 16
139 280 157
217 255
264 8
200 13 37
158 145 37
257 166 157
82 224
181 162 157
1 41
231 91
286 2
154 97 157
246 79 157
271 55
4 199 157
211 202 37
257 14 157
233 154 157
143 137
270 100
262 110
134 253 157
5 164 157
11 263
78 201 37
43 307
243 193
5 51
36 289 157
58 280
60 214
84 227 37
165 193
102 260
214 200
75 128 37
126 5 157
219 268 157
213 104 157
24 234
309 11
121 192 37
54 25 37
246 281 37
29 202 37
29 170 157
130 255 37
44 286
234 219 37
246 277 37
103 306 157
17 256 37
171 287
274 291 37
103 134 157
299 188 37
222 47 37
24 207 37
290 235 157
277 290 157
37 221
9 161
285 10 157
173 251
235 61
100 122
228 295 157
106 227 157
295 1
233 1
229 192 157
269 163
85 76 37
174 157 157
219 95
37 300 37
117 236 157
17 283
107 90 157
42 260
174 197 157
181 277
62 65 37
227 103
9 65
128 182
302 151 37
171 170 37
105 135
219 32 37
300 52
111 142 37
48 2
248 8
176 227 157
241 234 157
251 252 37
20 272
4 51 37
169 22 157
272 32
150 41 157
107 236 157
7 214 37
27 151
86 222
156 283 157
304 87 157
1 132 157
188 303 37
238 107 37
112 185 157
259 150 37
150 235 37
274 145 37
186 108
119 26 157
108 233 157
22 288
196 273 157
181 152 37
248 107 37
284 304
292 119 37
252 48
39 97
10 63 157
141 176 157
231 238 37
108 285 37
188 108
1 105
135 73
42 294
191 252 157
305 52 37
300 16
3 297
9 58 157
302 22
279 30 157
259 244 157
216 188
166 272
9 192 37
20 218
262 4
26 238
110 283 37
28 305 157
264 139 157
4 95 157
13 291
268 87 157
98 153 37
184 26
230 85 157
39 267
148 164
216 205 157
269 114 157
13 267
309 5
308 11 37
309 17
232 208
204 165 157
191 132 157
125 194 157
156 203 37
19 121
297 140 157
207 211
208 243 37
99 117
244 73 157
28 295 157
189 11
30 71 37
265 213
256 289 157
255 110 157
7 151
11 56 37
119 306 37
68 278
192 56
161 192 37
107 170 37
278 6
19 21
112 289 157
68 28
36 53 157
107 45
129 197
297 30 157
154 159 37
295 149
173 7
251 160 157
221 204 37
199 69
3 56 157
270 84
158 6
17 273
301 108 37
65 72 37
295 214 37
62 263 157
102 97 157
115 309
66 278
192 307 157
198 307 37
105 170 157
105 42 157
75 261
198 261 37
120 261 157
38 72
47 295
149 228 37
39 250 157
69 100 157
32 299 157
150 31 37
14 308
72 226
28 306
305 74 157
197 306 37
66 210
131 17
140 237 37
303 230 37
74 81 37
174 221 157
116 270
47 14 157
298 213 37
17 271
301 57
8 111 157
57 309
137 128 37
256 149 157
273 51
294 70
55 60 37
26 19 157
37 258 37
27 216 157
183 277
54 251 157
303 41
87 277
287 198 37
146 303 157
196 118
116 135 37
11 246 157
18 127 37
199 164 157
220 126
101 217
8 282
42 127 37
250 258
90 249 37
216 72
284 137 37
81 46 157
283 3
299 33
270 157 157
13 213
81 37
119 252 37
70 16
224 122
225 1
186 189 37
89 193
152 189 157
148 88
140 143 157
81 276 37
261 256 157
248 65 37
162 303 157
112 278
306 269 37
142 129 157
72 113 157
298 185 157
18 310
61 100 157
219 12 157
307 133
270 163 37
114 258
288 2
27 53
270 161 157
179 68 37
257 141
304 26
53 44 37
203 254 37
75 106 157
307 139
118 39 37
187 251
68 26
117 308 157
197 56 37
146 127 157
34 283 37
37 72 157
265 264 37
104 161 37
254 112
112 204
302 20
288 158
36 294
65 262 37
40 200
50 22
48 254
93 151
256 160
52 241 157
61 195
165 104 157
73 66 37
49 282 157
10 298
283 47
85 303
147 99
51 219
281 5
199 187
66 184
57 108 157
221 268 37
151 307
19 29
116 99 157
309 39
201 188 157
159 36 37
289 284 37
40 254
278 233 37
52 102
283 138 37
294 109 157
184 72
289 41
53 232 157
239 142 157
164 289 157
31 134 157
98 48
12 145 37
268 143 37
128 268
69 155
114 131 157
172 110
255 57
105 126 157
156 45 157
234 48
141 121
277 77
133 253
270 165 157
115 169
7 307
196 187 157
50 214
284 63 157
43 17
54 202
25 301
262 24
143 298 157
50 53 37
143 247
149 12 37
142 270
254 54
167 110 157
268 51 157
39 233
206 294
4 302
123 286 37
11 231
294 171 37
183 279
118 165 157
149 175
258 136
44 224
155 261
139 258 37
90 71 37
37 86 37
301 81
67 90 37
244 168
264 204
32 222
247 138 37
136 65 37
75 64 37
171 259
306 45 157
94 125 37
60 101 157
39 61
158 155 37
107 250 157
273 230 157
128 8
32 112
52 308
9 187
136 285 157
49 177
268 18
224 168
113 166 37
62 73 157
120 177 157
154 124
285 184 37
240 235 37
158 230
224 86
128 249 157
50 286
234 106
245 64 37
205 259
258 274
40 282
93 285
124 44
213 83
237 132 37
213 89
193 69
44 280
166 269 157
309 9
295 142 37
221 185
250 5 157
300 61 157
306 263 157
282 127 37
261 35
299 269
243 174 37
64 12
28 298
270 158
58 284
229 8 157
175 247
230 80
229 211
305 176 157
304 6
209 144 157
174 35 157
29 201
301 198 157
277 175
86 237 157
8 205 157
165 305
141 286 37
298 307 37
50 71 37
169 62 37
41 203
87 202 37
260 157 157
112 31 37
194 275 157
126 115 37
221 254 37
224 48
221 58 157
88 174
186 159 37
37 233
175 183
5 144 37
168 117 37
215 58 157
59 116 37
126 139 37
65 273
2 221 157
21 140 37
4 221 157
61 166 37
223 193
118 80
302 299 37
228 41 37
179 170 37
3 165
209 160 157
9 222 37
300 135 37
18 185 157
12 275 157
305 222 37
310 2
175 106 157
287 281
76 165 157
199 239
5 42 37
83 203
213 154 37
123 304 157
23 132 157
