130
50 52
42 44
40 42
36 38
34 36
32 34
26 28
18 20
10 12
4 6
56 58
60 62
70 72
74 76
76 78
82 84
88 90
92 94
96 98
102 104
110 112
114 116
118 120
122 124
130 132
138 140
144 146
146 148
152 154
162 164
164 166
170 172
176 178
182 184
192 194
198 200
200 202
202 204
204 206
210 212
214 216
218 220
220 222
224 226
236 238
238 240
240 242
244 246
254 256
260 262
268 270
272 274
280 282
286 288
292 294
298 300
302 304
312 314
314 316
320 322
324 326
326 328
330 332
340 342
53 55
43 45
37 39
27 29
25 27
15 17
13 15
5 7
57 59
65 67
73 75
77 79
79 81
85 87
93 95
97 99
103 105
105 107
107 109
109 111
115 117
121 123
123 125
127 129
129 131
135 137
139 141
143 145
145 147
153 155
155 157
157 159
163 165
169 171
171 173
177 179
195 197
197 199
207 209
211 213
219 221
221 223
225 227
229 231
233 235
239 241
245 247
253 255
261 263
265 267
269 271
275 277
281 283
291 293
297 299
299 301
303 305
305 307
307 309
311 313
317 319
321 323
327 329
331 333
333 335
341 343
