114 4282 57 75
60 38
88 7 75
52 20
56 12
29 34 57
97 18 57
105 45
16 70
74 28
55 57
32 97 57
11 83
77 92 57
39 90 75
28 34
98 96
26 59 75
49 90 75
57 61
57 78 75
111 108 75
59 93
17 78 57
27 61
87 47
93 25
74 67 75
108 114
43 82 75
72 89 75
4 68
66 21 57
23 38 57
113 99
3 21
36 27 75
21 91
100 11 75
98 33 75
22 50
105 93
49 111
55 91
37 77
90 82
79 93
13 94 75
68 76
18 53 75
1 30 75
47 24 57
4 38
10 75 75
62 37 57
73 63
63 31
54 15 57
49 1
52 53 75
32 1 75
73 43
100 106
29 67
24 50
20 38
100 67 75
9 47
92 49 75
77 61
44 9 57
33 44 75
62 52
35 67
17 34 75
21 35
53 10 75
50 65 57
74 16
64 98
59 109
88 104
10 55 75
88 61 75
109 4 75
62 25 57
73 54 75
45 25
46 66
84 77 57
70 27 75
113 97
84 35 57
30 72
103 93
91 70 57
60 112
108 102
20 81 75
3 24 57
94 113 57
83 96 75
35 71
95 93
73 21
98 42
48 1 75
71 87
92 106
78 5 75
80 28
96 26
35 34 57
92 83 57
100 23 57
39 68 75
99 49
47 85
102 79 57
13 30 57
70 113 75
39 38 57
51 71
33 80 75
34 24
7 17
52 5 75
15 66 57
82 8
33 24 57
71 103
25 101
108 94
17 9
89 65
65 101
74 49 75
84 16
24 90
104 30
114 54
47 42 57
51 75
61 66 57
85 104 57
39 65
45 30 57
22 47 75
45 47
14 43 75
67 60 57
105 42 75
75 3
82 13 75
61 78 57
31 53
26 80
59 99
11 66 57
40 54
47 83
67 41
112 49 75
8 36
42 72
14 70
66 9 57
58 84
82 60
75 6 75
19 47
113 89
19 93
108 29 57
50 92
21 25
90 102
61 63
32 15 75
82 50
78 37 57
8 5 75
25 77
88 42
112 54
78 12
32 30
79 31
81 59
109 101
43 2 57
38 1 57
80 103 75
46 43 75
87 70 75
107 54 57
80 50
100 26
80 97 75
69 114 75
77 35
2 74
8 6
12 32
105 111
6 80
72 106
55 108 75
89 110 57
8 81 75
99 61
38 100
101 4 75
28 48
91 68 75
87 91
47 46 75
94 29 57
34 32
69 81
70 108
44 56
102 26
38 66
87 69
71 45
3 76 57
53 109
106 82
67 83
44 71 75
74 24
102 64
70 81 57
48 74
81 11
33 36 57
109 99
4 66
32 102
49 33
42 85 57
18 16
10 19 75
18 76
107 101
113 50 57
52 17 75
6 54
15 20 75
76 96
7 35
90 79 57
16 75 75
59 101
33 74 75
109 93
43 31
8 84
14 32
64 69 75
37 5
89 111
6 15 75
36 24
16 58
50 43 75
87 112 75
69 85
110 37 57
104 108
76 29 57
35 39
28 89 75
40 58
100 95 57
50 62
33 109
90 109 75
100 92
83 45
45 58 75
103 18 57
51 66 75
2 4
101 32 57
3 1
89 6 75
37 48 57
19 32 75
98 70
43 111
70 52
107 49
79 49
37 54 75
59 48 57
56 16
41 95
111 110 57
51 111
24 95 57
39 64 57
14 109 57
72 76
4 56
47 55
113 82 75
111 80 57
63 79
77 4 57
43 20 57
63 111
27 76 57
52 27 57
94 104
96 24
79 6 57
81 87
79 39
67 54 75
78 88
32 82
61 30 75
73 36 57
17 73
45 7
50 23 75
68 2
104 81 57
114 11 75
32 76
54 102
76 69 75
10 67 75
53 41
73 55
111 68 75
5 96 57
62 39 57
68 26
22 29 75
80 21 75
84 110
29 51
33 34 57
34 110
95 37
108 40
72 101 75
36 66
30 29 57
33 55
36 78
99 58 75
85 41
83 35
25 48 57
90 3 75
3 71
114 113 57
62 29 57
49 77
81 107
93 33
13 61
13 67
76 57 57
22 71 75
56 88
32 18
67 66 75
87 89
31 52 57
82 96
106 48
14 64
15 27
62 72
103 55
13 58 57
93 94 57
18 94
93 51
108 97 75
109 77
82 105 57
107 60 75
5 100 57
69 58 75
91 59
107 57
107 6 57
42 51 75
29 40 75
74 103 75
30 9 75
76 44
35 66 75
39 76 75
14 30
21 85
94 44
39 104 75
18 109 57
49 102 75
58 28
105 65
12 31 57
73 65
5 65
55 81
88 60
71 39
56 73 75
32 111 57
112 111 75
106 56
81 27
103 27
13 104 57
27 92 57
62 111 57
12 8
40 72
82 40
45 106 57
16 113 57
92 108
41 21
71 60 75
65 37
101 63
37 10 57
94 32
17 61
10 93 57
7 19
44 65 57
3 72 75
16 60
107 114 75
60 76
15 100 75
92 7 57
38 59 57
11 14 75
21 71
8 2
81 43
75 103
70 103 57
52 72
1 51
43 84 57
51 21
99 41
27 94 75
55 107
79 11
5 55
110 87 75
87 111
80 40
110 78
52 98
114 39 75
2 22
84 114
54 17 75
97 99
40 8
80 107 75
104 55 75
27 79
51 69
37 87
79 41
27 40 57
85 100 57
43 22 75
48 42
106 29 57
41 37
77 2 75
99 111
12 30
82 102
34 84
72 84
43 102 75
38 110
68 65 57
76 8
74 54
4 61 75
9 39
79 88 75
94 25 57
92 104
111 61
82 12
81 24 75
74 106
79 40 75
60 42
75 22 75
49 32 75
82 64
31 35
50 12
45 20 57
82 36
16 52
58 73 75
34 39 75
6 32
55 106 57
88 16
24 66
87 84 57
78 98
74 70
81 76 57
98 76
92 68
64 110
6 91 57
104 80
49 96 57
72 108
41 89
48 107 57
84 26
14 2
74 18
103 35
36 18
12 83 57
91 114 57
12 41 57
64 100
41 27
62 68
14 105 75
56 43 57
86 70
76 33 57
99 37
42 74
82 10
27 74 57
96 64
43 103
52 26
28 92
108 50
62 101 57
99 87
24 13 57
84 28
113 105
27 86 57
75 102 57
12 77 75
13 76 57
60 12
76 83 57
89 54 57
102 67 57
114 48
43 105
50 93 75
68 66
5 75
79 73
4 47 57
27 43
98 74
62 82
54 2
82 92
14 88
101 83
17 80 75
46 31 57
64 76
80 108
4 78
3 33
49 93
88 30
96 42
95 62 75
39 86 75
62 26
55 111
92 86
41 74 57
85 20 57
64 73 75
63 15
37 12 57
16 53 57
38 86
91 112 57
34 92
84 24
19 75
41 114 75
47 107
90 40
52 64
94 86
63 1
21 102 75
81 73
79 109
27 4 57
86 21 57
97 71
42 108
110 39 75
89 33
81 102 75
110 92
59 74 57
72 55 75
95 6 57
14 90
108 84
86 81 75
65 94 75
45 53
13 17
46 105 75
24 56
21 70 57
100 21 57
14 99 57
20 13 57
33 4 75
31 97
64 32
3 59
83 65
56 40
53 95
20 111 75
63 69
48 110
60 65 75
92 33 75
52 48
105 49
16 51 57
44 15 57
21 96 75
73 33
40 74
39 89
45 10 75
49 104 75
85 99
35 37
54 36
42 110
66 90
79 13
3 47
69 57
24 49 57
86 67 75
80 89 75
23 90 57
113 106 57
88 20
73 83
90 20
24 88
83 19
27 89
105 47
71 111
56 108
110 67 75
65 15
43 23
16 41 57
63 27
71 11
49 84 75
17 92 57
86 102
85 17
87 108 57
33 51
76 20
21 29
41 82 75
17 64 57
62 36
16 26
44 107 75
32 42
27 77
19 86 57
64 49 57
98 68
96 74
31 95
78 112
40 66
88 114
72 60
3 38 75
19 56 75
37 7
9 26 57
16 34
99 81
8 16
20 23 57
43 15
64 56
93 77
105 84 57
2 111 57
10 44
112 88
31 19
50 28
48 58
78 75 57
54 84
114 25 75
54 104
108 103 75
88 94
60 110
19 63
107 35
91 47
99 51
5 68 75
15 64 57
97 90 57
36 90
95 43
111 38 57
27 47
28 88
83 22 57
42 103 75
4 83 75
47 63
30 58
111 90 75
35 87
59 14 75
2 16
26 64
85 102 75
105 52 75
11 90 75
91 57
94 92
9 77
93 6 57
81 79
45 14 75
5 14 75
71 70 57
95 89
31 6 75
101 64 75
40 5 57
94 50
12 15 75
81 54 75
81 23
15 45
32 65 57
25 55
9 53
92 43 57
75 107
44 22
82 114
64 53 75
55 18 75
65 2 57
93 85
34 76
63 105
105 101
65 57
82 88
87 80 57
4 23 57
59 58 57
92 56
53 96 57
44 2
83 102 57
88 108
12 11 75
39 37
25 52 75
59 1
101 102 75
67 52 57
79 42 75
24 89 75
8 13 75
8 26
70 32
111 103
22 99 57
17 47
79 76 75
92 69 57
40 38
110 44
28 54
58 32
95 70 75
39 41
111 42 57
31 10 57
42 45 75
21 112 75
57 9
109 84 57
111 59
53 113
25 66 75
43 9
89 21
93 87
33 11
28 57 57
14 66
51 26 57
62 78
9 35
24 5 57
103 82 75
28 62
51 32 57
22 52
89 114 75
27 106 75
72 90
46 11 57
96 28
21 114 75
46 74
52 18
104 44
50 114
2 87 75
77 45
49 56 75
79 48 57
1 43
95 39
70 62
39 87
40 113 75
106 36
76 36
81 57
50 49 57
41 100 75
14 95 75
51 60 57
1 13
47 77
20 67 75
24 82
16 38
5 35
7 67
33 28 57
9 49
86 80
36 56
53 106 57
92 113 75
2 53 75
15 70 75
9 67
104 91 57
31 73
22 7 75
54 94
8 38
13 51
7 43
27 99
15 59
33 10 75
51 100 57
61 97
98 46
12 18
17 45
49 35
17 70 75
17 16 57
80 36
63 24 57
99 48 57
88 110
86 100
58 33 75
82 15 57
78 29 75
94 58
83 86 75
82 104
62 44
47 89
62 34
30 50
38 45 57
33 23
13 23
26 24
101 100 57
89 60 75
17 86 75
14 74
17 32 57
3 23
80 49 75
94 5 57
55 56 57
56 102
52 50
51 45
46 97 75
76 41 57
112 35 75
42 102
22 80
53 17
78 59 75
27 101
112 57 57
81 29
28 30
86 68
81 80 57
73 1
28 21 75
101 16 75
67 48 57
70 28
5 43
57 82 57
23 25
9 54 57
42 13 57
92 1 57
109 103
72 33 75
60 66
62 23 75
70 8
47 30 57
87 103
109 65
92 80
12 20
34 74
110 90
107 50 57
93 81
57 56 57
68 42
5 33
69 113
111 95
29 31
104 102
51 70 57
82 80
100 113 57
84 51 57
87 98 57
48 76
83 14 57
33 63
48 10
38 48
104 90
72 113 75
59 96 75
79 19
77 39
66 96
53 20 57
106 33 75
19 67
7 46 57
34 66
103 22 75
14 29 75
64 50
1 33
79 52 57
113 20 75
73 86 57
114 90
93 73
4 44
62 88
97 59
22 11 75
17 10 75
61 106 75
44 108
55 15
53 3
113 59
6 10
10 78
81 94 75
67 93
92 65 75
49 53
94 82
77 101
21 76 57
27 33
14 10
40 70
55 23
55 41
58 67 75
96 19 57
26 97 57
42 109 75
67 113
18 81 75
17 38 75
22 68
19 11
61 85
1 39
13 40 75
96 30
42 107 75
107 102 57
53 111
32 66
19 57
21 40 75
39 3
38 2
75 48 57
78 55 75
82 79 57
57 31
107 97
40 19 57
38 82
32 27 57
106 105 75
51 72 75
42 70
33 90 57
6 7 57
45 5
83 95
16 12
69 75
47 13
83 105
67 101
69 12 57
57 100 75
24 98
42 1 57
34 103 57
45 39
62 7 75
76 47 57
33 19
78 109 75
26 75 75
112 108
8 23 75
114 94
57 16 57
50 42
51 65
37 47
102 106
36 9 75
9 15
76 108
110 114
111 39
109 20 57
109 57
92 67 57
110 40
72 28
42 112
30 20
96 99 75
36 23 57
45 100 57
39 69
62 102
92 95 75
48 12
59 104 57
39 42 75
78 111 57
5 58 75
107 94 75
88 113 57
41 34 75
15 67
24 73 57
111 76 75
30 71 75
84 91 75
91 50 75
23 30 57
51 73
33 87
86 89 57
28 90
18 64
114 23 57
103 2 57
99 62 57
83 111
91 73
83 21
92 74
79 98 57
26 92
50 9 57
40 46
73 113
92 42
113 47
48 65 75
32 104
72 97 75
80 43 75
104 34
35 93
44 90
32 29 57
11 8 75
4 58
64 70
90 73 75
98 43 57
10 36
55 29
75 7
54 10
61 46 75
101 93
86 105 75
17 108 57
48 13 57
12 66
15 7
45 19
59 95
33 29
31 92 57
70 61 75
53 108 57
94 60
102 74
18 35 57
102 52
96 106
66 17 75
33 9
57 14 57
95 60 75
39 43
39 10 57
56 18
46 84
23 97
105 58 75
22 27 75
66 100
21 30 75
64 4
87 73
80 45 75
64 20
29 103
6 74
101 20 57
1 58 57
61 95
44 101 75
59 53
69 40 75
98 29 57
77 13
80 31 75
56 68
79 110 75
2 62
27 55
27 18 57
41 20 75
95 27
106 52
33 62 75
92 20
58 79 75
97 55
21 37
33 102 75
38 55 57
25 71
27 5
41 96 75
78 90
114 59 57
63 44 75
25 13
78 6
89 19
54 82
100 62
38 107 75
91 86 75
16 30
58 20
58 92
42 8
1 24 57
2 25 75
29 15
38 96
109 62 75
69 8 75
4 29 57
10 71 57
74 71 57
9 8 75
51 52 75
85 22 57
44 6
102 25 57
14 72
28 77 57
1 65
80 32
107 65
77 1
112 76
94 42
112 40
82 93 57
24 15 75
67 33
99 70 75
7 1
74 1 75
50 59 75
84 20
25 90 75
105 66 75
72 94
10 64
33 108 75
16 83 57
32 96
104 96
26 63 57
50 17 75
14 18
10 70
111 45
44 88
31 9
78 89 75
21 42 75
111 35
80 12
51 83
77 98 57
7 36 57
87 14 75
97 29
112 45 75
53 47
44 106
3 70 75
68 84
21 93
58 2
14 7 57
37 109
39 19
61 45
96 58
70 33 57
58 35 57
40 92
104 106
91 36 75
95 54 57
94 40
41 23
110 68
31 67
100 61 57
83 82 57
51 81
59 25
78 77 75
85 76 57
114 52
77 57
44 98
61 19
71 50 57
41 112 57
67 88 57
60 52
59 8 75
56 61 57
3 30 57
48 26
61 5
52 86
12 19 57
57 35
13 11
75 114 75
49 89
95 77
40 111 57
6 41 75
86 55 75
98 93 75
34 108
64 92
72 100
62 83 57
61 101
79 86 75
33 103
60 73 75
103 79
49 41
41 33
24 57 57
110 77 75
63 28 57
102 68
43 99
98 94
10 52
64 30
23 14 57
2 39 75
44 58
26 5 57
17 35
71 108 57
70 60
1 75
36 34
2 69 57
44 25 75
42 83 57
20 3 57
23 17
51 23
111 65
84 7 75
105 29
71 104 57
14 25 57
43 51
3 35
64 19 57
66 106
104 52
81 40 57
67 39
81 100 57
75 100 57
77 90 75
28 83 57
87 45
97 41
23 64 75
93 113
17 81
87 76 57
85 2 75
4 40
110 50
91 27
98 48
106 32
18 88
45 113
9 24 57
28 73 57
27 82 75
39 103
47 81
103 104 57
90 56
40 67 75
47 36 57
79 16 57
3 6 75
89 82 57
67 103
93 32 57
113 51
39 6 75
11 49
44 79 75
15 34 57
89 59
23 79
66 28
2 49 75
102 40
30 106
61 68 57
82 86
25 63
98 32
15 37
110 102
113 41
71 93
96 70
108 39 75
39 107
27 1
39 66 75
35 26 57
67 45
101 8 75
104 101 75
55 59
95 76 75
75 55
10 16
4 91 57
75 105
48 50
77 70 75
42 20
102 78
21 59
13 56 57
16 107 75
19 71
62 108
114 44
93 23
97 69
87 59
85 101
11 58 75
30 68
2 97 75
34 87 75
9 11
90 108
22 10
33 75
73 102 75
31 66 57
98 51 75
60 49 57
103 112 75
107 104 75
104 61 75
54 4
40 10
88 23 75
8 22
57 96 57
57 37
70 94
100 43 75
102 9 75
21 56 75
79 75
41 43
7 21
72 59 57
9 19
67 87
54 75 57
23 67
1 35
90 54
54 8
50 29 57
68 15 57
71 69
78 68
86 90
75 87
7 25
99 35
86 46
54 24
16 44
50 84
54 55 75
108 52
69 109
16 47 57
12 6
105 59
100 76
22 72
6 105 75
5 41
23 66 75
102 72
82 52
2 34
11 1
29 93
19 49
105 92 75
16 7 75
28 78
82 19 75
59 76 57
10 2
7 34 57
69 107
9 75
106 75 75
63 7
61 83
80 55 75
105 114 75
64 22
58 87 75
114 93 75
6 16
58 57 57
30 66
45 34 57
91 89
23 54 57
30 10
39 81
69 101
20 37 57
85 59
19 55
50 36
96 109 75
10 58
87 36 57
31 108 57
69 96 57
48 6
110 93 75
3 74 57
110 43 57
18 51 75
51 19
89 77
83 64 75
45 54 75
38 102
98 7 75
52 46
22 4
26 18
97 34 75
54 30
67 2 57
58 34
62 67 57
107 85
67 96 57
57 11
97 50 75
78 43 75
10 5 57
21 38 75
65 72 57
53 1
35 55
110 5 75
41 69
31 62 57
99 94 75
86 76
49 47
65 78 75
18 19 57
83 23
95 109
46 76
68 9 75
27 44 57
101 39
40 64
53 12 75
25 67
22 46
28 25 75
58 54
52 68
38 85 75
39 105
88 101 57
53 13
99 45
56 96
100 114
109 55
6 52
91 12 57
91 108 75
60 26
111 96 75
24 60
33 50 75
13 19
73 46 75
17 87
44 54
92 60
85 95
100 98
4 85 57
39 28 57
88 85 75
113 39
4 67 57
61 94 75
95 19
21 52 57
91 72 57
85 68 57
84 32
104 28
4 11 57
19 44 57
41 45
26 69 57
2 7 75
69 102 57
26 44
50 77 57
39 5
35 70 75
15 17
56 45 57
104 63 75
70 66
88 36
70 4
84 57 57
36 69 57
44 12
112 104
6 87 75
7 65
26 57 57
25 56 57
36 68
78 48
81 35
7 8 75
12 49 57
96 102
37 59
99 33
108 109 75
60 104
29 13
51 95
4 48
52 40
64 58
16 55 57
112 50
69 46 75
58 39 57
50 8
40 18
83 103
21 61
31 40 75
108 63 57
26 36
95 45
14 76
106 111 57
72 16
82 18
16 19 57
49 42 75
74 37 57
111 47
80 79 75
89 69
71 113
100 77 57
5 86 75
56 95 57
15 42 75
89 13
100 25 57
19 70 75
31 90 75
56 62
30 97 75
107 105
11 56 75
88 81 57
68 112
59 27
45 13
65 59
103 12 75
100 34
31 98 75
101 28 57
84 22
60 8
113 43
50 98
79 71
114 56
72 104
64 33 75
73 13
50 74
81 84 75
8 19 75
17 46 75
15 79
24 25 75
105 67
13 28 57
101 45
28 102
94 30
28 8
112 58
109 39
57 95
9 80 57
105 36 75
93 30 75
106 71 75
42 25 75
58 74
78 66
8 53 57
78 18
83 108 57
48 22
71 85
59 11
99 53
85 81
70 49 57
37 27
40 60
114 78
24 42
36 84
79 89
64 35 57
18 29 75
99 84 75
4 72
75 89
49 22 57
51 47
73 35
43 87
34 85 57
74 91 75
19 3
89 50 75
91 64 75
17 93
21 90 57
39 96 57
107 68 57
105 87
55 52 57
113 61
16 90
44 52
99 63
43 24 75
84 78
49 103
1 47
20 99 75
36 61 75
77 113
102 51 75
83 49
78 13 75
84 61 75
114 42
65 30 57
59 83
35 109
22 90
73 67
48 111 75
75 85
90 62
62 4
22 66
1 37
30 102
17 41
77 69
105 95
35 6 75
16 50
75 11
109 76 57
96 9 57
91 62 75
38 75 57
34 91 75
11 87
107 111
64 104
79 101
14 103 75
81 75
77 59
21 92 57
62 97 75
69 1
55 32 75
11 84 57
99 23
64 85 57
65 96 75
11 23
75 96 57
35 75
58 8
40 11 57
37 52 57
91 92 57
110 80
74 65 75
62 42
31 3
21 13
101 29
103 106 75
43 10 57
43 79
47 101
9 88 57
44 113 57
94 24
53 51
55 105
86 16
113 110 57
28 6
9 73
8 41 57
91 111
14 46
44 37 57
93 22 75
22 59 57
11 18 75
22 20
108 66
106 34
86 78
63 77
113 86 75
103 72 75
57 114 57
33 18 75
63 13
85 106 57
87 101
82 77 75
66 26
15 51
23 7
37 90 75
32 107 75
58 46
55 53
32 22
78 80
81 83
14 60
21 75
104 111 75
82 26
79 3
103 59
112 17 57
73 22 75
23 10 75
109 48 57
37 82 75
32 81 75
74 87 75
109 89
78 44
50 21 75
66 16
65 56 57
79 46 75
28 36
54 29 75
61 107
103 113
45 97
71 72 57
87 16 57
49 65
55 113
79 113
32 74
72 48
2 21 57
5 73
9 6 75
57 42 75
86 72
61 52 57
90 60
75 2 75
104 27 75
39 93
11 80 75
52 95 75
79 83
23 29
72 8
9 76 57
91 23
113 64 75
66 56
85 54 57
36 29 57
83 58 57
69 49
17 63
49 15
96 91 57
53 42 75
37 75
24 55 75
18 6
101 70 75
32 11 75
62 45 57
83 98 57
5 19
52 65 75
108 43 75
36 25 57
23 92 57
5 79
85 28 75
111 34 57
112 46
40 42
15 48 75
42 9 75
112 79 57
2 89 57
12 43 75
40 2
26 81 75
24 62
71 83
86 60
3 73
15 77
108 38
4 111 75
82 110
5 66 75
70 106
98 75 75
96 73 75
38 35 57
95 69
84 56
28 3 75
62 32
109 10 75
5 70 75
15 36 75
9 72 57
37 36 75
92 32
67 89
108 106
102 65 57
9 70 57
97 39
102 44
61 15
63 72 75
74 39 57
9 51
36 20
2 64
92 109 75
30 84
54 3 75
77 80 75
70 22
24 68
8 37 75
33 47
72 35 57
14 93 75
42 65 75
105 98 75
24 30
40 43 75
77 67
68 77 75
39 36 75
51 77
41 88 75
108 98
36 112
59 5
82 46
1 10 57
16 111 75
86 54
45 2 57
98 101 75
93 47
68 114
96 114
19 68 57
107 45
97 10 57
59 62 57
70 78
32 88
14 33 75
55 44 57
55 90 57
58 18
85 103
19 22 75
90 103 75
63 113
16 40
98 37 57
73 52 75
37 71
32 67 75
61 75
80 96
69 43
95 42 57
33 30 75
105 41
12 10
59 52 75
77 74 57
89 96 57
50 66
19 66 57
71 52 57
101 18 75
113 56 75
82 74
99 77
37 29
30 99 57
41 60 57
57 89
59 67
68 79 57
7 96 75
86 12
57 54 57
88 99 75
88 100
55 114 57
58 101 57
4 37 75
43 64 75
100 60
51 68 75
36 75 75
97 37
36 12
112 59 75
85 29
7 47
88 96
98 56
77 87
40 7 75
56 80
21 58 57
64 94
5 12 75
104 40
77 33
55 2 57
82 98
68 8
11 41
99 4 57
47 23
43 107
84 27 75
45 21
11 74 75
14 31 75
107 86 57
29 24 57
5 77
26 107 75
3 100 75
66 55 57
91 85
93 28 75
22 45 57
18 3 75
79 97
33 91
26 71 57
69 94 57
100 93 57
5 92 57
102 113 75
43 71
46 106
38 106
112 23 75
44 100
114 86
92 36
38 112
111 69
62 98
70 1 57
84 82
76 70
55 62 75
86 18
68 29 75
62 8
23 110 57
63 103
49 68 57
20 31 75
33 107
7 29
31 26 75
98 80
35 68 57
41 36 75
17 37
107 64 57
6 4
82 78
78 31 75
80 5 75
8 33 57
71 29
92 96
28 94
42 91 75
27 3
53 87
80 100
30 82
31 99
39 61
71 73
73 72 75
111 79
109 104 57
58 38
98 49 75
21 49
30 60
112 90
64 68
98 95 75
88 74
31 55
41 19
15 33
113 91
59 4 75
28 19 57
79 29
69 105
18 71 75
7 51
96 52
56 100
84 10
57 71
61 89
82 22
103 4 57
5 44 75
4 75 75
16 103 57
35 54 75
96 84
54 91 57
74 55 57
47 2 57
109 67
60 87 75
51 17
12 74
92 48
2 60
35 86 75
111 67
85 79
78 56
64 62
7 106 75
6 27 57
103 77
70 58
76 89 57
52 63 57
84 47 57
16 64
95 34 75
24 91 75
63 9
93 55
79 38 75
13 55
109 71
11 7
94 87 75
104 35 57
77 21
50 39 75
37 107
75 53
49 25
62 75 57
44 85 57
87 107
39 47
22 34
76 24
23 61
55 21
8 77 57
51 57
56 72
55 83
112 52
14 86
92 39 57
8 17 75
44 51 57
15 71
105 103
67 107
68 12
23 71
47 98 75
99 10 57
97 21
50 104
69 9
30 40
109 105
55 67
69 68 57
93 104 75
94 78
19 30 75
99 86 75
29 59
91 107
85 25
30 98
21 22 75
48 81 75
23 18 57
97 70 75
34 72
112 5 75
93 24 75
51 74 57
50 95 75
97 104 75
11 36 75
77 71
47 109
17 94 75
56 54
44 36
78 15 57
104 1 75
4 63 75
69 5
112 99 57
98 71 75
16 71 57
62 63 57
74 111 57
58 100
102 98
87 29
100 91 57
58 91 75
22 1 75
47 67
47 79
87 83
50 3 75
58 114
18 62
29 2 75
34 61 57
112 33 75
85 57
15 89
45 1
8 75 75
84 89 57
3 11
16 68
20 5 57
80 24
106 78
4 19 57
25 19
78 11 75
22 62
64 63 75
45 63
82 97 75
64 42
30 6
32 54
39 21
86 101 57
19 23
62 14
89 108 57
38 95 75
95 44 57
50 2
103 65
86 62
10 68
38 89 75
65 35
25 69
31 104 57
5 102 75
76 88
91 52 75
35 90 75
43 53
47 5
77 86 75
87 86 75
12 70
29 65
107 98 57
11 6 75
63 93
79 37
58 26
11 51
105 71
39 24 75
3 45
91 88 57
54 108
89 70 57
66 2
88 17 57
98 85 57
5 42 57
19 108 75
17 83
50 38
70 110
21 64 75
45 27
96 36
24 10
49 31
42 87 57
38 76
73 114 75
18 113 57
1 12 57
31 38 75
72 107 57
37 81
36 16
114 106
70 44
88 54
28 5 57
29 53
37 96 57
76 4
59 92 75
3 69
89 31
80 109 75
101 81
7 73
95 47
93 40 57
42 81 75
71 75
102 76
98 67 57
26 32
45 37
79 70 75
109 73
106 65 57
38 74
37 72 75
95 29
75 68 57
28 12
51 40 75
91 110 57
73 97
101 46 57
81 109
28 51 75
58 47 75
84 70
83 99
113 107
58 15 57
76 80
10 62
74 78
104 113 57
90 100
94 57 57
25 16 57
67 43
59 94 75
108 5 57
97 66 57
34 6
69 31
28 105 75
83 80 75
92 103 57
21 15
109 40 75
58 109 75
31 93
60 3 57
53 77
59 71
36 81 75
64 89 57
42 38
11 65
79 20 57
45 52 57
78 97 57
25 97
96 20
85 77
99 64 57
50 19 75
65 81
67 51
92 98
61 96 57
101 55
59 69
61 18 57
37 112 75
37 25
87 28 75
73 53
76 10
38 19 57
85 35
69 74 57
76 49 57
109 88 57
15 19
14 80
6 29 57
109 6 75
76 94
27 13
3 17
39 20 75
47 88 75
28 46
101 43
17 77
42 52
41 103
57 43
1 62 75
57 105
12 67 75
53 46 57
92 81 57
52 32
98 106
58 65 57
66 62
91 19
77 104 75
7 69
39 83
13 5
13 37
29 70 75
102 87 75
30 74
80 73 75
22 92
83 48 75
3 67
101 71
50 15 57
94 48
85 19
95 4 57
78 52
46 91 57
68 72
90 19 57
26 42
110 72
28 79 75
111 54 75
75 86 75
53 54 75
5 38 57
12 34
54 22
97 103
88 77 75
41 65
104 43 75
30 67 75
91 10 75
48 30
80 48
91 95
21 65
82 48
44 34
26 28
13 85
88 13 75
44 97 75
63 46 57
110 94
100 71 57
42 29 57
31 13
13 75
54 26
91 103
24 100
90 17 75
16 89 75
64 41 57
2 42
73 84 75
13 110 57
93 89
48 20
48 102
79 95
103 45
111 97
19 59
64 81 75
73 45
29 99
53 6 57
109 12 75
53 4 75
48 84
41 13
72 10
88 72
107 108 57
78 30
40 84
65 75
2 56
26 10
44 105 75
70 47 57
67 50 75
58 102
110 98
99 82 75
83 18 57
66 86
85 31
43 28 75
49 28 57
105 96 75
114 74
37 14 75
37 31
58 36
23 75
2 12
71 6 57
29 35
27 110 57
8 52
38 80
93 52 75
51 105
17 59
40 101 75
59 45
74 76
46 35 57
60 78
48 68
27 19
24 44
108 46
102 34
87 13
54 38
55 51
113 60 57
114 102
105 50 57
49 46 57
25 57
108 57 57
63 30 57
86 29 57
48 97 57
80 52
49 7
38 11 75
59 75
46 78
87 79
30 70
45 109
34 65 75
59 9
84 25 57
88 45 75
113 85
72 50
83 8 75
58 14
6 2
81 25
90 84
76 16
28 68
79 66 57
80 64
65 43
16 62
21 5
8 65 75
103 101
42 58
25 61
37 89
77 19
69 29
64 78
25 20 57
1 21
24 86
23 34 75
25 75
60 18
87 21
100 82
86 26
65 66 75
32 7 57
49 94 57
81 9
91 43
83 31
11 2 75
59 106 57
92 30
96 54
26 105 57
24 4
23 85
64 86
25 95
90 113 57
38 90
82 44
5 11
7 81
6 22
39 15
97 47
95 2 75
49 4 75
53 93
21 17
97 89
39 46 75
48 93 57
11 20 75
4 16
95 84 75
100 102
37 16 57
27 17
94 66
14 68
112 27 57
30 56
72 87 75
96 90
14 26
22 76
91 40 75
60 32
71 88 57
89 30 57
101 95
72 31 75
39 75
111 93
30 8
66 20
85 62 57
98 38
97 4 75
8 25 75
57 12 75
113 66 75
56 37 75
90 18
45 85
62 77 75
42 82
36 100
95 35
56 46
42 97 75
53 90 57
8 1 75
65 67
3 55
51 85
22 60
73 44 75
72 79 57
93 41
80 47 57
76 11 75
65 114 57
39 54 75
37 18 75
39 112 75
18 48
95 97
27 98 57
20 10
48 64
80 88
41 46 57
6 69 57
58 23 57
103 89
19 73
54 5 75
30 95 57
66 101 75
55 70 75
81 77
81 34 57
51 101
6 24
38 24
23 1
93 97
91 71
4 81 57
104 70
1 71
57 27
47 68 57
23 56 57
6 72
79 77
106 91 57
8 56
46 16
63 84 75
105 61
57 1
88 48
57 7
46 38
53 105
94 45 75
37 103
39 31
88 66
20 57 57
47 66 75
29 3
2 76
76 37 75
45 6 57
56 83 75
35 11
48 14
107 31
92 62
34 53 57
52 56
47 104 57
3 42 75
100 83 75
61 3
60 36
91 49
47 65
102 13 75
33 17
93 68 75
66 83 75
76 106
90 30
100 68
30 83 75
63 54 75
105 79
46 42
41 81
18 87 75
100 52
72 57 57
46 104
40 107 75
56 71 75
101 97
57 99
16 14
94 68
33 13
29 72 75
73 41
74 109 57
10 38
61 109
96 87 75
39 106 75
15 69
38 44
81 60 75
57 29
49 54 57
37 63
68 50
94 74
56 22
92 61 75
28 59 57
16 35 57
25 74 57
58 72
48 103 75
7 70 75
69 104 57
8 51 57
63 56 57
93 61
31 48 75
22 88
41 26 57
94 52
70 65 75
99 75
42 104
78 105 57
14 4
72 47 75
88 39 57
57 10 57
46 13 57
21 48 57
24 17 75
105 16 75
104 36
101 37
17 102 75
64 67 75
18 84
38 6
29 27
85 111
34 25 57
9 21
53 81
105 89
15 60 57
80 66
43 49
38 77 57
100 40
1 88 75
85 50 57
80 44
89 34 57
34 38
12 75 57
21 67
12 79 75
107 63
3 25
35 19
3 56 75
102 91 57
49 5
70 85 75
101 41
8 46
7 30 75
28 65 57
107 41
80 34
20 60
69 24 75
46 102
83 97
40 106
82 11 75
107 71
95 21
12 72
65 77
2 79 57
94 34
96 81 75
82 20
4 3 75
34 88
12 3 75
81 113
81 45
26 74
34 86
91 45
100 105 75
70 114
101 31
105 97
48 46
95 66 75
3 77
81 71
14 8
90 48
4 80
61 76 57
35 62 57
94 26
25 1
39 25
81 33
73 101
85 83
31 1
69 103
52 15 75
1 29
14 101 57
37 49
41 72 57
89 71
71 99
101 34 75
5 82 75
21 79
35 105
28 98
102 66
12 84
57 113
56 26
45 29
40 88
71 9
81 5
60 10
59 82 57
13 69
44 89 75
23 35
100 9 57
87 41
19 37
31 33
67 70 75
67 84 57
98 11 57
30 15 75
77 107
63 81
30 77 75
63 94 75
55 49
27 16 75
29 74 57
22 26
89 35
82 14
16 78
81 13
46 114
26 70
63 59
29 56 75
18 31 57
37 111
84 88
74 9 57
18 92
56 34
12 39 75
93 12 57
58 52
52 97 75
109 41
37 3
78 27 75
107 22 75
36 64
20 28
81 97
48 101 75
16 82
57 49
20 70
79 25
8 21 57
16 97 75
24 92
100 42
45 84 75
71 20 75
41 3
66 7 57
60 48
81 19
30 4
88 12
34 78
88 92
51 50 57
3 114 75
75 77
8 63 75
78 38
60 68
85 55
112 19 57
102 89 75
50 78
73 106 75
25 41
99 65
49 40 57
8 87 57
94 71 57
59 47
17 74 57
63 34 57
9 29
34 27 75
104 95 57
37 28 75
68 54
31 47
62 96
20 78
46 72
54 99 75
31 71
42 78
10 25 57
61 82 57
90 9 57
108 25 75
110 73 75
112 47 57
13 108 57
82 53 57
35 56 75
79 53
9 38 57
24 58
50 27 75
51 54 57
58 110
93 27
52 2
46 20
86 48
41 31
41 14 75
37 61
66 57 57
73 59
10 49 57
104 83 75
18 93 75
12 52
28 15 75
30 37 75
9 108 75
97 35
86 61 57
9 5
94 85 57
17 82 57
52 74
6 64
1 56 57
51 89
17 104 57
9 79
25 80 75
9 55
56 59 57
9 3
104 38
42 55 57
54 33 57
42 33 75
114 13 75
84 92
25 17
62 9 75
103 84 57
90 89 75
65 113
110 96
31 102 75
57 111
17 2 75
12 64
56 104
59 108 57
69 106 57
91 17
110 3 75
56 39 57
70 18
94 1 75
73 89
72 27 75
37 105
75 63
67 97
89 99
59 6 57
28 107 75
6 40
7 94 57
66 75 75
110 104
87 38 75
26 17 57
15 106 57
106 9 75
2 31 57
87 113
75 43
12 40
28 52
40 28
49 81
71 27
78 1 75
90 81 57
78 32
88 83 75
86 106
32 48
20 74
2 46
89 45
24 31 75
110 107 75
88 38
23 102 75
57 30 57
6 73 75
30 69 75
44 8
36 95 75
59 60 75
17 57
68 71 57
86 32
13 66 57
97 106 57
18 95 75
34 90
79 99
6 20
101 36 75
90 26
39 40 75
84 60
112 105 75
8 74
107 36 57
27 87
92 25 75
110 1 75
43 62 75
78 41 75
4 87 57
58 88
42 4
34 8
69 52 75
28 18
5 53
105 48 75
82 70
18 41 57
105 91
82 39 75
37 91
76 56
84 29 75
33 6 57
73 11
68 96
97 110 75
15 91
21 6 57
112 70
96 50
65 76 75
29 43
20 97 75
13 65
89 55
23 44 75
100 70
2 113 75
62 93 75
14 54
17 89
68 6
56 97 57
93 58 75
112 66
47 38 57
66 72
38 114
89 81
1 106 75
70 54
49 73
100 31 57
70 72
85 9
26 103 75
37 40 57
40 22
23 108 75
89 40 57
76 84
43 86 75
80 23 57
94 56
47 92 75
23 45
21 108 75
72 105 57
91 65
19 102 75
4 12
79 54 57
46 65 75
12 76
69 38 57
80 106
72 82
46 75 75
17 39
69 20 57
74 86
4 34
83 36 57
50 102
73 25
63 41
14 56
104 114
73 15
2 78
42 106
35 114 57
51 5
8 24
72 21 75
10 65 75
37 85
2 83 57
74 112
7 100 75
20 86
101 33
100 48
2 1 75
64 88
107 20 75
90 98
35 51
74 22
54 18
55 84 57
24 11 57
48 17 75
86 56
26 33 57
59 79
2 72
34 70
87 85
65 23
66 58
91 32 75
57 36 57
45 4 57
38 113 57
74 10
73 82 57
48 40
107 53
48 69 75
53 11
50 40
23 84 75
72 93 57
43 33
28 82
41 62 57
107 84 75
15 8 57
57 98 57
47 102 57
100 96
33 48 57
80 42
39 22 75
53 28 57
35 63
67 91
6 63 57
44 91 57
22 38
26 6
48 62
46 25 75
3 49
73 47
67 78 75
74 110
3 62 75
77 11
10 32
114 17 75
66 98
60 28
86 96
4 55 57
70 111 75
38 26
57 73
67 27
84 100
36 3 57
14 38
13 15
19 53
57 103
46 23 57
34 98
23 63
51 41
3 8 57
100 89 75
82 91 57
2 73 75
88 50
27 85
42 22
38 92
44 86
65 27
4 43 57
8 93 57
50 90
99 102 75
27 69
28 22
1 9
61 12 75
66 104
30 100
93 38 75
32 41 57
73 94 57
42 27 57
4 60
76 53 57
82 81 57
106 17 57
86 88
59 107
11 92 57
18 46
96 95 75
89 107
77 6 57
84 74
31 77
74 107 57
52 75 75
85 67
100 32
13 106 57
80 65 75
106 67 75
36 32
6 42
21 47
99 16 75
111 114 57
70 6
85 82 57
63 85
80 15 57
74 66
97 43
57 83
109 102 75
58 25 57
18 77 75
77 29
23 70 75
72 13 57
54 76
70 11 57
8 80
28 4
1 68 75
41 1
51 56 57
50 44
51 61
81 105
69 11
47 10 75
81 21
36 70
50 106
92 114
101 57
28 55 75
34 52
12 45 75
90 85 57
18 111 57
12 105 57
54 64
109 50 75
88 69 75
69 61
93 46 57
47 14 75
70 31 57
114 95 75
92 76
103 6 75
87 97
59 57
112 44
99 76 75
78 19 57
41 15
10 42
22 33 75
34 75 75
76 26
8 79 57
31 27
35 47
39 4 57
11 31
33 61
21 27
9 83
3 40 57
83 6 57
50 47 57
114 81 57
23 95
59 41
68 81 75
67 61
33 79
19 87
13 71
69 53
85 105
50 70
55 1
42 56
39 53
69 4 57
45 78 75
21 53
111 88 75
24 27 57
15 31
35 4 75
87 100 75
12 111 57
3 43
113 28 75
46 5 75
36 102
40 75 57
13 59
56 10
11 106 57
111 113
75 31
76 113 57
79 67
51 63
104 84
44 32
47 108 75
35 52 57
109 16 57
23 27
56 87 57
43 89
90 29 57
41 4 75
79 61
70 92
72 114
44 11 57
38 51 75
45 55
83 37
25 9
94 90
31 30 57
2 30
82 108
109 111
25 87
59 42 75
42 16
7 61
4 32
99 8 57
44 28
39 78 57
85 112 57
55 36 57
54 46
92 102
19 42 75
81 74 75
44 35 75
51 103
82 23 57
49 29
91 53
34 67 57
97 85
46 64
5 15
43 30 75
102 60
31 21
51 112 75
33 114 75
51 31
28 100
46 34
76 104
20 44
107 52 75
61 35
98 84
104 48
29 83
86 40
73 10 57
65 84 57
100 109 57
52 36
80 35 75
40 85 75
44 111 57
74 56
79 51
17 28 75
66 92
12 42
112 98
105 34 75
62 104
10 80
36 85 57
71 48 75
87 31
14 52
107 24 57
71 7
23 40 57
71 112 57
85 18 57
46 6
63 110 75
4 50
23 24 75
110 86
70 24
58 108
14 17 57
88 63 57
78 92
46 80
15 47
36 110
55 39
96 43 57
71 86 57
46 37 75
7 33
2 18
5 18 75
104 89 75
66 43 57
36 65 57
4 17 75
101 68 57
91 29
28 86
62 46
35 98 75
73 74 57
113 58 75
9 61
76 52
13 3
81 61
2 3 57
23 87
23 73
40 95 57
108 86
15 102 57
19 1
61 54 75
35 15
94 62
17 84 75
8 48
95 67
70 105 75
30 91 57
108 3 75
106 54
90 80
104 37 75
33 97
75 109
6 65 57
97 75
32 109 57
70 69 57
32 85 75
70 45 57
76 51 75
45 82 75
103 100 57
36 48
19 36 75
83 113
41 56 57
58 55 75
49 95
84 112
82 34
83 33
54 7 75
83 109
35 79
81 91
51 91
8 32
80 62
41 75
110 54
68 44
57 38 75
84 94
22 94
22 78
95 71
28 71 75
61 20 75
5 67
15 90 75
19 24 57
31 56 75
21 44 57
50 10
38 71 57
15 85
51 46 75
63 3
18 30
22 109 57
77 42 75
9 56 57
74 85 57
109 91
38 32
46 92
91 63
80 7 75
14 84
80 30
71 49
29 52 57
27 88 75
41 70 75
11 39
50 86
36 6
35 43
57 5
41 57
49 97
102 27 75
101 89
13 2 57
56 6
63 5
5 31
88 46
65 71
55 17
78 8
5 72 75
52 90
99 73
108 48
51 87
10 61 75
35 20 57
24 16
29 89
103 96 75
46 113 57
84 102
62 114
34 93 57
114 64
34 68
86 36
51 24 75
30 86
66 114
28 56
90 58
54 113 75
26 46
57 97
6 81 75
30 25 57
87 20 75
71 5
107 99
72 20
104 11 57
67 68 57
27 20 57
76 55 75
45 11
71 17
68 73 75
102 61 75
103 54 57
58 80
11 67
54 34
18 68
61 40 75
86 42
99 55
94 46
108 85 75
33 69
24 85 57
36 108
103 31
102 111 75
91 31
70 90
104 98
33 105
83 7
41 29
30 59 57
68 109 57
102 55 57
101 60 57
100 110
86 98
61 73
37 93
62 20
53 22 75
10 86
65 93
101 111
13 70 57
44 40
16 1 57
38 103 75
55 94 75
33 71
73 27
96 35 57
2 70
31 7
110 45 75
51 34 57
89 92 75
53 15
8 91 57
32 5 57
62 15 57
46 32
112 48
49 87
37 70 75
13 60 57
65 4 75
3 78 75
81 106 57
11 85
46 83 57
53 63
32 108
33 94 75
46 100
35 69
17 79
15 88 75
41 92 57
103 95
6 61 75
81 31
23 77
48 24
87 106 75
75 29
18 105 57
63 55
97 53
30 39 57
38 84
28 76
4 89 57
94 102
94 53 57
41 71
92 101 57
26 91 75
101 2 75
78 100
8 29 57
71 92 57
74 62
92 72
81 10 57
69 44 57
44 87 75
40 14
52 88
37 86 57
29 5
73 66 57
52 92
99 46 57
18 66
39 91
58 82
114 87 57
7 13
60 44
12 63 57
12 38
50 103 75
19 100 75
98 19 57
45 26 57
96 22
67 57
45 49
26 78
48 87 75
51 109
10 28
70 80
58 81 57
54 42
28 97 57
51 97
75 104 75
66 76
24 40
114 76
33 86 57
76 43 57
63 87
112 7 75
98 3 75
74 72
102 112
104 79 75
38 28
91 97
57 75
76 77 57
13 112 75
56 110
72 83 75
68 58
36 113 75
73 88 57
76 42
18 72
51 108 75
112 107 75
26 20
46 12
101 52 75
100 54
65 24 57
40 87 57
107 70 57
27 25
60 1 75
82 75 75
91 35
21 63
43 48 75
77 72 57
109 34 57
29 73
93 60 57
7 79
97 96 75
94 105 57
109 113
90 69 75
63 114 75
103 53
75 30 57
56 77 57
53 14 57
52 110
83 68 75
110 76
54 60
81 98 57
109 85
114 101 57
48 29 75
99 91
13 74 75
62 79 57
94 20
56 60
68 25 57
101 22 75
25 35
25 5
76 90
27 11
61 8 57
42 99 57
28 1 57
16 77 75
97 27
63 112 75
35 10 75
44 92
16 20
43 19
25 40 57
104 21 57
31 17
106 35 75
31 105
42 84
3 64 75
104 45 57
8 64
79 107
83 15
89 20 57
54 16
97 76 57
57 86 57
50 100
109 106 75
40 96
54 12
6 14
96 44
35 101
54 109 57
77 102 75
41 47
108 113 57
112 114
1 61
45 98 57
67 22 75
46 96
104 78
7 55
70 68
62 65 75
45 86 57
61 24 57
27 7
62 6
63 109
110 65 57
65 85
28 24
13 34 57
3 51
7 39
78 14
67 99
98 54
79 45
106 112
71 40 57
83 27
20 21 75
50 58
29 63
8 43 75
13 57
26 37 75
109 24 75
99 25
103 107
110 61 75
49 13
37 43
111 41
46 27 57
69 17
94 95 57
84 59 75
3 57
105 90 57
81 95
83 25
44 42
9 86 57
109 43
106 88
44 29 75
84 62
12 62
79 106 75
66 81 57
18 10
93 112 57
110 15 57
8 97 57
31 74 57
98 22
49 101
70 48
38 94
3 65
60 98
110 75 75
22 86
27 75
73 107
24 22
25 89
7 77
82 33 75
40 36
99 47
37 33
98 88
84 86
23 69
60 108
87 15
114 40
47 25
55 11
42 36
37 11
89 58 75
49 75
57 88 75
17 67
63 97
89 23
48 53 75
24 105 75
18 38
68 103 57
1 67
35 110 57
60 34
93 57
19 65
15 112 57
21 12 57
29 100 57
66 8
29 110 75
60 99 57
63 95
90 42
37 113
16 73 57
68 23 75
48 91 57
37 6 57
74 19 75
37 68 57
75 93
107 51
43 93
113 49
13 90 75
103 47
52 109 57
6 17 75
45 16 75
88 107 57
45 114 57
20 50
72 32
73 38 57
28 27 75
78 71 57
36 98
60 6
43 85
87 55
53 101
12 97 57
41 42 75
92 16
16 9 57
57 46 57
43 55
56 20
75 56 57
28 64
6 47 57
6 76
68 17 57
100 65 57
40 78
18 80
32 90
39 44 57
55 82 75
94 51 75
4 15 75
106 68
80 84
66 64
99 103
42 73 57
53 58 75
69 45
85 48 57
41 61
24 59 75
36 38
82 95 75
34 20
77 73
96 34
17 29
100 79 75
69 32 75
44 64
32 21 75
65 33
10 63 57
