524 3009 253 483
31 242 483
238 479 253
313 458 483
418 330
492 515 483
49 197
409 218 483
148 207 253
266 261 253
188 215 483
21 197
26 399 253
93 219
212 449 253
24 96
269 110 483
48 179 253
172 275 483
274 227 253
21 36 253
93 190 483
97 512 483
444 479 483
496 17 483
249 184 253
218 163 253
214 199 483
278 314
332 104
516 205 483
482 266
239 30 253
454 468
133 72 483
178 395 483
362 266
260 315 483
213 210 483
36 347 253
299 497
445 120 253
365 386 483
133 328 253
61 211
293 168 483
80 308
394 39 483
82 517 253
172 417 253
176 302
166 10
318 357 253
451 505
227 301
250 295 253
228 52
204 139 253
238 449 483
410 479 253
289 73
128 335 253
173 246 253
504 484
21 332 483
323 228 483
488 7 483
93 396 253
387 100 483
453 316 253
116 320
302 237 253
174 52
241 195
155 365
414 205 483
228 79 483
309 478 483
79 302 483
370 434
328 363 253
48 230
395 408 253
416 453 253
298 367 253
88 134
497 404 253
257 121
419 36 483
114 377 253
219 486 483
22 243 483
341 139
35 115
272 73 253
155 470 253
58 129 253
230 433 253
239 367
370 361 483
222 501 253
174 375 253
34 159 253
382 405 483
17 26 253
264 196
347 288 483
97 299
337 375
472 247 253
306 421 253
439 442 253
3 181
397 368 483
277 309
100 144
120 24
146 91 483
484 45 253
238 181 483
215 163
336 465 253
351 179
177 48 483
400 176
113 271
8 181 253
370 160
37 80 483
157 324 253
236 375 483
321 160 483
297 139
470 87 483
496 57 483
194 271 483
189 90 483
228 55 483
327 358 253
482 316
362 492
73 189
278 25 253
403 279
252 442
177 319
327 440 253
292 425 483
275 385
507 478 253
481 462 483
123 140 483
169 387
207 292 483
198 256
192 121 253
480 303 483
252 156
296 104
54 262
479 317
72 240
12 151 483
211 34 483
87 103
199 394 483
510 450
147 382 253
22 153 253
76 113 253
172 321 253
45 408 253
38 13 483
73 408 483
49 103
294 331 253
403 508 253
152 137 253
368 187 253
341 240 253
505 166 253
455 252 253
166 344
316 166
400 280
288 489 253
293 352 483
214 165 483
486 129 483
223 180 253
403 284 483
103 119
55 5
219 429
521 268 483
281 317
283 225
218 219 253
214 427 483
190 265 483
382 91 253
412 335 483
55 188 253
69 120 253
74 257 253
175 108 253
7 426 253
39 276 253
286 115 483
288 418
6 123 483
515 120 253
11 408 253
283 308 483
375 522 483
315 357
496 257 253
501 408 483
141 134 483
275 18 483
467 164 483
264 13 483
170 371 253
184 158
323 92 253
273 459
26 303 253
510 428
213 222 483
318 37 253
145 432 483
419 494 483
465 2 483
120 130
14 415 253
456 117 483
288 357 253
226 505 253
495 409
303 101
399 271
4 429 483
408 244
387 240 483
334 141 253
250 327 253
452 491 483
226 477 483
280 125 253
270 249 483
422 506
278 181 253
322 123 483
294 349 253
127 384 483
77 225
316 128
10 155 483
32 95 483
30 83 253
100 180
346 271 253
333 156 483
243 2 253
72 247 253
13 196 253
110 151 253
162 169 253
288 307 483
199 36 253
399 96 253
323 136 483
236 65 483
522 435 483
188 337 253
216 481 253
182 386
196 340
365 120 483
365 84 253
446 81 483
460 409 483
511 452 483
498 177 483
398 477 253
153 510 253
92 174
323 10 483
345 511
122 123 483
25 242 483
318 9 253
143 366 253
204 265 253
387 260 483
428 216
477 521
383 196 483
168 331 483
426 71 253
229 409
342 518
60 465 253
425 500 253
367 315
400 188
74 252
108 131 483
168 330
193 350 483
350 132
350 254
325 92 253
375 232 483
330 479 253
274 239 253
397 431
194 315 253
184 453 483
171 476 483
119 392 483
295 220 253
201 200 253
441 280 483
419 106 483
314 445 253
47 228 483
224 291 483
377 110 483
259 410 253
324 171 483
256 470
353 176 483
63 140 483
249 462 483
61 23
516 348
186 250
421 437
274 145 483
301 198 253
356 318
301 200 483
368 123 483
81 352 483
515 94 483
287 253
323 119
364 456
319 14 253
300 190
69 45
248 94
82 48
188 146
191 393
365 228 253
115 267
378 281 253
514 341 483
236 296
22 219 253
267 32 483
413 467
476 297 483
463 88 483
96 312
151 146 483
107 275
485 126 483
230 426
390 451 253
124 244
488 329 483
308 426
271 94 483
209 104 483
387 150 253
519 188 253
347 210 253
284 323 253
83 237
227 120 253
482 207 253
141 307
186 207 483
126 259 483
235 2 483
322 446
257 268 483
370 233 483
404 439 253
467 130 253
142 183 253
353 172 253
10 503 483
486 354
333 24 253
474 101 483
23 40 253
507 415
392 319 253
279 503
198 262
373 118 253
307 236 253
446 249 483
443 271
410 516
511 26 253
466 324
449 412 253
73 18 483
322 310
487 298 253
79 218 483
416 312
221 49
71 250 483
9 366 253
189 381
463 431
271 246 483
14 76
395 487
470 502
431 331
470 380
106 304
361 50 253
217 48 253
375 288 483
185 134 253
188 321 253
442 478
469 320 253
347 238 253
68 23 483
462 522
328 154
34 107 483
336 417 483
263 404 253
212 73 253
295 199
176 182
160 373 483
273 380 253
183 76 483
116 353 253
271 232 253
162 477 253
17 119
422 211 483
371 384 253
215 76 483
409 237
283 276 483
239 244 483
147 365
124 306
93 40 253
294 380
359 209
356 497 483
283 229
9 205
164 139 483
482 169 253
21 396 483
191 412 253
480 299 483
19 212 253
257 444 483
460 315 253
313 123
351 218 253
454 413 253
309 272 483
289 58 483
23 172 253
268 523 253
161 452 483
188 107 253
387 300 253
498 87 253
250 359 483
468 153 483
425 74 253
29 31
318 241 253
238 440
127 444 253
243 82 483
117 61
273 38 483
450 358
125 266 483
235 22 253
163 126 253
135 300 483
119 282 253
258 432
263 370 253
49 322 483
127 188 483
127 240 483
514 269 253
197 213
235 186 483
286 262
369 329
431 258 253
366 521 483
468 432
339 46 253
122 225 253
115 302 253
344 342
249 101
111 305
524 263 483
446 517 483
506 471 483
346 290
210 503 253
309 8 253
111 285
144 381 483
174 250
70 447 253
140 103 483
498 409 253
61 24 253
131 468 483
211 313
400 510
317 132 253
503 475
105 211
517 142 253
462 67 253
93 276 483
365 159
185 330 483
99 303
97 273
74 120
517 341
244 25 483
104 247 253
165 62 483
298 252
342 497 483
119 50 253
149 520 483
415 222 483
300 317 253
138 102
269 176 253
362 197 253
222 29 253
322 382
23 470 483
412 323 253
169 412 483
264 159 483
287 400 483
212 317 483
342 121 253
209 137
333 144 483
289 169
50 11 253
18 137 483
375 94 253
339 473
31 276 483
344 223 253
25 76 253
108 391 483
17 159
409 336 483
273 84 483
512 381 483
83 190 253
29 276 253
313 292 483
382 291 483
67 250 253
423 260 483
314 463 253
444 272
237 246 483
39 382 253
308 219 253
288 281 483
269 284 483
183 281
36 207 483
181 192 253
165 50 483
223 452 483
200 218
438 343 483
265 210 483
277 249
95 83
493 295
118 174
133 88 253
271 20 483
498 415 253
460 139 483
279 109
282 219 253
366 450
457 264 483
3 213
218 208
367 207
155 512 253
388 517 253
276 317 483
466 423 483
141 327
234 317 253
182 351 253
266 260
356 405 483
513 321
269 389
277 436 483
29 344 483
73 50 253
389 284 253
436 517 253
374 433 483
169 102 253
169 346 483
167 64 483
356 290
153 84 253
47 476 253
112 397 483
137 450 483
134 167 253
102 119 483
250 90
362 309 483
242 219 253
485 234 483
275 524 253
467 468 483
195 257
456 408
384 165 253
29 179
332 357 253
302 142
365 464 253
416 515 253
440 335 483
301 202 253
217 382 483
84 57 253
161 92 483
62 7 253
336 311 483
362 220
454 497 253
463 40 253
235 169
351 257
15 218 253
434 157 483
385 392 253
264 303 253
489 94 253
5 268 253
336 143 253
311 450 253
162 60
394 469 483
304 335 253
238 409 483
508 273 483
382 491 483
454 319 253
337 133
190 229 253
285 18 483
180 261 253
328 484
407 386 483
500 303 253
316 301 253
197 291
406 471 483
416 63 253
105 174 253
99 494 483
146 125 483
507 124 483
424 307 483
319 504 253
492 312
454 409 483
369 147
56 107 483
367 478 483
237 520 253
331 456 253
301 289
521 470 253
102 207 253
256 513 483
379 413
161 486 483
196 334
61 79
332 468
383 70 253
341 184 483
329 159
314 519 483
402 359 483
108 66
90 163 483
432 409 253
53 230 483
126 323 253
4 111 483
469 50 253
236 442
402 342
482 284
251 40 253
366 278
283 376 253
445 255
211 82 253
93 474 483
182 331 253
9 64 483
211 246 253
264 67 253
448 299 253
137 281
17 215
186 509 253
297 214 253
195 240 253
80 254
136 491 253
6 335 483
242 489 483
414 71 253
351 303
24 365 483
277 222 483
477 486 483
437 174 253
506 493 483
401 263
266 101 483
378 455 253
372 516
369 249
204 346
203 45
268 253 483
503 470 253
304 473 253
420 149 253
312 37 483
294 324
193 134 483
308 491 253
102 313 483
464 75 253
58 273 253
379 152 253
289 432 253
141 255
48 136
38 463 483
127 476 483
208 477 253
82 216
239 448 483
253 334 253
398 246
488 475 253
354 7 483
39 290 483
330 39 483
249 357
359 74 483
366 443 253
459 277
153 382 483
104 119 253
490 410
13 104 483
167 27
331 258 253
270 351 483
314 117 483
227 102 483
221 164 253
187 476 253
50 214
38 501 483
285 89
522 478
271 470 253
144 305 253
97 322 253
297 452 253
83 65
413 184 253
299 154 253
326 139 253
249 55
71 141
95 264 483
159 508 253
141 68 483
263 272 253
287 384 253
107 394 253
30 517 483
302 447 483
35 50 253
143 33
225 244 253
226 487 253
232 340
446 339 483
66 71 253
516 137 483
68 142
92 209 253
378 79 253
483 20 253
96 204
97 514 253
280 142
70 85 483
433 76 253
497 385
416 169 483
41 83
154 30
29 137
134 169 483
135 104 483
63 60 483
199 504 253
283 180 483
408 450
38 469 483
294 448
176 209 483
254 74
24 401 253
100 262
387 144 253
119 370 253
57 380 253
441 288 483
396 299 253
153 61
207 341
446 401 483
293 465
432 293 253
286 33 483
491 154 483
148 268
157 286 253
277 414 483
495 478 483
140 67 483
145 312 483
489 410 253
143 496 253
317 515
314 113 253
513 515
263 313
216 279 483
101 404 253
234 132
114 115 253
83 108 483
145 147
411 313
410 233 253
304 499 253
19 370 483
14 455 483
55 484 253
35 198 253
405 352 253
65 293
329 338 253
383 360 483
371 304 483
98 197 253
19 490 483
408 332
135 180 483
365 507
38 121 253
47 57
41 248 253
22 83 253
37 314 253
282 317 483
179 53
485 343
116 413 483
44 71 253
238 209 483
291 454 253
76 126
198 99 253
448 306
471 234 483
82 276
445 469
88 23 483
89 432 483
507 226 253
207 452 253
250 308
392 137 483
336 431 483
445 438 253
118 415 253
191 199
204 447 253
210 109 483
142 138
17 502 483
320 45 253
317 93
465 238 253
54 287 253
4 485 253
15 106 253
256 75 483
80 427 253
418 153 483
145 364 253
178 147 483
79 171
212 51 253
272 377 253
140 93 253
206 302
31 368 483
356 498
18 267 483
228 507 483
351 496 253
296 252
410 354
261 192 483
313 28 483
232 443 483
333 117
7 514 483
496 15 253
381 223
120 361 253
521 378 483
2 353 253
187 365
8 223 253
475 248 253
187 257
395 223
131 234 483
112 439 483
103 8 483
502 519 253
345 262 483
354 137 483
249 520 253
243 451
444 405 253
266 515 483
432 422
316 299 253
221 52 253
277 109
261 346 483
244 305 253
387 196 253
144 175 483
194 62
398 380
367 232 253
354 73 483
211 466 253
321 121
271 371
462 515 483
326 132
32 156
385 52 483
509 445
462 379 483
365 435
344 507 483
396 69 483
37 71
321 493
254 441 483
187 369
146 363 253
65 12 483
476 451 253
135 207
54 228
503 403
515 353
399 146 483
335 18 483
225 278 483
311 397
16 244
300 380
265 198 253
488 394
52 147 253
373 191
356 165 483
510 357 253
100 517 253
149 370 483
368 491 483
108 282
292 305 253
35 68 253
104 159 483
154 120
126 258
225 82 253
23 165
250 49 253
435 384 253
61 322 253
228 322
82 145 483
29 164 483
255 192 253
83 324 483
122 288
10 212
69 340 483
312 5 483
328 213 483
209 148 253
139 307
160 453 483
158 207 483
337 303
62 88
199 96 483
53 102 483
158 395 253
125 153
302 86
178 242
423 440 253
499 136 253
316 444
182 395 253
422 355 483
477 424 253
176 56
350 103 253
193 384 483
283 124 483
505 96 253
353 215
146 294
110 315 253
332 315 483
128 241 483
379 90 483
261 508 253
59 480 483
50 93 483
108 343 253
350 260
166 261 253
364 321 483
1 290 483
330 355 253
497 470 253
514 251 253
421 393
516 29 483
60 274
90 228
327 38 483
9 123
1 19
178 334
368 317 253
164 423 483
440 379 253
178 81 253
431 304 483
76 297 483
80 2
219 230 483
364 479 483
267 388 253
493 394 253
129 300 253
272 108
406 415 483
366 394
335 518 483
76 290
495 450 483
370 59 483
356 251 483
518 287 483
175 326 483
111 212 253
190 269 483
192 182
79 34 253
337 336 253
504 288
378 454
431 375
195 356 253
421 239
148 123 253
277 161
331 472 253
455 416 483
312 147 253
338 79 483
228 254
501 330 483
211 408 483
41 360 483
223 313
168 108
215 126 253
272 348
396 407 483
76 177 483
171 312 483
339 196 253
212 427 483
21 82 253
2 150
391 30 253
212 487 253
284 237 253
452 443 253
71 334 253
335 370 253
466 333 253
456 83 483
319 410 253
304 47 483
473 329
78 43 253
107 364 253
98 265 253
322 406
264 155 253
56 523 253
18 491 253
391 178 483
235 290 253
417 209
340 279 253
502 7 483
467 454 483
452 326
88 252
308 318
226 133 253
431 453
260 133 253
76 184
98 274
354 156
165 144 483
144 238
53 243
416 481 253
507 122 483
3 308 253
504 423 253
521 481
421 62 483
268 161 483
325 212 253
416 517 253
285 396 483
381 371
40 128
415 217
381 281
74 511 253
208 69 483
390 430
465 310 253
163 434 253
264 48
337 118 483
173 224 483
61 258 483
425 286 253
477 274 253
116 275 483
471 463
113 178 483
55 107
159 224 253
256 44
265 272 483
439 408 253
242 179 483
119 264 483
418 71 483
40 509 253
408 455 483
69 404 483
351 173
212 424
359 262 483
319 28 253
243 300 253
514 63 253
241 325
8 55 253
465 354 253
263 369
151 67
450 473 253
434 225 253
468 425 483
230 87 253
257 434 253
105 228 253
471 516 483
234 118
171 113
210 343 253
149 144 483
301 375
223 210 483
27 52 253
417 401
408 381 483
154 469 483
222 6
510 171 253
438 193 483
321 424 483
239 405
88 475 253
395 229
384 300
240 31 483
490 405 253
134 61 253
185 257
351 266 253
57 177
161 190 253
387 190 483
300 147 253
439 402 483
465 16 253
65 256 253
493 323
260 413 483
29 342 483
152 7 253
25 2 253
346 493 253
18 118
66 385 483
202 449 253
136 286
52 267 483
175 121
358 149 253
246 495 253
443 320 483
122 70
286 142
215 25
154 130
399 179
317 108 253
181 54 253
35 348 483
417 272 483
119 456 253
438 379 253
13 48 253
246 327 253
344 157 483
354 385 253
214 408
363 10 483
398 308
44 192
173 233
286 480
518 315 253
384 337 253
302 1 483
121 306 253
446 503 253
144 318
148 82
423 516 483
448 57 253
126 345 483
359 306 483
337 236 483
342 382
456 235 253
419 22 483
192 268
428 77 483
124 59 253
321 106 253
173 139
375 258 483
258 82
135 136 253
146 40
193 120 253
212 405 483
76 185 253
394 393 253
302 402
232 39 483
423 485
169 165
94 211 253
386 346
211 267
313 245
186 78
513 445
115 502 253
381 188 253
225 112 253
317 324 253
181 306 253
181 56 483
517 369
67 202 483
96 47 253
374 365 253
225 203
56 186
88 451 253
505 120 483
181 320 253
216 369 483
329 428 253
283 449
494 495 253
190 88
195 405
175 122 483
175 76 253
371 352 483
197 220 483
503 341
419 393
114 341 253
97 324 483
261 276 483
212 53 253
414 87 253
411 60 253
497 192 253
149 89
449 437
64 441 483
382 253 483
197 73
403 60 253
170 133 483
348 518
404 425 483
417 517
444 297 253
290 321 253
152 326
511 490 253
405 182 253
155 112 253
47 65
335 8 483
188 493 483
111 17
520 265 483
208 479 483
185 81
252 397 253
399 286 483
274 387 253
74 300
271 280 253
498 281 483
204 120
375 278 483
235 152 483
3 214 483
445 308 253
14 185 253
140 2
46 157 253
192 375 253
39 71
429 114 253
22 71 253
61 456 483
376 393 483
328 468
406 325 483
371 481
387 430 483
217 236 483
387 473
180 184
200 461 483
312 387 253
239 136 253
54 311 253
29 258 483
208 447 253
174 85 253
59 115
49 78 253
424 163 483
285 403
110 252
231 182 483
113 189
349 405
483 334 253
48 180
512 362
262 305 253
64 143 483
204 483 253
288 512
353 182 483
510 205 483
235 31
510 135 253
211 351
240 349 483
107 321
115 28 483
363 56 483
232 411 483
160 415 483
468 248
48 433 253
39 124 253
183 174 253
183 103
253 220 483
85 466 483
216 3 253
307 104 483
314 493 253
474 379 253
137 243
424 121 253
432 402
243 80 253
190 311 483
404 347 253
335 46 253
115 226 253
292 111 253
237 266 253
339 318 253
183 14 483
237 377
59 382 253
124 308
308 495 483
215 318 483
28 8
70 497 483
345 2 483
367 68 483
6 449 483
474 471 253
310 401 483
130 242
322 223 483
32 181 253
160 283 483
410 93 253
488 51 253
328 311 253
332 259 253
89 406 253
368 154
161 262 253
221 143
353 256 253
122 113 483
395 419
490 487 483
19 346 253
78 489 483
266 486
289 394 253
403 314 483
297 485
90 113 253
168 372
480 499 253
320 274
133 302 253
336 475 483
124 186
246 25 253
282 389 253
471 375
194 234
192 43 253
344 116
466 472
17 38 483
18 245 483
36 238
149 284 483
344 403 253
296 80
121 370 483
172 499 483
330 219 483
120 5 253
334 403 253
504 455 483
347 323
435 98 253
494 5 253
425 407
270 169 253
487 48 253
222 519 253
374 259 253
179 265
396 174
145 354 253
364 243 483
117 348 483
391 346 253
32 173 253
197 353
508 23 483
140 175 253
32 481 483
197 68 483
204 124
173 270 483
55 502 483
324 405 253
239 444 483
440 295 483
465 294 253
350 121 483
462 254
258 57 483
419 524 253
248 469 253
456 193 253
13 482 253
264 197 253
392 184
163 168 483
271 382 253
321 38 483
44 18
459 404 253
252 97 253
399 46 483
195 181
136 5 483
178 370
158 253 483
125 492 253
229 176 253
160 429 483
189 218 253
518 517 253
14 93 483
423 130 483
486 15 483
387 206 253
207 10 253
63 366 253
385 372 253
320 333 483
330 95 253
4 245 483
493 310 483
156 169 253
377 508 253
305 90 253
395 114 253
267 241
99 394 253
263 376 483
246 139 253
21 234 253
99 136 253
514 347 253
332 512
509 435
305 187
400 241 253
425 483
361 132 483
317 294 483
429 298 253
432 245 483
3 110 483
100 297 483
136 104
21 175
466 478
385 274 483
15 33
249 220 483
369 415
123 468 253
43 294 253
73 304 483
293 467
497 479
230 82
437 356 483
257 46 253
85 376 253
216 87 253
411 390 253
114 161 483
88 72
523 304 253
332 367 483
300 329 253
504 121 483
40 287 483
324 135 253
303 266 483
307 491
432 304
15 244 253
145 512 253
79 522 483
248 388
255 48 483
490 75 253
456 131 253
521 132 483
205 322 253
291 104 253
256 72
80 413 483
131 394 253
481 2 483
91 504 253
376 509 253
290 120
90 277 483
277 358 253
256 349 253
232 75 253
353 72 483
380 149 253
138 14
26 209 253
471 358 253
98 13 483
374 87 253
40 333 483
276 214
84 355 253
53 44 483
361 488 253
121 319
278 217 483
180 166
337 362 253
248 456
144 127 483
190 125 483
503 506 483
56 335 253
438 71 253
500 410
57 219
312 39 253
352 520
116 114
156 215 253
400 268
261 325
285 217
199 352 253
452 307 483
89 298 253
94 153 253
502 191 483
105 264 483
393 98 483
324 426
216 392
99 492 253
122 157 483
316 509 253
416 415 253
5 147
123 160 483
465 426 483
385 460 483
14 519 253
198 177 253
473 112 483
488 487 483
125 74 253
116 288
5 30 483
427 188 253
494 259 483
87 22 253
210 215 253
119 112 253
493 250 253
281 309
7 148 253
167 269
383 191
495 331
372 131 253
175 398 483
95 37
213 150 253
7 286 253
328 477 483
286 468
507 316 483
65 182 483
143 333
479 510 253
448 45 483
361 439
273 403
459 382 483
257 416 483
213 115
316 396
469 263
231 85
430 423 253
91 274 253
498 422
198 150
216 84
252 257 483
32 517 483
218 465 483
209 524 483
239 396 253
435 198 483
139 267
346 363 483
165 468 483
360 509 483
233 331
474 317 253
128 395 253
114 477 253
102 231 253
355 500 483
99 50 253
14 235 483
202 284
213 422 483
342 37 253
181 22 483
418 317 253
285 134 483
514 243 483
302 249 253
23 213
417 346 253
88 387 253
219 516 483
397 254 483
338 97 253
89 190 483
348 443 253
211 498 483
100 465 253
16 287 253
159 307
33 31
18 315 483
331 292 483
190 290
120 83 253
78 141 253
105 118 253
100 83 253
271 266 253
109 374 483
330 91 253
455 212 253
163 354 253
63 448 253
86 24
176 318
517 431
268 61 483
263 288 253
186 83 253
193 97
301 373
372 323 253
17 148 253
164 336
501 130 483
90 99 253
472 281 483
490 465 253
421 231
516 310
74 13 253
245 230 253
59 80 483
362 357 483
454 127 253
211 214 253
440 233 253
116 181 483
481 334 483
455 410 483
333 315
448 499 253
2 201 253
297 286 483
140 10
408 491 253
229 289
420 489 483
166 131 483
188 451 483
120 214
349 357
147 282 253
49 86 253
168 115 483
330 520
268 373 253
157 168 253
151 428 253
140 23 253
159 62 253
498 486
211 88 253
223 132 253
444 322
35 524 483
500 310
485 303
309 475
430 495 483
143 322 253
35 484 483
151 272 253
489 184 483
390 275 483
303 34 483
101 62 483
27 398 483
274 482
140 133 483
186 233 483
16 455 253
251 20 483
56 185 253
135 23
357 165
49 62 253
371 386 483
85 116 483
90 302
409 86 253
121 282 483
424 316
383 336 253
503 152 253
204 282
238 187 483
43 66 483
288 13 483
98 282
440 201 483
504 93 483
426 31 253
263 422 253
396 482
48 232
195 13
11 230 253
279 399
190 400
319 475
190 353 253
247 520 483
274 410
74 61 253
53 500 483
260 233 483
90 183 253
262 118
93 292 483
213 220 483
321 292 483
456 57 483
310 120
203 235
255 408 253
164 274
203 228 253
156 523 483
138 350
115 424 483
260 126
486 400
189 514 483
476 366
335 181
26 361 483
26 339 483
204 171 253
184 327 253
222 325 253
244 71 253
20 81 483
33 193
157 381
285 392 483
482 498
248 142
112 375 483
169 259
485 385
407 330 483
268 281 483
460 379 253
321 102 253
442 318
83 416 483
516 314
503 38 253
50 405 253
326 395 483
172 231 483
483 392 253
514 27 253
84 34
414 499 483
519 158 253
431 378 253
477 8 483
514 393 483
454 211 253
476 282
157 290 253
369 470 483
159 192 253
451 42 483
421 289
48 355 253
30 461 253
470 296
161 185
133 474 253
499 468 253
356 472
418 393 483
412 305 483
375 68 253
370 436
207 182 483
118 67 483
377 468 483
326 269 253
141 460 253
464 266
364 477 483
186 291 253
387 108 483
238 336
336 287 483
419 184 253
136 8
434 315 253
53 462 253
294 180
482 329 483
77 65
107 500 483
226 146
385 312 483
369 248 253
201 374 253
503 356 483
190 60
216 234
124 231 483
479 428 483
190 391 483
255 349
505 34 253
234 5 483
63 102 483
11 396 483
359 396 483
320 413 253
252 344
76 17 483
147 336 483
280 313 253
251 120 253
278 387 253
235 46 253
39 88 253
510 147 253
395 156 483
9 254 253
177 434 253
388 123 253
101 208 483
180 6
307 476 483
470 429 483
458 501 483
223 66 253
503 74 253
68 213 253
235 224 483
391 200 483
340 381 253
69 140 253
389 100 253
428 516
204 203 483
407 412 483
383 298 483
206 511 253
53 23
133 273
164 52
13 496 253
30 186
323 205
11 518 483
93 68 483
313 324 253
142 224
320 67 253
376 107 253
306 453 483
1 254 253
270 424
421 466 483
494 358
325 316 483
386 236
21 170 253
270 105 483
418 191 253
443 392 483
331 305
332 166
178 489 253
319 144 253
394 139 253
315 198 253
457 138 483
88 171 253
363 52 253
13 182 483
176 307 253
84 46
142 178
27 20 253
198 388
465 422 483
443 468 483
405 168 253
162 149 253
317 402 483
172 104
230 255 253
175 307
83 225
309 183
287 480 483
228 93 483
510 107 483
436 240
393 318 253
384 17 253
361 177
465 12 483
273 76 253
491 300 253
46 365 253
335 506 253
329 64 483
182 135 253
49 306 253
367 416 253
232 347 483
60 13 253
346 281 483
70 103 253
296 131 253
451 349
368 239 253
80 445 253
491 336 483
290 425 253
328 128
109 138 483
280 146
290 185 253
192 46
253 130 483
149 210 483
414 497 253
417 231
70 489 253
382 222
286 119 253
195 61
253 187
524 418
45 15
407 201
458 455 483
246 297 253
3 167
349 316 483
247 512 483
26 353 253
185 309
391 170 253
187 281
240 158
342 480
253 218 253
382 397 483
344 204
159 218 483
349 309
374 153 253
451 463
189 40 483
225 449
23 60 253
317 4 253
8 343 483
372 31 253
182 59 483
72 13 253
14 145 253
110 263 483
452 63 483
111 70 253
314 237 253
276 311 483
294 86
46 417 483
400 73 483
427 32 253
143 238 483
490 276
10 24
416 323 483
190 243 253
474 303 253
245 289
393 250 483
503 254 483
199 366 483
218 435 483
5 440 253
74 187 483
301 507
415 20 253
425 200 483
53 476 483
392 200
93 426 483
405 84 483
230 358
158 251 483
209 128 483
338 390
463 391
233 149
303 204 483
240 380
269 410 483
85 241
154 188
246 160
273 126 253
96 253 253
99 184 483
482 303 253
372 39 253
515 240 483
291 250 253
315 291
146 143 483
44 90
484 113 483
85 518 253
329 404 253
486 294
377 486 253
383 405
386 361 483
386 502
494 422
369 154 253
281 286 253
46 117 483
129 242 253
428 133 253
440 273 483
524 169 483
88 321 483
173 36 253
195 49
492 459 253
116 425 253
216 254
413 76 483
275 152 483
214 167 483
429 499
313 480 253
261 355
117 388 483
438 85 253
81 492 253
251 83
102 75 483
59 272 483
231 404 253
151 65
150 305 483
116 223 483
280 425 253
261 211
393 294 253
355 491
23 26 483
295 98 483
114 457 483
224 359 483
12 3 483
441 253
112 337 253
249 162 253
52 202
175 41
300 321 253
348 186
45 55
429 501
202 106
214 367 253
146 421 483
460 37 483
385 48 253
369 310 483
99 267
228 10
310 209 483
445 374 253
391 276 253
273 451
31 197
418 269 253
157 351
295 314 483
384 364
245 210 253
29 156 483
356 347 483
84 152
179 94 483
28 381 253
102 339 253
205 58 483
394 508
512 400
452 395 483
212 81 483
518 115 253
322 331 483
233 407
94 148
345 264 253
237 190 253
79 255
222 219 253
52 445 483
223 173
260 251 483
410 219 253
512 452
202 66
126 483 483
82 197 253
291 440 253
13 132 483
398 1 483
57 476 253
415 186 253
80 111 483
68 16
453 420 253
259 180 253
306 166
450 441 253
48 135 483
12 207 253
17 172 253
196 449 253
174 74
148 166
91 72 253
92 481 483
270 446
169 281
324 524
51 520 253
93 150 253
104 305 253
520 336
94 399 253
68 129 483
462 518
177 387
197 294 253
419 460 483
502 203 253
380 409 253
219 92 253
7 348 253
360 254
5 244 253
187 197
125 66 253
191 403
227 18 483
327 105
206 319 483
201 341
416 145 253
418 175 483
469 468 483
320 508
343 40 253
208 487 253
166 172
233 400 483
73 91
505 424 483
242 120
261 380 483
141 199
200 313 253
253 212 483
132 347 253
68 487 253
84 389 483
242 29 483
11 380 483
193 206 253
322 475 483
101 456 483
468 442
304 496
430 524
408 272
435 347
520 418
154 165 253
147 105
85 192 253
14 313 483
293 286 253
309 238 253
57 208 483
278 491 253
12 92
307 136 253
464 97 253
70 139 253
225 168 483
34 236
385 398 483
363 366 483
274 29 483
155 478 253
491 270 483
376 274
160 125 253
183 152 483
430 197 483
260 73 483
88 292
341 474 253
302 274
373 192 483
222 315 483
511 303
268 428
134 89 483
452 248
292 340
226 53 483
158 211 253
458 439 253
220 60
324 67 253
366 473 253
200 130
131 256 253
18 233 483
191 56 483
283 511
7 108 483
7 516 483
350 211 483
10 349 483
507 298 253
401 26 483
171 201
401 385
336 53 253
307 80 483
257 186 253
132 369 483
361 239
351 234 253
171 496 483
253 10 483
237 450 253
513 524 253
256 130
211 364 253
460 489 253
210 331 253
481 244 253
507 317
160 229 483
386 356
261 310 253
252 326
455 304 253
485 246 253
150 304
510 436
149 79
488 399 483
434 208
411 213
284 505 483
335 234 483
103 524 253
459 460 483
111 398 483
297 509
176 299 253
384 368
163 320 483
349 511
85 148 483
394 195 253
131 516 483
100 455 483
473 418 483
450 391 253
452 97 253
172 326
424 267 483
282 54
369 370 483
422 271 483
454 280
73 188 253
496 507 253
156 415 483
148 103 253
215 352 483
405 396 483
310 197 253
226 36
6 341 483
218 471 483
437 515
86 251 253
342 124
267 459
219 264 483
1 432 253
285 242 253
67 29
425 470 253
151 446 253
218 91 483
496 487 253
183 215
509 420 253
231 166 483
48 497 253
350 467 483
132 27 253
25 141
187 276 253
383 146 253
301 322 253
187 520 253
88 276
227 9
197 444 483
447 56 483
425 126 253
364 259 483
505 66 253
342 11 483
277 279
248 474
29 86 483
202 122
150 22
296 163 253
403 328 483
384 334
68 85 253
196 348
232 126
126 443 483
522 221 483
217 115
15 152 253
458 424
484 397 253
468 199 253
479 58 483
251 461
356 471 253
26 309 483
429 368 253
110 419 483
177 80 483
31 376 483
419 428 483
174 45 483
491 250 253
283 506 483
290 240
96 142
459 400 483
409 346 483
440 59 253
19 116 253
280 168
308 53 483
144 487 483
340 475 483
395 225
284 308
263 168 253
249 429
43 324 483
6 237 483
487 64 253
262 65 253
31 144 253
195 276 483
151 281
261 145
101 218 253
164 193 483
346 213 483
373 240 253
91 460 483
340 441 483
245 24 483
467 305
256 59 483
49 270 483
380 77 253
194 349 253
382 135 483
460 159 483
168 107 483
90 14
29 484 253
71 81
337 396 253
360 65 253
301 120 253
251 386 253
14 105 483
407 251
427 320 253
112 457 483
498 267 253
296 17 483
425 258 253
343 250 253
254 386
424 442
127 334 253
482 260
16 69 253
137 59
308 280
440 420
166 405 253
165 189
238 294
344 188
107 85
222 411 253
495 6 253
506 487 483
66 179 253
87 98 483
179 382 483
319 95
107 520 483
129 86 483
20 83 253
230 24
433 300 483
263 481
250 427 483
351 168 253
37 157
51 100 483
336 148
193 110 483
264 200
163 460 483
146 364
419 440 483
450 440
313 489
49 157
409 358 483
167 315
364 512
159 130 253
477 312 483
401 356 253
196 36
172 5 253
117 38 253
468 262
27 438 483
130 13 483
199 448 483
171 393
363 443
411 322 483
38 295 483
142 409 483
475 368 253
467 338 483
51 260 253
28 343 483
472 259 253
338 524
155 223
115 151
349 174 253
42 145 483
482 23 253
439 298 253
231 232 483
412 267 483
212 178
151 312 483
149 462 483
226 331 483
468 357 483
159 150 483
493 486 253
75 268 253
227 28 253
248 98
123 466 253
59 22 483
410 459 483
424 414
319 490 253
276 347 483
395 42 483
464 343 253
25 132 483
108 161 253
92 105 253
228 242
293 308 483
108 67 483
23 468 483
140 45 483
110 133 483
243 213
429 394 483
310 92
281 437
499 266 253
151 86 253
174 107 253
473 451
36 59 483
132 128
61 508 483
441 487
27 256 253
62 202
462 318
306 320
291 40 253
253 307
368 362
312 267 483
297 374 253
64 21 483
403 2 483
246 79 483
215 512 253
402 465 483
252 52
273 88 483
110 298
427 190 253
94 357 253
463 502 483
11 352 253
208 123 483
184 435 253
411 444 483
160 384
366 192
481 356 253
170 467 483
422 508
187 400 253
374 59 483
446 101 483
441 300 483
92 85 483
329 268 483
321 491
341 343
23 193
263 319
126 457 253
242 429 483
64 212
198 285 253
325 450 483
34 433 253
511 80 253
270 390
277 506 253
91 292 253
198 317 253
290 94
6 15 483
164 332
455 266 483
242 123 483
190 97 483
314 261 483
417 10 483
434 165 483
183 223
262 152
264 455 483
325 134 483
203 490 253
236 462
313 315
410 426
62 113 253
13 140 253
206 453 253
48 63 483
306 243 483
185 118 253
355 234 253
209 47
467 160 483
1 8 253
503 367
147 522 253
437 333
490 233 483
47 300 253
375 252 483
225 61
348 125 253
513 338 483
97 24 253
54 68
407 460 483
180 247 483
391 436 483
264 282
276 204
336 200
388 230
35 196 483
162 429 253
65 516 253
501 338 483
267 288 253
206 191 483
352 39 483
128 413 253
120 81 253
330 487 483
361 190 253
242 413 253
220 293 483
416 115 483
347 128 253
214 9 483
409 518 253
508 384
266 283 483
322 69 483
151 444 483
499 60 483
4 453 483
70 143 253
157 282 483
128 93 253
230 203 253
109 358 253
98 322
486 211 483
317 190 253
177 147
238 70
297 225
318 63 483
134 306
69 324 253
339 198 483
414 35 483
406 81 253
250 38
447 498 483
379 259
226 443 483
476 345 483
99 488 483
68 277 253
342 343 483
53 344 483
250 163 253
331 521
320 501 253
76 471 483
158 19 483
122 61 253
328 136
139 335
252 105 253
13 240 253
399 201
66 255 253
130 515 253
19 163
260 395 483
403 497
473 500 483
35 236 253
422 470
186 407 483
504 183 483
340 486
477 48 483
323 285
36 433 483
505 264 483
465 468 253
96 264
123 450 483
416 151 483
380 289 483
447 319
131 30 483
252 31 253
246 133 483
104 14
351 479
291 450 253
419 80 483
159 147
198 447 253
502 237 253
36 263 483
226 386
156 317 253
428 294
430 422
372 522
159 324 253
46 236
252 227 253
453 38 253
239 466 483
265 458 253
316 502
334 377 253
462 5 483
521 334 483
116 505 253
142 350
89 258 483
374 387 483
303 203
147 227
144 2
259 194 483
460 201 253
36 163 483
505 136 483
489 16 253
248 327 253
395 438 483
258 78
337 481
425 482 253
294 434
346 466
464 328
448 412
181 225
117 26 483
473 188 483
116 97 253
293 185
271 53
202 339 483
114 387 483
465 305
233 323
205 225
245 342 483
401 156 483
423 332 253
21 272 483
118 14
76 399 483
339 10 483
344 387 483
20 220
117 2 483
290 75 483
