706 2776 405 463
666 264
444 218
105 399
618 304
61 393
648 98
117 680 405
602 166
565 103
519 241
639 155
358 95 405
396 272
639 554 405
308 697 463
672 523 463
202 635 405
307 305
385 147
419 42 463
464 297 463
168 646
638 212
562 343 463
15 373
183 419
704 230
403 115
492 360
693 260 405
22 380
661 360 405
567 93
70 500
376 9 463
489 97
178 64
29 589
303 53
672 414
14 571 405
99 128 463
283 700 405
235 430 463
133 703
247 493
294 325 463
147 623
529 126 405
306 514
343 340 463
63 699
403 627
568 487 405
560 18
275 645
138 570
123 165
370 172
153 382 405
112 346
41 645
331 106 405
535 310 463
587 653
604 109 405
398 194
648 342
71 628 463
528 341 405
678 70
360 299 463
695 560 405
73 393
587 77
213 468 463
662 50
234 628
481 269
696 530
438 637 463
253 379
576 350
156 592
445 489
318 395 405
277 671
339 575
537 602 463
517 23
553 320 463
264 328
510 124
443 273
196 688
241 69
20 331 405
208 306
52 209 405
143 701
324 615 405
31 639
96 636
516 673 405
172 36
612 114
703 214 405
581 218 463
203 671
682 133 463
12 640
560 385 405
478 121 463
680 591 405
49 425
392 402
192 556
148 612
160 53 405
155 610 405
382 698
590 606
679 437
100 666
513 156 463
300 156
430 141 463
54 568
274 646
686 624
667 433
565 413
154 26
647 106 405
555 348 463
667 91
417 681
57 311
132 541 463
620 446
318 572
127 1
153 566 405
638 434
652 188
428 621 463
319 170 463
165 438 405
48 563 405
475 27
540 330
470 134
89 617
68 268
677 458 405
303 408 463
670 42
703 95
42 452
563 661
404 247 463
86 563 405
57 643
170 323 405
507 398 405
91 602 405
594 269 405
154 521 463
584 194
620 300
335 19
83 253
533 579
336 177 463
310 526
362 254
621 381
555 127
574 111 405
543 617
689 18 463
33 640 405
667 93
553 282 405
399 416 463
563 102 405
542 379 463
173 627
448 168
170 444
572 706
699 203
152 32
19 381
538 658
477 24 463
700 144
646 300
337 107
478 90
268 232
129 440 463
69 653
23 451
632 63 405
70 593 405
480 614
40 654
315 160 405
376 546
419 92 463
554 394
287 562 405
221 237
183 277
50 634
630 52
335 47
51 647
178 319 463
631 518 405
128 600
45 6 405
121 338 405
453 421
393 367
78 326
502 169 463
97 669
57 599
134 164
505 71
512 696
520 380
465 186 405
110 89 463
483 454 405
595 670 405
4 173 463
114 359 463
451 475
352 624
607 671
522 396
693 81
621 40 405
267 572 463
241 252 463
672 416
432 479 405
689 219
386 642
110 463 463
195 606 463
416 493 463
697 359
565 692 463
610 104
372 149 463
563 304 463
694 68
546 18
214 682
129 110 463
637 279
122 496
395 521
532 2
120 698
256 152
315 465
67 289
396 95 405
463 176 463
173 309
62 616
216 519 405
363 437
221 571
532 597 463
432 91 463
63 272 463
287 693
601 161
487 138 463
238 108
136 374
502 36
38 600
174 696
664 286
234 25 463
430 201 405
618 44
205 522 463
705 274 405
231 695
386 407 405
64 676
147 325
446 170
603 417
428 315 463
54 99 463
677 295
665 134 463
330 459 405
571 321
389 665
674 696
658 706
143 660 405
197 427
110 676
358 407 405
705 212 405
20 296
414 50
60 665 405
472 665 463
532 598
484 21 463
186 491 463
464 556
420 151 405
44 342
73 633
185 351
576 451 405
23 557
248 234
442 590
9 379
670 689 463
371 613
331 125
662 547 463
93 476 405
284 580
660 50
237 106 463
426 670
55 685
602 298
487 1
586 130
169 465
542 576
226 524
416 51 405
113 488 405
481 486 405
337 251
470 377 405
554 518
66 401 405
512 571 463
22 286
506 702
471 487
204 136
99 139
89 547
628 534
66 660
513 241
670 308
310 131 463
613 35
139 37
567 12 463
404 289 463
703 479
108 446
97 443
575 229
668 242
620 316
476 630
567 19
204 698
50 618
172 366
104 508
275 372 463
64 664
73 549
605 139
159 184 405
561 280 463
360 649 463
541 353
54 255 405
374 357 405
375 510 405
602 607 405
664 98
154 691 405
672 71 405
405 674 463
433 263
67 687
638 486
69 645
391 384 463
706 106
677 260 405
15 497
82 670
429 500 463
43 183
425 127
213 429
121 642 405
625 429
19 391
358 325 463
326 382
237 542 405
496 311 463
83 46 463
332 121 463
177 543
236 101 405
266 511 463
678 192
329 292 463
39 629
103 549
117 689
328 6
366 363 405
688 57 463
490 44
65 429
480 513 405
135 299
684 453 463
196 201 405
241 191
444 214
562 18
665 419
499 160 405
132 693 463
348 152
365 650 463
213 62 405
186 192
602 122
226 311 463
564 372
39 565
694 610
4 638
293 627
572 26
102 154
509 526 405
573 551
390 300
406 52
90 278
250 457 463
394 247 405
10 204
15 603
495 272 405
476 306
700 442
340 652
630 50
571 258 463
382 128
91 372 463
653 12 463
147 639
328 632
120 268
29 203
317 447
55 619
51 17
217 705
388 160
643 29
450 78
624 244
332 292
227 176 405
182 703 405
452 10
676 107 463
29 667
689 99
179 387
163 461
597 189
14 274
383 588 405
197 351
151 198 405
109 525
645 9
275 357
641 331
62 676
491 191
61 163
124 530
106 688
566 65 405
606 62
575 5
473 139
5 390 405
413 589
573 53
514 44
619 647
466 614
183 410 405
177 689
40 568
113 39
564 58
111 632 463
30 364
147 657
131 467
188 597 405
154 488
397 197
552 336
376 568
98 592
387 359
13 421
695 587
5 643
1 391
699 71
572 215 463
461 201
521 204 405
220 269 405
598 185 463
535 259
131 383
77 641
186 291 463
546 283 405
136 650
148 341 463
214 244
215 643
271 343
625 13
624 64
87 267
420 687 463
141 301
371 401
482 464
105 467
465 285
134 226
37 307
569 245
29 611
407 91
111 433
636 70
680 42
635 17
484 226
122 574
384 344
660 118
174 418
254 344
606 50
84 583 463
127 548 405
570 552
78 536
16 523 463
290 232
263 518 463
108 696
388 451 405
393 483
245 102 405
395 239
212 206
240 152
541 587
260 680
454 124
484 433 405
485 468 463
104 682
478 605 463
349 210 463
271 407
81 55
664 225 405
319 67
409 539
456 114
183 703
535 331
545 679
587 265
649 131
652 418
253 57
221 91
240 336
81 177
79 299
635 334 463
585 21
127 29
684 88
144 384
429 619
644 374
699 179
701 253
94 257 405
583 548 463
36 651 463
506 121 405
207 355
43 96 405
56 652
240 535 463
347 505
534 331 405
421 310 463
529 548 405
653 580 463
230 20
370 628
634 186
496 621 405
283 71
550 124
371 17
185 431
659 107
348 70
551 229
406 300
216 85 405
519 687
704 80
604 38
272 489 463
109 673
282 206
60 394
290 340
380 64
702 629 463
633 99
704 234
499 6 405
310 588
63 653
429 73
185 134 405
680 278
9 346 405
364 255 463
407 589
599 267
685 77
77 633
329 429
420 164
8 586
626 88
542 62
94 357 405
660 536
646 450
80 612
505 67
240 296
470 702
52 13 405
485 344 405
388 34
623 411
75 221
326 204
399 292 463
585 3
126 608
630 83 463
47 665
32 326
660 238
202 29 463
114 590
506 597 405
149 689
369 175
182 356
436 370
706 168
403 548 463
606 75 463
660 190
373 541
501 59
26 352
285 704 405
130 370
367 333
321 135
348 20
229 431
358 681 405
293 107
129 575
429 644 463
333 257
92 308
49 377
518 52
269 451
54 682
589 158 463
222 624
198 581 463
678 664
550 261 405
314 538
138 682
634 60
285 49
473 302 463
15 467
175 541
160 530
490 369 405
180 534
43 686 405
596 86
144 626
626 591 405
345 543
522 690
694 484
234 311 405
461 43
132 268
543 186 405
143 351
278 501 405
27 587
499 444 405
156 400
19 607
163 635
534 198
534 213 463
17 29
91 54 405
46 43 463
39 154 463
100 96
192 48
239 271
677 189
133 421
322 244
705 481
599 22 405
684 167 463
462 409 405
165 167
612 360
636 12
657 117
401 618 405
41 648 463
679 65
608 580
407 88 463
435 649
698 680
669 243
146 654
449 665
183 407
651 23
614 284
294 610
699 236 405
572 443 463
435 581
639 25
273 459
609 89
474 540
265 219
197 356 405
680 447 405
362 706
151 19
16 559 405
653 254 463
552 114
510 174
108 118
220 397 405
686 222
170 18
670 330
415 398 463
68 418
483 374 463
334 668
150 251 405
238 498
246 438
107 333
674 234
88 596
103 73
238 67 405
58 47 463
210 508
209 397
225 22 405
702 328
159 677
473 508 463
488 164
33 327
496 88
671 644 463
530 689 463
194 406
543 545
398 44
79 99
27 469
228 496
632 645 405
51 702 463
328 116
182 640
31 307
459 283
642 569 405
53 673
139 216 405
482 493 405
133 241
34 432
120 662
642 4
32 35 463
364 139 405
31 617
404 288
505 4 463
177 412 405
371 500 405
161 681
536 474
250 612
184 640
139 45
599 478 463
318 206
684 164
339 469
178 534
633 45
110 584
549 307
64 541 405
376 674
595 5
302 333 405
503 399
410 272
650 22
154 245 463
506 184
40 578
495 115
638 406
677 231
233 79
277 125
238 85 405
624 166
616 581 405
523 31
161 685
593 19
21 187
655 391
23 465
317 630 405
628 192
595 506 463
28 466
332 569 405
484 381 463
456 69 463
501 259
374 654
412 209 405
84 572
595 137
111 361
690 332
101 647
545 65
552 210
234 298
59 460 405
400 482
122 646
130 422
633 667
26 85 405
108 662
83 607
69 216 463
672 150
448 140
203 496 405
396 229 405
140 666
679 49
264 62
474 598
644 195 463
471 8 463
325 295
528 72
457 678 463
155 669
105 685
25 434 463
452 265 463
219 663
86 478
373 703
348 127 405
246 514
110 50
56 420
449 612 405
7 641
538 134
484 674
91 223
532 513 463
184 36
339 530 463
123 400 405
686 599 405
403 691
455 665
620 94
43 107
541 422 463
215 220 405
112 44
501 519
110 466
638 531 463
696 65 405
675 73
26 622
182 141 463
12 317 405
229 470 463
64 282
60 698
410 78
368 622
156 469 405
610 70
642 657 405
142 486
704 188
391 119
241 609
300 304
378 633 463
562 131 405
630 691 405
448 283 463
529 467
138 95 463
503 296 463
506 122
298 97 405
82 684
6 646
100 107 463
645 282 405
601 397
574 22
103 705
3 335
461 61
573 604 463
510 17 405
631 175
167 13
369 21
358 172
21 309
435 554 463
658 566
91 253
302 174
677 536 405
87 593
489 379
277 262 405
548 174
108 160
157 20 405
265 69
673 170 405
647 429
606 36
68 46
213 81
469 167
576 264
188 132
426 570
616 500
596 338
620 254
300 581 405
427 494 405
195 469
603 473
373 247
259 71
699 57
15 605
673 85
599 383
8 470
43 659
45 649
482 102
326 489 463
487 84 405
607 107
156 58
637 3
482 101 463
568 296
379 682 405
683 244 463
698 289 463
315 47
361 244 463
257 577
2 553 463
683 441
394 686
89 497
118 207 405
552 24
223 601
103 364 463
227 669
5 362 463
626 650
80 270
549 208 463
143 691
45 536 463
486 356
321 500 463
157 308 463
32 662
473 95
124 690
535 596 463
161 89
251 218 463
293 113
38 186
607 27
505 672 463
448 54
222 340
33 577
297 458 405
486 706
31 151
20 500
205 621
689 341
111 107
183 94 405
105 503
150 258
632 114
79 669
303 681
465 641
664 70
169 299
641 19
705 472 405
538 67 405
684 320
410 363 405
646 378
495 63
99 412 463
226 478
697 337
152 352
626 158
229 381
44 400
72 642
120 9 463
351 588 463
303 15
163 192 405
642 160
585 205
47 121
690 252
62 656
53 563
353 181
666 356
357 5
618 220
566 249 463
20 311 405
409 17
339 42 463
8 532
146 704
557 631
72 440
278 577 405
302 197 463
547 637
662 233 405
417 656 463
33 241
304 550
621 460 463
596 315 405
526 614
56 670
58 698
343 95
503 54 405
259 150 405
16 406
464 206
498 54
260 107 463
92 31 405
668 395 463
585 291
665 359
14 638
462 522
345 245
300 588
210 265 463
156 161 405
40 652
172 412
436 39 463
652 170
1 599
494 235 405
378 13 463
346 168
605 107
218 544
74 92
385 501
170 325 405
387 580 405
94 356
369 385
449 413
29 67
415 337
81 270 463
500 196
375 200 463
121 269
527 364 463
458 16
701 119
583 248 463
127 53
56 588
108 410
664 305 463
322 342
141 669
458 68
557 236 405
71 82 405
93 463
295 195
653 147
568 190
139 311
109 147
655 243
675 121
403 272 405
60 656
523 34 463
494 643 405
370 519 463
211 314 405
3 173
179 312 463
98 22
532 132
79 411
405 491
350 700
308 57 463
104 430
518 332
92 230
85 247
82 578
224 602
18 570
107 655
702 292
296 455 463
475 131
63 305
45 483
141 557
142 672
250 642
4 618
668 90
660 670
63 473
563 87
686 314
540 66
514 18
606 228
386 22
113 629
550 154
701 195
58 239 463
582 166
680 54
484 160
398 310
465 647
423 565
564 300
698 448
672 43 405
455 286 405
575 438 405
119 158 405
176 484
515 144 463
96 688
505 317
680 232
45 435
8 648
585 492 463
164 396
577 17
425 375
37 574 463
39 511
522 100
235 20 463
444 305 463
660 394
106 52
420 592
278 377 463
327 658 405
474 114
413 344 405
613 337
5 611
48 678
632 226
666 146
105 661
689 65
652 191 463
487 613
16 610
134 704
457 577
488 275 463
481 505
446 315 405
696 354
516 305 463
268 248
352 46
547 320 463
354 551 405
626 332
9 627
431 2 463
334 654
566 118
210 700
274 238
581 405
653 60 463
173 524 463
625 35
617 361
81 655
400 267 463
94 459 463
648 232
705 75
512 320
601 138 405
120 654
484 170
583 97
621 25
345 589
232 354
602 36
23 655
178 666
225 491
518 657 405
370 699 405
454 649 463
637 186 405
668 114
199 639
222 672
21 568 405
548 324
288 478
317 312 405
267 434 405
555 383
581 49
635 274 405
146 522
297 225
364 676
66 486
664 30
151 343
118 9 405
53 106 463
590 139 405
6 184
517 76 463
184 118
188 550
41 641
77 449
380 636
6 596
529 495
386 624
537 642 463
56 328
425 182 463
502 234
15 449
20 568
324 303 405
615 165
632 357 463
50 90
167 629
231 441
574 126
439 17
484 517 405
518 604
25 207
605 603
96 213 405
155 330 405
146 10
99 520 405
624 630
200 232
85 661
63 48 405
542 116
458 697 463
414 289 405
327 470 463
694 194
276 178
119 575
361 292 463
93 599
98 32
98 502
507 77
659 38 463
295 3
285 370 405
553 194 405
258 342
131 110 463
556 487 405
506 280
103 595
679 113
173 396 405
76 661 463
277 574 463
43 477
603 213
629 53
644 4
667 317
308 406
413 154 405
429 561
162 225 463
629 165
4 462
32 66
623 238 405
698 350
689 223
683 78 463
229 360 405
640 66
490 414
291 139
282 76
662 90
201 511
3 399
697 434 463
376 344
70 442
313 599
26 588
493 380 463
445 400 463
241 204 405
206 434
282 662
140 602
334 572
119 216 463
350 125 463
661 533
538 268
19 305
115 573
439 508 463
5 58 463
615 301
89 23
66 636
534 154
570 16
52 444
571 656 463
529 458 463
126 278
188 588
56 111 405
548 366
200 638
127 582 405
150 358
71 679
382 246
344 216
292 617 463
334 226
66 581 405
171 611
689 395
140 68
631 353
243 451
574 100
439 490 463
60 392
367 80 463
174 143 405
69 533
623 373
386 427 405
398 159 405
77 601
685 543
109 96 463
111 128 463
196 674
685 191
287 469
374 74
610 499 463
108 692
249 101
57 593
353 210 463
70 530
540 411 405
540 158
626 56
418 480
591 285
651 325
688 522
357 512 405
640 277 405
358 195 463
338 201 405
301 659
1 69
73 481
461 74 405
459 446 463
470 148
488 127 405
219 622 463
295 531
330 101 463
220 563 463
402 126
87 349
569 47
522 342
237 306 463
519 100 405
620 558
603 385
319 485
178 690
128 518
490 592
666 458
659 37
691 59
187 387
289 5
28 114
257 662 405
43 301
633 22 405
170 464
518 92
637 79
656 532
430 80
163 473
558 146
481 171
692 54
99 96 405
139 545
131 266 405
212 335 405
83 679
274 20
42 165 463
327 667
543 540 463
282 179 463
257 660 463
222 272
680 108
275 48 463
609 232 463
257 456 463
607 47
35 621
599 477
445 376 405
356 601 405
161 141
523 371
250 366
664 44
48 598
53 653
677 122 405
528 483 405
665 125
217 581
21 491
54 686
517 93
332 296
131 241
379 281
567 159
374 58
215 25
299 348 463
55 657
558 24
146 448
203 274 405
65 684 405
36 480
261 388 463
669 642 463
246 204
602 35 405
142 304
524 140
455 336 405
266 290
248 457 405
250 486
623 81
447 89
654 30
21 319
34 201 463
503 148 405
416 347 405
379 389
89 368 405
23 315
335 5
235 548 463
683 67
122 618
413 197
124 161 405
644 152
416 638
555 481
372 438
277 85
152 502
158 537 463
477 651
62 265 463
354 632
462 510
198 600
488 64
511 91
23 440 463
42 146
84 131 405
412 656
55 643
467 199
103 508 463
16 528
423 209
158 672
261 272 463
24 663 463
423 126 405
27 589
345 67
649 190 405
628 180
124 235 463
72 249 405
251 493
286 218
643 427
635 101
18 338
158 300
599 361
667 145
620 304
88 660
33 112 463
78 658
102 302
688 86
513 235
407 245
596 10
319 676 405
357 93
537 346 405
532 16
326 214
467 646 463
7 585
84 393 405
47 563
87 643
96 142
208 240
310 311 405
297 116 463
242 264
272 335 463
110 92
242 350
656 586
608 44
377 17
316 202
48 615 463
681 209
489 373
538 324
1 2 405
485 351
481 143
175 168 463
586 156
66 336
155 628 405
293 67
82 618
562 28
239 650 463
78 617 405
24 488
167 607
66 409 405
169 496 463
375 149
540 284
358 493 463
653 351
3 643
328 438
661 455
706 406
58 591 463
496 386
272 413 405
355 206 405
577 57
86 670
471 268 463
226 108
701 663
514 230
630 469 463
583 46 405
409 651
202 398
422 244
405 377
202 32
693 127
683 80 463
623 13
644 372
290 274
18 588
638 2
471 565
463 43
115 528 405
102 171 463
460 9 463
101 653
537 377
29 535
660 362
375 163
227 573
5 217
216 594
416 485 463
280 178
157 495
695 371
67 499
1 275
184 179 405
51 130 405
54 694
74 696
31 595
471 585
81 176 463
221 595
162 176
374 631 463
365 679
70 483 405
395 649
368 356
435 546 463
130 465 405
695 71
193 39
586 371 405
568 598
156 155 405
394 493 463
663 31
344 477 463
269 667
501 45
583 220 405
667 57
26 494
39 593
592 52
692 371 405
333 691
28 320
542 489 463
570 620
199 29
165 654 405
53 380 463
41 48 405
472 88
192 664
452 128
538 114
142 570
231 545
22 278
691 186 463
603 518 405
640 344
384 20
213 566 405
654 429 463
121 59
356 169 463
676 378
138 580
654 444
632 32
622 240
694 306
398 128
278 373 405
587 380 405
622 287 405
409 37
453 141
201 683
586 431 405
427 350 463
701 391
371 418 463
144 480
533 229
346 571 405
390 488
656 567 405
241 86 463
516 349 405
274 370
680 50
247 183
312 651 405
92 590
615 313
144 688
703 457
180 418
590 78
391 445
264 355 405
618 233 463
226 618
693 20 405
395 287
25 611
481 65
286 420
67 435
325 298 405
580 38
207 251
459 619
670 252
84 640
74 444
407 545
84 458
416 398
623 198 405
80 672
314 383 405
564 127 463
192 553 463
167 661
613 79
630 222
19 500 405
633 85
685 391
690 142
302 265 405
400 492
699 133
169 184 405
55 284 463
597 125
347 519
463 146 463
623 621
59 471
468 616
374 86
324 429 405
202 366
414 32
177 679
391 654 405
432 644
260 671 405
238 290
413 126 463
20 636
57 565
304 678
36 416
326 236
3 231
696 487 463
310 357 463
101 447
342 213 405
577 695
699 61
519 705
402 252
451 417
701 161
52 358
116 45 463
479 387
475 143
401 3
395 166 405
256 589 463
32 510
117 314 463
102 114
696 667 405
102 278
237 345
68 434
499 512 405
100 682
646 302
322 616
319 631
203 17
700 238
477 171
679 57
313 554 463
561 663
207 531
638 512
60 220
180 216
324 316
295 541
315 238 405
65 318 463
333 80 405
393 703
597 1
549 422 405
554 607 405
300 182
221 521
428 350
130 700
620 412
313 432 405
217 440 405
281 672 405
651 494 463
611 13
113 244 463
658 96
492 307 405
350 72
673 147
532 14
224 576
259 587
378 183 405
66 582
204 694
118 513 463
453 573
699 347
345 449
631 550 405
653 359
441 277
688 242
82 390
656 137 405
3 547
174 261 405
651 345
533 647
234 585 463
386 29 405
536 120
626 90
584 404
181 585
93 520 405
504 526
156 490
671 283
491 564 405
313 73
567 25
602 20
518 652
1 614 405
218 411 405
335 706 463
262 499 463
252 535 463
325 595
117 625
560 440
449 582 463
680 529 463
317 269
675 179
573 51
378 626
226 459 463
651 91
50 292
705 145
521 301
124 596
49 681
369 190 405
225 291
457 73
547 235
487 145
561 79
587 377
609 13
134 498
96 301 463
246 464
92 252
164 620
215 402 463
611 77
654 148
380 226
197 619
428 333 463
7 593
50 439 463
136 660
304 47 463
339 1
91 609
554 188
680 102
119 295
628 296
57 417
387 367
302 704
339 546 463
274 420
209 344 405
566 588
439 390 405
639 223
524 88
87 537
328 502
376 24
207 45
225 680 463
62 402
294 86
697 73
437 9
441 599
3 125
328 404
19 145
665 181
109 614 463
579 316 405
481 139
577 230 463
439 631
17 700 405
267 665
403 528 463
579 449
58 346
580 376
626 288
392 47 405
349 249
61 197
97 256 405
130 582
680 226
191 231
200 637 463
130 518
307 73
589 500 405
426 450
52 660
63 448 405
682 178
54 474
311 679
5 393
158 155 405
672 44
410 684
135 230 463
133 538 463
154 255 463
183 679
180 683 405
515 38 405
43 539
320 184
5 549
224 99 463
666 314
392 147 405
84 448
419 348 463
469 590 463
177 106 405
164 176
401 520 405
629 25
312 241 405
55 145
486 10
456 503 463
301 395
558 20
417 65
574 58
163 703
481 105
125 196 405
268 510
554 308
85 227
596 434
265 566 405
74 388
146 94
649 678 405
31 671
23 536 405
661 250 405
195 374 405
702 183 463
78 191 405
687 61
158 32
625 586 463
316 694
532 34
692 52
118 613 405
663 196 463
38 24
311 685
388 242
185 514 463
537 31
611 93
587 620 405
630 134
645 155
474 634
261 77
571 103
91 657
547 108 405
201 455
16 638
202 570
607 65
700 62
6 642
673 290 463
521 569
201 667
288 240
536 85 463
34 257 463
474 14
569 275
24 580
503 185
644 695 405
579 341
675 472 463
202 450
401 263
178 236
262 189 463
544 266
598 645 463
565 2 405
106 616
180 41 463
115 505
628 194
335 399
97 653
608 132
354 507 405
232 196
573 625
31 661
577 452 463
611 172 405
350 686
200 548
621 117
247 20 463
378 333 405
556 355 405
484 30
225 5
425 378 463
81 467
47 458 405
501 43
289 539
359 684 463
596 191 405
655 59
239 551
234 487 405
340 682
687 53
241 344 463
448 489 405
152 586
665 52 405
111 638 463
297 563
269 74 405
81 47
702 144
364 254
103 613
197 54 463
70 628
601 187
286 386
271 266 405
533 410 463
621 489
559 533
162 299 463
21 479
222 139 405
624 60
611 144 463
140 378
392 616
433 236 463
225 373
299 314 405
480 84
269 437
675 415
105 336 463
632 176
256 305 405
457 37
486 464
8 572
415 655
619 696 405
639 179
692 410
425 262 405
353 701
501 301
76 291 405
309 128 463
654 113 405
190 217 463
636 404
501 360 463
667 565
664 490
2 328
377 695
7 535
468 10
444 317 405
439 99
531 213
525 637
136 388
81 108 405
184 491 463
356 676
28 578
413 223
633 427
163 657
658 585 405
13 250 463
563 363
290 587 463
408 390
599 43
436 384
54 658
131 627
206 596
274 171 405
672 48
280 444
608 274
386 644
666 177 405
554 166
177 475
415 557
238 513 405
416 457 405
97 386 405
678 626
436 162
687 600 463
393 302 405
322 247 463
266 694
313 411
3 87
379 324 463
437 302 405
11 645
46 688
418 172
124 540
170 584
53 439
304 207 463
202 694
50 594
653 320 463
21 653
231 50 405
459 353
169 609
564 331 405
561 533
230 622
405 88 463
700 96
55 585
664 158
467 706 463
410 76
421 579
519 485
233 490 463
185 603
562 496
234 508
119 166 463
55 597
52 680
114 464
635 295
301 161
682 46
632 202
51 29
509 400 463
562 572
28 620
87 57
546 198
535 39
671 314 463
68 674
511 17
514 67 405
568 286
361 577
372 349 463
496 380
287 204 463
555 119
81 697
519 19
638 515 405
476 448
518 672
205 246 463
256 676
677 445
398 332
544 690
2 612
118 354
391 72 463
189 202 463
15 175
311 21
554 414
676 202
420 163 405
597 497
107 657
268 479 463
71 636 463
550 12
88 426
153 599
250 200
421 94 405
245 549
393 410 405
57 341
102 387 405
685 171
571 659
668 465 405
184 165 405
559 421
684 52
633 165
157 319
283 225
82 384
45 69
437 604 405
534 192
369 1
673 323
333 230 405
510 246
611 125
617 694 405
376 415 463
379 286 463
457 562 463
232 641 405
564 204
685 563
365 183
645 380 463
503 117
695 505
104 354
226 634
108 41 405
135 413
551 123
429 91
215 507
313 534 405
212 455 405
79 354 405
518 101 463
484 207 405
471 448 463
357 99
532 352
26 351 405
78 646
376 114
75 671
86 674
109 629
592 58
706 669 463
638 12
462 353 405
415 517
399 695
5 221
434 516
97 293
536 200
657 225
109 691
324 671 463
109 90 405
5 13
367 187
356 204
493 303
472 570
359 612 463
651 205
249 265
255 493
612 498
338 13 405
71 471
275 366 463
28 235 463
298 348
44 540
1 370 405
425 413
23 597
663 511
493 466 463
300 665 405
151 677
410 434
574 411 463
648 10
246 374
581 13
492 228
419 232 405
570 25 405
555 19
151 397
589 305
357 50 405
157 511
150 518
160 448
597 447
171 631
147 617
20 656
282 210
560 274
688 126
35 367
278 632
629 99
178 242
492 468
105 485
94 694
557 408 405
218 538
206 305 405
26 150
507 193
501 422 463
375 692 463
325 397
193 391
221 388 463
636 235 405
422 50
518 454
19 387
678 703 463
331 289
678 656
601 103
436 62
495 73
47 486 463
135 537
203 661
402 294
396 181 405
646 62
647 151
144 542
189 651
46 366
327 566 463
587 682 405
681 633
185 13
267 516 405
473 536 405
106 58
636 114
389 143
645 604 463
540 520
185 599
320 554
13 481
424 675 405
688 228
110 83 463
8 496
275 171
667 169
43 376 463
39 27
255 672 463
505 699
452 190
16 658
111 645
618 238
685 129
420 494
428 593 463
110 30
14 512
84 301 463
571 265
657 81
697 89
442 19 405
221 623
626 126
691 356 463
62 563 463
291 134 463
174 428
28 646
585 319
148 684
435 369
239 546 463
199 513
681 76 405
3 580 463
495 383
600 18
678 635 463
573 15
169 489
668 141 463
4 130
18 416
444 469 463
703 98 405
685 91
123 421
330 454
242 661 405
461 335
461 638 405
683 151
41 322 405
528 184
145 432 463
354 685 405
155 447
557 106 463
398 369 405
616 677 463
299 146 463
133 623
331 17
46 570
114 692
153 687
133 419
8 610
144 474
405 200 405
335 705
206 603 405
37 660 405
51 677
650 34
427 663
468 82
179 147
9 339
559 678 463
303 76 405
609 333
418 221 405
21 643
657 348 463
362 268
18 626
115 287
447 229
179 437
234 275 463
319 408 405
127 661
485 457
592 90
360 366
372 665 463
316 624
438 51 405
405 9
37 271
433 116 463
10 644
393 239
241 651
563 29
685 361
570 328
447 97
363 451
204 37 463
499 606 405
243 578 463
598 220
55 546 463
380 268
527 471
417 537
98 86
641 106 463
382 262
674 254
657 667
15 633
51 191
672 260
705 199
118 408
358 248
121 52 463
434 606
3 280 405
628 630
98 684
311 653
296 258
76 562
597 485
512 601 463
403 652 463
