79
188 190
176 178
164 166
154 156
146 148
136 138
114 116
100 102
84 86
64 66
60 62
52 54
46 48
30 32
26 28
10 12
4 6
204 206
226 228
242 244
248 250
254 256
262 264
270 272
276 278
282 284
290 292
296 298
300 302
308 310
320 322
328 330
338 340
344 346
348 350
366 368
376 378
390 392
398 400
406 408
187 189
179 181
165 167
157 159
155 157
149 151
141 143
139 141
123 125
103 105
91 93
89 91
81 83
75 77
63 65
57 59
51 53
33 35
21 23
7 9
201 203
207 209
225 227
243 245
255 257
267 269
287 289
301 303
313 315
323 325
327 329
335 337
339 341
353 355
363 365
373 375
381 383
397 399
403 405
