148 4852 15 105
16 85 15
29 114 105
23 134 15
73 42 105
77 136 15
120 13 105
26 5 15
71 72 15
117 20 105
72 13 15
20 73 105
121 138 105
14 3 15
140 99 15
90 47 105
27 44 105
72 110
102 55 105
60 19 105
121 14 105
97 126 105
118 7 105
74 123 15
86 5 15
106 97 15
97 72 105
14 19 105
74 49 15
84 107 105
55 52 15
12 25 15
27 56 15
26 131 15
52 5 15
5 44 15
47 134 105
58 23 15
77 36 15
115 72 15
82 135 15
44 147 105
113 6 105
39 62 15
113 64 15
18 101 15
34 113 15
58 21 15
137 120 15
122 42
76 89 105
8 11 15
148 76
17 86 15
68 119 105
63 66 15
145 52 105
136 133 105
87 60 15
102 139 105
39 132 105
121 64 105
145 46 15
148 132
134 131 15
148 41 15
31 14 105
9 84 105
68 140
113 128 105
48 35 15
67 14 105
102 123 15
19 6 15
121 128 105
15 92 15
84 127 105
30 81 105
39 36 15
146 19 15
127 104 15
63 86 105
116 75 15
7 98 105
65 38 105
53 136 15
117 4 105
51 60 105
30 125 105
16 143 15
114 145 15
24 69 105
27 40 15
32 69 105
90 134
116 59 105
22 51 105
133 104 15
28 65 15
116 101 105
69 137
82 5 105
18 53 105
30 127 15
27 32 15
38 69 15
66 107 15
141 14 105
117 30 15
20 125 15
97 116 15
144 73 105
28 37 105
132 55 105
38 15 105
40 103 15
3 9
83 26 15
61 64 105
135 122 15
34 127 15
59 146 105
66 89 105
125 88 105
128 45 105
62 43 15
122 45 105
106 137 105
142 143 105
54 139 15
108 35 15
44 59 15
53 80 15
132 71 15
52 63 15
122 59 105
103 58 105
57 146 15
146 1 15
5 130 105
10 105 105
96 7 15
136 3 15
90 89 15
93 30 105
40 63 15
88 105 15
12 17 15
96 83 105
44 55 15
14 115 15
19 4 105
62 115 15
59 144 15
138 21 105
18 131 105
86 137 105
114 7 15
91 120 15
66 20
147 132 105
29 108 105
10 1 15
94 31 15
117 92 15
74 145 15
71 96 15
64 89 15
69 10 15
11 126 105
125 90 15
54 27 15
63 4 15
46 33 105
97 78 105
15 48 15
44 117 105
76 107 15
91 26 105
133 50 105
16 105 105
21 34 15
75 22 105
107 56 15
57 24 105
37 138 105
91 130 15
92 93 105
63 80 15
51 146 15
73 18 105
88 143 15
81 4 105
46 69 105
129 84 105
129 66 105
96 67 105
112 111 15
128 99 15
51 98 15
104 89 105
127 76 105
12 141 15
27 36 105
50 47 15
70 87 15
53 76 15
144 31 105
53 66 105
58 35 105
97 18 15
100 17 105
27 52 15
45 130 15
107 18 15
49 119
111 58 105
132 87 15
136 11 15
58 45 105
95 98 105
64 147 15
99 108 15
126 141 105
125 66 15
105 44 105
96 49 105
62 129 105
138 111 15
60 141 15
125 18 15
59 48 15
77 44 105
26 35 15
125 118 105
79 62 15
84 143 105
49 26 105
139 98 105
84 63 15
12 117 15
103 80 15
45 74 15
2 93 15
28 77 15
9 146 15
138 94
106 75 15
89 16 105
112 113 15
56 89 105
4 133 15
18 33 105
70 69 105
146 111 15
41 54 105
47 4 105
61 146 105
3 68 15
39 110 105
23 38 15
99 60 15
44 87 15
131 24 105
43 119
126 131 15
77 130 105
76 27 15
72 119 15
22 37 15
24 118
87 78 105
51 64 15
47 86 105
91 44 105
75 44 105
2 103 15
138 75 15
7 55
102 105 15
49 36 15
11 64 105
117 90 15
1 94 105
92 85 105
53 87
95 110 15
139 142 15
29 58 15
18 93 105
9 44 15
24 63 105
144 103 105
41 130 15
94 83 105
87 136 15
86 53 105
13 43
125 92 105
62 125 15
61 80 105
52 1 105
30 7 105
67 128 105
96 65 15
57 64 15
1 82 105
118 37 15
133 42 15
126 145 105
101 124 105
98 25 105
92 73 15
89 74 15
19 132 15
141 130 105
74 23 15
139 138 15
90 75 105
48 21 15
5 108 15
115 26 105
136 139 15
87 16 105
148 33 105
31 44 105
119 134 15
79 128 105
145 92 15
46 93 15
122 141 105
63 90 15
88 27 15
45 132 105
86 11 15
118 141 105
100 3 105
51 148 15
126 83 105
114 143 15
52 137 105
58 9 15
57 112 15
55 14 15
36 51 105
9 86 105
68 131 15
68 89 15
48 25 15
61 14 105
105 25
103 34 105
77 22 15
145 136 15
141 110 105
84 1 15
124 103 105
123 18 15
13 16 105
54 6
115 146 15
68 107 105
148 79 15
22 20
108 33 15
7 106 15
127 28 15
55 140 105
137 100 15
71 4 105
101 50 105
25 130 105
93 138 105
133 84 105
84 61 15
11 76 105
31 70 105
78 121 15
8 63 15
28 141 15
130 121 105
93 104 15
40 59 15
17 42 105
72 9 15
144 137 105
3 138 15
3 60 15
136 73 105
147 128 105
105 30 105
123 42 105
97 124 15
120 9 105
22 1 105
39 126 105
113 96 105
124 145 105
59 38 15
71 136 105
79 4 105
20 85 15
22 135 105
119 118 105
128 127 15
7 54 15
96 53 15
139 20 15
75 136 105
18 11 105
124 105 105
127 44 105
47 22 15
24 91 15
82 33 105
52 133 15
86 20
48 101 15
50 37 15
32 5 105
4 59 15
108 113 15
95 114 15
7 66 105
12 73 15
99 51
64 3 15
52 143 105
17 142 15
17 58 15
38 27 105
31 3
135 100 15
41 138 15
77 104 105
120 147 15
86 19 105
122 61 15
39 68 15
68 85 15
78 51 105
49 52 15
27 122 15
33 96 15
96 37 15
118 5 105
134 135 105
42 137 15
91 140 105
57 86 105
64 27 15
63 44 15
132 41 15
139 103
84 139 15
114 11 105
4 53 105
65 16 105
122 97 105
65 106 105
142 5 15
143 8 15
35 116 15
88 97 15
63 128 15
144 147 105
102 111 105
64 117 105
54 137 15
36 75 105
9 118 15
121 98 105
1 58 105
9 101
125 16 15
36 15 15
33 56 15
143 106 105
80 81 105
22 11 105
78 103 105
116 85 15
136 113 105
22 9 105
54 105 105
114 67 105
109 124 15
70 125 15
97 76 15
70 113 105
28 81 15
53 110 105
77 38 105
88 57 105
40 125 15
28 21 15
102 81 105
105 148 105
17 60 15
81 69
65 108 105
28 103 105
117 139
110 75 15
87 10 15
108 129 105
116 81 105
63 68 15
58 49 15
74 33 15
59 132 15
23 70 105
30 67 15
3 16 15
114 43 105
135 4 15
84 23 105
61 104 105
71 68 105
83 34 105
140 75 15
122 121 15
134 122
33 54 105
15 96 15
124 125 105
43 64 105
140 139 15
111 14 15
51 18 105
47 130 105
59 66 105
64 59 15
102 47 105
116 129 105
93 117
76 1 105
46 5 15
76 141 15
3 132 15
2 111 15
138 51 15
145 6 15
99 38 15
28 109 105
78 135 105
120 65 105
22 83 15
48 119 15
120 93 105
67 48 15
89 42 105
3 96 105
80 3 105
146 31 15
19 116 15
41 20 15
78 15 105
30 113 15
132 79 105
83 48 15
110 101 15
12 71 105
84 7 15
72 105 15
62 11 15
106 15 105
24 33 15
86 7 15
39 58 105
24 61 15
45 28 105
69 64 15
119 132 15
143 48 105
135 34 105
146 139 105
17 4 15
131 30 15
140 137 15
97 112 15
140 79 15
109 136 15
102 45 15
81 66 15
38 51 15
70 84
94 99 15
57 52 15
64 97 15
88 99 15
49 54 15
47 46 105
81 136 105
57 46 105
31 124 15
101 134 15
130 108
47 6 105
56 61 105
31 76 15
25 124 105
90 17 15
4 125 15
113 88 105
72 1 15
54 101 105
69 36 105
51 88 105
127 144 105
27 12 105
101 34 105
107 24 105
37 124 15
65 136 15
80 139 105
36 67 15
142 57 105
97 92 105
68 49 15
92 57 15
72 127 105
102 85 15
3 4 15
125 126 105
57 76 15
60 86
40 29 105
90 135 105
107 52 15
95 6 15
12 99 105
78 95 105
61 72 15
58 83 15
147 10 15
1 122 15
37 117
120 101 105
121 72 105
4 49 105
67 8 105
34 115 15
147 116 15
49 69
132 135 15
63 81
28 47 105
49 56 105
132 5 105
103 88 15
111 130 15
112 3 105
100 115 15
27 47
99 76 15
7 28 15
1 56 105
50 93 105
57 74 15
80 55 105
113 12 105
15 56 15
47 80 105
29 66 15
109 80 15
122 35 15
65 118 15
145 44 105
77 60 105
13 28 105
15 83
54 37 15
141 148 105
132 143 15
51 58 105
32 115 15
52 69 105
148 39 105
77 94 105
88 5 105
47 146 15
32 1 105
109 138 105
87 124 105
77 122 15
56 99 105
109 148 105
120 113 105
99 5
15 102 15
21 88 15
140 83 105
64 123 105
57 40 15
11 134 15
100 37 15
59 70 105
104 113 105
147 68 15
8 105 15
94 15 105
6 123 105
87 139
69 104 105
110 35 15
80 19 15
23 96 105
69 35
144 141 15
73 49
32 91 15
115 106 15
68 69 105
1 16 105
55 144 15
109 70 15
45 134 105
77 81
126 53 15
144 61 105
50 53 15
98 45 105
103 47
14 27 105
146 141 105
119 88 105
106 95 105
146 69 15
110 1 15
28 74
59 130 105
71 6 105
114 119 15
24 79 105
37 18 105
135 148 105
80 49 105
30 15 105
55 90 15
59 126 105
41 140 15
147 81
7 12 105
111 4 15
134 113 15
42 111 105
94 139 15
107 26 15
105 146 15
117 88 15
41 14 15
43 116 15
24 47 15
21 46 15
65 34 15
98 99 105
90 5 105
24 21 15
26 25 105
43 134 105
124 115 105
103 42 15
92 1 15
28 113 15
93 62 105
105 122 105
23 108 105
12 83 105
6 64
141 92 105
138 27 105
147 66 105
145 132 15
106 23 105
66 103 15
104 138
141 50 15
97 86 15
146 91 105
37 4 15
30 99 105
131 20 105
86 119 15
24 13 105
122 99 15
112 87 15
69 120 105
103 146 105
4 129 105
103 105
53 144 105
40 93 15
36 131 15
116 115 15
140 145 15
103 136 105
46 25 15
119 92 15
54 111 105
138 17 15
104 124
54 91 105
146 11 15
77 126 15
102 75 15
91 42 105
126 5 105
10 107 105
121 22 15
11 97
136 131 105
97 68 105
137 28 15
123 118 105
73 98 15
29 104 15
142 113 105
33 60 105
142 71 15
11 20 15
49 90 105
72 85 105
20 10
59 114 15
72 3 105
29 32 105
17 16 15
148 101 15
49 20 15
22 111 105
66 141 105
131 132 105
111 105
5 60 105
22 49 15
96 103 105
103 120 15
95 144 105
38 120
12 109 15
103 82 105
56 19 15
35 20 105
29 12 105
130 143 15
61 108 105
15 130 105
19 78 105
78 109 105
92 59 105
94 107 15
15 22 105
143 110 15
66 121 105
74 37 105
106 10
117 136 15
5 54 15
23 136 105
30 133 105
96 137 105
73 38 15
19 28 15
15 90 15
75 46 15
76 25 105
52 23 15
40 87 15
144 57 105
67 20 105
33 30 15
127 50 15
88 139 15
92 55 105
82 127 105
7 50 105
101 112 15
88 93 15
107 148 105
83 120 15
72 103 15
35 94 15
51 74 15
33 44 105
98 91 15
82 13 15
67 143
98 145 15
140 117 15
37 108 15
82 99 15
66 145 105
100 141 105
108 125 105
92 81 105
17 132 105
18 121 105
45 6 105
145 118 105
2 107 105
64 5 15
93 98 15
148 91 105
25 16 105
79 116 105
133 62 15
84 93 105
80 71 15
102 101 105
56 17 15
2 47 15
70 137 15
71 112 15
134 51 105
5 102 105
7 92 15
97 48 15
90 3 105
27 104 15
146 5 15
18 47 15
96 43 105
62 123 105
42 113 105
62 49 15
108 93 15
73 50 15
69 108 15
137 98 15
148 97 105
45 116 105
7 130 15
75 130 105
117 102 15
82 129 105
121 89
138 107 105
21 108 15
45 142 15
96 107 105
47 138 105
120 35 105
93 42 15
93 44 15
10 33 105
37 56 105
140 43 105
91 2 15
98 87 15
104 67 15
36 137 15
110 117 105
83 36 105
93 122 105
136 61 105
132 91 15
15 138 105
120 87 15
49 44 105
124 131 105
136 13 105
65 64 105
75 8 105
66 35 15
7 42 105
98 49 105
69 92 15
146 67 105
136 127 15
8 41 15
95 66 105
21 32 15
20 99 105
33 16 105
18 29 105
21 20 15
20 1 105
76 136
71 52 105
125 24 15
117 72 105
145 84 105
61 130 15
1 66 15
123 100 15
23 92 105
26 147 15
89 134 105
44 73 15
148 70
50 105 15
99 80 15
16 31 15
120 21 105
65 70 15
42 15 105
102 51 15
60 91 105
43 56 15
50 51 15
94 117 105
82 7 15
73 146 105
123 44 15
5 14 105
67 68 105
45 72 105
49 106 15
35 82 105
31 26 105
48 19 15
5 62 15
126 123 105
125 10 105
81 114 105
107 120 105
26 85 15
97 52 15
124 129 105
127 96 15
65 52 15
106 101 105
39 131
102 43 105
86 147 105
145 60 105
78 101 105
22 105 15
24 3 15
131 89
77 124 15
76 143 15
8 137 105
123 78 105
18 49 15
21 98 105
70 21 15
10 35 105
100 47 105
101 138 15
20 87 105
41 46 15
25 58 105
111 20 105
33 146 15
50 145 15
32 33 105
69 106 105
81 36 105
31 46 15
42 29 15
51 56 15
117 60 105
106 105 15
102 137 105
21 102 15
68 91 15
33 116 15
131 38 15
20 91 105
12 145 15
71 32 15
31 92 105
127 132 105
51 96 105
35 9
112 119 15
45 112 105
130 101 105
134 17 15
75 2 15
69 34 15
85 76 15
2 63 105
47 94 105
23 88 105
29 36 15
22 43 105
114 131 15
85 86 105
49 24 15
137 46 15
131 10 105
43 48 105
131 143
71 66 105
23 44 105
90 1 15
85 40 15
19 144 105
109 122 105
144 133 105
105 84 105
79 26 105
96 119 105
148 115 15
45 52 15
51 54 105
66 101 105
27 92 15
144 74
110 47 105
82 67 15
48 29 15
103 108 105
92 41 15
101 38 15
67 88 15
73 108 15
21 112 15
138 25 15
46 139 15
64 105 105
65 148 15
127 59
16 119 15
15 47
16 73 15
135 116 15
69 7
117 63
143 122 15
79 10 105
40 95 15
51 52 105
68 57 105
2 100
50 147 15
98 129 15
54 125 105
113 24 105
83 134 105
101 100 15
96 125 15
73 72 105
94 85 105
30 13 105
24 95 105
76 75 105
12 143 105
23 107
116 5 15
59 124 105
31 56 15
58 115 105
90 19 15
37 40 105
32 77 15
146 121 15
59 8 15
53 28 15
91 38 15
24 75 15
102 29 105
126 7 15
63 108 15
56 7 15
144 39 105
110 137 105
36 45 105
6 121 15
52 95 105
33 110 15
17 50 15
79 54 105
147 98 15
128 27 15
49 136 105
8 147 105
116 51 15
91 6 105
23 62 15
60 65 105
16 133 15
108 111 105
101 64 15
132 72
121 120 15
143 32 105
65 142 15
43 10 15
50 71 15
84 41 105
38 53 15
105 128 105
54 103 15
50 125 105
111 10 105
79 38 15
125 46 15
91 114 15
58 127 15
83 82 15
61 40 15
78 141 15
78 57 15
61 142 15
67 120 105
40 12
59 22 15
105 58 15
109 40 105
141 136 105
124 29 15
33 48 15
19 98 15
100 133 105
54 81 105
71 64 15
16 129 15
77 110 15
97 54 105
89 12 15
115 50 15
59 24 105
96 31 15
61 98 105
5 92 105
104 118
61 38 105
12 3 105
104 125 15
48 109 15
40 21 15
59 88 105
111 62 105
51 136 15
5 136 105
64 87 15
95 112 15
50 91 105
91 52 105
109 62 15
98 125 15
132 1 105
145 137
43 52 105
118 49 105
24 105 15
104 51 15
77 26 15
80 25 105
24 55 15
28 73 15
28 43 105
87 6 105
54 61 105
26 137 105
64 81 15
76 147 105
60 20
18 89 105
118 115 105
30 27 105
43 54 15
85 128 105
78 143 105
52 75 105
23 12 15
104 95 105
127 20 15
46 67 105
118 131 15
3 74 105
8 65 105
132 123 105
46 17 15
79 50 15
96 55 15
42 75 105
85 8 15
135 104 15
66 117 105
133 36 15
15 114 105
43 70 105
97 136 105
125 148 15
53 34 15
72 49 105
58 118
9 142 105
110 21 105
68 59 105
113 20 105
91 36 105
108 57 15
77 138 15
78 5 105
68 1 15
148 57 15
40 23 15
117 70 15
67 4 15
23 104 15
100 51 105
70 99 105
82 25 15
82 109 105
110 121 15
39 80 105
89 69
128 143 15
45 126 15
143 54 105
114 34
71 14 105
77 4 105
90 57 105
30 53 15
89 2 105
37 2 15
34 102
39 16 15
90 33 105
77 84 15
93 76 15
129 69
41 128 105
36 3 105
75 114 105
129 28 105
111 8 15
74 59 15
129 78 105
24 137 105
107 20 15
72 145 105
29 86 105
107 110 105
81 90 15
60 81 15
147 54 15
148 99 105
72 104
42 115 105
61 88 105
51 82 15
25 112 105
101 68 105
144 91 105
95 26 15
115 38 105
76 104
118 43 15
11 52 15
135 28 105
101 30 15
32 53 15
144 99 15
27 112 105
46 1 105
9 74 105
79 136 15
104 54
4 93 15
45 24 105
48 57 105
89 94 105
134 59 15
84 115 105
73 58 15
3 40 15
30 111 15
113 92 105
89 10 15
137 82 105
26 139 105
142 115 15
134 52
45 124 15
80 65 15
35 6 15
116 133 15
60 31 15
142 107 105
130 135 15
108 81 15
30 19 105
139 132 105
124 27 15
98 23 105
39 103
95 126 15
125 8 105
145 54 15
105 74 105
70 135 15
30 59 105
12 77 105
34 121 15
21 128 15
9 52 105
40 53 105
49 82 105
134 27 105
113 102 105
39 92 105
70 133 15
6 53 105
144 5 15
39 44 105
145 86 15
139 120 105
48 85 105
92 25 15
13 60 15
1 14 105
139 104 15
8 141 105
135 98 105
103 9
4 28
105 138 105
143 20 15
80 75 105
11 2 15
64 2
23 112 105
24 109 105
119 22 15
98 140
89 100 15
56 45 15
88 77 15
17 80 15
138 9 15
37 94 15
112 43 105
61 118 15
39 12 105
65 110 105
94 143 15
89 28 105
119 56 105
51 32 15
119 6 15
101 90 105
142 27 15
39 28 105
102 121 105
23 66 105
102 143 15
37 64 15
18 117 15
28 67 105
32 63 105
21 86 15
33 2 15
38 35 15
124 53 105
111 66 15
144 89 15
3 108 15
82 79 15
38 105 15
41 81
69 2 15
37 78 15
42 129 105
97 140 105
20 9 15
2 77 105
129 74 105
100 107 15
80 37 105
55 114 15
55 21
66 55 15
68 55 15
57 28 105
60 119 105
117 80 105
23 130 105
20 39 105
144 109 105
20 95 15
123 96 15
63 58 105
34 13 15
73 54 105
22 27 15
33 12 105
50 113 105
7 18 105
98 53 15
127 6 15
20 123 15
119 67
110 37 15
137 6 15
50 43 15
24 71 15
145 38 15
73 24 15
118 67 15
120 115 15
70 49 15
66 99 105
39 128 105
106 99 105
29 125
13 4 105
62 75 15
56 3 105
145 142 105
35 60 15
109 118 105
58 95 105
132 65 105
23 132 105
147 16 15
72 41 105
144 11 15
9 78 15
25 84 105
89 22 105
111 128 105
142 131 15
76 77 15
101 44 105
40 67 105
56 76
50 15 15
135 24 105
70 47 15
59 62 15
44 61 15
141 4 105
83 104 105
50 111 105
31 22 15
140 129 105
115 112 15
27 106 105
117 54 15
14 53 105
105 114 105
55 8 15
67 18 15
135 88 15
107 12 105
142 25 105
136 55 15
116 37 105
28 71 15
78 81 105
78 134
35 22 105
42 19 105
142 23 105
133 22 15
116 47 15
29 38 105
139 114 15
132 9 15
59 138 105
54 141 105
119 94 15
55 54 15
138 125 15
33 8 15
8 98
11 39
58 3 15
92 123 15
7 44 105
120 125 15
90 108
59 6 15
119 146 105
73 76 15
40 141 105
16 131 15
33 34 15
103 132 15
5 56 15
39 42 15
143 26 15
47 32 105
113 122 15
8 1 105
8 79 105
99 44 105
90 41 105
130 147 15
25 52 15
140 71 105
97 26 105
125 2 15
39 52 15
74 43 105
85 138 105
115 130 105
129 76 105
51 86 15
38 49 15
112 105 15
16 111 15
88 109 15
26 117 15
17 102 15
89 116 105
47 30 15
129 14 105
17 30 105
118 29 15
46 29 105
83 40 15
119 107
10 67 105
122 25 15
114 27 15
99 118 105
54 39 105
139 92 105
128 145 105
66 119 105
50 69 15
75 28 105
109 18 15
132 13 15
4 69 105
52 21 15
139 14 105
127 40 105
41 12 15
72 5 105
63 14 105
139 128 15
93 94 15
139 32 105
58 75 15
34 45 15
90 129 105
130 81 15
144 72
132 109 15
100 31 15
48 71 15
110 93 105
88 147 15
125 56 105
112 47 105
124 111 15
75 60 105
19 18 15
147 74 105
34 105 15
62 141 15
65 98 105
14 89 15
135 138 15
63 46 15
75 48 105
26 121 105
147 114 15
15 116 105
73 109
34 73 15
85 11
76 59 105
37 48 105
114 115 105
146 93 15
142 13 105
95 38 105
112 81 105
141 105
69 96 105
4 75 105
76 117 105
48 91 105
72 39 15
113 8 15
42 63 105
110 9 15
83 18 105
32 145 15
85 84 15
62 63 105
73 30 105
59 16 15
32 87 105
6 111 15
5 4 15
23 76 105
147 134 105
148 69 15
51 6 105
6 133 105
134 77 15
62 99 105
102 31 105
81 20 15
96 99 15
46 23 15
32 129 105
8 123 105
11 106 15
88 142
58 81 105
81 8 15
34 126
41 48 15
28 35 105
86 33 15
14 107 105
125 142 15
131 6 105
59 118 105
87 84 15
80 33 105
1 30 15
72 146
35 14 15
37 42 105
121 46 105
106 121 105
131 52 105
131 148 15
10 91 15
90 53 15
64 103 15
35 24 105
99 100 15
60 21 105
125 72 105
41 42 15
50 23 105
134 94
121 114 105
84 17 15
53 121
40 117 15
75 68 105
101 40 15
23 24 15
142 69 15
107 60 105
123 144 15
47 106 105
7 58 105
81 84 105
42 5 105
27 18 105
74 127 15
70 79 105
43 92 105
56 75 105
102 27 15
1 136 15
66 75 15
145 102 15
121 96 105
127 10 15
97 50 105
84 97 15
34 19 15
120 131 105
41 28 105
83 90 15
130 35 15
107 86 15
14 131 105
42 31 105
64 31 105
143 34 15
80 113 105
51 8 15
13 122 15
65 18 105
100 129 15
24 89 15
15 76 15
125 136 105
58 43 105
41 80 15
9 96 105
128 43 15
134 121 105
73 6 105
103 52 15
62 89 15
70 101 15
123 124 15
55 12 15
29 123
48 127 15
57 72 105
104 117 15
63 102 15
62 103 105
87 43
34 9 15
134 7 15
6 105 105
13 144 15
145 64 15
83 10 15
53 2 15
11 72 105
108 25 15
33 128 105
18 129 15
39 38 105
142 49 15
68 21 105
16 103 105
87 88 15
105 82 15
139 66 15
139 100 15
25 95
86 3 105
115 74 15
109 134 15
95 108 15
9 144 15
47 36 15
32 123 105
12 59 105
82 97 105
105 12 15
128 17 15
36 123 15
79 96 105
97 34 105
138 45 15
145 144 15
142 111 15
22 61 105
116 58
46 129 105
94 45 105
129 120 15
100 1 105
10 65 105
84 89 15
96 45 15
60 83 105
40 55 105
147 22 105
95 10 105
79 42 15
74 67 15
72 111 15
120 105 105
87 140 15
137 124 105
48 39 105
10 51 105
5 16 15
21 114 15
57 2 15
148 94
40 105 105
133 110 105
28 59 105
136 38
83 68 15
74 31 15
113 22 15
4 101 15
92 67 15
100 121 15
61 76 105
93 24 15
80 23 105
126 67 15
31 148 15
65 46 15
118 81 105
5 80 15
34 111 105
119 18 15
52 53 105
53 26 105
107 62 105
134 71 15
26 101 15
65 44 15
3 148 105
61 116 105
43 8 15
26 135 15
26 93 105
123 142 15
73 90 15
109 120 105
126 113 15
2 65 105
47 62 15
138 69 105
66 105 105
137 20 105
136 19 105
4 115 15
46 91 105
134 73 105
111 60 105
80 83 105
37 120 15
43 68 105
14 12
51 108 15
131 102 15
94 103 105
145 58 105
61 124 105
43 32 15
34 109 15
116 127 15
119 34 105
89 50 105
69 102 105
11 38 105
12 115 105
9 48 105
18 31 15
31 142 105
64 90
116 9 105
59 34 15
106 111 105
48 79 105
83 4 15
70 115 105
72 79 105
20 121 105
118 83 105
85 70 15
97 104 105
28 29 105
62 37 105
85 118 105
45 66 105
122 3 105
111 90 15
62 145 15
32 3 105
48 93 105
33 42 105
13 114 105
32 121 15
55 60 105
92 95 15
92 133 105
47 8 15
75 78 105
35 76 105
44 21 105
14 147 105
4 65 105
76 45 105
142 83 105
82 9 105
86 79 15
91 4 105
129 48 105
116 83 15
18 59 105
87 55
1 106 15
109 76 15
146 21 15
108 45 105
81 52 105
27 46 15
30 109 15
6 81 15
9 12 105
111 100 15
74 73 105
70 143 15
61 60 15
140 11 105
40 75 105
44 109 105
31 28 15
34 51 105
90 8
107 102 105
129 30 105
105 140 105
38 139 15
1 24 15
73 14 15
131 32 15
129 10 105
14 79 15
88 111 15
48 117 105
101 104 15
102 147 15
78 35 15
65 92 105
52 121 105
16 67 105
131 64 105
136 45 15
105 144 105
147 101
9 80 105
76 29 105
63 104 15
120 27 15
138 113 105
103 118 105
98 131 105
40 13 15
121 112 105
39 116 15
110 13 15
104 99 105
121 12 15
141 132 105
104 105 15
119 40 15
114 85 105
114 129 15
98 41 15
57 44 105
104 1 15
27 10 105
6 141 105
99 2 15
43 6 105
87 96 105
148 13 105
128 131 15
15 86 15
87 142 15
62 40
118 97 15
91 108 105
67 98 105
76 125 105
62 51 105
120 31 105
32 95 15
78 145 15
130 109 15
94 125 15
115 104 15
71 124 15
106 13 15
88 13 105
55 146 15
50 41 15
49 8 105
110 111 15
53 146 15
90 130
132 85 15
62 1 15
91 126 15
139 68 15
95 70 15
21 94 15
54 31 105
106 51 105
60 137 105
70 71 15
73 36 15
13 116 105
140 9 15
67 6 105
65 26 15
133 54 15
42 143 15
12 81 105
138 123 15
40 11 15
80 13 15
67 100 105
99 4 105
48 103 15
31 36 105
103 92 15
116 107 105
112 61 105
95 72 15
146 133 105
102 61 105
24 25 15
108 107 105
33 72 15
17 146 15
19 32 105
89 132 105
119 28 15
39 114 15
128 37 105
102 33 105
33 122 105
80 105 105
39 66 105
66 21 105
135 106 15
45 40 15
79 90 105
119 42 105
116 131 105
105 94 15
136 47 15
146 65 105
110 119 105
126 1 105
38 5 15
146 43 105
51 40 105
131 78 105
6 97 15
98 1 15
103 14 105
84 75 105
104 147 15
131 2 105
86 83 15
126 85 15
18 3 15
46 55 105
64 127 15
63 82 15
15 100 15
17 110 15
62 87 15
21 2 15
1 6 105
118 121 15
101 140 105
81 82 15
75 132 15
120 117 105
22 85 15
111 140 105
104 59 105
64 29 105
37 14 105
88 137 105
125 140 15
19 12 15
69 14 15
82 118
100 65 105
21 42 105
80 119 15
101 142 15
129 130 105
69 18 15
68 77 15
54 25 15
71 78 105
42 147 105
15 66 105
93 10 105
148 133 15
134 29 105
30 126
68 27 105
74 39 105
60 71 105
87 14 15
138 55 15
21 79
145 28 105
15 142 105
120 33 105
118 87 15
108 27 105
120 81 105
135 12 105
30 57 105
82 61 15
66 123 105
45 144 15
139 124 15
139 106 105
110 5 105
116 125 15
110 45 105
138 29 15
116 119 15
14 109 105
32 135 105
135 52 105
91 104 15
112 79 105
23 138 15
148 29 15
65 134 105
116 20
114 127 105
133 138 15
6 27 15
13 2 105
138 137 105
77 128 15
33 87
127 92 105
16 53 105
126 25 105
11 6 15
102 49 105
99 36 105
8 139 105
48 3 105
86 65 15
54 113 105
141 128 105
57 114 15
60 109 15
58 61 105
141 80 15
88 145 15
137 132 105
47 56 15
46 9 15
15 4 15
41 142 105
67 84 105
98 43 15
43 138 15
122 127 105
122 129 105
81 122 105
106 3 105
80 137 15
104 19 105
45 4 105
24 123 15
27 84 105
81 128 105
87 66 105
84 73 105
79 114 15
58 141 15
138 141 15
83 122 105
43 60 15
105 15
142 79 15
133 76 105
135 64 105
75 100 15
46 101 15
2 105 15
121 60 15
49 112 15
144 143 105
35 52 15
38 13 105
47 74 15
127 138 15
137 118 105
10 73 105
15 16 15
147 94 105
98 97 15
98 109 105
115 64 105
50 138
129 79
51 24 15
25 94 15
92 61 105
55 38 105
141 84 105
15 52 105
119 136 105
11 108 15
61 16 15
7 32 105
41 118 15
9 94 15
142 99 15
20 71 105
39 78 15
146 127 105
107 134 15
116 63 105
34 131 15
142 7 15
128 93 105
34 31 105
62 21 105
49 108 15
13 130 105
8 129 15
17 104 105
10 99 15
2 135 15
33 104 15
100 87 105
105 32 105
107 112 15
58 91 105
33 126 15
45 139
71 62 15
143 44 105
123 94 105
16 95 105
115 90 105
99 78 15
56 69 15
121 16 15
128 32
63 88 15
74 135 15
117 118 105
93 72 15
10 29 15
124 121 105
83 74 15
39 24 105
34 57 105
143 120 15
34 71 15
65 144 105
33 6 105
114 69 105
15 128 105
123 76 105
83 70 105
106 77 15
101 144 15
145 130 105
50 83 15
100 14
12 103 105
118 71 105
59 26 15
139 110 15
119 24 15
2 31 15
75 134 105
129 72 105
101 7
44 121 15
109 64 15
137 53
134 13 105
38 111 105
91 96 15
61 3
31 86 105
11 4 105
47 88 105
134 143 105
82 47 105
88 39 105
21 22 15
22 69 105
42 81 15
115 40 15
87 102 15
103 148 105
87 110 15
86 73 105
4 76
57 100 15
121 24 105
37 130 105
29 2 105
144 71 15
84 35 15
73 88 105
108 101 105
117 96 15
22 145 105
25 102 15
146 15 105
96 35 15
100 7 15
52 139 105
32 49 105
133 126 105
42 9 15
96 47 15
83 20 15
14 23 15
41 108 105
4 113 105
60 69 15
138 115 15
140 103 15
17 88 15
24 85 15
101 92 15
38 113 105
66 22
92 109 105
53 130 105
94 65 15
48 63 105
78 33 15
45 16 105
35 80 15
28 117 105
120 29 105
14 21 15
101 28 15
30 43 15
22 5 15
87 122 105
28 42
92 105 105
96 66
90 23 15
134 129 15
10 121 105
80 73 15
5 128 105
31 138 105
30 37 105
121 136 15
81 132 105
83 3
1 88 15
118 133 15
80 97 15
91 12 105
121 82 105
21 140 15
144 1 105
108 144
123 140 15
51 76 15
81 44 105
128 119 15
1 12 15
70 93 15
47 10 15
51 144 105
43 18 105
128 49 105
146 23 15
71 148 15
92 11 105
62 147 15
12 131 105
134 137 105
89 102 15
85 6 105
26 45 15
62 108
127 18 15
53 134 15
106 109 15
89 136 105
146 3 105
89 8 105
124 13 15
97 123
92 17 15
140 35 105
122 91 15
51 12 15
22 123 105
27 60 15
72 123 105
50 131 15
59 96 105
97 22 105
86 81 15
28 11 105
69 94 15
74 69 105
84 125 105
100 127 105
84 95 15
93 28 15
30 23 105
96 73 105
87 34 105
3 38 105
5 76 105
67 58 15
39 98 15
89 4 105
14 133 15
141 112 105
77 56 15
142 81 15
141 26 105
100 19 15
144 35 15
1 70 15
95 86 105
132 56
1 34 15
99 69
27 130 15
17 112 105
5 112 15
119 124 105
115 88 105
92 115 15
105 68 15
36 103 15
142 43 105
107 6 105
115 56 15
84 121 15
94 23 105
72 135 15
44 37 15
110 41 15
120 99 15
86 69 105
138 35 105
90 121 15
29 70 15
76 65 105
140 113 105
147 32 15
101 59
145 8 15
21 12 15
42 145 105
95 141
133 68 105
101 56 105
3 10 15
19 124 15
41 16 105
17 144 105
135 112 105
8 131 105
51 130 15
121 74 15
68 41 15
103 38 15
122 137 15
3 46 15
27 2 15
51 30 105
105 20 105
146 101 15
25 96 105
102 135 15
101 94 105
14 17 105
95 94 15
123 110 15
107 16 105
100 83 15
46 97 15
73 130 105
110 7 105
123 58 15
132 35 15
98 13 105
124 91 105
137 94 105
130 128
97 146 15
87 138 15
26 43 15
136 93 105
80 133 15
22 137 105
2 71 105
94 81 105
106 31 105
98 117 105
99 138 105
84 59 15
134 103 105
25 106 15
70 25 15
6 93 15
41 38 105
7 46 15
9 148 105
64 99 15
104 31 15
60 89 105
78 115 15
72 133 105
29 84 15
81 135
131 121
104 123 105
135 80 15
120 41 105
15 46 105
114 113 105
131 92 105
130 71 15
106 41 105
78 125 105
127 140 105
82 41 15
147 80 15
36 61 15
28 83 15
31 8 105
14 97 15
81 56 15
102 9 15
95 88 15
40 121 15
107 70 15
66 37 105
15 70 15
124 63 105
82 59 105
71 92 105
141 10 15
128 9 15
35 134 105
40 99 105
68 121 105
41 64 105
126 121 105
32 93 105
104 41 105
86 121 105
40 147 105
90 13 15
61 128 105
100 119 105
95 4 105
79 100 15
109 66 105
3 76 105
67 42 15
44 89 105
129 118 15
143 138 105
63 148 15
49 28 105
140 27 15
11 124 15
49 66 105
68 15 105
13 22 15
32 97 15
23 42 15
93 124 105
128 11 15
85 36 105
120 1 15
82 23 15
13 52 15
43 122 105
45 88 15
48 49 105
104 21 15
105 62 105
40 137 105
107 140 15
10 54
81 62 105
29 4 105
9 6 15
144 136
72 77 15
67 130 15
10 119 15
118 135 105
140 15 15
32 59 15
9 60 15
34 117 105
75 104 105
86 98
77 42 105
99 24 105
14 127 15
26 7 15
7 64 15
24 147 15
109 16 105
46 39 105
1 124 105
25 50 15
107 42 15
98 55 15
107 132 105
145 20 105
16 113 105
80 15 15
65 58 15
80 93 15
107 144 105
79 64 105
107 146 15
11 104 15
50 21 15
83 88 105
78 127 105
134 63 105
140 77 15
10 77 105
53 56 105
120 7 105
34 85 105
26 61 105
61 138 15
97 102 105
36 127 15
67 50 15
143 140 15
98 34
48 81 15
72 7 105
16 29 105
42 71 105
84 19 15
5 70 15
15 84 15
135 10 105
27 62 105
105 98 15
125 52 15
24 115 15
64 63 105
34 63 15
108 119 105
56 29 15
121 76 105
34 90
55 64 15
117 31
10 113 105
126 9 15
78 89 105
49 14 105
23 4 15
20 135 15
67 12 105
114 65 15
41 134 105
39 70 105
26 105 105
11 42 105
89 86 105
146 7 105
63 26 15
34 137 15
121 104 105
56 112
8 97 105
8 13 15
113 36 15
52 17 105
115 126 105
90 131 105
126 103 105
126 117 105
82 91 15
124 127 15
112 129 15
66 41 105
64 1 105
116 41 15
46 131 15
128 73 15
55 30 15
53 94 15
49 6 15
135 136 15
7 48 15
64 76
91 134 105
109 6 105
120 133 15
9 93
72 91 15
45 113
17 72 105
37 32 105
18 25 105
34 81 105
138 103 15
30 137 15
96 1 15
125 31
55 108 105
138 67 15
31 4 15
137 130 105
107 136 15
3 26 15
85 43
147 92 105
19 96 105
78 61 15
34 67 105
82 15 105
26 6
59 136 15
98 29 15
105 14 15
63 56 15
60 135 105
64 33 105
93 148 15
133 98 15
83 98 15
139 96 15
90 9 15
101 20 15
127 108 105
83 14 105
137 90 105
116 109 15
144 63 105
38 37 15
102 77 15
75 92 105
18 77 105
94 73 105
14 137 105
75 86 15
68 115 15
66 43 105
101 76 15
109 32 105
29 44 15
131 44 15
8 77 15
132 29 15
55 6 105
93 16 105
113 18 15
15 120 15
35 112 105
64 139 15
2 81 105
54 35 15
13 138 15
143 64 105
107 38 15
122 31 105
39 6 15
14 123 105
116 7 15
138 145 105
58 11 15
83 108 15
34 29 15
95 134 105
73 4 105
78 29 15
95 42 105
111 104 15
23 144 15
105 116 15
22 101 15
85 38 105
42 105 105
45 54 15
65 68 105
67 90 105
3 116 105
111 126 105
37 102 105
105 60 15
21 134 15
42 1 105
122 95 15
89 80 15
10 49 15
52 37 15
70 119 105
148 96
5 114 105
106 43 15
123 106 15
55 126 105
124 73 105
82 111 105
147 110 15
128 23 105
71 128 15
123 130 105
143 18 105
83 112 15
11 44 15
94 63 105
77 114 15
144 85 105
96 129 15
53 24 15
77 48 15
57 110 105
40 25 15
79 130 15
109 50 105
85 122 105
79 108 105
93 52 105
58 131 15
111 80 15
140 25 105
116 55 105
89 70 15
113 52 105
8 35 105
84 3 105
104 71 105
17 26 15
10 31 15
58 143 15
74 143 15
60 63 105
26 99 105
27 26 105
71 36 105
73 141
112 89 105
145 14 105
119 104 15
63 10 105
20 23 105
86 109 105
28 125 105
115 80 105
108 15 15
148 15 105
52 29 15
142 135 105
19 140 15
99 124 105
81 110 15
98 113 105
14 75 105
8 19 15
122 75 15
15 32 105
44 133 105
122 139 15
130 3 105
91 74 105
57 54 15
21 84 15
135 50 15
121 80 105
67 72 105
31 130 15
29 80 15
108 105 15
83 64 15
79 32 105
68 9 15
6 129 15
5 95
148 47 105
66 57 105
108 87 15
74 53 15
76 137 15
129 146 105
77 116 15
99 33
78 83 105
61 140 15
147 146 105
127 142 15
89 142 15
107 64 105
96 11 15
61 20 15
52 3 15
12 75 15
115 76 105
32 75 105
79 52 15
136 69 105
100 125 15
1 134 15
7 62 105
11 50 15
103 46 15
15 118 15
76 87 105
127 29
37 136 105
51 128 105
105 126 15
137 2 105
86 143 15
41 122 105
140 67 15
148 37 15
136 43 15
113 87
110 105 105
110 85 105
113 144 105
42 27 105
137 142 105
66 137 15
24 38
106 50
140 85 105
115 48 15
8 83 105
115 6 15
19 52 15
21 56 105
48 45 15
126 129 15
109 42 15
19 92 105
87 134 15
9 104 15
140 121 15
106 125 15
111 120 105
124 107 15
26 19 105
64 49 15
116 11 15
91 128 15
123 88 15
83 72 15
119 12 15
12 35 15
131 62 105
16 7 15
93 21
124 57 105
84 33 105
62 97 15
31 66 105
128 83 15
6 61 15
142 55 15
59 90 15
13 58 15
25 4 105
61 86 105
91 110 15
16 21 15
60 113 15
8 61 105
108 75 105
77 52 105
122 19 15
10 75 105
99 72 15
103 112 15
84 69 105
43 38 105
25 146 15
125 80 105
37 104 105
100 85 15
55 18 15
138 63 15
36 23 105
111 96 105
70 123 105
31 12 105
105 83
68 29 105
64 95 105
70 37 15
82 87 15
81 146 105
14 51 15
60 29 105
79 60 105
60 57 15
78 107 105
74 27 15
45 8 105
107 58 105
13 91
30 5 105
112 99 105
129 2 105
31 49
99 6 105
116 121 105
127 88 15
143 100 15
27 110 105
106 17 15
38 1 15
67 144 15
95 146 105
46 143 15
33 100 15
64 67 15
130 57 15
9 56 105
84 39 15
62 73 105
100 35 15
6 63 105
99 102 15
96 131 105
74 95 15
31 32 15
108 85 105
52 111 105
44 53 15
24 19 105
82 85 15
85 4 105
24 141 105
98 101 105
21 26 15
7 104 105
8 115 15
133 20 15
102 67 15
60 147 105
140 133 15
51 132 15
42 125 105
73 82 105
79 66 15
7 124 105
99 48 15
127 46 105
100 29 105
53 42 15
117 124 15
63 72 15
96 57 15
71 46 15
61 42 15
64 119 105
46 119 15
8 53 15
133 74 15
4 35 105
144 69 15
5 20 105
131 110 105
6 5 15
127 120 15
33 138 15
42 135 105
10 101 15
73 116 105
73 66 105
12 65 15
106 129 15
52 101 105
133 2 105
126 69 105
79 58 105
123 86 105
74 99 15
15 98 105
34 49 105
13 74 15
35 36 15
97 134 105
1 4 105
140 49 15
95 18 15
53 142 15
124 113 105
68 51 15
10 143 15
19 114 15
67 2 105
14 113 105
50 59 105
41 76 105
14 33 15
68 17 15
123 4 105
148 83 15
117 8 105
3 66 15
33 26 105
32 94
68 113 105
29 91
93 60 15
134 133 15
110 127 105
130 17 15
132 31 15
9 98 105
125 144 15
78 133 105
113 84 15
148 61 15
5 84 15
113 132 15
100 39 15
109 26 105
118 45 105
22 131 15
17 94 15
54 1 105
112 13 15
133 130 15
34 125 105
122 21 15
8 29 15
36 65 15
9 122 15
34 141 15
60 131 105
65 30 105
106 71 105
52 73 105
98 59 15
10 55 15
95 46 105
43 86 15
49 94 105
78 63 15
98 79 15
53 22 105
142 91 105
76 145 15
15 72 15
15 14 105
117 24 105
94 109 15
71 116 105
78 85 105
53 58 15
85 96 105
79 104 105
96 147 15
50 75 105
144 139 15
18 135 15
16 139 105
89 36 15
90 119 105
82 95 105
112 137 15
39 40 15
121 23
106 67 105
142 3 105
102 134
64 39 105
61 48 15
50 129 105
88 53 15
1 44 15
72 89 105
116 93 105
41 144 105
75 26 105
147 100 105
23 116 105
73 138 15
12 139 15
117 142 105
142 119 105
118 79 105
89 30 105
143 50 15
78 17 15
7 122 105
66 36
135 40 15
47 92 15
31 118 15
99 87
80 50
1 36 105
7 68 15
92 121 105
25 34 105
41 60 15
119 36 15
138 71 105
56 65 15
33 58 15
24 87 15
85 142 15
110 113 105
31 90 15
57 138 105
71 122 15
28 123 105
32 25 105
2 15 105
43 104 15
17 10 105
107 98 15
52 33 15
109 20 15
125 82 105
130 93 15
74 107 15
98 75 15
107 4 15
33 38 105
135 128 105
56 127 15
28 27 105
5 66 105
115 41
138 74
38 63 15
137 64 105
99 14 15
55 122 15
59 94 105
97 19
104 87 15
23 64 15
30 145 105
51 70 105
68 135 105
41 22 15
127 134 15
25 86 15
26 67 105
11 24 15
87 144 15
117 74 105
51 4 15
61 114 105
98 141 15
51 124 105
107 9
132 95 15
67 142 105
129 110 15
32 103 105
17 48 15
59 36 15
132 61 105
116 69 15
42 65 105
130 49 105
3 94 105
51 114 15
29 50 15
48 123 105
110 15 105
91 30 105
38 135 105
20 89 105
146 99 105
30 87 105
138 19 105
77 108 105
143 72 15
34 23 105
21 4 15
43 132 105
112 37 15
38 132
55 56 15
1 112 15
17 32 105
46 77 15
11 68 15
36 87 15
103 74 105
55 148 105
127 148 15
26 87 105
85 58 105
74 85 105
21 23
57 38 105
76 91 105
58 10
132 33 105
13 55
21 118 15
107 128 15
60 85 105
121 36 15
136 27 105
99 132 15
103 77
8 107 15
16 123 105
100 81 15
86 111 105
109 72 105
10 81 15
42 131 105
15 44 105
116 137 105
29 20 15
118 63 15
67 86 15
63 18 15
82 31 105
6 125 105
108 9 105
14 91 105
145 110 105
55 72 15
145 36 15
140 37 105
144 29 105
80 31 15
27 96 105
89 126 15
124 33 105
130 107 105
98 123 15
132 27 105
10 97 15
128 103 105
22 71 105
28 131 105
142 1 105
127 38 15
120 17 15
27 20 15
123 12 15
147 84 105
26 57 105
73 102 15
131 95
2 101 15
75 70 15
120 63 105
97 138 15
45 50 105
90 4
88 141 105
55 106 105
69 128 105
59 100 15
57 58 105
11 110 15
123 146 15
9 66 15
124 81 15
115 96 105
16 27 15
54 9 105
139 58 15
118 34
124 47 105
100 69 15
135 146 15
42 127 15
39 30 105
67 60 15
144 3 15
54 29 15
132 121 105
33 142 15
50 61 105
57 56 105
42 25 105
109 38 105
85 52 15
31 6 15
102 71 105
126 17 105
88 37 15
105 70 15
22 67 105
92 91 15
56 139 15
115 52 105
78 27 15
111 134 105
92 107 105
18 133 105
27 148 105
71 94 105
95 116 105
117 56 105
38 19 105
47 78 15
82 29 15
67 54 105
61 68 105
35 32 105
37 114 105
10 23 15
25 22 15
143 90 15
68 129 105
120 73 15
75 72 15
75 120 15
104 81 105
147 46 105
39 82 105
13 46 15
57 62 105
131 86 15
129 54 15
140 93 15
25 128 15
23 16 105
139 90 105
140 33 105
11 98 105
86 105 15
132 7 15
58 87 15
27 82 15
54 115 105
29 142 15
108 135 105
24 139 105
79 78 105
126 102
73 70 105
127 70 15
43 100 105
70 63 105
54 107 15
49 104 105
48 13 15
85 29
98 27 15
3 28 15
74 119 15
9 106 15
53 82 105
85 146 15
50 139 15
58 77 105
67 52 105
81 126 15
16 43 15
46 61 105
55 82 105
100 130
88 89 105
91 22 105
98 115 15
14 57 105
72 122
65 104 15
81 74 15
70 67 15
19 22 15
3 102 105
55 36 105
107 80 15
94 61 15
33 68 105
40 33 105
111 44 15
55 42 105
26 111 15
35 64 105
49 50 105
54 83 15
47 26 15
54 85 105
116 17 105
53 102 15
145 56 15
130 34
144 83 105
93 126 15
49 86 105
71 88 105
93 38 15
6 79 15
42 97 105
7 77
109 52 105
34 61 15
66 131 105
32 57 105
28 5 105
112 117 15
56 71 105
100 41 105
45 10 15
141 68 15
45 46 105
103 84 15
20 63 15
19 66 105
99 84 105
107 106 15
138 65 15
48 111 15
38 97 105
101 14 105
22 117 15
72 23 15
148 85 15
104 73 105
24 31 15
38 133 105
102 79 15
147 112 15
56 143 15
116 145 15
102 116
103 130 15
20 17 105
41 62 105
104 53 15
123 128 105
26 71 15
31 68 15
3 114 15
95 50 15
63 130 105
129 34 105
90 109 15
107 28 105
120 119 15
148 59 105
111 56 15
62 139 15
134 19 105
48 139 105
82 147 105
129 31
99 114 105
16 56
54 11 15
46 99 15
126 63 15
43 144 105
83 85
112 41 105
46 133 15
82 89 105
119 8 105
26 89 105
57 134 15
64 93 15
73 118 15
95 12 15
141 102 105
89 108 15
84 111 15
66 77 105
115 82 105
35 50 15
32 119 105
137 84 105
40 91 105
47 64 105
141 38 105
148 111 105
52 141 15
32 65 105
101 84 15
19 40 15
11 94 105
14 43 105
113 76 15
120 79 15
66 61 15
117 10 105
110 99 105
44 95 105
30 107 15
38 121 15
148 7 105
70 97 105
123 30 105
72 25 15
30 139 15
108 123 15
43 44 105
136 85 15
73 22 15
13 86 15
138 83 15
48 11 15
87 18 105
30 103 15
88 69 15
139 82 105
113 2 15
141 74 105
140 47 105
34 99 105
75 119
5 48 15
128 95 15
89 110 15
35 136 15
16 117 105
31 58 105
23 47
126 61 15
128 35 105
15 18 15
28 143 105
105 132 105
95 14 15
81 98 15
74 19 105
3 97
134 67 15
17 70 15
118 147 105
120 89 105
106 35 105
125 132 15
13 62 105
66 17 105
96 135 105
41 52 15
134 49 105
107 104 105
52 59 105
49 146 15
87 90 15
54 93 15
4 41 105
29 96 15
127 2 105
136 137 105
26 29 105
54 77 15
11 120 15
123 114 105
135 66 105
111 136 15
143 118 105
92 3 105
25 36 15
122 101 15
70 141 15
25 144 15
125 47
44 139 15
44 71 105
68 111 105
128 137 15
59 46 105
10 19 15
117 144 15
42 141 15
3 6 15
79 146 105
68 125 15
44 51 105
17 114 105
63 110 15
49 103
74 11 105
112 131 105
4 55 15
43 84 15
1 60 105
29 14 105
62 113 105
142 35 15
53 64 15
13 108 15
36 125 105
65 14 105
86 55 15
117 58 15
43 80 105
9 136 105
123 60 15
29 72 15
117 132 105
64 19 105
143 68 15
115 2 15
97 20 15
102 115 105
35 42 15
83 6 105
45 60 105
135 120 105
64 133 15
2 19 105
128 101 105
88 91 15
117 138 105
131 138 15
41 126 15
58 119 15
101 42 15
26 81 105
20 7 105
78 21 15
8 39 15
79 20 15
30 45 15
25 44 105
23 32 15
2 43 15
120 85 105
123 112 15
75 64 15
33 114 15
5 94 105
15 64 15
75 94 15
59 20 15
31 88 105
83 92 105
55 76 15
96 145 105
44 45 15
25 88 15
78 137 15
141 90 105
68 95 105
93 14 15
71 54 15
30 11 105
147 56 15
126 71 15
129 104 105
128 89 105
146 87 15
9 130 105
148 113 15
96 81 105
77 147
81 38 15
21 54 105
45 62 15
143 4 105
112 139 105
98 103 105
124 49 105
2 3 15
109 2 15
78 25 15
106 28
51 26 15
92 63 105
81 134 15
133 82 105
50 63 105
120 141 15
106 61 15
93 82 105
1 118 105
56 141 105
144 119 15
5 96 105
94 39 105
117 68 15
30 121 105
131 140 15
82 37 105
30 97 15
140 23 105
123 90 15
97 110 15
53 105
16 47 15
46 70
95 142 105
10 39 15
95 22 15
25 14 15
83 2 15
76 111 105
145 24 105
113 146 15
62 33 15
90 35 15
12 101 15
109 110 105
115 136 15
147 2 15
17 122 105
55 48 105
107 126 105
143 24 15
45 20 105
52 83 105
21 76 15
123 68 15
15 24 105
101 136 105
126 75 15
87 12 15
147 90 105
23 28 15
80 95 15
125 38 105
131 4 105
129 70 105
77 96 105
31 126 105
118 51 15
78 23 105
40 79 105
84 55 15
27 24 15
126 137 105
69 8 15
40 107 105
17 97
80 21 105
48 53 15
122 131 105
19 82 15
37 144 15
125 134 105
90 145 105
27 8 15
11 32 105
30 85 15
69 134 105
120 23 105
42 85 15
8 7 15
81 70 15
126 127 15
119 4 15
10 109 105
81 68 15
69 132 105
72 59 15
18 5 15
59 78 105
130 55 105
103 10 15
31 128 105
31 98 15
82 57 15
41 34 15
123 56 105
103 50 15
61 28 105
58 37 105
3 88 15
126 65 105
18 137 15
5 104 105
3 128 105
145 106 105
126 21 15
65 115
95 148 15
121 94 105
67 112 15
114 23 105
58 47 105
111 40 15
131 82 15
72 65 15
18 32
85 124 15
116 111 15
80 69 105
23 100 15
70 45 105
119 98 15
53 78 105
18 111 15
107 88 15
29 146 105
76 79 105
48 60
133 48 15
103 4 105
143 82 15
148 43 105
135 94 15
22 81 105
13 50 15
5 8 15
122 49 15
23 56 105
134 15 105
17 40 15
111 114 15
15 20 15
98 77 15
134 93 15
144 77 15
56 73 105
68 73 105
95 87
128 115 15
108 109 105
145 120 105
90 99 15
54 89 105
100 93 105
32 73 15
70 145 105
63 30 105
119 38 15
93 66 15
132 25 105
132 93 15
2 97 105
103 6 105
69 110 105
76 13 15
2 141 105
92 49 105
95 136 105
99 92 15
132 11 105
145 94 15
76 67 15
118 55 105
51 42 15
129 44 15
141 44 105
129 136 15
8 15 15
133 8 15
111 70 105
90 132
127 106 105
49 88 15
81 24 15
98 33 15
1 148 15
126 99 15
118 53 15
40 145 15
47 68 105
33 130 105
100 53 105
22 141 105
75 118 105
13 26 15
67 124 105
97 40 15
35 30 105
9 30 105
112 93 105
143 22 105
30 41 15
59 54 15
13 128 15
100 73 105
127 80 15
98 5 15
57 50 15
23 126 15
120 97 15
128 29 15
91 94 15
28 17 105
44 69 15
60 127 15
32 54
103 86 105
126 51 105
69 118 15
58 129 15
92 129 105
9 112 105
15 40 105
71 84 105
138 53 105
10 7 105
73 114 105
38 123 15
61 52 105
60 143 15
84 83 105
40 71 105
86 39 105
72 43 105
110 71 15
35 148 105
7 108 15
12 97 15
86 23 105
148 147 105
69 76 15
22 3 15
108 67 15
68 79 105
54 47 105
50 130
97 132 15
16 91 15
31 78 15
128 59 105
142 77 15
83 76 15
121 108 15
137 108 15
103 60 105
77 112 105
62 17 15
41 5
103 116 105
125 74 105
26 41 15
18 81 15
148 139 105
54 17 105
101 80 15
100 80
41 114 15
102 1 105
43 24 105
62 65 15
102 129 105
73 2 105
75 6 15
16 69 15
36 53 15
100 103 105
13 94 15
57 94 15
100 49 15
63 22 15
114 31 105
127 52 15
106 113 15
89 34 105
25 136 105
46 83 105
100 117 105
138 89 15
108 59 15
99 50 15
142 105 15
35 74 15
105 48 105
19 76 105
127 98 105
52 147 15
72 19 105
46 73 105
92 37 105
126 101 15
106 79 15
22 129 15
140 1 15
46 123 15
103 22 15
33 134 105
141 36 105
83 110 15
57 120 15
140 109 105
95 119
101 72 15
30 61 15
62 25 15
48 137 15
26 11 105
110 55 15
96 93 15
74 87 105
6 41 105
28 15 15
74 15 105
84 11 105
18 79 15
135 67
142 109 15
113 32 105
60 15 105
57 36 105
64 25 15
119 30 105
83 136 15
25 55
104 45 15
113 48 15
57 12 105
64 141 105
16 55 105
39 18 15
103 18 105
97 142 15
72 113 105
19 20 105
94 29 15
60 125 15
55 120 105
145 112 15
122 51 15
9 2 105
61 134 15
8 71 105
56 41 15
97 74 15
89 114 15
2 25 15
139 118 15
113 40 15
74 93 105
106 19 15
72 139 105
80 143 15
18 13 15
140 95 105
93 59
113 82 105
83 38 105
135 140 15
5 12 105
36 135 15
103 68 105
8 91 105
109 85
133 112 105
89 96 105
109 46 105
10 25 15
36 17 105
33 94 15
29 22 15
117 111
57 70 105
136 29 15
142 21 15
118 11 15
95 124 15
146 63 15
59 102 15
55 78 15
73 115
126 37 15
136 21 15
34 37 15
90 133 105
79 46 15
65 82 15
98 85 105
37 10 15
115 89
126 3 105
5 24 15
22 57 105
26 55 15
104 3 105
57 126 105
122 133 15
41 96 105
117 146 105
44 13 15
131 104 15
27 116 105
40 9 105
19 126 105
102 41 15
77 86 15
130 39 15
37 93
80 129 105
128 109 105
96 17 15
145 148 15
97 16 105
122 119 15
70 147 15
50 19 105
55 62 105
141 30 15
115 44 105
8 103 105
119 84 15
122 103 105
128 133 15
99 28 105
102 65 15
22 7 105
42 87 15
35 146 105
78 119 15
104 39 105
48 135 15
141 104 15
28 25 105
120 71 15
34 47 105
144 93 15
20 93 15
93 36 105
38 137 105
148 53 105
114 18
48 69 15
60 25 15
94 133 105
34 133 15
110 43 105
8 127 105
92 89 105
4 121 15
12 93 105
118 101 15
44 41 15
49 148 15
135 59
22 127 15
82 45 105
51 142 105
34 7 105
66 113 15
40 128
135 16 15
117 130 105
112 125 15
101 16 15
29 140 105
33 112 105
26 73 105
139 42 105
53 72 105
11 10 15
59 120 15
88 75 15
115 10 105
69 30 105
23 102 15
28 91 105
65 88 105
134 123 15
114 117 15
27 109
136 147 105
130 43 15
129 132 15
91 18 105
129 128 15
56 11 105
51 140 105
42 3 105
34 40
143 2 105
144 131 105
147 122 15
36 5 15
52 66
127 16 105
68 37 15
142 75 15
6 57 105
113 56 15
63 28 15
128 125 15
91 106 15
90 77 105
61 62 105
133 132 15
26 129 15
3 70 15
112 11 105
43 4 15
69 28 15
34 75 15
90 65 15
29 30 105
135 126 15
57 106 15
117 86 15
86 1 105
112 73 105
119 138 15
33 88 15
50 119 105
16 57 15
2 55 15
53 46 105
34 3 15
19 36 15
113 46 15
55 20 105
129 83
31 30 15
28 51 105
69 66 105
113 86 105
121 58 105
79 134 15
55 50 105
108 1 15
63 142 15
124 21 15
115 28 15
60 53 105
78 7 15
76 39 15
118 35 15
53 116 105
30 79 105
144 135 105
54 99 15
86 135 105
59 60 105
68 5 15
80 59 105
103 44 105
38 75 105
124 133 15
107 22 105
144 15 15
82 69 15
21 92 15
95 76 15
115 132 105
84 49 105
44 119 15
43 12 105
136 57 15
47 107
13 56 105
124 43 15
62 69 15
74 1 105
24 17 15
89 124 105
86 41 105
80 45 105
117 46 105
32 13 105
78 105 15
16 77 15
51 2 105
37 132 105
50 123 105
12 63 105
35 102 15
146 27 15
100 9 15
34 93 15
100 11 15
106 141 15
11 34 15
28 105 105
28 147 15
13 14 15
94 67 105
76 131 15
79 126 15
48 65 105
75 82 105
28 87 15
137 72 105
119 20 105
146 83 105
2 61 105
50 3 105
46 105 15
92 137 105
109 102 105
100 71 105
135 124 105
96 21 105
109 56 105
110 25 15
105 76 105
131 74 15
77 14 15
140 89 15
84 131 15
11 142 15
34 139 105
136 33 105
34 5 15
119 85
76 37 15
134 115 105
3 54 105
90 21 15
140 69 15
134 37 105
53 108 15
98 111 15
17 18 105
38 87 105
133 66 15
18 41 105
147 58 15
63 122 15
31 136 105
85 66 105
40 4
43 90 105
55 58 15
33 70 15
103 142 15
25 116 15
50 137 15
85 12 15
130 65 15
99 116 15
48 89 15
17 6 15
35 44 15
85 32 15
38 47 105
144 47 105
31 72 15
50 32
7 90 15
122 15 15
130 119 15
28 79 15
17 22 105
110 74
10 15 15
53 70 105
88 43 15
77 24 105
26 15 15
68 53 105
133 88 105
40 5 105
138 79 15
39 122 105
42 57 105
21 144 15
2 123 105
101 24 105
19 94 15
70 9 15
85 39
63 76 105
34 79 15
110 59 15
148 67 15
136 74
88 41 105
122 125 15
112 7 105
38 17 105
48 73 105
118 127 105
61 96 15
82 11 15
77 70 105
113 90 15
136 7 15
132 101 15
58 125 105
77 64 15
21 64 105
42 117 105
54 15 15
144 81 105
33 92 105
127 12 15
79 94 105
56 121 15
4 27 15
81 106 105
50 81 105
122 89 105
91 34 15
23 60 105
39 138 105
75 96 15
9 16 105
106 117 15
7 144 15
99 16 105
59 86 105
125 86 15
83 44 15
145 82 105
101 74 105
34 39 105
124 65 15
11 138 105
115 22 15
40 77 105
128 34
92 79 105
90 97 15
73 40 105
106 73 105
74 2
77 50 15
71 146 15
112 85 105
15 124 15
140 119 15
13 36 15
141 99
61 70 15
54 65 105
86 45 105
65 66 15
12 37 105
140 73 105
114 53 15
94 113 105
146 143 15
124 143 105
120 47 105
99 130 105
83 56 15
74 75 105
78 3 15
141 94 15
8 37 15
72 35 15
118 13 15
76 47 15
72 81 105
146 77 105
111 46 15
145 100 15
107 46 105
46 81 105
130 19 105
34 95 15
60 47 105
96 13 105
121 50 105
87 94 15
71 86 15
9 38 15
27 34 105
35 62 15
63 106 15
132 73 15
86 115 105
18 21 15
47 114 105
33 76 105
12 61 105
47 48 15
25 148 15
62 83 105
7 94 105
93 56 15
68 45 15
84 57 15
19 73
145 10 105
25 134 15
122 47 105
140 59 15
82 117 15
141 18 105
48 31 15
49 144 15
77 100 15
110 19 105
23 122 15
117 62 105
12 79 15
64 129 105
48 145 105
47 44 105
54 19 15
105 118 105
115 16 105
50 27 15
83 16 105
86 27 105
79 16 15
46 19 15
66 47 15
104 143 105
29 6 15
101 88 105
105 18 15
80 27 15
129 40 15
119 76 15
21 72 105
124 69 105
131 80 105
95 28 15
10 123 105
36 95 105
48 121 105
86 35 105
134 105 15
101 32 105
119 33
72 27 15
133 12 105
63 132 105
122 107 15
24 7 105
120 123 15
45 148 105
39 134 15
67 44 15
143 40 15
118 111 15
95 62 15
64 85 15
68 25 105
124 83 15
64 13 105
96 133 15
110 103 15
137 4 105
48 147 15
47 128 105
58 71 15
121 54 15
43 40 105
129 94 15
97 28 15
70 35 15
23 110 15
17 118 105
136 91 15
134 3 15
81 138 105
62 148
11 88 15
95 2 15
70 7 15
11 12 15
16 35 105
122 79 15
136 105 105
104 57 15
96 143 15
34 55 15
35 114 105
29 90 105
85 10 15
6 117 15
69 112 15
58 41 15
116 91 15
122 5 15
48 23 105
97 24 105
83 66 15
104 145 15
78 13 105
55 22 15
32 55 105
35 18 15
86 133 15
106 87 15
42 13 105
75 146 15
9 76 105
74 109 15
19 142 105
47 14 105
20 65 15
93 102 15
12 69 15
84 13 105
21 8 105
79 110 105
21 132 105
17 124 15
135 84 15
117 108 105
32 61 15
39 96 105
84 53 105
121 142 105
116 29 15
109 84 105
26 125 105
135 6 105
53 106 15
126 139 105
142 100
46 51 105
21 10 105
92 110
115 122 15
19 44 15
148 19 15
93 78 105
127 4 105
74 139 105
131 88 15
16 81 105
2 119 105
57 116 15
97 94 105
137 74 15
123 116 105
57 140 15
110 29 15
56 85 15
65 128 105
116 67 15
35 88 105
34 107 15
112 55 105
122 117 105
106 37 15
137 148 15
67 110 105
19 120 15
42 126
39 2 105
45 146 105
13 92 15
111 122 15
19 16 15
146 109 105
102 13 105
27 48 105
31 108 105
106 83 15
90 11 15
58 137 105
118 19 105
86 91 15
115 144 105
97 4 105
100 61 105
129 86 15
87 114 15
33 50 105
130 139 15
42 83 15
63 74 15
95 60 15
12 111 105
137 12 105
32 9 15
117 36 15
101 96 15
147 72 15
32 137 105
2 121 105
141 142 15
2 17 15
116 31 105
44 132
134 139 15
135 44 105
57 132 15
146 13 15
33 20 15
77 148 15
13 20 105
91 56 15
63 16 15
37 86 105
70 91 105
59 42 105
7 38 15
35 124 15
114 63 105
54 75 105
81 88 15
130 131 105
24 37 105
71 82 105
18 1 105
15 132 105
