538 4615 181 487
136 87 487
176 117 181
42 496
297 264 487
81 66 181
333 206 487
377 80 181
70 537 487
372 273 487
343 324 487
211 395
533 155
341 200 181
388 158
81 94 181
200 420
483 132 181
465 64 487
129 348 181
371 108 487
364 529 487
10 434
418 120
130 141 487
443 119
39 6 487
8 437 181
423 201
361 292 487
7 88 487
359 54 181
318 415 181
110 531 487
444 295 181
348 325 181
380 341 487
323 432 181
383 176 181
180 124
143 248 181
32 257 181
386 75 181
230 201 181
500 125 181
440 358
148 295 181
249 204 181
69 466 181
81 332 487
25 12 487
498 196
441 403
292 75 487
288 349 181
522 214
361 222 181
351 164 487
180 471 181
339 353
255 520 487
369 472 181
289 511
139 22 181
140 283 181
371 386 181
6 131 181
43 419
225 39
506 187 181
325 418 487
39 76 487
423 411
413 474 181
421 365
229 16 181
73 34 181
143 50 487
520 323 487
124 531 181
324 401 487
204 143 181
25 20 487
247 336 181
466 237 487
510 367 181
443 362 487
223 142 181
189 174 181
538 243 181
73 485
62 306
215 352 487
10 239 487
158 455 181
182 275 487
194 9 487
282 289 181
396 285 487
198 529 181
469 263
445 172 487
404 391 181
325 230 181
366 99 181
86 253 487
295 231
89 214 181
215 466 181
116 43 487
285 300 487
178 390
528 429 487
475 75
373 82 487
87 370 487
396 325 487
318 307 181
213 226 181
465 262 487
367 443
451 51
70 13 181
338 211 181
453 446 487
49 370 181
195 50 181
537 181
25 266 487
504 253 181
403 9
126 537 487
422 399 181
460 323 181
45 254 487
272 367 487
146 91 487
63 126 181
250 395 487
150 301 181
23 316 487
163 513
12 515 181
414 212
249 328 487
521 538 181
151 50 181
459 402 181
358 437 487
378 529 181
365 499
97 294 181
475 44 487
268 169 487
460 481 487
534 73 181
436 15 487
494 163 181
140 531 181
120 185 181
365 466 181
50 135 487
465 105
457 147
375 344 487
528 487 487
117 162 181
8 355 487
410 399 487
532 468
162 431 487
264 13 487
514 147 487
58 39 487
312 533 181
405 210 181
50 502
72 23 181
456 309 181
465 42 487
122 527 181
538 51 487
175 492 487
305 386 487
204 131 487
369 174 181
92 382
12 505 487
141 348 181
168 334
51 188 487
538 533 487
187 151
356 264
32 269 181
293 302 487
387 372 487
424 273 181
199 114 487
238 463 181
292 115 487
327 20 181
216 261 181
334 415 181
126 127 487
377 356 487
265 220 487
227 44 181
120 27 181
385 188 487
364 87 181
431 126 487
349 122 487
324 410
180 487 181
244 7 181
143 118 487
333 524 487
432 51 181
397 24 487
351 528 487
354 129 181
57 118 487
203 346 487
465 488 487
292 429 487
515 504 487
216 435 487
510 343 181
180 523 181
491 240 487
516 353 181
505 190 487
26 125 487
139 486 487
356 208
283 439
340 357 181
125 333
56 113 181
488 133 181
468 229 181
292 413 181
195 66 487
344 35 181
461 42 181
242 458
403 202 181
102 297 181
121 318 487
270 325 487
260 15 181
154 344
531 338 487
413 224 181
175 56 181
454 389 487
28 111 181
7 326 181
128 419 487
143 509
150 363 487
447 250 487
414 381 487
466 73 487
236 423 181
312 293 487
297 512 181
43 92 181
28 435 487
169 492 487
119 98 487
449 150 487
227 278 487
468 443 181
263 304 181
356 401 181
226 341 487
69 62 487
201 258 181
499 498 181
495 370 487
442 176
305 74 181
212 433 181
512 201 487
232 253 181
181 530 181
332 359 181
17 20 487
461 525
76 337 181
15 166 181
437 426 487
280 485 487
30 244
485 364 181
301 70 181
249 490 181
381 156 487
445 460 181
471 326 181
395 58 181
289 260 181
337 334 181
518 255 487
206 175 181
265 218 487
533 519
530 87 181
364 411 181
476 361 181
399 98 487
525 207
263 296 181
345 154 181
267 104 181
213 334 487
9 142 487
88 339 487
87 489
88 375 487
430 287 181
513 516 181
242 467 487
423 256 487
457 272 487
307 58 181
424 65 181
235 356 181
23 371
365 390 487
489 29
407 332 487
49 190 181
454 439 181
74 221 487
444 69 487
65 294 181
53 16 487
382 207 487
140 55 487
337 96 181
408 9 181
1 412 487
425 359
456 416
154 323 181
225 195
137 246 487
28 221 487
383 270 181
97 308 181
312 167 181
328 183 487
464 145 487
14 21 181
212 471 487
216 73 487
362 319 487
455 248 487
58 359 487
184 509 487
120 245 487
529 370 487
34 424
55 438 487
260 526
534 391 487
195 527
410 184
173 416 487
215 48 181
448 529 181
471 194 487
162 456
263 410 487
11 170 181
175 108 487
472 303 181
437 70 487
394 47 181
360 175 487
87 468 487
184 293 181
215 122 181
153 533
231 66 181
253 142 487
266 343 181
270 351 181
236 1 487
107 379
449 494 181
54 329 487
235 458 181
273 106 181
217 148 487
419 390 181
356 111 181
379 433
440 367 181
78 399 487
98 289 487
290 533 181
38 261 181
454 367 181
491 416 487
49 128 487
370 301 181
319 196 181
146 213 487
213 386 487
110 458
239 410 487
206 349 487
356 93 181
250 379 487
167 462 181
452 309 181
415 63
347 234 181
153 12 181
323 511
431 28 181
7 237
327 465
29 324 487
238 84
349 334 181
144 353 487
152 309 487
11 96 181
89 290 181
384 431 181
193 527
296 235 181
424 26
411 368 487
106 43 181
131 76 487
370 101 487
414 205 181
133 156 487
2 297 181
112 17 181
410 275 487
521 414 181
112 469 181
7 265
437 394 487
510 161 181
318 367 181
486 50
348 257 181
352 191 181
478 255 181
315 376 487
384 339 487
467 436 487
498 145 181
12 521 181
32 213 181
21 208 181
43 472 181
123 12 487
464 105 181
27 435
167 352 487
362 140
227 502 181
275 230 181
431 140 181
17 455
262 233 487
415 341
363 130 181
376 481 181
399 482 487
203 112 487
79 126 181
9 6 181
6 363 487
413 111
234 369 181
214 201 181
387 306 487
439 218 487
332 59 181
461 24 181
18 474
326 209 487
159 314 181
406 197 181
476 523 487
43 290 181
439 388 181
47 434 487
198 461 181
69 339
68 325 487
205 343
297 433
408 499 181
500 293 181
224 343 181
96 161 181
247 428 181
484 451 487
262 245 181
371 198 181
138 417 487
265 442 181
523 204 181
47 330 181
402 296
167 354 487
55 220 487
477 489
302 253 181
529 88 487
253 452 487
69 115
97 198 487
455 420 181
317 97
339 226 487
101 204 181
300 265 487
80 255 487
120 89 487
319 355
430 289 487
348 1 487
524 125 181
261 146 181
277 398 181
304 59 181
18 237 181
334 12
73 487
236 17 487
226 463 181
220 361 487
109 5
382 365 181
460 195 487
250 80
317 419
528 98
166 373 181
337 468 181
499 258 181
292 451 487
349 44 487
272 325 181
102 128
529 288 181
168 277 487
27 58 487
12 411 181
536 519 181
79 347
59 508 181
481 47
13 148 487
274 131 181
297 72 181
406 464
482 15 487
296 223 487
235 418 487
260 453 181
71 468 487
515 524 181
79 422 181
56 439 487
225 484 181
189 298 181
263 522 181
115 268 487
363 190 181
494 364
343 335
137 88 181
226 117 487
35 448 487
420 171 181
265 88 487
72 387 181
530 265 487
284 503 181
165 74 181
456 536
252 307 487
459 460 487
385 61
440 157 181
121 228 181
160 61 181
345 12 181
62 91 181
144 165 181
223 186 487
258 447 181
335 412 487
390 185 487
98 308
39 44 487
285 412 487
490 40
275 82 181
513 80 487
393 92 487
173 495
142 354
538 210
447 196 487
336 521 487
199 48 487
475 184 487
190 124
216 77 181
259 88 487
333 348 181
337 480 487
234 267 487
501 96 487
215 272 487
419 510 181
424 301 487
450 537 181
156 418
262 11 487
410 276
488 209 487
343 497
66 495 487
146 323 181
162 177 181
245 238 487
201 30 487
367 194 181
110 117 181
436 149 487
150 191 181
217 262 181
499 126 181
4 17 487
289 107
289 478 487
258 361 487
101 502 487
356 291 181
217 66 487
497 78 181
209 272 487
363 232 487
221 154 181
141 30 181
442 3 181
56 447 181
191 48 487
488 62
129 42 181
193 390 487
79 432 181
2 361 181
338 105 181
360 315 181
192 242
500 351 181
356 283 487
151 18 487
19 518 181
511 359
98 193 487
521 395
81 228 487
426 389 181
57 306 181
463 18 487
18 489 487
269 129
379 72 181
349 396 487
298 391 487
255 322 487
76 379 181
21 475
389 292 181
475 51
216 237 181
390 184
344 114
18 173 487
47 130 181
521 363
71 234 487
211 94 181
199 382 487
439 430 487
166 334
160 427 181
137 26 487
482 171 181
169 326 487
462 39 487
74 169 181
98 401 487
179 428 487
418 335 487
214 478
473 256 181
523 127
447 314 181
373 366 181
402 289 181
156 284
64 427 487
193 196 181
514 291 181
162 279 487
199 453
412 135 181
326 499 181
97 178 487
182 289 181
522 153 487
411 464 487
44 11 487
132 325 487
110 494
440 209 181
55 370 487
469 380 181
429 290 181
362 370
331 150 181
153 10 181
135 42 181
89 254 181
288 319 181
24 394
505 380 181
471 355
62 283 181
410 2
202 465 181
229 498 487
211 373
61 482 487
190 147 181
436 3 181
4 13 487
391 138 487
165 238 487
410 484
324 315 487
507 172 181
417 358 181
3 112 487
292 455 487
438 306
151 202 487
132 437 181
268 103 487
62 415 181
180 189 181
143 348 181
247 53
526 528
29 536 487
476 189 181
166 163 181
412 103 487
162 480
233 354 181
390 261 181
130 25 487
524 471 181
8 11 487
318 463 487
323 356 181
229 514 181
370 143 181
163 41
32 363 487
467 190 181
149 266 181
537 192 487
42 92
429 54 181
264 415 487
474 217 181
305 120 181
513 232 487
433 350 181
287 450 181
410 37 181
191 82 487
71 524 487
11 457
212 89 487
20 433 487
431 420 181
64 447 181
284 27 487
64 531 487
482 339 181
258 474
479 446 181
370 442
37 58 181
163 395
431 502 181
353 8 181
33 493
76 251 487
466 477 181
162 487 487
230 221 487
455 141
250 11 487
485 304 181
342 113 181
104 456
136 327 487
306 285 487
336 206
267 505
247 204 181
399 379
279 473
240 113 487
237 208 487
91 451
356 505 487
269 156 487
397 45
319 466 181
139 266 487
245 448 487
262 25 181
489 408 181
172 181 487
516 415 181
219 252 487
101 354 181
14 247 487
488 443 181
77 136 181
4 397 487
1 364 181
273 54 487
12 379 487
508 299 181
147 110 487
398 69 181
248 309 181
382 247 487
444 63 181
232 319 181
250 204
411 54 487
382 33 487
135 290 487
525 148 487
166 375 487
461 282 181
445 263
464 525 487
201 538 181
457 240 487
123 428 181
42 17 181
166 99 181
168 123 487
443 4 181
446 103 181
45 284 181
124 55 181
504 427 181
511 202 181
452 5 487
294 183 487
334 61 181
520 86
455 238 181
318 52
124 195 181
115 102 487
417 214 487
23 324 181
494 498
438 157 487
363 228 487
53 192 487
126 347 487
155 420 487
283 451
110 159 181
308 327 487
519 238 181
273 28 487
140 525 181
189 210 181
63 378 181
146 7 487
496 425 181
483 290 181
480 76
287 467
63 142 487
363 74 181
39 110 181
90 433 487
332 17 181
100 67 181
132 133 181
68 275 487
126 414
1 110 487
418 467 487
434 499 487
501 412 181
535 168 181
211 188 487
290 106
178 13 487
183 128 181
212 329 181
6 420
407 184 487
8 322
426 221 181
16 191 487
420 43 487
538 479 487
386 443 487
6 295 181
511 239
137 266 181
235 482 487
411 136 181
46 490
191 70 487
247 11
178 534
383 357
58 339 487
312 325 487
469 22 181
261 102 487
414 299 487
89 128 487
186 85 487
273 442 181
314 321 487
245 163
421 140 181
439 355
213 300 181
295 462 181
17 216 487
337 133
17 170 181
482 253 487
370 425 487
68 263 181
373 290 181
530 483 181
366 79 181
415 382 487
74 106
530 431 181
224 399 487
500 307 181
410 35 487
212 233 487
268 309 181
211 436 487
114 157 181
370 127 487
49 60 181
394 133 181
272 182
66 403 181
469 172 181
348 87 181
369 88 487
396 429 181
402 212
491 422 181
269 510 181
148 227 487
329 395
275 503
525 201
58 259 181
299 459
524 421 181
98 27 487
130 371 487
534 94
347 158 487
274 193 487
497 187
290 191 487
243 178 181
200 367 487
205 200 487
414 441 487
282 307 181
514 479 487
263 346 487
431 398 487
219 437
385 142 181
412 303 181
290 186
126 498
414 501 181
295 286 181
322 418
182 497 181
202 203 487
438 412
527 406 181
301 435
64 7 181
538 333 487
237 166 487
168 191 181
154 111 487
394 248
482 109 487
140 53 487
298 55 487
113 70 181
42 153 181
64 347 181
233 96 181
33 430 181
347 362 181
249 512 181
478 76
297 48 181
39 178 487
277 76 181
361 138 487
155 288 181
199 286 181
344 503 487
207 401
507 38 487
314 357 487
99 70 487
108 122
388 283 487
153 306 181
446 39 487
334 391 181
409 72 487
215 254 487
259 374 181
410 113 181
285 440 181
344 448
213 310 487
192 377 181
195 294 181
164 509 181
497 460 487
108 437 181
182 465 181
339 182 181
429 332 487
13 287
341 248 487
211 487
8 341 181
372 144
351 401
311 272 181
45 508 181
306 55 181
449 408 487
100 280
368 503 181
508 255 487
167 348 181
177 405
287 40 487
460 311 487
349 538 487
2 311 181
450 32
92 9 487
11 396 181
122 271 487
345 16 487
511 34 487
443 408 181
126 305 487
249 515
164 157 487
165 284 487
295 258 487
335 210 487
380 75 181
420 501 487
2 125 181
48 227 181
434 240
139 82 181
147 404 181
200 153 181
394 19 487
383 240 181
427 230 181
431 252 487
184 17 181
420 359 487
305 294 181
134 452
497 40 487
71 484 181
381 18 487
406 283 181
485 370 487
184 191 487
452 7 181
323 24 487
404 377 181
257 404 487
208 115 487
52 495 181
20 233 487
286 189 487
48 144
384 167 181
450 399 487
85 167
270 365 181
375 506 487
196 185 181
260 231 487
496 499 487
262 463 181
361 266 181
87 68 181
224 421 487
172 223 487
460 229 487
186 295 487
452 255 487
78 344
234 532
431 67
457 444 487
305 260 181
462 41 487
390 507 487
271 268 487
415 43
447 42 181
339 102 181
5 50 487
69 496 181
516 349 487
331 44 181
461 520 181
234 404
437 214 487
468 499 181
489 300 487
246 145 181
117 500 487
491 28 487
63 404 487
512 176
480 134
483 112 487
59 467
215 512 181
16 511 487
76 311 181
244 410
348 137 487
123 372 487
85 262 181
42 406
367 480 487
301 512 181
411 192 181
213 476 181
161 368 181
47 322 181
221 397
11 224 487
4 161 487
43 474 181
404 497 487
223 75
18 12
262 188
143 19
99 336 181
492 256
349 312 181
151 132 487
46 151 181
61 100 487
472 131 487
80 230
191 218 181
236 75 181
474 259 487
463 123
91 518 487
26 529 487
450 22
174 121 487
358 429 181
296 212
424 235 487
232 101 181
223 250 487
397 440 487
270 431 181
41 304 181
443 456 487
184 265 487
277 170 487
135 8 181
221 224 487
52 103 487
35 270 487
325 518 487
534 113 487
383 66 487
492 250
28 401 181
383 52 487
72 105 181
169 527
406 155 487
500 170
452 70
251 338 181
304 223 181
372 329 487
28 417 487
505 334 487
20 285 181
23 448 181
184 287 487
268 381 181
529 62 487
22 485 487
333 13
392 511 487
46 424
134 383 181
468 99 487
85 523
436 51 181
516 397 181
535 221
267 482 487
286 377 181
11 2 181
346 141 487
360 405 487
158 45 487
313 372 181
88 217 487
122 193 181
269 368 181
8 213 181
79 340 181
323 288 181
84 465 181
453 178 487
190 447 487
107 510 487
182 503 487
45 316 181
76 103 487
490 235 181
253 181
470 11 487
420 205 181
74 361 487
236 327 487
337 378 487
462 514
130 427 181
13 382 487
371 360 487
294 361 487
527 430 181
391 522 181
290 289 181
392 487 181
293 134 487
440 81 487
136 161 487
21 127
90 311 181
340 335 181
86 21 487
391 286 181
161 524 487
192 341 181
356 475 487
451 400 487
402 151 487
447 494 181
319 386 181
368 195 181
10 513 487
181 86 487
295 126 487
14 453 181
319 448 487
155 412 181
405 238 487
244 187 487
457 112 487
372 73 181
266 192
141 513
161 376 487
382 77 487
14 171 487
182 173 487
202 188
415 326 181
333 194 181
510 67 487
259 529
411 180 181
89 178 487
433 82 487
127 204 487
256 195 181
369 324 181
61 534 181
383 15
54 239 487
126 345 487
342 381 487
183 403
245 190 181
249 538 181
247 189
410 411 181
496 423 181
93 316 487
237 538 181
167 494 487
395 24 181
20 429 181
75 290 181
373 458 487
308 249 487
13 192 487
14 367 181
290 469 181
510 511 181
326 61 181
54 327 487
277 198 181
317 392 487
344 121 181
531 193
513 246 181
304 493 181
343 140 487
48 77 487
503 346 487
46 537 181
328 109 181
160 428
183 334 181
131 513
337 374 181
426 431 487
254 99 181
509 262 487
395 370 487
303 497
473 400 487
178 119 487
378 23 487
40 243 181
357 442 487
476 71 487
130 245 181
481 204 487
432 217 487
259 369
88 407 487
325 538 181
364 341 181
261 2 487
82 459 181
390 413 181
41 322 487
165 80 181
363 146 487
534 489 181
469 322 487
219 32 181
281 160 181
259 473
355 414 181
171 156 487
357 402 181
536 67 181
352 34
264 53 181
297 461
208 84
285 380 181
109 460 181
358 11 181
296 105 181
21 504 181
337 479
457 34 181
225 242 487
166 343 181
380 499 181
307 312 181
116 235 487
103 398 487
488 321 487
76 207 181
34 105 487
420 497 487
79 457
55 380 181
98 323 181
360 91 487
374 35 487
180 295 181
57 345
425 83
113 34 487
141 178 487
182 516
71 131
270 412
212 527 181
349 184 487
130 409 487
68 533 181
315 342 181
134 367 181
161 386 181
432 74
228 57 487
310 187 181
456 151 181
434 75 181
122 393 487
300 519 181
184 63 181
7 94 181
217 524 487
57 411
124 145 181
226 527 487
428 375 181
246 256
33 400 181
420 189 487
220 497 181
406 483 181
261 194 181
365 410 487
21 133
337 412 487
171 411
54 492
253 80 487
257 220 181
152 211 487
265 315
242 123 181
11 256 487
188 333 487
26 112
480 158
509 294 487
112 459 181
100 359 487
46 380
96 1 487
173 61
523 117
461 94 181
449 18 487
508 349 181
2 515 487
160 451 487
358 308
32 490
202 490
439 464 487
526 135 487
124 7 487
8 531 181
234 215 487
96 277 181
383 88 181
497 64 181
507 460 487
120 217 487
108 55 487
246 457 181
465 538 181
385 348 181
30 155 181
532 172
10 279 181
249 500 487
536 537 487
497 222 181
255 346 181
235 442 487
6 151 181
90 220
502 513 181
108 507 181
320 535 181
488 253 181
483 370 487
497 330 487
402 329 487
64 410
54 501 181
180 463 487
142 333 487
59 226 487
215 266 487
210 106
234 239 181
363 96 181
6 507 181
247 122 487
338 49 487
458 433 181
156 65 487
64 199 487
230 113 181
71 148 487
438 318
438 249 181
164 303 487
364 483 487
60 435 487
495 454 181
26 487 181
61 521
185 58 487
428 57 181
145 240 487
135 112 181
124 57 181
120 67 181
285 339
414 497 487
327 128 487
265 130 487
56 475 181
156 204
532 522
36 447 181
377 538 181
512 287 487
78 173 487
178 77 487
53 180 181
521 84 181
77 260 487
344 391 181
26 371 487
519 14 181
525 161
77 469
92 243 487
135 262 181
17 130 181
254 223 487
55 10 181
111 430 181
71 47
321 228 181
25 260 181
236 497 181
409 320 487
121 290 487
331 236 181
533 212 181
149 342 181
274 235 487
145 102 181
341 396 487
373 432 487
483 192 487
364 391 487
231 511
509 160 487
179 538 181
164 153 487
168 359 487
181 194 487
404 367 487
180 273 487
436 205 181
96 85 487
320 257 487
89 368 487
213 324 487
33 416 487
375 184 487
86 415 487
332 109 181
190 423 181
380 133 181
16 117 181
110 425 487
211 312 181
404 47 487
328 509 487
83 282 181
355 424 487
256 219 487
30 270
21 288 181
260 33 181
353 84 487
158 489 181
114 111 181
179 296 181
485 522 181
320 537 181
3 464 181
225 505
131 158 487
119 422 181
241 34 181
137 224 181
463 54 487
131 465
364 469 487
125 131
528 126
481 237
525 441
89 320 487
463 34 487
376 501 487
158 281 181
49 319
32 149 487
297 45
376 507 181
44 193 181
395 120 181
99 412 487
271 380 487
270 133 181
180 481 487
66 191 487
209 438 487
122 438
241 36 487
180 71 181
294 487 181
440 2
347 54 487
303 530 181
208 341 487
84 479 487
146 141 487
310 161 181
466 172
523 362 181
504 81 181
183 254 181
84 277 487
68 62
451 242 487
6 475 487
328 462
450 483 487
521 144 487
482 451 487
63 100 487
131 362 181
518 113 487
413 136 181
460 398
143 74 487
13 58 181
337 264 181
519 182 487
506 465 181
490 7 181
349 236 181
107 538 487
489 391
175 166 487
297 290 181
420 4
245 401
319 83
358 220
243 188 487
496 49 181
10 460
59 154 181
291 264 487
502 180
72 239 181
283 240 487
359 536 181
199 226 181
405 334 487
428 23 181
256 205 487
332 265 181
433 181
480 130
102 463 181
360 171 487
274 161 181
353 218 487
530 86
185 374 487
231 246 487
331 114 181
250 31 487
316 349 487
186 325 487
163 160 487
264 199 487
184 262
418 503 487
262 529 181
363 72 487
206 159 487
142 530
314 455 487
480 242
382 43 487
382 97 487
400 363 487
412 253 181
506 511 181
207 256 181
368 167 487
315 276 487
91 522 487
11 434 487
352 227 487
352 226
269 388 181
299 190 487
1 526 487
324 455 487
163 176 181
249 370 181
7 200 181
245 502 181
411 520 181
389 498 487
277 518 181
156 329 487
354 31 487
89 490 487
36 439 181
130 224
489 536 181
317 63
407 68 487
68 173 181
111 168 487
290 403 181
256 49 181
347 59
344 485 487
118 149 487
534 35 181
503 530 181
359 538 487
412 27 181
242 211 487
402 521 181
473 512 487
103 198 487
210 451 181
391 524 181
533 137
412 165 487
499 451
485 452 487
146 95 487
416 369 487
25 228 487
306 225 487
434 373 181
113 281
512 47 181
159 536 181
108 199 181
146 9 487
117 374 181
295 302 487
302 458
156 187 181
117 78 487
179 157
416 229 487
309 340 181
293 18 181
496 227 487
407 436 487
216 229 181
8 515 181
337 402 487
209 206 181
528 175 487
398 137 181
37 356 181
132 499 487
506 491 181
344 95 487
324 195 181
167 310 181
162 515 487
535 262 487
200 534
374 306
64 472
95 318 181
345 265
312 93 487
257 68 487
535 132 181
270 53 487
247 519
444 313 487
457 319
278 281 487
119 328 181
299 292 487
267 270 181
379 530 487
374 5 181
59 126 181
169 229
133 246 487
232 295 181
229 462 487
385 358 487
297 126 181
324 255 181
346 9 181
527 141
271 46 487
240 121 181
101 234 181
291 342 487
130 506
451 206 181
285 524 487
127 456 181
47 257
190 322
101 194 487
315 84 487
319 474 487
469 528 181
277 132 487
174 147 181
492 33 487
105 214 181
41 478 487
499 272 181
414 219 487
484 461 181
518 265 181
179 60 181
258 537 181
346 49 487
339 382 181
177 296 181
100 451 181
433 267
184 177 181
63 278 487
113 477
414 195 181
202 408
494 253 181
322 369 487
197 458 181
271 464 181
55 243
429 334 487
413 444 181
139 234 181
474 255 181
138 13 487
206 383 181
146 523 487
296 164
345 390 487
438 289 181
375 14 487
361 336 181
71 328 487
268 273 487
292 347 181
255 174 181
344 523 487
441 22 181
201 314 487
468 49 181
323 177
301 97
119 70 487
319 216 487
111 361
121 538 487
79 324 181
51 37
285 456 181
77 244 487
3 265
251 4 487
21 456 487
156 7 487
415 212 487
320 209 181
425 36 487
521 208 181
5 77
238 95 181
142 157 181
285 88 181
225 238 487
17 342 181
105 80 487
33 455
448 75 487
464 35 487
119 28 487
394 49 181
217 246 487
245 324 181
309 524 181
84 515 487
109 483
349 244 487
434 449 181
430 83 181
335 428 181
522 97 181
283 130 181
258 253 181
420 15 181
448 267 487
33 112 487
86 63 487
365 452 181
258 13 181
305 487
385 308 181
210 468
482 143 487
74 193 181
112 163 181
269 500 181
426 137 181
93 420 487
284 387 181
158 87 181
303 320 181
444 189 487
74 79 487
68 77 181
11 52 181
138 31 487
430 135 181
505 314 181
260 285 181
491 508 487
447 105
314 123 181
325 46 487
446 138
211 380 487
293 8 181
254 369 181
394 405 181
311 28 181
207 398 181
136 61 487
242 436
435 512 487
289 67
189 320 487
15 12 487
387 260 487
28 483 181
238 61 487
147 462 487
328 429 181
154 287 181
266 21 181
365 77
233 522 181
473 277
531 377
375 290 487
107 529
106 394
362 425 181
89 236 487
520 227 181
58 399 487
256 79 181
417 26 181
241 172 181
226 399 487
134 387 181
301 14 181
361 510 181
2 81 181
262 285 181
510 63 181
457 142 487
319 32 181
244 511 487
481 16 181
268 469 181
533 20 181
382 304
360 533 181
482 488
140 337 181
83 194 181
49 329
145 52 181
401 276 487
152 372
386 151 181
326 111 181
212 13 487
302 305 487
130 299 487
318 423 181
315 141
537 344 487
242 1 487
338 165 181
94 205 487
497 434 487
520 205 487
457 348 487
48 95 181
381 272 487
503 114 181
240 368
399 256 181
450 523 487
266 187 487
533 332 487
339 63
207 503
386 191 487
96 253 181
463 498 487
273 484 181
264 15 181
383 340 181
433 360 487
432 246
421 232 181
361 125
213 82 487
397 434 181
528 157 181
450 37 181
461 216 487
408 286
353 494 181
197 448 487
242 443 487
385 420 181
82 249 181
219 303
508 427 181
15 50 181
464 351 487
49 208 487
461 538 487
68 131 181
84 369 487
115 104 487
51 487
245 82 181
185 266 487
284 469 487
307 8 487
531 399
506 227 181
209 258 487
364 525 487
515 259
4 511 487
59 479
133 146 487
306 319 181
444 241 487
422 361 487
207 474 487
341 112 487
22 481 487
438 99 181
438 445 181
525 168 487
520 106
118 429 487
528 219 181
30 371 181
366 371 487
268 145 487
179 241
82 496
377 398 487
55 480 181
245 364 487
355 87
65 526 487
13 160 487
40 467 487
313 370 487
533 162 487
129 232 487
160 213 487
523 334 181
44 377 181
497 279
375 281
122 441 487
525 440 487
515 510 487
26 229 181
342 77 181
408 330
329 108 181
333 36 181
454 331 487
83 10 487
277 306 181
232 307 487
167 480 487
412 311 487
372 322
151 198 487
217 316 487
161 270 181
438 439 487
14 63 487
76 385 181
519 150 181
517 504 487
420 2
44 506
230 293 487
79 186 181
379 454 181
135 108 181
236 19 181
77 254 181
511 117
359 270 487
427 80 487
71 443
379 87
87 270 487
160 515 181
167 536 181
25 96 487
524 33 181
247 176 487
468 327 181
100 299 181
85 10 181
301 412 487
186 101 181
534 87 181
465 54 181
39 530 487
282 247 181
487 377
206 311 487
157 472 487
335 165
114 171 181
269 495
313 16 487
454 69 181
89 274 487
498 169 181
183 158 487
111 370 487
360 385 181
340 293 181
415 346 181
164 21 181
370 251 181
396 375 181
284 62
367 151
149 521
387 71
154 289 487
56 309 487
144 423 181
18 155 487
95 530 181
88 459 487
498 209 181
252 269 181
441 244 181
431 352 181
69 20 487
319 477
456 404
14 195 487
295 244 181
291 450 487
135 473
216 274
199 506 181
529 420 487
205 96 487
46 349 181
499 372 181
62 522
125 316 487
410 209 181
120 458
363 1
314 443 181
249 118 181
311 128 181
473 488 181
201 212 487
14 285 487
442 151 181
313 166 181
404 445 181
535 64 487
278 25 181
449 424 487
519 428 181
398 254
35 116 181
401 198 487
188 325 487
223 226 181
391 154 487
389 216 181
361 378 487
363 490 181
535 326 181
12 84
447 128 487
231 48 487
84 326
456 105 487
136 200
277 58 181
514 431 487
89 416 487
381 380 181
249 434 181
231 230 181
500 300
49 430 181
395 510 181
485 36 487
36 507 487
262 103 181
211 212 181
57 76 487
319 294 181
299 534 181
224 381 181
30 96
428 82
70 225 181
499 224 181
538 75 487
154 485 181
77 464 181
320 115 487
391 192 181
397 127
524 461 181
28 354
264 289 487
57 74 487
76 533 181
357 352 487
365 333
258 99 487
74 317 181
410 533 487
337 100 181
384 251 487
196 101 181
425 101
459 436 487
86 97 487
17 394 181
214 375 181
21 440 487
291 194 487
371 82 181
118 213 487
459 12 181
493 430 487
527 256 487
214 229 487
304 526
37 534 181
110 209 487
183 66 181
99 370 181
21 452 487
471 110 487
474 205 487
141 530 181
298 499 181
335 205
180 285 487
460 157 487
268 253 181
239 314 181
355 430 487
280 477 181
310 451 181
394 124
409 469
185 114 181
97 266 487
490 37 181
303 485
44 47 181
229 520 487
507 370 181
455 40 487
170 522
205 328 181
206 271 487
3 266 181
299 68 181
344 117 487
325 260 181
364 503 487
156 263 487
450 411 181
95 476 181
416 197 487
396 163 181
303 452 181
392 259 181
460 2
202 285 181
105 488 181
404 399 181
230 481 181
3 36 181
277 343
123 380 487
52 341 487
429 282 487
281 413
254 393 181
342 83 181
469 16 487
128 401 487
238 369 487
101 131
294 501 487
94 209 487
416 143 181
135 282 487
393 496 487
305 237
342 165 487
533 440 487
154 195 181
161 438 487
338 195 181
446 301 181
265 45
105 4 181
80 423 487
397 166 487
506 163 181
372 465 487
325 30 181
490 409 181
69 328 487
284 485 487
310 35 487
403 22 487
161 401
53 36 487
352 57 181
190 205 487
127 102 181
253 214 181
410 109 181
202 23 181
431 176 181
376 27 181
450 409 181
379 382 487
297 202 487
109 262 181
86 191 487
31 180 487
210 529 181
514 517 487
381 448 181
227 388 487
420 127 181
240 89 487
56 1 181
376 125 181
36 150
478 58
246 77 487
346 403 487
84 352
308 48
466 221 181
134 489 181
454 227 181
276 333 181
137 2 181
251 356 487
162 244
105 160 487
487 82 487
530 179 487
120 287 181
398 247 487
352 287 181
220 11 181
380 277 181
214 36
59 206 487
456 158
280 314
164 427 181
268 415 181
47 378 487
477 316 487
327 503
120 409 181
6 93 487
70 185 181
87 426 487
422 415 487
159 45
70 457 181
528 73 487
105 94 181
306 519 181
510 383 487
164 450
166 87 487
10 45 181
206 219 487
97 130 487
150 470
148 421 487
187 164 487
78 303 487
442 313 181
319 136 181
537 444 181
340 207 487
126 139 181
504 523 181
266 255 181
227 426 487
430 132
346 195 487
303 338 181
253 24 487
472 253 487
256 215 181
431 18 181
488 148
68 47 181
309 465
480 279 181
413 512 487
422 277 181
6 359 487
242 100
177 30 487
211 64 487
352 415 181
77 313
277 175
179 459
465 62 487
239 88 181
372 537 487
232 399 181
317 170 181
322 359 487
167 513
286 13 487
210 146
261 186 181
158 501 181
116 297 487
161 196 181
306 475 181
350 512
498 58
284 453 487
298 1 181
120 41 487
39 244 487
127 193
210 153 181
140 36
404 149 181
246 398
38 409 181
468 61 487
231 251
391 110 181
513 115
234 53 181
18 435 181
476 435 487
105 430 181
235 404 181
26 209 181
81 340 487
413 221
7 152 487
91 280 181
440 295 487
296 315 487
522 415 487
46 107 181
484 471 487
373 74 181
377 293
414 67 181
139 368 487
110 181 487
57 20 181
489 268 487
113 226 181
513 396 487
19 229
177 306 181
235 82 487
394 185 487
378 453 181
339 300 487
134 13 487
89 163
495 362 487
86 230
324 415 487
357 396 181
73 98 181
95 396 181
246 377 487
13 180 487
467 498 487
456 433 487
401 386 487
137 158 181
221 372 181
152 183 181
91 152 181
526 109 181
263 174 181
419 218 487
490 489 487
352 217 487
237 62 181
304 449 181
263 222 487
497 228 487
407 330 487
412 226
400 41 181
431 48 181
296 283 181
58 417 487
40 87 181
346 123 181
152 521 487
151 10 487
183 370 487
178 55 487
115 136 487
179 70 487
277 526 487
80 439 181
383 312 181
122 11 181
259 524 487
128 209 487
139 362 181
98 197 181
120 329 487
150 261 181
442 281 487
357 8 487
26 469 181
83 296 487
134 375 181
109 182 487
503 120 487
8 199 487
101 56 181
497 91
212 185 487
132 185 181
86 425 487
79 460 487
147 422 181
414 333 181
21 241
365 148 181
355 372 181
190 257 487
131 230 487
243 528 181
149 356 487
2 363 487
515 535
490 38
529 424 181
126 333 181
502 407 181
397 128 181
429 218 181
260 265 487
427 442 487
130 208
423 406 487
67 494 181
68 107 487
50 173 487
487 286 487
427 37
388 199 487
170 391 181
182 74
398 311 181
265 136 487
60 215 487
81 522 181
224 151 487
137 531
511 268 487
50 457 181
491 118 487
201 275
100 279 487
500 3 181
50 236
88 379 487
160 437 487
173 228 181
238 483 181
256 413 487
231 478 181
26 85 181
478 287 181
1 374 487
334 191 487
211 424 181
136 323 181
152 217 181
400 143 181
275 257
495 139
111 383
131 244 487
264 107 487
344 393 487
18 307 181
20 227 487
119 54 181
388 136
244 333 487
196 97 487
285 90 487
176 81 487
179 144 181
179 440 487
481 26 181
43 15
201 408 181
70 116
90 211 181
169 282 181
300 81 181
173 322 181
170 127 181
216 147 181
148 419 181
449 77
12 468
329 446 181
130 358
293 198 181
444 435 181
213 134 181
285 513
132 361 487
289 524 181
483 218 487
167 248 487
513 478 487
337 5
263 50 181
374 261 487
161 370 181
4 19 487
150 279 181
318 196
322 338
196 81 487
411 484 487
166 462
6 19 181
202 461 181
177 420 181
470 181 487
383 475
48 471 487
74 289 181
107 266 181
312 461 487
484 341 487
507 90 487
484 132
396 538
378 321 487
25 152 181
188 291 487
165 311
171 214 181
6 215 487
478 128
97 310 181
133 223
363 428 487
212 237 181
285 38 487
252 63 487
427 398 181
284 391 181
295 518 181
392 46
102 23 181
481 36 181
111 352 487
168 52
93 283
410 231 181
532 129 487
500 537 181
66 150
397 248 487
528 174
301 274 487
46 254
308 409 181
320 451 181
515 262 487
381 520 181
387 404 181
463 32 181
6 173 181
71 214 487
44 431 181
402 159 181
201 194 181
441 444 181
207 280 487
504 425 181
204 357 487
214 97 487
26 403 181
355 135
19 339
475 155
306 369 181
512 5 181
392 439 181
358 25 487
536 337 181
102 269 181
430 265 181
422 105 181
80 300
429 252 487
396 233 487
15 126 181
243 292 181
307 380 181
290 221 181
306 425 487
332 341 181
173 40 487
49 16 181
524 198
211 412 487
479 89
327 10 487
51 502 487
430 3 181
124 379 181
510 471 487
185 431
113 140 487
77 361
508 105 487
237 452 181
504 147 181
469 156 181
27 158 487
477 490 181
418 232
473 12 487
229 107
269 145
240 19 487
271 396 487
155 470 487
115 342 487
6 427 181
504 295 487
348 185 181
524 491 487
97 536 181
79 450 487
535 202 181
63 144 487
280 489 487
152 273 487
19 448 487
36 19 181
176 505 487
187 402 487
136 275 487
422 245 487
52 345 181
232 231 181
385 482 487
192 361 487
215 400 181
246 415 487
412 437 487
303 151
509 190 487
189 102 487
273 88 487
441 62 181
311 135
155 362 181
458 377 181
389 204 181
290 239 487
481 386 181
7 302 487
184 289 181
533 230 181
41 184 487
131 194 181
197 476 181
472 535 487
97 230 487
229 301
530 165 181
129 321
226 111 487
138 157 181
468 405 487
451 436 181
73 515
62 305 487
361 164 181
213 470 487
39 278 487
285 234 181
62 381 181
270 259 181
393 312 181
171 376 487
303 462 181
250 399 487
333 160 487
104 431 181
379 128 487
522 107 487
74 203 487
453 320 181
508 336
277 426 487
426 269 487
157 150 181
171 312 181
362 129 181
100 268
4 455 181
22 228
486 297 487
345 288 181
411 206 181
282 230
400 489 181
375 106 487
206 182
538 251 487
48 369 487
199 446 487
36 151 487
158 109 181
211 172 181
350 217 487
17 388 181
21 334 487
534 345 487
364 527 181
439 334 487
16 293 181
508 441 181
122 496
336 487 487
219 404 487
21 338 487
416 265 181
310 287 181
498 275 181
47 171
25 120 487
288 90
535 498 487
391 474 181
502 229 487
474 438
339 474 181
266 500
52 237 181
365 296 487
236 116
196 241 487
501 432 181
39 36 487
445 8 487
126 193 181
532 171 487
416 455 181
251 196 181
241 355
6 405 181
22 341 181
244 257 181
318 149 181
489 290 181
484 113 181
387 426 487
296 41 181
111 422 181
413 153
53 408 181
407 473
142 231 181
438 253 181
296 129 181
96 523 487
62 401 181
398 301 487
164 73 181
21 425
469 185
360 105 181
90 149 487
162 205 487
166 169 181
480 131 487
36 464
72 527 181
82 216
255 504 181
461 122 487
361 76 181
99 390 487
249 403
308 341 487
295 417
283 184 181
104 473 487
79 370 181
292 147 181
533 525
236 521 181
393 304 181
354 41 487
17 288 487
273 47
111 110 181
25 274 487
475 400 181
326 43 487
256 241 487
467 452 181
493 81
126 422
223 527
14 127 487
187 126 487
514 531 487
47 483
499 414 487
77 1
241 342 181
269 513
324 509 487
146 17 181
222 23 487
208 311 181
463 1
368 83 487
424 199 181
457 62 487
383 114 487
283 114 181
128 349 181
461 245
507 352 487
524 345 487
32 113 487
94 471 181
317 440 487
302 133 487
252 193 181
526 246
125 236 181
108 285 487
296 385 181
115 227
106 289 181
232 195 487
221 278 181
245 468 487
225 126 181
172 73 487
80 259 181
138 482
204 95 487
1 122 487
294 455 487
29 376 487
217 76 487
444 513 181
409 440 487
240 319 487
182 461 181
279 206 487
356 499 181
110 172
173 402 487
190 255 487
325 126 181
77 370 181
192 529 487
255 216 487
244 55 487
341 10 487
321 348 181
89 276 181
536 253 487
464 335 487
202 284
442 78
162 497 487
395 122 181
435 19
194 42
98 459 487
420 191 487
173 474 487
537 470 487
210 272
321 408 487
18 343 181
482 249 181
268 295 181
281 315
536 102
489 538 181
427 510 487
359 22 487
429 436 487
21 538 181
443 446 181
427 66 181
99 330 487
98 175 181
215 514 487
475 396 181
364 509 487
182 392
334 363 181
397 528 487
401 188 181
279 44 487
264 319 487
390 377 181
106 380
319 39
147 83
204 261 181
458 193 181
74 156
117 328 181
83 241
247 517
32 353 487
396 283 181
520 157 181
474 123 487
261 29
425 188 487
204 219 487
228 529 487
275 166 181
68 313 487
372 217 181
97 220 181
387 532 487
223 206 181
153 335
402 129 487
397 480 487
462 411 181
482 195 181
383 532 181
281 374 487
396 487 181
277 232 181
354 132
427 538 181
71 128 181
160 239 181
532 417 487
525 526 487
504 502
482 459 487
229 352 181
362 521 487
173 415
41 44 181
173 518 181
307 99
7 466 181
461 434 487
92 237 487
242 369 487
535 98 181
409 370 181
374 88
385 346 181
111 502 181
285 125
443 272 181
416 54
138 331 487
191 276 487
252 213 181
519 269
444 217 181
78 457 181
260 179 487
285 510 487
142 153 181
210 125 181
314 421 487
400 359 487
87 316 487
156 243 181
538 41 181
364 137 487
456 244
400 417 181
184 139 181
282 391 487
77 360 181
293 55
421 73
250 73 181
411 90 487
503 250 181
73 252 181
236 219 487
276 313 487
97 538 181
112 423 487
221 178 181
257 366 487
182 253 181
444 355 487
287 518 181
379 73
322 423 181
470 491 487
360 270
398 383 181
128 459 487
68 149 487
181 150 487
503 292 181
297 76 181
97 480 487
107 36 487
73 410 487
325 182 181
59 92 487
365 5
120 520
225 98 487
211 296 181
133 474 181
529 304 487
177 178 487
377 168 181
516 407 181
156 129 181
15 16 487
180 417 487
205 178 181
535 36 487
218 417 487
430 299 487
483 508 181
298 339 181
192 461 487
167 219
526 158
162 291 487
482 57 181
43 387
362 317 487
413 119
492 391 487
221 106 487
517 458 181
197 436 487
67 52 487
197 394 487
47 122 487
186 61 487
206 463 181
223 535
118 514
108 451 181
227 402 487
275 426 487
317 88 181
354 77 181
382 253 181
363 474 487
267 491
175 442 181
65 281
427 462 181
389 38 487
445 60 181
376 5 181
430 87 181
509 270 487
66 301 487
502 326
377 264 181
473 207
307 302 181
165 372 487
70 528
391 99
87 126 181
172 13 487
283 331
218 387 181
466 136
221 226 181
290 511 487
138 139 487
4 357 181
344 239 487
221 212 181
300 447 487
391 206 487
411 203
226 334
283 54 181
103 380 487
333 444 181
116 351 181
120 29 181
86 359 181
507 66 487
506 309 181
532 113 487
521 115
347 354 181
454 290
517 204 181
290 137 487
196 209 487
510 33 181
524 355 181
341 426 181
319 472 487
158 265 181
426 455 487
284 455 181
175 78 487
81 500 181
54 423 487
197 452 487
500 21 487
320 389 487
437 480 181
168 459 487
434 481 487
386 137 487
145 388 487
77 146 181
327 512 487
59 410 487
299 376 181
332 1 487
339 250 487
425 458 487
47 233
305 173
281 476 487
91 100 181
158 493 181
339 108 181
129 105
314 40
328 417 181
57 94 487
231 114 487
61 118 487
365 52 487
336 219 181
489 68 181
4 97 181
35 494 181
243 60 487
399 374 487
186 77 181
110 54
159 292 487
500 213 181
83 446 487
491 130 181
471 442 487
69 428 181
472 512
378 291 181
518 345 181
494 37 487
94 353 181
10 419 487
438 529 181
471 111
471 404 181
410 227 487
234 247 181
457 116 181
498 361 487
158 462
231 36 181
173 192 181
212 401 181
218 60
26 204
111 358 181
236 193 181
27 152 181
71 258 487
67 462 487
159 7
175 340 487
239 78 181
215 146 181
218 473 487
423 32 181
396 515 181
113 46 181
299 172 181
65 114 181
355 282 487
241 438 181
427 378 487
61 311
317 284 487
538 375 181
44 488
456 393 487
36 291 487
285 326 181
184 479 487
523 113
329 394 181
116 417 181
38 315 181
83 346 487
327 500 487
215 312 487
311 484 181
16 470
111 533
31 358 487
55 148 487
18 9 181
330 211 487
309 246 487
439 113
524 313 487
377 45
281 186 181
127 432 487
112 501 487
16 201 487
494 411 487
30 490
63 462 181
378 79 181
25 472 487
396 311 487
486 317 181
274 427 181
257 134 181
214 326
216 393 181
518 11 487
225 176 487
249 426 487
498 381 487
303 16 487
171 94 181
479 53
318 255 487
493 391
464 515 487
59 12 487
129 28 487
217 424 487
168 101 181
510 513 181
329 210 487
148 211 487
105 510 181
344 275 181
445 249
224 403 487
184 125 181
217 282 487
256 118
380 509 181
464 331 487
436 1 181
446 235 487
251 172 487
14 355 181
521 254 181
515 298 181
366 501 181
519 482 487
126 531 487
417 538 487
262 49 181
342 379 487
102 201 487
222 284
67 453
222 365 487
131 84 181
384 531 181
240 500
95 265
360 457 181
84 204
451 442 487
86 200
67 69
268 91 487
438 357 181
102 69 487
420 419 181
151 370 487
313 112 487
79 160 181
130 165 487
471 232 487
151 424 181
43 328 181
319 262 487
330 459 181
414 45 487
102 432
52 245 181
101 303
493 325
294 34
123 190 487
341 496 181
76 485 487
436 269 181
535 124 487
360 237 487
159 101
98 245 487
538 347 181
404 249 181
111 218 181
163 472 181
191 384 487
405 154 181
88 396
470 521 487
400 175 181
94 75 181
363 498 181
426 251 181
261 535
86 105 487
293 43
37 224 181
175 504 487
208 525 181
14 399 487
131 268 487
390 339 487
147 104 487
513 356 487
174 51 181
534 493 181
498 81 487
174 403 181
461 362 181
381 226 181
425 175
39 420 181
42 179 181
379 498 487
353 318 487
410 485 487
58 155 181
412 73 487
388 51 181
457 482 181
219 8 487
444 175 487
345 398 181
349 330 181
293 244 181
461 172 487
137 6 181
265 28 181
507 280 181
415 302 181
50 411 181
487 80 181
387 46 487
133 524 487
108 43 181
416 195 181
338 281 181
190 397 487
138 531 181
329 383
350 155 487
210 27 181
74 531 181
390 141 181
126 279 181
77 170 487
528 117 487
45 403
298 469 487
42 533 487
295 386 181
410 143 487
474 11 181
452 243 181
61 242 487
493 42 181
467 94 487
61 307
268 421 181
186 151 487
464 183 487
513 168 181
287 146 487
231 170 181
255 90 487
49 58 181
262 497 487
322 35 487
261 428 181
156 405 181
6 111 181
352 317 181
76 273 181
134 57 181
193 433
219 451
535 487
359 27
413 29
377 172 181
439 414 181
55 206 181
232 473 487
40 414
511 230 181
226 403 487
405 11
299 394 487
13 506 487
306 134
110 41 487
423 216 181
31 500 487
40 319 181
416 285 181
104 179 487
207 264 487
330 55 487
131 3
28 481 487
137 160 487
486 333 487
394 232
104 484
106 383 181
207 240 487
342 437 487
159 78 181
254 249 181
223 10 487
7 243
253 458 181
55 274 487
529 503
278 36
503 374 487
452 57 181
190 175 181
60 133 487
351 396 487
520 192
82 488
118 343 487
507 432 181
39 152 181
145 284 487
12 275 487
86 68
149 487
475 200 181
364 392
446 441 487
367 137
84 367 487
311 236 487
406 211 181
255 11
435 258 487
148 175 181
292 107 181
402 235 487
341 404 487
401 488 181
209 307
512 371 487
352 259 181
506 287 181
191 96 487
184 71 487
139 60 487
193 30 181
161 529
527 160 487
355 314 181
275 250 487
310 465 181
512 33 487
430 202
310 285 487
318 321 181
41 26 181
4 462
322 375 487
213 84 487
387 86 487
408 487 181
4 475 487
8 289 181
382 449 487
93 132 487
106 309 181
92 23 487
378 481 487
481 142 181
239 519
391 320 181
361 384 487
162 467 181
155 62 487
58 521 181
27 396 181
354 391 181
157 330 487
442 36
407 114 487
370 28
461 388 181
106 103 487
310 479 487
141 188 181
17 204 487
191 338 487
326 124
267 254 487
297 118 487
149 289
41 420 487
148 120
50 447 487
101 48 181
241 80 181
167 96 487
267 286 487
491 442 487
192 313 487
185 502 181
534 335 181
259 464 487
432 397 487
487 118 487
173 341
182 207 487
163 372 181
32 145 181
513 92 487
349 71
213 150 487
471 456 181
296 517 487
507 322 487
515 310 487
59 502 181
57 323
521 432 487
421 213
495 532 487
518 93 181
211 374 181
421 359
209 280 181
290 383 487
361 414 487
346 305 181
266 157 181
108 349 181
167 216 181
17 443
11 228 181
480 443 487
534 371 181
11 524 181
109 188 487
184 185 487
59 168 181
174 461 487
54 476
491 198 487
478 270
104 469 181
415 204 181
420 535 487
360 61 487
122 259 487
12 396
202 129 487
451 324 181
127 492 487
248 149 487
79 398 181
188 441 487
328 471 487
373 200 181
526 130
99 420 181
340 62
403 458 181
148 35 181
308 283 181
175 518 181
235 18 181
57 227
141 488 181
59 279
535 162 487
476 161 181
488 369 181
21 328 487
209 494 487
148 153 181
378 261 181
158 221 487
22 362
420 277 181
47 120 181
304 109 487
523 178 487
102 450
357 290 487
226 371 181
415 70 487
280 105 181
465 232 487
203 230 487
416 463 181
185 366 487
254 239 487
50 429 487
1 420 487
438 467 181
385 44 181
16 318
470 401 487
123 56 487
237 508 181
175 342 181
275 54 181
200 519 181
314 43 487
137 121
321 360 181
143 214 487
521 400 181
464 455 487
430 344
117 298 487
49 361
211 439
535 48 181
53 506 181
337 55
407 284 181
289 272 181
262 317 487
222 195 487
324 291 487
140 485 181
13 36 181
419 2 181
362 503 181
268 263 181
223 356 487
173 294 487
198 369 181
131 370 181
399 190 181
348 345 181
536 121 181
223 190 181
142 424
104 145 487
340 3 181
183 150 181
225 520 181
170 513 181
199 426 487
66 353 487
447 263
124 465 181
425 94 181
523 474 487
298 151 181
298 295 181
497 165
30 115 487
236 233 487
36 469 487
391 80 181
513 42 487
243 498 487
204 79 487
346 527 181
117 174 181
536 419 487
201 80 181
67 496 487
27 78 487
251 18 181
111 206 487
502 433 487
142 143 181
282 27 181
274 345 181
212 110
59 128 487
234 379 487
81 354 181
340 97 181
519 296 181
121 103
214 222
63 507
516 178
400 213 181
124 67 181
347 131
381 179
79 9
331 492 181
359 68 487
113 212 181
216 309 487
535 264 487
148 77 487
224 232
294 169 181
227 384 181
140 245 487
308 413 487
220 182
264 405 181
368 455 181
210 370
348 307 487
98 421 487
499 145
58 64
422 15 181
55 120 181
507 510 487
111 306 181
386 425 181
238 261 181
92 185 487
256 151 181
183 82 181
458 114
107 135
202 201 181
226 191 181
456 291 181
233 394 487
102 433 487
393 488 181
505 494 487
137 476 487
399 522 181
179 28 487
417 108 487
54 29 487
37 488 181
226 437 181
102 429 181
90 461 181
533 394 487
479 394 181
27 294 181
184 157 181
148 518
394 242
116 120
155 225
455 320 487
317 22 487
350 517 487
404 44
42 473 487
521 204 181
38 109 181
109 324 487
419 506 487
8 505 181
190 451 181
470 85 181
200 314
335 218 181
163 500 487
495 273
482 409 487
399 146 487
371 172 487
315 8 181
324 438
87 322 181
130 449 487
151 318 181
285 298 181
330 458
273 388 487
498 401 181
105 231
123 513
4 449 181
213 422 487
199 120 487
231 242 487
165 522 181
408 207 487
461 7
241 490 487
120 360
296 21 181
420 37 487
142 527 181
176 456
151 401
191 266 487
282 501 487
497 480 181
313 122 487
404 375 487
488 434
55 534 487
125 452 181
339 44 487
411 338 181
229 111
450 112
477 378 181
107 418 487
226 98
307 535
94 101 181
99 120 181
337 120 487
324 459 181
438 461 487
494 535 181
393 114 487
353 376 181
6 351 487
499 2 487
132 457 487
408 325 487
490 60
223 424 181
145 402 181
2 197 487
269 198 181
150 263 487
429 294 487
326 237 181
518 147 487
255 307
83 198 181
66 59 181
402 443 487
402 461 181
252 513 487
533 518 487
470 242
48 57 181
262 333 181
188 321 181
53 236 181
12 29 181
496 189 487
253 492 181
497 406 487
78 367 487
109 468 487
322 161 487
531 398 181
53 82 181
117 242 487
125 519
506 422
278 309 487
156 506
369 133
467 462 487
300 207 487
410 271 181
11 72 181
372 478
507 232 487
502 58
134 481 487
312 502
382 195 181
515 229
336 85 487
505 508 181
189 363
101 374 181
127 250 487
505 240 181
266 17 181
116 205 487
250 423 181
265 344 487
265 382 487
328 13 181
99 442 181
148 507 181
489 340 487
534 517 487
450 451 487
406 521 487
368 34
245 505
301 134 487
192 531 181
9 250 487
504 303 487
217 330 487
412 237 181
283 362 487
236 147 181
216 351 487
107 515
482 265 181
121 20 487
400 55 487
111 267
306 17 181
298 523 181
408 107 487
344 283 181
506 495 487
224 87 487
103 252 181
9 172 487
299 39
9 236 181
383 57
97 502 181
240 205 487
392 271 487
172 355 181
242 393 181
173 13
53 462 181
281 506 181
456 12
85 248 181
18 298
348 309 487
165 280 181
473 130 487
469 508 487
171 130 487
328 223 487
156 199 181
351 232 487
210 343 181
62 502
73 100 181
230 531 487
293 498 181
407 256 181
48 381 181
522 216
155 220 487
71 250 181
254 533 487
178 395 181
234 437 487
110 411 181
40 272
464 495 487
62 480
23 8 181
268 483 181
383 351
365 141
97 416 181
520 375 487
420 249 181
170 409 181
89 174 487
343 426 487
113 312 487
130 193 487
337 188 181
297 494 181
289 176 487
146 511 487
256 23 487
307 496 181
504 145 181
144 203 181
226 73 181
23 95
333 198 487
248 175 487
517 480 487
207 138 487
270 95 181
292 393 181
249 174 181
222 99 181
270 283 181
277 358 487
168 265 181
160 219 487
180 459 181
41 396 487
87 127
530 164
73 390 181
372 529 487
96 389 181
95 210 181
295 200 181
74 189 181
93 380 487
234 115 487
39 356 487
399 37
203 502 487
74 111 181
296 273 181
196 151 487
311 82 487
519 104 487
447 393
141 509
241 374 181
44 496
332 439 487
494 343 181
452 207 181
107 38 487
447 392 181
334 193 487
284 443 487
361 538 487
314 107 487
285 508 487
145 34 487
27 406 181
80 399 487
40 229 181
510 483 181
359 164 487
437 188 487
483 298 181
105 400 487
375 350 181
108 147 487
294 153 487
69 426 487
301 418 487
437 504 181
400 463 181
267 472 487
277 182 487
310 369 487
303 436 181
496 491 487
32 333 181
81 262 181
97 452 181
389 474 181
132 199 181
328 474
177 367
50 504
431 486 487
352 461 487
240 171 181
75 527
437 272 487
486 423 487
159 12 487
446 9 487
196 247 487
77 134 181
35 484 487
62 119 181
51 12 487
89 114 487
470 272
368 347 487
318 17 181
419 110 487
492 306
352 110
44 462
18 97 181
359 278 487
179 266 181
489 22 181
257 460 487
20 523 181
56 391 181
484 417 181
116 518
44 400
106 487 487
71 130 181
485 142 181
514 23 181
250 171 487
279 348 181
271 216 181
61 58 181
390 307 487
124 1 181
367 226 487
268 15 487
266 519 181
130 477 487
111 442 487
43 473
489 370 181
397 430 181
56 5 181
529 82 487
14 413 487
190 9 181
74 380
408 277 181
371 348 181
58 237 487
244 73 181
156 56
116 347 487
85 116 181
246 220
178 481 181
23 14 181
364 292
382 93 487
147 391
482 287 181
496 61 181
429 286 487
111 170 487
108 535 181
146 19 181
15 356 181
106 239 181
430 255 487
296 531 181
350 39 487
192 315 487
7 161
286 169 487
121 32 181
215 194 181
96 526
338 495 487
396 2
285 347
392 521 487
150 309 487
40 178
370 19 181
164 466
473 372 487
100 524
308 231 487
63 120 181
234 365 487
182 44
143 492 181
285 184 487
484 74
353 380 487
383 2 487
473 10 181
141 238 181
286 185 181
393 214 487
354 53 181
477 502 181
351 538 487
204 493 487
393 26 181
235 276 181
132 291 181
303 84 487
313 246 487
153 62 487
49 220 181
314 211 181
314 527 181
336 215 487
175 34 181
174 37 487
354 269 181
58 447 487
128 257 181
163 338 181
279 406 181
104 436
158 383 487
272 173 487
421 406 487
497 472 487
239 244 181
28 345 181
40 445 487
118 117 181
146 209 487
216 514
183 266 487
413 344 181
118 405 487
187 368 181
221 428 487
190 69 181
220 71 181
399 393
496 215 487
462 469 487
27 374 181
93 194 487
447 520 487
328 45 487
458 411 181
133 326 181
487 47
500 199 487
67 475
170 494
317 296 487
111 366 487
56 76
106 147 487
380 465 181
113 525
367 144 181
225 370 487
307 192 487
255 274 487
321 500 487
443 70 487
435 123
503 412 181
129 386 487
261 50 487
470 301 181
154 85 487
370 527 487
255 142 181
409 141
391 430 181
409 105
454 375 181
22 503 181
317 134 487
63 67
8 503 181
341 348 181
100 285 487
338 150
180 493 181
74 517 487
92 83 487
416 186
118 239 487
390 527 181
447 476 181
453 166 487
341 110 487
528 49 487
506 147 487
441 14 181
14 405 181
265 141
269 42 181
445 181
44 313 487
48 484
518 102
36 427 181
191 458 181
307 83
126 12
207 510 181
83 424 181
264 365 181
279 458 181
13 304 487
108 99 487
471 450 487
172 37 181
108 189 487
345 356 487
187 474 487
283 55
384 272
228 111 487
206 73 181
150 317 181
73 478 181
186 129 181
261 82 181
436 406
458 447 487
317 46 181
14 177 181
378 223 181
338 503 487
264 445 487
465 7
437 90 181
218 23 181
174 349 181
368 155 487
71 529
168 125 181
82 531 487
253 74 181
289 314 181
76 511 487
142 135 487
33 358 487
333 470 487
143 2 181
457 406 487
136 229 487
504 3 487
536 49 487
234 325 181
203 84 181
317 313
216 411 181
467 152 181
194 177 181
455 160 181
451 398 181
453 526 181
515 232 181
4 257 487
339 179
32 428
281 189
36 363 487
125 496 487
190 185 181
29 282 181
37 234 181
19 414 487
68 191 487
267 438 181
126 365 181
457 389
330 2
14 451 181
121 6 487
315 448 487
183 387
243 304 181
464 287 181
276 397 487
472 55 487
188 459 487
343 108 487
92 527 487
485 31
115 511
401 451
219 194 181
422 161 181
245 482 487
455 342 487
