67
187 188
229 230
1 3
7 9
17 19
19 21
47 49
65 67
83 85
101 103
113 115
127 129
139 141
149 151
175 177
207 209
231 233
233 235
249 251
263 265
277 279
305 307
313 315
339 341
349 351
367 369
375 377
397 399
409 411
411 413
423 425
435 437
445 447
469 471
499 501
503 505
513 515
523 525
539 541
4 6
30 32
40 42
46 48
58 60
70 72
80 82
98 100
120 122
154 156
178 180
194 196
240 242
264 266
280 282
300 302
312 314
342 344
362 364
386 388
400 402
412 414
416 418
446 448
480 482
492 494
498 500
532 534
