110
55 56
115 117
111 113
109 111
107 109
105 107
103 105
101 103
99 101
95 97
93 95
91 93
89 91
85 87
83 85
79 81
77 79
75 77
73 75
71 73
69 71
67 69
65 67
63 65
61 63
59 61
57 59
55 57
53 55
51 53
49 51
47 49
45 47
43 45
41 43
39 41
37 39
35 37
33 35
31 33
29 31
27 29
25 27
23 25
21 23
19 21
17 19
13 15
11 13
9 11
7 9
5 7
3 5
1 3
119 121
121 123
123 125
118 120
116 118
114 116
110 112
108 110
106 108
104 106
102 104
100 102
98 100
96 98
92 94
90 92
88 90
86 88
84 86
82 84
78 80
76 78
74 76
72 74
70 72
66 68
64 66
62 64
60 62
58 60
56 58
52 54
50 52
48 50
46 48
44 46
42 44
38 40
36 38
34 36
32 34
28 30
26 28
24 26
22 24
20 22
18 20
16 18
14 16
12 14
10 12
8 10
6 8
4 6
120 122
122 124
