512 2913 199 507
207 481
252 16
461 211
436 42
295 499
359 117
272 52
487 276 507
465 311
379 277
499 193
139 355
18 488
88 193 199
291 254 199
221 5
390 418
154 382
369 491
419 315
286 324
466 251 199
260 502
422 138
50 190
111 50 507
383 47
339 167
474 92
111 305
205 387
85 206 507
119 270 507
284 400
138 472
335 69
417 61
71 95
183 400 507
190 400
42 121 507
384 432
443 465
459 275
460 212
477 304 199
223 387
488 80
385 162 507
508 16
462 342
409 141
229 492 507
458 96
98 452
374 99 507
417 37
106 242
426 134
485 502 199
203 29
304 172
452 244
46 468
68 502
495 281
42 493 507
177 104 199
91 94 199
135 326 507
229 411
446 66
488 224
474 102
390 90
483 3
13 505
506 287 507
299 56 507
64 380
224 40
116 144
303 71
347 485
455 29
312 192
477 17
106 118
337 85
246 26
147 493
192 482
490 154
206 45 199
22 488
460 12
477 5
260 26
275 76 507
245 266 199
264 34
268 39 507
41 445
505 309
113 427
92 448
511 23
219 491
328 434
98 419 507
141 17
6 447 199
367 207
423 207
364 92
18 360
178 474
94 339 507
27 495
241 131
42 290
313 387
54 40
387 327
98 272
509 453
213 453
503 85
16 392
512 16
140 480
4 408
178 187 507
445 37
127 241
265 379
73 461
502 32
164 510
111 355
47 413
472 48
335 86 507
57 171
116 478
322 345 507
434 506
282 100
315 164 507
236 237 199
506 6
17 421
471 211
429 173
500 58
355 293
298 252
501 259
269 73
213 326 507
415 67
1 497
248 330
34 478
126 430
473 135
396 38
98 508
505 509
34 344
43 297
12 374
464 157 199
423 54 199
16 125 199
453 127
349 391
444 46
403 25
142 256
210 140
77 135
257 147
11 421
62 480
345 195
28 342
407 497
32 485 199
22 386
412 11 507
471 31
216 44
362 282
500 464
445 107
307 341
377 20 199
77 35
67 399
392 408
328 486
10 440
182 296
470 80
507 7
394 106
86 373 199
36 482
28 131 199
161 413
17 55
299 507
498 361 507
374 270
95 227
100 220
295 390 507
425 249
37 377
73 35
28 298
103 118 507
10 460
189 317
317 5
15 421
492 482
222 272
426 174
140 407 199
236 267 507
98 365 507
299 179
483 7
476 352
507 239
8 132
398 14
211 125
337 365
12 282
353 233
26 41 199
448 28
235 409
289 69
385 221
79 309
119 402 507
232 463 507
238 226
499 79
194 494
444 94
454 122
161 202 507
178 337 507
461 147
490 334
212 28
297 19
2 488
72 129 507
49 303
437 117
506 72
52 454
360 24
119 172 507
22 370
476 454
255 247
17 19
421 45
140 410
91 251
395 10 199
206 128
481 37
455 311
452 373 199
500 415 507
21 475
493 126 507
208 243 199
463 485
195 506 199
363 503
485 303
54 512
50 343 507
258 266
315 417
49 55
494 36
68 193 199
472 34
221 304 199
447 208 199
221 85
239 384 199
414 429 199
177 369
468 54
240 61 507
458 438
505 276 199
257 395
25 333
505 45
308 89 199
479 406 507
410 44
356 199 199
161 484 199
487 437
328 56
71 437
497 105
503 421
15 140 199
63 223
326 491 507
369 353
502 2
60 490
455 336 199
308 408
283 44 507
394 12
396 419 507
123 115
202 340
508 6
451 17
166 488
272 132
255 108 199
321 185
98 311 199
44 113 507
337 93
510 10
110 192
11 511
443 303
329 137
74 386
220 24
345 101
219 7
420 112
54 60
168 440
259 42 199
60 36
141 373
499 117
341 67
204 456
73 309
485 166 199
493 205
242 140
383 317
401 209
473 245
429 299
322 248
391 263
369 29
129 260 199
261 482 199
344 94
462 309 507
185 317
377 23
478 361 199
92 440
492 36
365 479
424 473 199
15 465
402 356
414 106
365 393
251 85
117 382 507
250 64
408 448
189 273
483 17
447 7
477 23
500 68
74 426
55 279
397 222 507
265 133
272 394
455 135
489 141
313 23
144 226
449 167
374 114
498 102
387 97
466 58
14 354
26 158
272 324
284 173 507
377 99
7 177
512 76
3 481
483 51
187 98 507
486 438
456 166
408 157 199
181 37
51 479
210 453 199
134 62
22 508
208 104
195 151
348 126
10 487 199
90 209 199
324 462
253 193
454 132
156 361 199
117 353
200 306
236 266
8 512
151 47
288 394
467 237
485 493
359 69
456 190
478 364
246 328
331 221
264 458
370 16
506 80
193 213
467 25
171 321
121 185
453 155
371 345
36 76
425 45
24 175 199
83 495
96 422
304 414
467 295
104 396
97 119
13 508 199
110 73 199
178 314
350 146
87 457
481 418 199
382 340
451 203
296 402
11 395
373 5
392 458
502 48
432 32
490 230
154 312
102 468
502 442
191 391
443 227
323 143
331 411
36 400
389 15
482 136
471 151
411 77
122 286
398 317 199
389 256 507
93 351
488 26
454 346
188 213 507
283 276 507
290 390
346 88
231 135
390 238
12 492
482 10
439 33
262 368
494 18
380 213 507
451 190 199
31 509
44 262
33 507
376 18
85 442 507
101 347
289 119
474 260
294 95 507
424 240
21 483
511 111
289 271
219 494 199
107 163
128 502
50 176
211 201
124 192
47 471
232 378
19 351
441 463
422 396
29 509
98 490
42 222
1 429
508 118
399 123
130 386
244 212
509 383
154 129 507
301 103
321 288 199
369 325
55 207
511 252 507
377 269
141 471
441 462 507
1 155
507 496 199
16 494
103 100 507
38 24
194 271 199
457 49
421 36 199
8 266
1 240 507
304 105 507
183 277
40 456
103 497
488 12
256 420
446 28
434 106
127 413
479 305
481 13
441 105
504 262
288 274
141 271
266 459 507
417 229
453 36 507
26 383 199
306 148
168 258
473 43
65 511
226 266
54 164
316 228
16 470
258 33 199
132 264
441 39
122 396
345 301
502 64
140 111 507
467 357
338 451 199
204 290
191 419
131 83
327 139
63 175
209 485
334 152
83 453
356 320
363 150 199
242 416
439 204 507
100 312
394 488
345 375
511 47
264 338
320 164
329 75
489 5
495 81
57 423
298 430
323 499
28 218
423 272 199
396 238
487 19
53 505
116 150
509 5
233 14 507
272 198
431 353
415 25
439 287
504 20
209 123
152 416
357 253
471 175
33 272 507
79 287
456 168
342 321 199
324 202
112 308
313 303
324 31 507
294 76
251 461
20 228
9 512 199
229 27
148 400
433 123
10 512
404 450
493 17
249 424 199
442 96
406 368
475 417
224 418
458 44
411 288 199
294 64
305 367
508 8
425 469
366 18
426 270
44 294
181 108 199
361 181
46 117 199
56 118
423 80 507
359 411
8 304
26 512
444 416
40 332
404 162
30 504
161 105
289 461
145 293
190 336
134 304
38 478
39 395
138 466
442 298
500 291 507
2 350
399 16 507
288 473 199
409 45
115 401
95 497
169 357
230 138
48 106
324 258
442 12
28 500
214 84
68 448
53 137
396 227 507
372 492
216 166
220 435 199
387 137
339 76 507
30 482
269 162 199
507 1
42 166
449 258 199
200 374
242 51 199
492 56
504 72
109 377
186 79 199
38 388
427 297
52 406
440 60
22 398
481 197
401 451
198 361 199
410 347 199
118 328
409 470 199
380 70
374 276
42 352
393 206 507
8 412
5 377
182 500
14 256
37 391
390 401 199
377 212 199
77 25
174 138
293 41
362 74
482 52
314 202
209 293
443 247
378 259 507
64 284
20 192
416 501 199
8 409 507
134 30
141 393
235 139
57 361
508 144
405 33
89 507
59 505
78 474
457 17
362 18
421 81
387 55
36 386
11 303
464 156
188 85 507
77 5
61 483
251 310 507
429 117
419 299
240 176
128 249 199
92 279 507
404 198
156 350
476 4
18 458
335 408 507
146 502
254 360
316 108
493 85
168 204
499 11
243 502 507
12 484
152 174
45 468 199
451 446 199
188 149 507
123 425
323 361
137 441
40 195 507
13 287
392 8
200 4
372 52
196 292
486 147 507
354 328
232 505 507
459 199
50 54
328 116
507 493
2 504
317 308 199
66 61 507
454 20
239 97
470 104
295 245
248 367 199
145 6 199
191 139
19 106 199
90 454
175 485
506 148
10 288
418 338
18 444
141 93
508 206
61 191
80 45 199
12 500
472 86
398 409 507
4 432
251 407
243 113
347 97
54 154
313 31
472 425 199
446 106
98 504
41 273
271 91
402 352
496 150
289 493
443 291
352 378
27 77
316 84
451 58 507
361 406 507
20 384
1 501
437 441
47 431
369 433
282 112
194 476
496 40
344 198
42 510
350 238
65 271
512 20
157 307
159 196 507
12 502
462 12
479 328 507
480 60
199 472 507
91 269
488 14
168 470
220 206
24 512
350 80
308 204
289 403
9 465
13 407
22 334
43 414 199
490 16
57 291
136 457 199
74 438
27 34 507
392 32
92 286
176 132
284 140
414 365 199
64 281 199
240 264
500 478
512 204
458 262
198 98
19 435
358 240
230 287 199
53 351
384 31 199
150 120
105 126 507
287 52 199
259 38 507
443 370 199
106 486
105 495
173 439
285 157
371 215
266 30
337 505
402 418
26 414
389 45
314 144
168 414
267 47
240 48
258 365 507
304 131 507
68 78
43 333
64 446
450 164
206 455 507
493 411
471 33
49 493
476 181 199
122 346
458 194
219 161
15 505
295 11
405 105
366 66
145 283
32 372
252 283 199
326 406
84 504
102 435 507
48 291 507
42 450
202 311 507
42 288
9 491
325 60 199
30 490
478 94
71 105
219 339
273 405
279 197
190 243 199
404 446
96 42
374 18
23 387
413 162 507
459 15
215 389
52 308
495 7
237 101
395 131
503 11
301 437
418 365 507
337 504 199
90 360
275 75
97 463
144 346
499 17
120 222
157 343
207 416 507
24 436
227 405
201 273
430 98
491 203
139 16 507
113 345
223 483
472 74
250 451 199
339 437
340 34
443 27
274 494
145 279
77 499
76 492
77 451
414 72
490 296
111 369
112 18
417 81
88 65 507
43 188 507
274 456
237 71
288 298
69 477
352 190
135 443
387 261
326 298
16 480
439 139
209 67
343 411
388 477 199
1 459
172 160
503 5
74 462
276 156
213 458 199
507 279
25 491
475 169
6 136
139 35
24 424
164 474
400 142
184 58
479 13
332 438
7 471
31 267
86 154
402 110
470 22
184 67 507
104 468
399 31
133 479
302 293 507
494 2
390 282
18 468
428 87 199
62 504
503 423
164 418
304 410
299 89
421 222 199
412 72
32 494
477 135
460 228
6 462
46 410
419 63
466 48
279 511
319 487
136 306
219 364 507
465 267
443 421
399 39
328 505 199
504 236
507 19
42 502
487 348 507
178 424
382 232
235 313
485 265
224 109 507
177 25
44 330
495 43
55 5
181 339
385 176 199
246 147 507
78 314
31 290 199
286 222
502 74
341 331
74 79 507
84 288
144 254
288 192
511 3
266 334
412 108
241 260 199
13 371
142 416
110 443 199
62 490
98 460
250 416
423 41
150 443 507
477 203
395 43
33 171
474 220
505 109
454 171 507
355 276 199
69 73
351 205
150 490
400 342
350 250
435 317
396 196
169 126 507
135 54 507
101 401
31 496 199
28 294
208 242
383 137
458 182
137 49
263 455
439 317
487 155
451 9
96 304
338 113 199
33 509
475 289
492 13 199
25 503
348 217 199
436 478
398 66
461 7
148 134
116 263 199
461 63
4 452
192 102
416 265 507
282 158
84 446
391 219
468 124
398 201 199
458 124
498 481 507
470 342
40 106
371 287
38 440
374 4
180 468
485 457
64 185 199
485 23
63 59
194 124
219 145
482 20
16 492
57 131
507 230 199
467 5
139 501
405 203
486 6
168 366
138 504
204 217 199
192 77 199
483 477
2 307 199
49 187
482 12
280 407 199
479 123
440 176
175 258 199
509 93
476 154
5 193
456 82
245 169
462 488
332 302
197 70 199
184 316
34 424
389 7
243 433
206 133 199
294 253 199
21 479
73 12 507
195 98 199
393 155
453 5
73 495
31 244 507
196 193 199
330 315 199
461 15
502 210
45 489
7 459
246 385 507
117 129
442 486
424 66
327 153
56 368
63 433
505 115
455 442 199
169 153
384 64
365 155
353 177
403 40 507
283 142 199
376 288
345 451
192 252
422 510
387 43
192 17 507
253 95
309 441
80 194
419 65
311 85
64 398
509 65
461 113
247 411
4 7 507
444 232
385 117
454 170
165 113
394 416
499 199
467 353
231 331
356 353 507
59 209
272 473 199
36 431 199
449 500 199
75 443
504 424
210 362
158 229 199
269 371
142 244
160 313 507
407 221
256 150
360 285 199
3 457
406 40
219 253
225 473
141 375
245 305
257 91
2 7 507
17 485
441 63
419 461
277 49
382 424
189 82 199
190 293 199
97 29
68 470
325 153
354 119 199
184 374
292 315 199
499 95
23 445
142 168
470 8
492 392
219 115
78 478
484 38
89 465
93 387
89 389
112 402
278 198
506 2
508 166
191 487
445 76 507
280 478
180 176
431 315
264 278
477 27
333 127
153 389
87 462 507
414 381 199
271 472 507
385 169
220 480
314 285 507
447 188 507
169 77
254 323 507
141 335
82 474
251 238 507
424 351 507
138 164
332 26
349 477
502 6
458 256
24 452
366 78
175 229
402 274
487 33
480 106
141 383
330 210
241 254 507
3 425
479 53
368 16
468 110
337 31
207 52 199
62 512
6 480
81 399
97 431
424 172
447 317
504 140
467 259
347 9
219 95
14 94
217 42 199
205 505
20 488
28 197 507
485 13
204 9 199
251 321
214 263 507
337 469
291 243
7 437
489 127
19 485
64 340
469 45
388 26
55 473
503 3
55 253
388 42
496 330
388 156
267 373
51 467
473 61
162 22
509 11
501 7
431 157
3 485
448 54
219 446 507
11 293
244 126
11 461
49 431
418 98
481 65
490 484
15 507
392 368
335 430 507
328 26
143 440 199
182 10
198 490
71 441
149 60 507
419 5
488 436
510 173 507
155 97
323 98 507
38 90
271 174 507
500 170
8 372
315 429
401 85
414 42
449 29
349 509
451 111
511 49
507 65
287 131
38 229 507
398 110
505 9
117 365
463 3
6 424
64 356
334 23 507
306 288
239 383
48 498
103 182 199
100 234
333 327
229 491
475 194 507
19 321
285 356 507
24 255 199
49 331
464 362
347 143
5 441
413 72 199
511 509
60 58
507 492 199
424 502
149 465
193 111
438 4
32 508
34 440
364 498
385 449
1 435
8 103 199
397 291
5 497
183 451
278 440
2 510
238 72
26 164
476 40
192 275 507
423 191
161 91
489 463
436 366
450 261 199
165 130 199
111 211
377 221
133 419
118 80
3 15
468 34
120 264
345 299
8 142
284 390
13 88 199
223 447
429 396 199
506 34
454 216
107 63
482 304
158 174
380 156
437 15
197 351
181 271
138 66
424 168
29 102 199
143 219
24 504
10 462
293 389
482 2
380 508
507 308 199
441 25
61 123
104 55 199
358 34
45 312 199
199 395
150 474
474 4
386 177 199
373 75
120 114
134 476
346 12
43 14 507
507 11
285 135
369 147
9 395
281 97
361 429
64 500
17 337
266 171 199
9 506 507
267 102 199
332 318
330 394
54 438
116 496
356 457 199
293 105
9 439
350 42
490 142
216 230
248 372
5 463
158 230
15 149
386 270
146 3 199
232 442
399 207
203 298 199
288 130
242 346
439 25
512 42
493 65
345 143
481 75
59 203
338 38
222 33 507
9 475
420 274
347 349
161 251
220 494
461 373
496 66
360 72
329 475
13 465
130 267 507
151 433
345 311
20 298
339 510 507
10 502
189 347
96 152
104 391 507
20 176
345 287
61 330 199
192 134
120 34
428 40
402 412
19 427
346 68
475 120 199
67 499
340 28
19 465
486 213 507
334 126
321 293
14 442
165 215
450 398
484 64
321 499
214 62
459 171
449 201
439 218 507
327 52 199
315 137
447 45
50 506
455 415
113 161
458 112
326 62
43 273
131 507
111 272 507
421 173
466 257 199
349 399
79 391
360 245 507
64 442
367 443
95 315
146 378
174 178
498 8
97 114 507
338 110
94 291 199
37 461
257 475
89 511
7 353
48 98
132 136
506 254
455 483
219 475
474 144
48 507 507
94 272
492 24
18 492
342 6
16 510
207 374 199
41 406 507
454 25 507
339 413
52 322
506 40
13 503
172 82
127 313
215 469
414 174
148 54
176 392
353 477
324 156
394 232
32 270
31 131
218 496
107 405
512 40
113 254 199
81 467
293 179
492 102
396 116
203 511
408 30
397 507
460 393 507
245 133
501 352 199
298 76
226 137 199
42 210
254 388
38 340
89 203
72 410
402 479 507
75 507
325 122 507
512 50
222 401 199
36 410
412 44
58 51 199
20 510
251 377
510 56
465 288 507
512 63 199
455 9
478 16
467 285
248 294
432 266
390 265 507
349 456 199
236 172
388 448
375 488 199
180 421 507
494 142
50 446
404 486
87 125
241 449
507 3
297 287
154 88
395 59
364 420
73 505
223 292 507
493 31
287 101
74 398
59 466 199
357 465
1 451
386 176
428 214
107 301
500 320
412 256
382 472
42 25 507
237 262 507
38 466
110 232
292 197 507
488 222
332 138
52 492
196 186
224 336
13 341
75 311
292 377 507
326 272
23 167
168 301 199
499 177
5 287
33 493
287 128 507
496 86
355 142 507
252 478
376 52
464 142
274 438
328 437 507
446 180
395 182 199
474 106
27 409
86 414
4 498
188 390
426 444
498 152
317 9
387 343
160 182
359 189
77 357
481 327
303 415
208 120
111 109
512 32
319 35
385 177
2 496
493 5
392 148
14 472
2 498
223 497
164 436
353 75
222 56
90 274
333 237
459 131
378 334
1 335
249 273
174 260
243 387
282 368
512 2
99 32 507
116 46
254 235 507
241 431
260 148
253 63
492 14
100 430
16 450
384 298
282 476
193 307
460 210
159 372 507
472 60
443 236 507
87 511
476 12
5 495
59 183
497 37
495 15
398 100
265 362 507
467 35
133 449
135 411
123 3
133 349
463 276 199
366 38
67 249
114 46
47 457
132 340
510 264
123 27
54 332
259 125
169 407
43 447
97 28 199
190 311 507
83 367
233 449
21 509
384 22
494 22
507 149
3 285
170 446
445 282 507
378 12
430 78
359 505
125 475
44 430
368 310
479 302 507
509 15
4 502
468 340
444 342
166 318
30 156
511 31
145 465
188 278
478 206
240 60
196 296
266 428
483 190 199
511 19
297 381
454 176
485 126 199
483 65
164 502
305 315
177 470 507
434 162
342 21 507
138 200
472 71 507
74 282
110 486
368 61 507
124 488
84 418
113 246 507
20 418
229 443
16 448
217 17
507 5
61 30 199
129 445
241 60 199
8 66
463 399
422 315 507
403 371
488 380
51 300 199
58 366
410 396
21 481
451 254 199
222 476
485 397
69 377
191 373
79 501
429 511
305 503
219 329
266 248
35 251
21 381
154 450
223 255
364 437 199
348 226
452 34
312 70
2 492
424 128
359 31
310 128
197 483
208 128
58 78
418 154
88 466
492 176
9 489
257 50 199
445 215
346 72
351 112 199
117 413
349 109
407 226 199
171 431
426 153 199
180 312
257 192 199
63 327
96 354
304 218
1 441
278 460
496 267 199
231 139
223 480 199
142 474
491 87
77 299
84 8
79 275
474 230
151 405
502 162
489 423
378 66
72 490
434 402
509 1
321 13
350 249 507
194 187 507
152 362
508 138
147 301
174 506
27 337
383 315
273 26 507
166 175 199
473 25
226 282
58 506
449 48 199
33 477
398 482
494 4
230 266
418 421 199
110 476
463 205
5 487
428 410
415 187
177 253
111 471
215 77
258 476
44 302
468 56
54 418
21 149
70 130
230 122
436 250
160 398
128 406
295 334 507
153 253
108 278
432 486
423 287
171 293
256 153 507
28 468
138 210
132 404
93 363
371 135
140 22
136 480
446 8
379 344 507
107 483
447 481
199 299
431 365
258 370
451 133
353 57
274 50
469 33
21 487
50 154
481 257
381 35
177 112 507
129 292 507
79 455
76 476
376 264
76 442
6 512
464 2
22 350
1 491
31 57
497 289
326 190
489 116 507
63 243
391 43
276 428
12 458
112 42
115 339
511 79
307 508 507
456 474
430 477 507
416 68
444 38
405 143
385 171
351 169
1 444 507
24 45 199
374 339 199
201 505
23 305
406 58
4 460
261 407
6 210
14 178
206 486
487 65
312 136
87 341
204 392
465 69
396 19 199
9 123
256 470
124 408
365 473
326 70
149 88 199
162 332
503 485
505 19
256 488
36 109 507
347 319
63 493
19 463
33 467
154 498
220 458
211 197
487 235
132 472
466 18
249 70 199
363 57
481 1
475 63
47 451
330 432
509 37
136 27 507
255 85
352 4
114 9 507
53 399
450 142
266 395 507
175 467
510 14
390 210
436 278
453 194 199
324 388
147 435
7 429
418 86
237 260 199
325 77
500 126
383 237
332 84
350 126
52 299 507
468 103 199
365 25
163 395
28 452
140 32
501 131
67 485
360 338
477 100 199
304 490
416 122
512 4
73 483
150 428
384 114
452 491 199
1 479
452 270
399 121
224 221 507
410 379 507
25 157
412 386
491 227
494 42
382 364
351 349
180 482
130 506
244 306
37 453
422 260
226 31 507
448 30
166 182
421 101
231 138 507
163 366 507
449 1
373 203
291 437
201 484 507
227 349
401 219
497 15
435 392 507
81 337
147 404 199
202 248
17 509
436 460
223 287
59 475
196 356
206 286
471 17
6 466
77 469
412 461 199
183 425
83 145
19 481
75 113
424 364
127 399
15 419
202 332
511 171
404 284
3 471
283 206 507
478 50
108 444
459 82 199
77 405
239 242 507
489 399
501 105
51 343
209 5
506 212
223 102 199
373 304 199
201 365
470 364
226 502
436 332
510 198
297 233
201 435
380 200
507 435
491 7
373 211
395 305
194 226
250 233 507
87 275
86 354
42 464
107 174 507
381 65
427 63
3 477
42 202
47 501
328 30
479 375
271 495
440 44
291 127
95 181
430 57 199
153 333
121 198 507
218 217 199
266 134
452 138
266 361 507
219 252 507
404 502
495 11
365 397
240 401 507
455 33
452 17 199
457 469
209 384 507
425 201
350 211 199
488 56
311 87
17 99
172 413 199
390 2
276 483 507
507 158 199
351 165
442 138
98 396
265 142 507
449 505
372 10
486 4
52 427 199
182 410
466 154
472 12
502 22
436 232
36 270
24 495 199
504 184
506 10
350 435 507
128 394
4 12
41 59
8 500
275 23
504 6
221 214 507
429 55
148 154
476 137 507
16 338
149 390 507
425 383
199 280 199
15 501
460 335 199
478 60
310 314
423 115
453 6 507
53 485
23 237
258 414
168 486
404 112
78 368
56 246
11 466 507
304 72
373 57
258 132
333 55
246 314
161 400 199
380 54
110 227 507
443 43
14 162
322 16
455 309
151 499
8 506
363 249
479 33
173 160 199
394 34
316 455 199
482 160
33 511
247 229
216 293 507
21 115
119 495
426 234
405 365
499 35
400 379 199
194 40
214 456
122 502
503 212 199
494 184
64 22
479 497
50 438
81 489
508 2
250 72
446 20
411 190 507
349 455
55 83
135 361
380 419 199
114 368
158 308
301 426 507
262 380
503 155
177 331
14 141 507
487 187
57 83
195 278 507
29 139
363 17
499 145
11 491
116 504
167 379
134 452
447 17
478 270
34 89 199
208 8
1 344 507
278 86
243 21
394 395 199
207 175
388 380
3 497
177 145
35 281
225 76 507
438 252
364 154
110 390
343 357
504 252
436 6
194 172
367 25
49 123
35 427
403 3
126 383 507
468 282
20 506
56 512
460 6
108 494
72 468
255 392 199
412 104
6 308
269 461
364 40
391 145
254 126
298 496
210 186
341 43
102 315 199
93 473
231 84 507
138 496
115 367
232 208
511 27
492 116
390 95 507
395 223
11 470 199
191 104 199
10 480
23 317
14 490
419 159
348 330
438 273 507
230 68
382 20
496 134
367 437
504 404
496 399 199
187 101
269 220 507
56 69 199
490 80
246 32
500 194
393 173
440 302
307 422 199
212 470
339 383
451 312 507
306 32
88 490
170 48
145 335
120 47 199
84 266
5 171
433 19
460 128
236 229 199
209 39
376 86
438 207 507
106 262
390 146
194 111 199
328 84
232 18
342 492
6 510
24 382
475 37
202 88
505 49
20 188
225 506 507
241 321
119 413
59 439
361 337
495 151
168 398
202 93 199
5 511
56 443 507
420 10
103 80 199
475 171
97 436 507
178 210
459 147
3 505
22 401 199
107 50 507
331 173
315 452 507
251 5
322 40
262 338
462 172
155 339
68 472
271 395
88 28
439 205
497 117
92 430
138 492
510 82
10 466
272 46
44 497 507
30 144
361 55
109 63
76 510
28 466
29 469
174 382
431 85
241 371
203 464 507
109 77
10 478
349 57
373 385
465 5
385 1
107 173
155 493
29 417
486 334
344 364
18 450
77 457
15 511
400 18
477 73
313 299
351 387
339 6 199
31 183
178 166
47 499
268 232
90 17 199
487 7
335 121
69 175
151 465
304 18
5 379
12 416
415 105
348 494
276 408
191 300 507
78 418
336 202
167 99
399 358 199
85 109
217 379
485 41
436 111 507
20 494
436 82
344 248
91 195
169 19
457 61
30 308
306 16
393 61
133 77
486 407 199
121 411
409 37
62 484
106 328
216 381 507
321 455
277 479
309 438 507
119 397
70 56
50 496
195 290 507
35 337
456 6
397 236 199
83 59
295 409
485 149
24 107 199
254 394
313 406 507
73 481
341 487
173 313
196 282
96 510
167 329
405 240 199
175 487
496 22
477 372 199
245 51
466 196
434 202
6 420
243 441
495 211
441 503
301 351
370 153 507
456 428
251 252 507
476 146
371 493
134 14
264 450
511 1
6 290
176 76
499 15
411 15
108 484
60 127 199
440 439 507
313 29
68 388
485 185
31 415
132 504
117 194 199
225 391
123 376 507
498 336
97 251
79 331
99 417
382 22
284 310
146 264
160 228
375 197
53 365
412 199 507
512 150
342 396
507 27
462 4
14 454
475 43
3 509
275 441
478 146
337 343
403 35
492 286
368 47 199
293 349
45 30 199
376 273 199
512 180
30 374
202 385 199
1 361
324 454
119 447
40 318
43 264 507
415 131
445 17
202 478
222 326
185 31
478 76
293 81
429 219
257 125
195 411
174 140
388 500
150 151 199
114 36
424 2
75 231
427 272 507
47 259
69 367
280 510
148 22
483 449
463 263
2 352
329 175
128 157 199
384 442
500 124
485 11
290 425 199
348 156
93 289
119 5
42 470
237 394 507
150 10
35 495
302 260
347 15
104 218
196 430
61 407
383 197
15 481
500 18
144 142
466 304
365 33
98 348
166 376
297 165
86 396
228 418
503 9
382 100
56 498
446 18
180 386
7 489
445 33
113 391
317 97
509 13
386 88
385 93
453 209
480 36
103 347
33 282 199
118 302
474 506
293 91
155 239
374 102
115 392 199
153 119
133 5
89 357
472 291 507
428 144
280 62
377 61
69 435
457 161
404 228
429 9
472 160
220 398
109 286 507
21 493
191 282 507
190 316
353 186 199
115 357
303 461
99 491
133 431
119 212 507
465 85
67 305
289 114 507
434 336
435 315
6 496
261 36 199
457 52 199
450 494
448 216
77 266 507
38 412
24 486
200 482
236 20
432 380
453 469
332 477 199
135 391
60 464
501 231
60 209 199
490 162
480 218
225 396 507
41 283
4 472
236 105 199
279 67
334 16
276 112
309 75
120 304
346 247 507
485 465
269 79
223 251
468 68
205 501
161 424 199
136 430
436 18
84 315 199
434 8
356 166
453 1
124 358
315 11
131 210 199
456 48
9 69
45 509
185 33
109 355
254 492
21 146 507
505 294 507
153 483
152 466
283 385
73 353
431 448 507
41 242 507
74 404
153 281
283 239
327 219
20 426
361 322 199
3 8 507
401 51
445 423
273 161
468 290
164 442
246 20
149 349
473 90 199
314 482
192 15 199
273 316 507
14 506
285 453
408 2
324 199 199
94 232
489 405
368 214
296 459 199
443 15
431 289
492 90
236 332
197 397
487 17
500 46
11 489
246 48
411 21
47 251
227 8 199
334 321 199
483 25
168 369 507
274 333 507
487 43
69 191
43 178 507
497 167
404 66
454 444
284 120
459 93
400 366
