305
422 424
420 422
418 420
412 414
406 408
396 398
388 390
382 384
378 380
370 372
366 368
362 364
358 360
354 356
350 352
344 346
338 340
330 332
328 330
326 328
320 322
314 316
312 314
308 310
304 306
300 302
296 298
290 292
284 286
274 276
266 268
262 264
260 262
252 254
246 248
242 244
238 240
234 236
230 232
228 230
224 226
218 220
212 214
208 210
204 206
198 200
194 196
186 188
182 184
178 180
176 178
168 170
164 166
156 158
150 152
144 146
136 138
128 130
124 126
120 122
118 120
114 116
112 114
106 108
104 106
94 96
86 88
82 84
72 74
66 68
58 60
56 58
52 54
48 50
44 46
34 36
26 28
22 24
20 22
16 18
10 12
4 6
426 428
430 432
434 436
438 440
442 444
446 448
452 454
458 460
464 466
466 468
470 472
476 478
482 484
484 486
488 490
494 496
500 502
508 510
510 512
514 516
524 526
530 532
538 540
544 546
550 552
558 560
566 568
568 570
572 574
578 580
586 588
590 592
592 594
596 598
598 600
602 604
608 610
612 614
616 618
618 620
624 626
630 632
636 638
646 648
650 652
654 656
662 664
668 670
674 676
680 682
682 684
686 688
690 692
702 704
708 710
714 716
716 718
720 722
728 730
734 736
736 738
742 744
750 752
756 758
758 760
419 421
415 417
407 409
401 403
397 399
393 395
389 391
383 385
381 383
375 377
367 369
365 367
361 363
353 355
349 351
345 347
339 341
337 339
331 333
327 329
325 327
319 321
313 315
307 309
299 301
293 295
287 289
285 287
279 281
275 277
271 273
267 269
265 267
263 265
251 253
249 251
247 249
245 247
241 243
237 239
231 233
227 229
225 227
219 221
215 217
209 211
205 207
199 201
193 195
189 191
183 185
177 179
171 173
167 169
163 165
161 163
155 157
149 151
143 145
139 141
137 139
133 135
127 129
123 125
119 121
113 115
101 103
95 97
89 91
87 89
83 85
77 79
71 73
67 69
61 63
59 61
57 59
55 57
43 45
31 33
27 29
23 25
19 21
17 19
13 15
7 9
423 425
427 429
431 433
435 437
439 441
441 443
445 447
453 455
459 461
461 463
463 465
467 469
471 473
481 483
489 491
493 495
501 503
513 515
519 521
521 523
523 525
531 533
533 535
537 539
539 541
543 545
549 551
553 555
561 563
563 565
569 571
575 577
579 581
583 585
587 589
591 593
595 597
599 601
607 609
609 611
617 619
621 623
625 627
635 637
641 643
643 645
647 649
651 653
653 655
657 659
661 663
665 667
669 671
671 673
675 677
679 681
683 685
693 695
699 701
707 709
711 713
713 715
717 719
719 721
723 725
727 729
733 735
737 739
743 745
747 749
751 753
757 759
