762 4928 423 621
379 706 621
596 566
66 98
695 342 621
534 425 621
541 638 621
540 541 423
730 717 621
488 464
430 387 423
609 617
696 741 621
503 525
718 756
685 468 423
529 410 423
570 578
393 395
424 388
374 412
495 558 621
314 278
748 535 621
305 273
249 247
322 308
320 326
278 258
492 454
589 621
600 586
751 713
699 661
725 723
420 583 423
600 582
370 501 423
42 12
692 684
475 686 423
569 607
181 390 423
720 712
658 696
211 286 423
533 547
353 134 423
340 330
715 709
555 354 621
743 716 621
194 222
551 519
434 454
373 357
651 424 423
468 498
306 281 423
697 703
162 138
645 681
649 665
533 515
260 290
154 184
576 598
653 635
377 413
576 669 621
541 525
181 151
717 719
483 574 423
386 617 423
463 660 621
572 564
306 328
375 367
754 736
428 551 621
286 231 423
669 562 621
375 530 423
172 202
216 246
269 257
187 177
418 440
292 306
271 303
510 500
422 416
200 234
308 270
278 262
665 681
72 74
697 663
142 110
643 625
705 743
203 209
386 125 423
325 357
411 387
690 593 621
314 385 423
237 227
440 527 621
139 153
732 750
431 393
285 273
11 1
196 226
266 232
598 590
578 602
573 718 621
498 173 423
688 668
77 39
272 280
577 613
229 540 423
417 421
711 733
209 233
703 344 621
593 579
588 685 621
294 284
211 229
68 64
379 395
64 48
617 756 621
361 343
636 668
412 422
415 427
78 86
561 412 621
469 491
395 403
326 603 621
353 317
492 471 621
51 65
604 582
66 44
389 608 423
701 673
612 373 423
551 573
408 587 423
593 577
568 535 621
409 399
188 216
430 462
365 381
351 339
36 64
543 517
331 578 423
87 119
318 693 621
349 375
503 516 621
264 254
694 660
341 317
257 626 423
575 565
551 298 423
690 680
517 616 423
275 313
558 441 423
508 283 423
506 496
593 718 621
415 435
290 280
278 272
412 501 423
625 663
675 693
682 702
67 29
485 518 621
475 672 423
114 88
720 704
58 26
283 277
698 666
207 498 423
381 407
655 653
637 643
149 175
222 250
356 374
446 422
700 710
232 593 423
358 362
761 544 621
374 145 423
436 410
357 387
416 388
746 728
442 357 423
705 368 621
742 760
323 329
174 160
673 681
108 134
608 640
712 708
406 430
717 683
180 204
655 677
382 356
465 336 423
524 550
157 119
133 125
710 734
402 438
713 739
173 396 423
395 389
748 725 621
509 240 423
175 155
761 620 621
447 433
663 647
740 712
410 380
380 679 423
65 69
525 563
758 734
728 425 423
651 661
535 541
675 679
515 503
215 203
532 558
758 742
729 744 621
526 514
361 377
521 366 423
148 132
687 703
574 556
58 30
414 430
169 149
608 592
45 7
286 337 423
376 384
760 750
349 319
518 483 621
391 369
465 459
665 639
466 425 423
390 420
502 470
733 743
230 192
690 652
586 566
65 89
424 406
299 269
579 605
659 657
8 26
382 410
499 527
505 469
616 669 621
214 238
36 4
169 131
473 468 423
575 356 423
267 277
650 636
280 262
289 255
726 694
545 642 621
638 573 621
536 757 621
8 2
547 525
672 361 423
207 278 423
560 467 621
218 186
362 332
753 731
669 679
641 542 423
326 344
628 640
306 363 423
587 559
537 658 621
13 29
718 698
63 410 423
527 489
684 656
267 247
738 525 621
349 674 423
446 438
593 583
674 327 423
189 205
238 531 423
181 177
759 652 621
626 594
330 300
608 596
666 685 621
344 312
513 537
677 390 423
317 512 423
435 606 621
542 554
511 475
480 437 423
539 575
269 303
302 651 423
364 374
316 352
628 636
497 332 423
762 411 621
317 362 423
339 349
266 244
114 98
68 96
368 396
135 113
312 304
736 734
700 365 621
235 215
518 514
541 531
486 470
400 416
459 300 423
523 549
180 168
122 126
418 408
423 224 423
317 650 621
634 624
746 754
309 345
395 256 423
330 354
420 388
759 731
503 465
401 530 621
642 634
510 518
292 278
188 150
625 601
424 485 621
555 537
658 640
589 622 621
727 705
33 31
246 284
534 401 621
398 434
88 82
700 535 621
660 345 423
67 99
423 455
131 119
66 46
338 304
49 63
630 642
365 397
389 379
527 511
721 751
735 382 621
280 256
62 44
143 121
459 427
318 625 423
596 575 621
645 684 621
349 363
753 723
317 345
315 299
669 356 621
62 70
247 239
375 341
640 672
439 441
611 476 423
188 224
618 597 621
453 477
422 406
100 64
82 72
202 228
618 614
193 181
43 71
305 275
347 317
747 753
275 309
706 744
57 49
479 586 621
711 713
444 408
193 209
521 553
112 122
207 205
106 70
744 758
142 146
233 261
467 469
211 247
143 171
384 131 423
639 657
322 519 423
571 557
442 438
140 335 423
646 670
331 339
646 628
556 538
594 592
326 340
365 668 621
170 148
586 657 621
428 416
341 323
738 744
464 413 621
283 305
299 261
242 250
268 254
545 630 621
640 656
437 644 621
527 230 423
698 682
58 54
363 260 423
466 486
208 411 423
134 170
745 715
139 137
410 559 621
43 11
172 192
434 396
403 244 423
255 348 423
687 655
465 382 423
389 594 423
377 391
18 42
275 241
477 447
357 383
128 142
431 409
80 66
412 380
101 69
554 649 423
604 570
516 510
433 419
300 276
597 629
637 615
701 725
193 171
740 577 621
629 653
524 514
497 533
255 632 423
697 719
38 66
346 340
386 376
497 525
529 370 423
502 484
659 693
639 650 621
232 485 423
97 71
558 613 621
84 112
180 435 423
711 717
642 601 621
634 628
330 605 423
133 97
164 134
428 639 621
380 757 621
212 224
363 355
520 443 621
580 592
609 631
580 576
233 223
327 303
479 455
316 675 621
340 336
642 529 621
428 465 621
521 342 621
335 329
684 445 423
369 341
678 702
490 486
665 669
250 224
346 364
265 297
721 735
195 221
536 498
599 589
508 524
735 761
515 654 423
393 694 621
201 296 423
260 284
445 409
624 654
91 77
499 734 621
64 78
268 343 423
692 712
161 125
468 466
449 110 423
328 304
269 297
8 44
207 191
506 544
473 542 423
100 78
601 587
409 377
523 531
555 536 423
225 259
403 730 423
354 328
21 39
292 324
558 530
422 599 423
229 237
372 398
595 627
448 424
716 712
584 570
610 644
90 122
628 656
468 623 621
448 486
189 165
485 479
468 484
270 571 423
520 538
64 58
172 148
508 486
665 671
323 268 423
119 145
665 631
639 464 423
37 29
47 63
365 347
261 285
529 440 423
401 84 423
330 306
551 539
247 269
524 562
502 443 621
524 551 423
614 610
32 70
225 205
448 499 423
722 706
415 379
517 487
360 332
345 337
418 400
347 341
446 647 423
731 707
307 333
671 679
648 674
131 404 423
755 745
735 512 621
68 62
527 526 423
498 651 621
494 500
542 576
651 665
506 468
478 490
231 237
246 212
77 111
609 637
314 296
505 720 621
653 617
424 675 621
197 518 423
293 309
572 265 423
429 459
435 423
730 754
329 359
330 623 621
255 285
173 171
542 548
309 343
386 364
512 540
426 422
106 78
74 66
499 521
120 134
683 645
723 500 621
722 736
172 319 423
549 517
266 627 423
364 326
436 454
9 1
644 618
535 511
670 659 621
490 524
523 509
105 95
617 496 423
389 393
722 493 423
657 294 423
434 446
579 559
89 99
579 318 621
271 285
501 475
590 574
10 38
297 293
128 94
632 429 423
465 501
95 111
243 271
684 694
673 685
345 307
636 648
732 762
632 644
505 541
296 334
361 298 423
441 443
318 308
65 71
456 539 621
591 310 621
635 356 423
19 11
166 198
497 622 423
213 239
305 170 423
301 323
512 490
739 729
348 354
546 695 621
335 341
110 140
685 663
695 729
115 137
759 741
343 319
188 182
617 583
553 573
639 476 621
577 607
36 18
367 365
202 206
173 147
566 487 423
482 301 423
137 159
326 296
42 74
89 125
352 390
703 424 621
72 90
363 520 423
539 702 621
34 54
113 137
564 641 423
37 49
268 292
207 193
727 364 621
577 587
301 246 423
255 269
650 688
68 48
524 554
759 572 621
741 446 621
476 480
394 669 621
239 207
651 687
705 715
407 397
514 510
700 680
165 446 423
239 259
481 497
743 446 621
679 641
442 476
601 581
507 712 621
447 431
136 168
662 652
214 190
496 365 423
412 479 621
454 452
89 85
622 604
721 713
333 329
167 173
758 569 621
724 736
713 737
313 598 423
628 597 423
634 655 621
444 440
495 496 621
602 616
387 520 621
701 392 621
306 223 423
316 338
195 229
193 456 423
527 505
624 600
731 723
560 501 621
69 51
561 579
535 533
533 543
543 513
398 424
540 546
37 9
570 461 621
355 386 423
320 312
218 190
590 327 621
712 543 621
383 359
220 184
732 449 423
410 549 423
94 72
399 194 423
213 235
517 507
300 290
292 323 423
703 606 621
361 373
720 708
83 109
736 744
637 613
101 133
136 98
127 119
645 726 621
506 486
638 355 621
691 705
346 527 423
698 662
748 756
31 45
300 261 423
532 325 423
729 717
281 249
637 762 621
606 616
747 731
527 517
49 61
359 367
735 719
635 597
358 380
186 172
562 580
383 550 423
441 264 423
669 637
414 390
581 555
248 241 423
491 521
409 664 621
500 619 621
289 307
214 222
654 650
286 306
255 245
277 251
50 82
496 458
223 199
723 496 423
576 570
575 563
374 410
416 394
382 563 621
153 161
715 414 621
563 632 423
737 733
104 142
698 623 621
104 130
713 650 621
74 58
571 547
583 601
308 185 423
752 730
680 650
655 528 621
683 705
171 139
564 596
650 511 621
147 121
340 316
267 265
564 381 621
192 158
40 16
188 206
436 400
489 632 621
191 213
439 453
547 569
19 39
442 414
311 331
437 618 621
657 564 621
693 434 423
581 613
482 518
245 207
271 241
207 179
747 743
83 61
631 639
613 645
651 677
521 495
183 205
362 326
565 589
435 405
305 314 423
636 658
124 142
502 389 621
651 627
510 496
185 201
492 520
200 357 423
82 104
667 480 423
730 692
686 409 621
585 388 621
211 221
748 752
210 188
394 733 621
159 169
712 377 621
463 461
369 365
275 502 423
677 645
311 347
657 675
601 668 621
186 158
678 481 621
462 424
437 398 423
662 657 621
57 55
623 591
55 33
410 386
271 281
84 106
278 467 423
395 427
446 484
485 515
558 568
743 729
94 68
291 279
699 665
44 24
377 357
609 613
408 759 621
46 42
123 117
307 281
722 577 621
684 672
421 449
624 592
321 293
481 519
180 184
192 228
300 328
54 74
526 552
453 471
263 281
53 79
289 271
379 343
170 190
259 424 423
566 201 423
144 112
587 575
603 581
604 602
520 550
389 536 423
329 355
594 555 621
364 342
469 501
434 609 621
361 385
165 131
47 31
79 115
160 144
432 577 621
594 647 621
649 679
260 276
424 404
752 746
457 491
648 379 423
197 187
621 607
33 21
56 22
277 273
545 571
306 300
352 374
608 630
568 586
476 482
446 521 423
451 455
167 201
608 618
726 391 621
154 172
318 679 423
197 211
407 421
570 538
219 183
650 666
605 609
678 495 621
152 136
98 112
689 683
585 561
395 407
400 374
394 511 423
533 332 423
46 50
246 254
404 455 423
310 276
370 340
699 654 621
608 620
359 387
163 183
132 170
220 188
466 653 621
364 354
321 610 621
308 679 621
718 696
617 635
603 594 621
680 731 621
335 349
534 385 423
194 204
670 523 621
641 738 621
527 541
535 539
707 716 621
37 5
213 201
743 717
262 296
619 662 621
461 578 621
487 471
570 544
303 281
100 124
467 481
278 549 423
472 478
518 494
594 239 423
681 653
649 645
474 492
486 464
741 703
585 583
376 406
408 493 621
603 595
501 520 423
534 568
599 601
461 732 621
695 707
115 129
304 308
184 188
717 652 621
682 712
187 384 423
228 194
490 462
300 302
535 545
406 416
755 723
280 318
494 528
481 440 423
474 391 423
211 233
295 313
411 236 423
209 187
8 28
440 454
461 441
291 275
217 245
257 279
396 378
519 537
567 436 621
715 735
487 602 621
323 357
688 726
741 733
429 407
647 613
632 654
695 727
643 659
667 655
5 43
695 683
349 331
213 245
267 289
534 554
210 218
569 589
294 260
330 213 423
455 449
526 496
714 728
252 278
591 599
82 120
314 282
700 728
378 311 423
548 572
246 234
673 659
393 407
581 607
519 584 621
598 616
605 585
724 383 621
164 138
538 504
573 587
3 15
455 342 423
483 517
401 405
491 477
532 522
369 367
114 134
488 454
177 374 423
753 739
283 313
10 48
432 493 621
125 137
466 501 621
640 607 621
495 459
313 287
684 710
346 352
601 637
224 337 423
671 598 621
180 513 423
121 119
322 334
682 403 423
276 294
661 649
54 48
31 11
511 270 423
619 649
667 685
597 573
498 557 621
730 710
593 607
88 84
469 404 423
411 602 423
457 489
529 541
410 376
136 158
719 736 621
124 134
160 176
306 268
423 437
125 490 423
65 33
635 647
396 426
560 582
8 30
630 594
339 321
682 684
755 743
515 551
115 131
437 441
322 557 423
170 188
638 664
14 22
298 268
250 212
239 584 423
525 507
504 530
49 43
318 336
619 639
449 475
241 454 423
578 560
24 20
433 455
291 267
219 249
761 747
268 236
644 680
563 581
518 551 621
470 458
97 113
265 263
318 350
732 581 621
491 513
382 695 621
717 731
618 743 621
249 233
645 655
184 200
223 243
700 720
22 20
43 51
357 346 423
288 551 423
301 329
471 477
714 423 621
320 421 423
278 294
413 522 621
611 605
720 740
712 698
698 337 621
3 19
575 400 423
410 439 423
574 592
62 40
572 596
356 352
533 266 423
652 646
419 126 423
514 516
513 531
384 380
395 373
702 726
455 560 423
734 704
661 306 423
533 404 621
725 699
527 535
354 336
126 162
279 287
563 557
528 502
453 417
663 718 621
309 678 621
290 623 423
175 191
495 491
76 56
358 374
163 201
648 662
153 470 423
603 621
450 637 423
336 308
13 43
747 606 621
53 63
665 701
474 508
470 496
177 157
515 527
589 758 621
541 178 423
254 292
131 127
132 98
310 314
412 392
59 65
533 513
390 471 423
302 292
351 347
521 529
202 212
366 356
669 396 423
185 221
639 609
720 756
437 425
141 129
350 368
265 277
375 413
352 386
359 365
533 523
174 154
56 28
624 648
560 594
584 649 621
412 517 621
244 272
152 182
719 741
318 314
282 597 621
307 309
717 699
420 384
630 666
650 682
549 567
447 598 423
491 152 423
616 596
448 491 423
755 578 621
444 460
689 705
308 314
413 760 621
172 156
37 67
591 553
660 664
31 51
463 433
104 92
616 463 621
419 445
221 444 423
570 403 423
556 522
114 104
213 221
578 616
523 502 621
638 399 423
284 465 423
340 653 423
303 311
453 475
198 537 423
526 544
240 244
283 604 423
528 509 621
569 444 423
27 35
582 552
19 21
60 54
409 403
65 77
165 139
613 640 621
457 453
667 705
118 126
617 579
545 500 423
647 665
463 556 423
336 310
100 134
674 680
478 504
436 426
146 154
550 572
544 517 621
453 502 621
415 399
10 14
212 176
657 282 621
762 758
200 198
477 455
23 61
628 590
684 662
362 595 423
397 722 423
133 149
319 322 423
418 450
371 405
302 298
559 320 423
540 516
731 382 423
417 352 423
455 467
469 497
278 250
256 531 423
635 714 621
368 352
381 367
132 168
235 504 423
453 320 423
194 170
365 562 423
541 559
495 529
707 450 621
694 670
221 215
238 212
333 192 423
264 280
510 527 423
299 530 423
252 537 423
226 212
668 721 621
164 148
485 505
651 625
209 171
191 195
477 556 621
518 484
696 712
336 330
539 320 423
58 70
317 343
472 415 423
30 24
200 212
183 165
369 708 423
355 530 423
659 404 621
645 637
154 158
320 667 621
462 488
492 508
643 641
521 519
68 56
385 284 423
529 533
200 166
165 175
443 425
199 292 423
454 444
655 756 621
236 226
702 335 423
633 607
744 730
251 283
716 605 621
457 447
675 610 621
725 741
485 451
308 332
499 505
462 667 423
636 612
705 723
199 183
701 677
725 703
318 332
120 138
554 586
422 424
258 268
710 746
351 371
369 353
84 72
614 632
469 512 423
573 607
618 693 621
280 304
50 40
254 224
98 82
470 452
600 592
580 213 423
426 452
343 610 621
568 550
284 419 423
164 190
495 148 423
587 712 621
234 198
473 312 423
110 114
61 39
449 479
403 439
352 326
673 635
200 230
216 242
73 91
299 305
41 63
269 281
685 647
223 231
85 107
421 429
458 432
196 170
357 336 423
230 224
490 581 621
20 42
166 160
416 452
742 483 423
64 52
479 664 423
284 266
146 174
756 758
453 578 621
520 552
737 727
61 71
483 521
272 292
598 343 423
278 335 423
241 229
578 247 423
750 728
496 472
368 364
593 426 621
508 532
628 673 621
49 39
322 356
286 278
604 626
320 691 621
203 237
410 675 621
60 74
472 499 621
447 760 423
703 699
556 283 423
644 614
87 83
503 531
297 325
221 227
67 95
444 701 621
510 472
385 401
520 561 621
684 712
482 557 621
737 749
36 30
77 57
674 509 423
683 632 621
542 503 423
469 433
411 397
667 665
255 219
435 441
159 145
559 597
114 96
489 525
396 362
262 256
287 289
46 84
248 276
468 454
422 414
580 335 621
540 538
375 389
589 605
474 741 621
742 726
130 154
78 96
322 569 423
253 251
476 452
299 329
703 731
494 283 423
135 153
515 493
368 725 621
691 655
672 299 423
273 257
271 638 423
752 533 621
681 679
167 189
549 543
532 520
596 553 423
95 127
96 88
694 666
292 298
359 381
555 543
112 124
659 669
311 325
157 151
602 587 621
257 267
740 489 621
2 6
327 420 423
730 445 621
173 179
355 387
469 459
679 665
744 708
137 167
227 195
283 616 423
570 355 621
683 691
482 387 423
501 511
579 712 621
727 721
591 607
461 447
178 212
240 212
113 115
318 461 423
185 207
450 437 423
15 37
55 79
564 637 621
658 311 621
273 245
465 485
599 678 621
228 224
420 469 423
116 124
529 416 423
755 572 621
101 121
457 471
240 585 423
353 385
154 122
380 461 423
176 158
630 656
86 102
504 494
17 47
29 47
411 421
521 541
92 100
245 271
255 243
489 521
291 560 423
115 91
613 633
61 75
275 500 423
560 761 621
680 660
427 449
147 151
691 695
667 659
48 62
420 456
234 236
299 386 423
421 427
578 556
155 416 423
555 488 621
508 489 621
514 480
523 404 423
238 244
537 565
24 22
381 355
19 17
695 713
527 513
710 702
589 585
454 416
350 354
124 132
548 568
723 442 621
537 511
744 718
244 254
688 411 423
555 434 621
431 180 423
455 434 423
142 160
501 130 423
657 629
580 463 423
278 365 423
324 171 423
593 561
93 87
75 63
318 286
554 409 621
70 421 423
280 296
319 337
673 662 621
429 399
15 5
230 248
377 353
246 220
425 451
104 120
501 604 423
170 192
479 441
109 145
160 170
365 373
325 305
366 539 423
205 239
8 20
498 488
231 211
380 396
294 515 423
641 627
714 724
755 727
572 610
362 641 621
388 91 423
369 748 621
343 353
504 532
468 504
415 453
224 256
256 226
596 612
288 320
593 573
172 150
491 501
437 433
37 65
423 439
628 645 621
253 245
165 193
433 413
443 473
529 563
388 356
475 491
379 594 423
51 35
46 44
702 595 621
175 143
555 531
508 175 423
176 192
677 707
240 228
305 267
619 452 621
536 574
279 496 423
245 269
631 418 621
38 22
535 452 621
249 223
140 116
408 181 423
447 443
732 754
63 33
311 285
213 251
429 405
133 155
668 305 423
468 486
74 108
503 524 423
336 348
550 542
630 465 621
551 549
448 418
283 263
93 59
408 400
578 604
728 690
460 486
674 636
598 618
30 16
243 277
369 357
422 400
591 581
355 331
716 750
721 757
511 390 621
630 592
539 533
338 601 621
626 612
476 458
759 755
276 268
208 244
14 40
566 580
460 424
517 460 621
579 316 621
139 143
311 335
288 341 423
325 598 423
105 129
9 15
45 11
400 430
522 506
446 539 621
526 500
543 672 621
46 62
397 399
630 614
491 489
148 114
705 709
723 346 621
2 40
46 14
706 702
421 391
660 639 621
116 114
487 420 621
23 43
407 134 423
445 447
480 456
179 193
312 340
559 520 423
396 418
654 551 423
403 369
267 249
11 17
595 575
219 237
590 606
122 100
619 316 621
495 513
50 86
378 340
307 244 423
273 271
418 565 423
323 331
426 649 621
383 401
635 651
690 724
571 364 621
720 716
660 672
757 737
376 362
408 414
702 734
605 332 621
200 419 423
416 404
686 714
498 492
686 656
647 671
30 20
332 249 423
733 745
484 478
663 486 621
754 758
474 607 621
510 528
581 258 423
152 172
285 410 423
541 545
206 170
293 331
118 120
254 228
327 329
485 493
239 235
367 550 621
311 289
370 366
112 140
374 673 621
465 434 423
137 143
516 681 423
102 78
264 244
290 292
148 128
414 420
119 123
455 493
257 350 423
466 593 423
605 583
50 88
407 548 423
365 355
578 566
472 498
135 131
158 194
692 690
101 63
514 502
161 151
448 462
516 383 621
594 606
597 604 621
384 683 423
530 542
528 367 621
483 336 423
699 693
486 484
127 117
435 397
658 644
557 650 621
739 717
93 77
696 734
85 95
482 486
654 660
415 670 621
234 240
377 351
709 733
415 421
420 386
355 590 621
482 498
248 274
87 97
198 216
635 382 423
392 398
697 687
448 541 423
580 201 423
463 483
233 260 423
193 157
143 135
183 213
683 703
454 424
265 271
602 608
204 170
315 305
575 569
18 16
472 484
59 81
359 385
541 664 423
3 21
416 436
433 395
647 649
589 601
346 713 621
128 130
74 102
755 760 621
672 689 621
501 535
279 243
290 312
132 126
709 729
679 657
713 743
414 396
253 233
623 750 621
286 262
561 563
409 437
307 277
621 641
324 294
596 598
66 104
347 385
451 413
723 727
655 685
562 536
591 619
464 482
362 338
237 259
664 686
761 694 621
438 474
659 718 621
554 667 621
228 218
678 714
401 678 423
236 204
398 651 621
402 432
737 446 423
71 83
479 493
370 398
493 469
453 644 621
677 667
338 350
395 365
702 668
260 234
747 725
536 550
658 407 423
248 351 423
564 540
476 470
452 547 423
142 122
690 603 621
456 476
72 48
576 689 621
211 514 423
725 735
405 427
206 190
330 356
72 34
509 594 423
356 695 621
472 490
313 327
157 141
629 659
635 645
136 118
148 152
60 58
386 475 423
640 670
400 229 423
610 607 621
66 40
610 598
511 268 423
253 265
520 311 423
752 439 621
686 706
607 643
110 120
410 372
257 219
465 473
545 452 423
236 256
276 274
404 426
644 650
512 510
106 76
30 52
439 580 621
39 67
596 620
156 124
566 584
313 325
266 268
181 207
673 691
662 676
100 70
427 429
697 638 621
186 220
754 724
443 522 423
641 280 423
605 472 621
269 231
248 357 423
128 110
534 253 423
340 306
45 81
149 115
155 135
388 390
525 618 621
433 427
667 673
85 73
27 13
371 361
461 594 423
150 168
133 165
490 751 621
494 502
289 279
254 276
383 365
136 166
422 402
235 251
336 603 621
462 181 423
378 394
407 437
690 325 621
316 302
200 182
581 350 621
308 310
713 749
576 588
445 439
598 630
192 200
111 119
571 565
666 662
533 537
149 161
184 172
302 280
551 320 621
315 666 621
431 423
426 235 423
111 141
447 413
683 661
568 600
140 134
499 503
645 643
447 419
305 323
603 635
113 89
389 365
381 342 423
605 575
507 483
225 195
712 365 621
630 613 621
601 619
728 742
677 312 423
507 485
215 209
585 302 621
172 166
429 433
71 87
15 47
533 674 621
746 395 621
542 427 621
427 401
515 487
81 55
209 243
488 450
579 597
744 573 621
187 334 423
620 598
742 718
385 421
227 229
417 455
39 55
120 128
705 444 423
46 38
692 656
399 403
430 673 621
483 481
422 418
322 475 423
486 502
548 586
649 348 621
106 120
359 333
276 306
302 681 423
579 492 621
440 426
556 532
555 579
326 312
417 638 621
189 193
747 717
132 122
443 475
27 43
470 498
171 137
678 455 621
517 541
525 517
483 519
201 229
658 339 621
260 273 423
246 272
318 296
566 582
27 19
588 592
435 465
604 614
396 360
389 642 423
35 15
754 740
752 720
611 607
395 504 423
563 192 423
274 244
619 617
706 734
464 383 423
269 239
438 175 423
98 76
461 418 423
116 102
313 285
405 379
600 709 621
304 310
645 657
618 610
718 669 621
197 183
391 375
222 210
729 552 621
105 79
139 157
29 49
356 392
601 562 621
511 584 621
338 531 621
420 467 621
322 286
592 576
505 525
300 326
323 498 423
84 90
653 663
270 294
693 328 621
358 378
240 491 423
385 730 621
243 237
457 461
451 441
499 146 423
525 521
263 285
524 530
257 227
344 427 423
219 221
333 339
354 356
555 553
261 494 423
580 689 621
534 223 423
399 684 621
284 286
296 581 423
527 676 423
548 528
449 546 423
534 572
250 266
566 311 621
579 567
661 647
325 359
139 103
747 572 621
750 726
717 753
377 750 621
232 230
295 277
734 750
462 699 423
691 719
676 644
350 332
720 728
64 38
696 710
394 388
369 652 621
563 567
570 582
413 383
588 550
369 361
445 423
404 519 423
240 262
534 373 621
653 641
121 157
323 630 621
587 748 621
681 691
593 619
328 627 423
678 672
745 404 621
284 248
80 72
552 548
204 242
374 340
471 447
321 307
675 705
266 631 423
677 681
610 453 621
706 395 621
123 125
696 720
319 329
335 626 423
571 601
220 208
162 166
329 303
228 212
54 50
482 433 621
509 360 621
465 449
642 666
269 287
23 57
565 529
559 539
439 411
450 440
125 113
325 646 423
641 631
292 320
412 420
676 660
124 136
169 161
382 352
508 480
204 234
601 630 621
418 410
321 337
390 360
586 552
560 733 621
313 289
65 43
161 189
351 317
632 660
365 385
457 483
691 659
520 542
283 315
135 167
566 413 423
716 714
51 87
150 162
176 146
606 636
380 414
436 458
252 256
129 119
429 391
638 626
462 452
183 153
555 565
235 267
499 374 423
627 362 423
238 240
448 480
615 428 621
652 579 621
332 324
404 370
510 494
631 597
417 413
645 673
129 93
584 563 423
628 622
66 92
423 443
398 703 621
43 45
307 285
103 67
714 353 621
686 611 621
697 667
230 196
496 508
255 217
731 652 621
658 649 621
178 180
558 675 621
479 469
739 424 621
698 684
280 451 423
167 139
129 127
87 109
296 306
196 190
674 702
59 27
242 272
520 482
382 394
394 360
422 398
512 480
401 421
279 315
322 332
348 338
416 410
757 761
604 586
658 686
707 735
637 635
28 14
607 296 621
624 375 621
86 100
560 683 621
707 709
338 370
206 321 423
433 724 621
735 729
125 157
395 216 423
164 198
345 349
434 687 621
177 207
546 508
240 256
550 532
688 539 621
576 671 621
62 54
669 352 423
666 457 621
719 745
56 24
320 306
210 244
442 410
368 334
241 223
359 389
626 610
191 177
299 291
285 332 423
573 754 621
707 442 423
536 521 621
157 179
734 708
745 721
675 652 621
346 377 423
618 606
407 462 423
200 196
502 496
497 503
568 576
293 257
104 126
262 260
91 89
105 71
301 325
336 298
601 629
243 207
213 243
744 455 423
583 268 423
110 82
392 418
541 718 621
330 344
622 588
351 329
342 328
428 155 423
476 514
295 291
678 329 621
391 383
306 304
445 758 621
727 715
729 691
168 170
341 377
368 362
242 266
245 247
591 611
671 643
706 720
655 292 423
376 340
402 551 621
203 193
87 408 423
398 561 621
37 31
344 346
444 462
353 337
39 9
586 606
237 245
428 505 621
442 645 423
141 412 423
679 691
100 108
315 333
720 736
353 379
96 66
383 371
557 358 621
24 48
316 336
354 380
197 209
438 83 423
327 323
300 304
421 704 423
754 421 423
667 643
287 311
713 356 423
264 262
696 716
308 309 423
368 225 423
228 260
214 248
434 462
762 754
590 616
621 256 621
533 602 621
443 758 621
22 46
300 320
227 428 423
554 592
236 258
263 287
277 259
142 154
61 43
321 594 621
381 632 423
185 161
447 485
444 448
705 741
528 562
241 269
749 739
486 391 621
523 495
369 698 621
432 408
535 497
756 760
666 632
300 284
287 238 423
391 389
135 103
625 609
102 134
247 225
26 28
479 503
638 641 621
330 332
404 221 423
397 409
708 718
259 269
246 515 423
576 582
739 761
676 365 423
335 363
516 548
719 715
690 704
232 198
256 288
456 464
734 679 621
222 196
386 418
511 712 423
295 315
274 294
168 130
587 540 621
550 677 621
398 418
545 575
470 472
686 688
347 335
434 663 621
495 493
199 193
737 548 621
230 226
541 608 423
155 167
202 166
237 528 423
81 89
378 410
379 385
731 709
277 253
99 137
446 418
390 378
207 338 423
706 597 621
642 271 423
678 646
676 638
342 306
499 515
426 557 423
56 74
52 82
538 508
684 652
313 337
228 204
289 540 423
267 299
294 316
61 95
481 493
455 425
650 632
638 656
563 412 621
146 182
180 449 423
608 507 621
231 193
575 579
205 167
473 670 621
15 29
606 610
533 505
24 12
358 330
681 671
362 364
171 199
320 611 621
215 217
133 113
321 283
635 639
29 61
744 742
624 650
502 522
136 445 423
383 421
554 566
65 39
135 145
486 478
257 572 423
552 503 621
370 332
258 252
98 108
527 561
333 331
112 90
202 182
69 77
309 238 423
107 95
574 564
118 405 423
110 72
505 678 621
316 290
399 431
413 427
564 545 423
139 117
394 693 423
505 592 621
390 665 423
205 211
718 735 621
411 419
747 656 621
456 488
34 2
449 441
253 287
487 479
90 128
715 687
155 163
460 484
732 752
461 477
605 594 621
537 521
609 292 621
746 653 621
335 305
233 205
511 477
441 463
520 494
737 739
252 233 423
233 274 423
545 583
190 499 423
491 505
448 478
58 52
562 558
149 125
157 163
203 241
72 102
718 736
157 175
644 636
379 349
155 177
424 444
103 99
678 690
644 616
733 695
522 534
405 500 423
320 344
57 79
664 698
140 471 423
178 176
302 338
624 612
287 281
126 150
723 426 621
446 267 423
325 172 423
568 604
263 279
365 401
77 45
442 432
321 305
734 714
526 506
340 333 423
583 328 621
217 233
17 21
561 553
651 641
175 179
437 654 621
216 220
668 471 423
625 684 621
420 440
303 331
301 271
179 165
319 321
383 361
452 446
643 322 423
713 698 621
407 387
306 288
535 523
365 345
72 62
105 139
161 129
340 368
415 429
14 36
414 388
314 332
397 660 423
553 523
73 69
460 478
355 377
12 22
226 222
282 318
495 519
708 740
229 243
337 672 423
473 483
446 464
466 457 423
379 371
530 494
618 616
259 221
652 616
121 159
121 131
684 697 621
661 689
321 347
622 598
623 613
47 35
732 698
48 60
533 565
324 338
443 481
480 486
549 212 423
164 156
192 527 423
247 209
232 208
270 246
386 394
752 503 621
507 537
515 477
378 356
382 169 423
368 699 423
625 617
391 413
519 580 621
424 386
380 372
690 664
287 323
151 113
369 349
309 287
568 570
459 422 621
625 448 423
534 437 621
701 721
157 169
231 205
199 217
729 745
704 742
566 534
715 747
671 669
253 316 423
507 539
88 56
182 465 423
210 206
445 78 423
218 208
307 327
66 32
396 705 621
214 309 423
409 250 423
608 598
585 414 621
22 4
239 277
719 739
205 213
409 391
664 525 621
260 250
242 230
683 596 621
445 483
623 629
327 325
559 578 621
582 631 423
406 617 621
688 419 621
527 549
137 141
383 353
325 329
583 557
34 52
309 327
687 695
330 328
559 537
142 166
187 213
295 576 621
295 329
534 542
309 301
134 96
81 63
572 401 621
629 613
612 616
428 448
354 635 423
533 525
44 80
216 204
552 538
629 504 621
440 421 423
753 751
518 480
614 640
440 533 423
475 494 621
740 459 621
295 218 423
154 186
643 675
705 588 621
700 607 621
629 611
402 645 621
669 675
716 680
545 562 423
676 753 621
220 204
635 340 621
283 275
519 536 621
644 319 621
148 134
323 349
708 696
262 254
584 562
12 6
524 526
308 271 423
40 72
425 420 423
693 721
130 118
682 680
627 603
566 592
562 556
381 413
656 473 423
392 416
687 717
179 203
347 375
513 150 423
207 225
143 482 423
213 179
369 393
495 527
81 87
676 345 423
600 606
422 390
403 385
281 305
247 253
729 727
342 493 423
444 482
590 677 621
91 57
541 563
610 622
445 475
587 603
643 651
495 505
411 598 621
155 179
19 23
109 141
329 337
699 663
574 465 621
578 379 423
30 44
128 132
722 710
613 619
266 248
318 649 621
235 249
713 717
623 638 621
694 323 621
612 590
575 382 621
317 349
598 582
394 356
372 535 423
762 724
55 21
366 509 423
284 296
298 288
668 658
659 671
200 188
383 375
550 564
493 489
662 690
292 322
402 581 423
414 428
366 338
523 507
620 618
665 641
344 366
237 253
637 627
637 636 621
23 47
504 482
469 480 621
353 355
84 94
686 718
276 593 621
546 552
78 54
613 584 621
674 595 621
11 47
548 536
673 687
572 305 423
377 405
359 594 621
509 537
725 366 621
471 364 423
652 419 621
35 31
135 109
615 598 621
187 179
45 39
104 70
178 186
554 546
200 208
389 381
174 148
741 634 621
307 329
134 144
648 633 621
684 487 621
491 529
117 141
7 37
178 184
427 80 423
174 162
548 743 621
185 149
658 601 621
309 271
330 627 621
388 408
750 756
127 484 423
597 567
303 341
265 303
233 213
721 743
599 638 621
525 488 621
262 258
654 495 621
454 435 621
517 545
464 442
384 356
361 650 621
378 663 423
343 614 621
138 108
51 17
187 165
465 463
690 666
521 523
646 755 621
574 594
229 263
503 495
386 663 423
77 89
563 569
337 341
462 494
563 585
185 450 423
329 313
50 12
438 331 423
471 483
185 183
330 314
126 116
568 532
624 644
21 29
706 409 621
381 411
687 448 621
337 299
483 668 621
271 293
448 155 423
248 218
493 354 423
683 699
442 458
525 523
130 158
580 546
364 673 621
428 432
293 265
223 203
313 618 423
691 675
733 757
381 419
393 377
722 732
251 229
324 348
378 406
325 292 423
749 747
569 555
379 345
305 313
50 44
484 452
560 556
327 302 423
477 436 423
435 744 621
112 142
256 268
148 120
489 354 423
206 224
122 152
482 645 621
99 109
566 532
391 415
545 559
703 739
387 365
319 341
97 129
58 56
580 590
214 210
385 383
575 376 621
555 547
202 170
695 398 621
639 580 621
296 260
227 209
347 361
471 437
622 367 423
219 233
683 675
38 2
48 56
97 121
201 225
346 324
668 678
256 284
209 217
473 445
291 285
639 386 621
458 482
140 132
54 40
538 473 423
277 297
680 666
180 162
217 229
737 743
139 412 423
158 128
152 319 423
422 444
638 600
762 740
132 104
420 355 423
423 441
466 665 621
724 702
305 287
352 388
127 157
493 509
618 640
403 742 621
595 585
393 363
555 589
566 548
279 247
97 95
290 308
278 242
95 129
459 604 621
272 294
715 728 621
596 592
316 303 423
264 278
430 422
117 133
193 211
363 460 423
357 564 621
565 563
286 264
159 195
565 553
462 476
205 193
15 49
608 628
94 118
751 378 621
63 71
546 536
122 84
734 726
516 490
703 681
444 559 423
306 338
318 356
599 538 621
723 711
741 747
610 287 621
392 368
494 533 423
621 615
418 390
544 381 621
76 48
466 452
475 451
500 508
753 498 621
429 439
245 249
649 621
25 5
428 420
265 301
373 696 621
472 502
478 492
755 741
526 502
576 371 423
316 565 423
496 464
357 312 423
624 594
150 164
411 375
234 210
460 452
196 220
398 436
690 670
253 444 423
506 536
502 490
708 742
728 694
545 561
490 719 423
203 197
196 176
660 650
743 759
611 472 621
510 451 621
113 141
99 117
74 70
755 733
715 751
383 387
437 443
149 121
229 191
556 534
506 518
314 316
182 174
473 441
245 219
759 737
335 307
527 584 423
638 624
333 349
277 303
437 461
655 623
586 590
588 568
109 77
505 481
74 92
487 449
369 347
413 407
593 490 621
619 752 621
572 582
546 570
460 438
689 723
83 117
456 418
353 315
476 466
472 541 423
313 343
680 654
85 79
273 303
686 708
702 545 621
422 460
489 511
178 160
323 588 621
730 748
406 723 621
191 185
696 664
740 732
169 191
522 560
335 367
559 682 621
475 513
357 634 423
429 648 423
590 592
182 166
400 499 621
141 139
441 413
418 404
243 241
583 460 423
468 567 423
691 332 423
668 694
675 645
539 564 621
336 366
551 560 621
478 510
276 292
661 629
169 185
506 470
324 320
404 420
453 483
732 710
698 543 621
615 288 621
491 465
703 624 621
206 218
300 310
241 209
174 168
598 570
259 231
388 382
480 494
688 670
741 484 423
545 563
450 456
677 697
507 462 423
266 263 423
570 755 621
736 738
575 567
219 195
468 462
391 286 423
78 40
609 611
122 120
391 570 621
222 204
325 351
94 60
76 100
749 735
106 90
27 39
684 718
634 652
708 682
272 284
756 709 621
309 285
179 161
445 457
689 726 621
163 151
329 686 423
728 731 621
106 144
439 435
196 184
666 628
422 420
648 676
664 465 621
129 123
662 317 423
333 368 423
395 524 621
232 256
114 100
533 374 423
530 506
215 594 423
492 345 423
432 569 621
696 678
130 160
464 448
568 574
447 672 423
627 643
230 204
526 532
344 350
750 754
279 307
211 175
460 661 423
169 205
541 342 621
143 119
595 587
233 229
653 651
206 192
560 544
96 74
356 360
37 71
225 243
557 543
644 691 621
587 625
403 626 621
149 129
267 269
363 252 423
572 578
370 693 423
496 615 621
390 400
621 580 621
281 279
436 472
651 332 621
507 531
581 577
442 430
616 491 621
509 541
34 38
230 252
242 325 423
642 622
202 192
28 36
39 5
655 324 621
738 704
105 133
286 296
613 414 423
161 141
676 533 423
650 703 621
440 436
191 211
577 571
609 621
340 372
512 526
136 381 423
381 369
745 753
424 139 423
246 248
301 295
580 601 621
427 451
93 125
313 303
224 236
2 30
26 42
1 29
332 316
383 482 423
351 682 621
188 178
425 419
392 561 621
188 154
236 248
314 304
662 636
675 681
13 25
557 567
683 665
423 391
317 331
185 217
724 712
393 456 423
664 642
671 490 621
186 557 423
97 135
538 309 423
468 500
119 107
371 399
436 245 423
554 335 423
595 605
123 161
350 603 423
454 448
360 374
306 625 621
220 244
551 602 621
518 554
607 514 621
132 116
604 574
372 539 423
750 714
210 232
218 232
721 719
542 601 423
475 470 621
355 351
49 13
650 676
471 473
717 679
752 760
331 319
290 272
545 656 621
282 256
329 305
528 369 423
336 312
408 221 423
665 677
476 450
75 95
699 671
199 219
631 688 621
440 743 423
593 627
320 350
93 109
538 544
521 549
263 245
276 304
189 173
539 541
157 191
301 299
473 467
608 646
528 699 621
671 701
402 374
696 357 423
193 566 423
298 260
477 384 423
328 324
313 291
720 694
234 214
190 184
82 108
634 517 423
50 30
622 369 423
711 747
360 330
428 436
195 189
485 463
144 170
671 673
394 659 423
405 375
540 574
534 512
753 560 621
397 421
33 11
362 315 423
186 182
143 145
524 488
701 709
657 663
448 637 621
206 200
640 759 621
456 439 423
582 588
584 594
89 83
651 669
214 236
685 677
543 567
49 21
284 268
458 547 621
93 123
329 309
251 257
314 687 621
91 109
39 51
84 110
460 426
300 314
359 379
668 525 621
210 194
375 748 423
441 471
367 343
583 619
267 526 423
360 386
327 339
550 574
214 196
558 538
81 93
616 620
332 346
202 168
199 201
158 166
25 23
758 605 621
289 414 423
546 657 621
400 675 621
217 207
255 291
253 273
65 79
382 362
64 50
564 313 621
688 714
292 288
649 629
132 166
628 664
708 736
463 480 621
206 184
286 268
541 577
544 558
436 434
751 636 621
373 640 621
417 381
162 168
526 564
126 148
487 708 423
526 522
553 354 621
413 419
431 411
131 97
652 577 621
55 63
177 193
158 152
331 301
640 676
93 121
370 342
590 614
593 330 423
174 184
74 90
237 255
38 50
586 425 423
494 367 423
382 350
727 747
224 204
49 81
595 472 621
355 333
204 535 423
498 547 621
496 492
704 710
751 452 621
27 29
620 295 423
328 350
129 109
515 488 621
326 328
447 738 423
335 355
413 504 621
282 264
529 547
322 340
484 450
325 315
139 163
562 526
722 750
582 497 621
63 61
418 420
546 544
133 169
108 106
152 126
581 593
304 645 423
62 82
162 190
482 565 423
512 536
762 633 621
349 387
422 447 621
328 336
329 339
550 538
284 291 423
641 669
404 384
107 141
554 568
135 101
363 341
430 416
681 657
574 610
383 363
520 496
151 159
118 100
302 294
190 224
160 417 423
652 630
717 681
194 168
466 462
245 234 423
226 262
342 310
363 706 423
466 474
644 626
352 364
423 385
727 753
407 294 423
679 653
672 615 621
465 437
759 727
324 312
402 412
472 701 621
21 15
301 321
287 303
656 648
370 487 423
500 486
724 565 621
198 202
534 496
295 321
517 497
545 509
708 676
294 517 423
28 44
463 491
253 235
462 426
519 545
117 107
361 452 423
314 571 423
281 253
672 662
212 196
604 295 621
707 560 621
470 504
458 424
631 593
563 571
345 331
474 595 621
162 136
397 417
318 298
745 594 621
531 519
518 269 423
370 378
553 454 621
489 501
727 707
86 58
516 512
670 680
141 151
595 615
746 722
233 241
421 445
489 499
712 725 621
535 543
138 152
46 26
630 658
164 168
40 12
319 212 423
312 274
215 223
196 521 423
622 435 423
27 41
491 562 621
571 570 621
386 348
247 237
41 55
442 424
725 709
308 601 621
301 279
357 395
535 515
569 394 423
385 351
650 684
397 710 423
125 99
356 336
411 383
435 457
638 297 621
631 625
24 10
204 166
253 291
448 501 621
552 566
656 337 621
436 404
277 311
248 254
22 48
66 34
556 580
677 532 621
126 96
669 703
684 722
614 626
619 623
353 329
68 38
661 633
220 238
251 265
18 44
628 658
226 238
285 253
428 466
291 307
641 603
276 272
633 663
310 328
613 643
593 597
416 417 423
167 177
684 403 621
638 630
587 270 423
543 579
386 673 621
297 289
449 415
275 239
497 459
357 365
523 499
660 692
203 213
169 167
494 353 423
374 384
547 608 423
250 421 423
576 315 621
411 373
698 690
37 47
574 631 423
322 312
540 548
524 506
501 523
361 339
576 556
173 157
657 671
650 622
555 672 621
403 608 621
523 555
316 631 423
503 529
752 427 621
138 134
516 506
210 236
624 608
494 476
657 654 621
473 511
490 458
744 724
697 352 621
609 579
243 324 423
527 448 423
539 563
453 429
757 636 621
332 157 423
601 546 423
396 386
489 634 621
758 547 621
91 125
170 186
565 593
618 600
200 172
435 510 621
641 675
298 469 423
292 308
290 322
414 438
331 558 621
284 250
672 710
540 552
361 329
38 14
589 504 621
225 219
454 460
445 413
345 383
155 131
487 499
363 331
217 203
710 726
53 21
584 616
472 265 423
398 199 423
46 74
709 703
570 548
528 393 621
298 266
662 715 621
722 692
83 107
402 372
355 588 621
520 546
456 474
20 6
377 718 621
407 588 621
223 211
77 105
654 646
43 67
341 367
72 46
617 740 621
398 432
333 608 621
622 437 621
407 630 621
651 619
704 684
45 69
479 624 423
593 623
548 433 423
144 146
363 590 621
233 318 423
558 534
209 211
346 376
380 408
18 56
248 212
167 193
430 319 423
236 254
211 241
550 333 423
663 683
758 736
92 116
442 523 621
665 661
160 126
600 598
476 579 621
52 62
458 577 621
574 572
520 502
100 116
677 641
730 708
369 377
568 447 423
547 539
266 587 423
541 520 621
682 720
637 663
105 117
320 341 423
582 469 621
725 490 423
536 552
633 410 621
453 441
192 164
226 192
108 146
591 593
661 504 621
427 276 423
371 630 423
639 633
34 8
593 368 621
624 626
735 731
271 200 423
505 529
444 412
475 503
239 530 423
740 718
370 348
243 211
566 579 621
384 422
217 205
115 125
558 588
55 67
417 451
329 612 621
173 145
175 201
188 212
672 696
376 402
678 648
532 500
371 409
747 698 621
41 65
659 688 621
759 735
579 220 423
684 714
545 531
561 533
604 596
649 627
645 623
299 325
211 219
658 634
585 594 621
713 350 423
628 616
189 201
752 726
211 458 423
633 659
354 388
232 206
153 123
99 119
266 238
24 52
438 456
625 248 423
621 386 621
651 667
728 747 621
354 332
329 568 621
692 724
717 691
249 251
394 358
684 519 423
322 316
476 497 621
698 587 621
486 524
382 372
79 49
224 234
527 553
33 53
618 636
672 668
518 239 423
652 682
652 658
391 92 423
730 720
573 591
234 268
735 716 621
245 330 423
364 392
114 112
28 10
77 79
456 79 423
486 725 621
602 519 621
735 697
482 195 423
311 293
25 45
361 387
688 569 621
168 140
138 110
472 454
315 303
106 88
252 284
421 425
138 122
161 145
387 496 621
645 458 621
706 670
543 577
430 761 621
207 187
140 401 423
539 501
436 468
444 261 423
380 400
338 342
726 700
82 66
282 619 423
603 567
713 710 621
525 515
208 373 423
159 149
480 460
377 395
716 694
236 246
632 630
434 471 621
383 377
744 728
469 489
453 419
557 523
710 425 621
595 589
546 564
346 330
58 28
530 341 621
474 454
382 392
99 95
685 649
471 503
435 469
163 199
182 407 423
424 185 423
492 484
595 314 621
579 545
351 246 423
713 508 423
523 724 621
671 677
261 520 423
543 547
471 499
409 383
523 564 621
396 432
14 26
389 425
481 509
269 608 423
682 419 621
750 521 621
384 372
462 735 621
251 255
635 596 621
672 731 621
457 602 423
738 385 423
757 628 621
706 678
659 434 423
613 607
544 568
44 72
542 625 621
407 242 423
229 219
56 86
579 562 621
512 546
274 278
469 455
179 167
502 510
78 433 423
47 19
475 250 423
585 571
455 429
726 625 621
456 440
728 740
342 322
426 444
625 613
607 595
16 28
712 719 621
144 156
370 408
629 647
450 464
81 111
652 669 621
456 426
728 732
603 569
535 536 621
685 659
134 156
257 277
727 682 621
324 257 423
403 606 621
88 112
240 218
328 290
497 152 423
502 524
163 165
662 640
169 135
367 405
493 584 621
161 155
355 646 423
301 293
495 554 423
154 150
504 498
582 612
429 395
578 596
512 496
511 510 423
388 561 423
553 541
605 573
222 238
434 261 423
628 620
422 448
348 356
566 568
747 757
436 479 621
554 543 621
313 315
73 65
664 515 423
557 593
110 80
734 539 621
233 199
544 548
682 387 621
650 646
643 552 621
313 552 423
343 321
545 680 621
376 400
693 684 621
706 672
317 285
411 132 423
709 698 621
406 438
743 745
697 746 621
690 686
427 409
449 439
317 325
437 435
216 194
443 208 423
615 627
79 63
220 228
379 351
571 605
82 94
541 549
532 223 423
356 390
249 522 423
642 652
621 492 621
672 694
218 220
493 467
369 424 423
686 323 621
175 145
492 707 621
649 516 621
656 479 621
453 148 423
319 357
183 201
416 384
35 25
342 372
732 720
254 286
489 515
370 372
170 182
642 680
488 619 621
164 186
536 570
260 248
419 457
320 307 423
106 102
558 594
658 670
46 56
274 300
272 266
581 218 423
151 125
127 107
560 584
707 719
493 501
212 230
695 657
322 338
426 428
184 152
521 676 423
759 558 621
280 589 423
632 642
466 721 621
428 422
446 470
265 241
61 35
558 520
450 436
513 336 423
604 747 621
538 522
547 515
101 89
272 310
138 150
556 520
106 82
330 501 423
586 705 621
666 648
481 590 621
537 646 621
60 52
468 617 423
383 162 423
496 301 423
159 181
613 674 621
599 627
644 678
486 496
52 16
699 705
753 468 423
74 84
295 323
99 93
209 191
38 16
333 327
61 59
600 590
46 58
299 313
578 562
316 282
558 542
81 61
738 754
639 617
583 597
762 569 621
618 588
315 349
589 611
751 374 423
444 323 423
739 438 621
495 457
328 338
535 555
372 338
59 57
306 302
339 341
368 549 621
466 504
376 651 621
402 759 621
250 216
454 85 423
352 330
333 610 621
463 598 621
714 708
163 189
314 276
362 400
474 403 621
127 394 423
686 505 621
336 374
96 90
423 429
6 36
755 751
82 409 423
219 197
367 268 423
379 600 621
324 344
124 421 423
68 102
424 257 423
553 515
57 83
505 202 423
631 568 423
83 45
671 661
183 157
356 338
715 596 621
505 497
146 132
458 173 423
663 326 423
546 171 423
51 81
484 500
557 374 621
729 723
186 206
605 627
732 677 621
413 443
626 662
456 472
733 735
377 347
380 352
284 318
274 240
150 114
717 721
746 756
743 564 621
223 209
487 477
348 513 423
123 131
169 197
678 654
569 536 621
452 293 423
577 244 423
524 345 423
433 470 423
493 477
531 567
125 105
434 402
