368 7218 133 305
146 83 133
42 291 305
300 184
340 76
175 220 133
318 119 133
322 120
156 263 133
23 269
31 126 133
92 261 305
344 301 133
130 109 305
296 225 305
114 221 305
366 277 305
343 212 133
119 162 133
297 156 305
117 225
257 188 305
79 263
110 246
50 232
41 120 305
222 221 305
266 313 305
171 364 133
89 196 305
301 351
297 102 133
151 246 305
256 57 133
265 189
231 294 133
21 96 133
35 99
49 109
338 204
354 73 305
29 4 305
83 198 133
216 15 305
45 338 305
233 330 305
291 20 133
366 110
351 149
181 38 305
245 105
292 53 133
263 32 133
12 114
283 124 133
223 209
87 348 305
319 224 305
337 342 305
104 301 133
279 272 133
347 98 133
116 289 305
218 275 305
192 42
218 69 305
211 116 133
185 60 133
196 145 133
361 140 133
362 216
357 97
253 29
156 159 133
93 14 305
10 345 305
242 1 305
322 3 133
10 313 133
140 151 305
208 267 305
186 211 305
341 45
234 64
30 53 305
346 110
201 232 133
138 295 133
154 23 305
170 260
196 83 133
270 113 133
308 8
48 45 305
127 166 133
268 123 305
153 206 305
367 120 305
348 277 133
344 303 133
11 224 305
313 58 133
316 253 305
138 207 133
286 239 305
270 289 133
283 276 305
120 338
116 299 305
309 13
57 327
137 241
63 182 133
159 253
321 184 305
179 351
6 201 133
319 8 305
302 159 133
277 345
37 242 133
326 199 133
33 126 133
47 2 133
12 85 133
32 216
19 22 305
332 116
203 111
121 58 133
311 344 305
263 8 305
113 32 305
150 233 133
117 64 133
291 292 133
153 239
300 18
17 251
224 287 133
187 274 305
285 181
235 324 305
222 265 133
173 315
327 158 133
141 220 133
257 130 133
172 219 133
228 245 305
350 126
353 298 133
238 255 133
243 210 133
191 84 133
123 239
82 282
3 229
11 226 305
88 59 133
240 225 305
337 150 133
136 59 133
214 61 133
160 71 305
303 354 305
355 156 133
295 222 133
109 286 305
10 115 133
131 262 305
73 358 305
261 17
201 59
46 289 305
148 191 133
355 324 305
47 246 305
37 176 305
196 187 305
63 270 305
312 261 305
133 180 305
345 160 133
274 111 133
53 148 133
111 174 133
189 278 305
358 159 133
182 19 305
336 146
135 204 305
101 160 133
8 125 133
75 112 133
338 67 305
251 316 305
325 367
182 167 305
317 134 305
71 41
274 119 133
327 217
221 348 133
328 161 133
108 11 133
299 55
131 286 133
101 349
286 303 305
178 155 133
234 167 133
333 45
210 123 305
16 157 305
31 266 305
194 267 305
34 345 133
168 69 133
323 309
14 203 133
342 34
44 276
261 336 133
367 215
123 266 305
96 57 305
339 340 133
122 332
247 292 305
84 7 305
294 161 133
53 280 133
327 22 305
215 168 305
252 115 305
338 57 133
37 272 305
18 299 133
260 305 133
343 200 305
110 329 305
209 268 305
126 148
39 96 305
296 181 133
110 47 305
36 143 133
281 135
297 366 305
285 362 133
53 5
98 220
164 145 305
317 157
144 235 133
342 367 305
30 213 305
88 231 305
243 40 305
35 56 305
45 154 133
91 366 133
289 100 133
326 95 305
363 137
91 364 305
66 253 133
351 346 305
168 296
346 243 305
64 247 305
367 267
125 98 133
334 85 305
116 339 305
125 367
30 187 305
23 233
249 276 305
110 325 305
148 29 133
83 298 305
17 162 133
313 55
16 193 305
41 134 305
50 33 133
284 317 305
10 327 133
115 28 133
268 55 133
83 339
202 103 133
167 78 305
334 267 133
254 127 133
292 75 133
368 350
95 4 133
353 368 133
9 207
312 191 305
325 274 133
237 296 305
288 151 305
270 81 305
46 277 305
206 288
213 252 133
74 1 305
50 338
82 97 133
81 177
338 263 305
352 88
344 38
252 173 305
39 262 305
348 222
116 37 133
365 8 133
232 244
288 245 305
48 284
166 283 305
355 121
308 12
72 141 305
132 29 305
170 107 133
368 321 305
188 24
109 100 305
28 83 133
337 201
204 269 305
336 102
290 251 305
79 78 305
16 229 305
62 368
254 264
156 171 133
127 43
322 147 133
159 120 133
10 79 133
106 335 133
42 337 305
226 80
367 76 133
59 254 305
54 366
57 34 305
308 9 133
174 351 133
257 266 133
118 219 305
225 18 133
299 52 133
168 302
319 13
40 338
239 178 133
132 107 133
287 122 133
39 260 305
209 297
265 178 305
300 311 133
139 80 133
357 273
103 65
30 155 133
193 4 305
25 26 305
177 134 133
175 129
283 90 133
121 358 133
35 368 133
39 291
83 330 133
79 297
215 236 133
252 341 305
210 26
45 285
22 345 305
54 29 305
165 366 305
165 244 133
109 187
120 325 133
301 360 133
166 143 305
149 7
342 317 133
51 200 305
320 63 305
76 317 305
217 321
337 67
97 344 305
160 309 133
14 297 305
260 127 305
145 26 133
143 236 305
277 88 133
129 233
180 207 305
105 50 305
129 288 133
158 209 305
178 271 133
337 288 133
28 6
327 330 133
125 257
311 132 133
148 151 133
350 179 133
344 230
310 23 305
262 102
198 49 305
200 244
78 309 305
225 49
77 122 133
253 140 305
216 359 305
52 181 133
82 255 305
283 332 305
220 117 133
18 147 305
172 59 133
358 175 305
290 265 133
41 354 133
111 70 305
5 48 305
22 36
267 63
134 255 133
14 11 305
297 94 305
294 144
289 346 133
270 94
118 229 133
13 190 133
176 139 305
255 122 305
274 163 133
91 60 305
22 367 133
295 43
193 138 133
119 362 305
166 105 133
189 218 305
38 135 133
61 222 133
203 205
143 328 133
260 113 133
328 101 133
357 130 305
281 324 305
328 77 133
128 367 305
60 289 305
12 201 133
287 263
119 118 133
163 291
363 212 133
82 280
160 145 305
164 34
56 273 133
308 280
219 242 305
61 205
44 318
269 284 133
363 287
195 284 305
64 127 133
121 150 305
143 42 305
304 78
351 232 305
85 348 133
324 23 305
340 155 133
338 15 133
226 258
247 166 305
363 117
63 106 305
286 168
158 243 133
358 131 133
86 296
217 123
159 285
242 313 305
367 219
155 88 305
72 33 133
285 324 133
123 66 305
238 53 305
15 300 133
311 254 133
59 122 305
90 111 133
17 293
167 59
201 304 133
48 352
241 335
251 268 133
264 59 133
87 316 133
43 339
289 269
261 70 133
67 120 305
224 83 133
308 201 305
100 193 305
218 210
113 268 133
344 111 133
154 307 305
237 304 133
252 209 305
212 208
29 214 305
245 81
348 187 305
363 6 305
279 146 305
124 31 305
216 148
35 65
79 75
254 227 133
51 210 133
281 223
133 166 133
211 326 133
363 205
149 116 133
109 284 305
323 3
90 83 305
341 358 133
135 42 133
132 85 133
368 135 305
78 267 305
92 169 133
97 100 133
82 329 305
74 85 133
208 317 133
199 320 133
71 351
27 354 133
109 88 305
55 220 305
151 290 133
316 290
191 294 305
317 116 133
100 335 133
91 176 133
331 316 305
76 341 305
55 344 133
196 359 133
327 56 133
289 99
313 93
277 284 305
93 198 305
5 42 133
320 77 305
33 284 305
177 82 305
297 51
368 167 133
225 342 305
114 329 305
45 352 305
101 366 305
79 45
65 272 133
51 116 305
358 223 133
172 89 305
330 1 133
168 223 133
350 333 305
338 127 133
141 320 133
39 186 133
110 301 305
284 74
186 99 133
27 333
81 290 133
121 327
8 318
364 231 305
60 77 133
297 298 305
147 336 133
210 177 305
43 234 133
171 179
225 40 133
52 356
64 335 305
123 356 305
231 234 305
53 4 305
42 229 133
336 111 305
168 145 133
330 348
333 80 133
201 309
116 165 305
124 243 305
60 357 133
211 232 133
244 83 133
342 242
55 106 305
182 112
329 87
347 210 133
91 11
130 60
67 92 133
335 294 133
277 222 305
308 355 133
174 255 305
285 226 133
267 286 133
79 212 305
186 120
97 64 305
178 3 305
209 105
270 345 133
135 217
212 167 133
189 312 305
102 203 305
138 137 305
111 178 305
335 222 305
217 242 133
280 281 133
85 14 305
328 273 133
22 278
93 50 305
89 268 133
200 37 133
107 50 133
59 204 305
17 327
91 286 305
121 182 305
155 364 305
202 111 305
318 73 305
73 340 305
42 292
290 22
142 308
205 254 305
349 20 133
288 278
187 193
201 144 133
107 122 305
195 258 305
367 358 305
208 217 133
293 12 305
227 58 133
94 367 133
115 61
291 35
324 189 133
187 11
85 328 305
152 41 305
116 249 305
84 316
353 352 305
305 367
208 255 133
22 27 133
316 69 133
152 207 305
205 42 305
169 140 133
66 321 133
16 187 305
310 211 133
323 142 305
367 150 133
131 70 133
163 194 133
263 51
278 63 305
137 212 305
148 123 305
191 302 305
296 207 133
221 230 133
90 275 305
54 234
241 348 133
113 348 305
17 198 133
246 23 133
243 283
303 320 305
250 11 305
26 339 133
339 272 133
297 60 305
331 160 305
287 322 133
102 127 305
202 67 133
332 325 305
137 360 305
19 132 305
146 295 133
198 212
305 166 305
32 139 305
37 335
139 46 305
99 48 305
97 61
154 310
306 285 133
82 353 305
63 175
281 96 133
162 117 305
215 340 133
122 27 133
48 351 305
354 105 305
20 333 133
144 57 133
268 305 305
245 8 305
55 10 305
59 208 133
1 106 133
18 133 133
209 214 305
193 20 305
165 166 305
172 156
344 287 305
176 349 305
70 277 133
265 278 133
88 319 133
30 47 305
77 249
20 312
36 259 305
314 11 133
302 291 133
262 294
215 118 133
142 342
263 14 133
298 307 133
259 268 133
43 92 305
259 13
305 152 133
154 71 133
119 94 305
121 168 133
53 106 305
98 159 133
338 91 305
281 38 305
268 119 305
297 193
267 18 305
343 74 133
132 261 305
31 136 133
251 116 133
128 283 305
343 79
296 103 305
154 70
92 97 305
237 245
278 239 133
79 130 305
180 305 305
274 243 133
36 245 305
8 253 305
78 261 305
213 20 305
105 336 133
331 230 305
351 175
124 171 133
335 165
180 43 133
47 237
206 35 305
280 217 133
52 257 305
203 34 305
250 161 305
54 305 305
208 48
244 297 305
307 182 133
237 15
40 175 133
263 72 133
108 255 133
277 364 133
304 362
63 116 305
353 260 133
228 164
76 354
20 246
221 186 305
320 209 305
137 27
163 353
311 118 305
39 48 133
10 225 305
347 276 133
23 92 133
321 46 133
90 341 133
11 124 305
86 303 305
228 179 133
327 39
117 305
326 291 305
36 81 305
38 83 133
295 284 133
211 108 133
232 259 305
154 354
92 33 133
291 157
367 30 305
36 285 305
253 240 133
318 345 305
91 284 133
7 315
324 245 133
227 5
112 137 133
77 112 133
38 298
256 150
87 252 305
119 356 305
279 78 305
11 301
172 223 133
199 108 305
347 50 133
98 48
147 222 133
324 191 305
156 253 305
141 228 133
36 139 133
207 87
324 187 133
197 225
102 81 133
299 135
304 239 133
281 196 133
284 215 305
183 322 305
329 108 133
363 116 133
335 321
258 194
166 211 133
81 210 133
207 134 305
3 189
164 165 133
25 114 305
351 216 305
301 126 305
323 174 133
302 70
213 124 133
79 140 305
250 78
282 52
47 291
18 191 133
196 171 305
256 243 133
321 29
353 85
55 164 133
59 338 133
247 118 133
284 150
4 288
145 286 305
50 226
221 287
178 313 133
96 289 305
190 162
224 127 133
349 150 305
308 29 133
140 127 133
152 269 133
113 139
80 318
72 69 133
356 307 305
255 123
362 67 305
181 292 133
136 277 133
25 3
348 38
191 339
346 249 133
8 105 133
178 262
13 316 305
360 331 305
215 358 305
187 170 133
266 29 133
81 140 133
67 52 133
317 328 133
206 15 133
227 340 133
240 277 133
139 18 133
259 186 133
307 364 133
12 300
14 302
143 365
54 73 133
268 69 305
336 40
269 362 305
309 196 133
327 27
224 243 305
114 257 305
132 5 133
25 358 305
32 250
291 300 133
103 359
95 312 305
135 209
102 302
230 82
237 14 133
283 10 133
175 198 133
334 69 133
152 153 133
232 117 305
187 359
139 272 305
228 339 305
200 201 133
174 207 133
36 55 133
44 282
294 65 133
87 276 305
226 207 305
129 350 133
192 35 133
114 366
31 42 305
212 255 133
227 292 133
248 227 305
300 52
104 356
206 275 133
238 113 133
46 224
138 297 305
359 16 133
126 205 305
25 286 305
11 269
136 87 133
158 226
19 238 133
43 317
282 251 305
87 231
255 304 133
289 126 305
69 208 133
283 179
194 187 305
291 126 305
39 154 305
7 192 305
277 96 133
192 73 133
270 27 305
10 31 305
30 266
211 118 133
352 307 305
132 7 305
233 105
89 264 133
298 49 133
211 160 305
22 180
162 283 305
334 231 305
43 265
314 21 305
93 268 133
65 349
124 15 133
263 56 305
176 195 305
60 1 133
41 316 133
261 322 133
356 328
159 212 133
350 366
141 200 133
43 208 133
34 352
280 25 133
65 264 305
328 226
260 271 305
253 158 305
110 345 133
272 98
347 115
301 144 133
313 17
30 69 133
316 94
27 289
23 39
214 307 305
24 298
21 322 133
26 209 305
45 138 305
106 27 305
9 301
106 179 133
366 207 305
65 76 133
29 343
132 258
303 88 305
59 239
42 332
181 302 305
66 205 305
186 195 133
88 355 305
337 129
131 58 133
10 332
3 192 133
82 130
253 35
61 307
26 136
273 212 305
236 267 133
240 348
195 169
294 17 133
33 232 133
241 54 305
368 23 133
82 335 133
61 163
137 156 305
112 73 305
147 331
234 302
210 305 305
315 198 305
306 219 305
154 144
193 142 133
317 280 305
182 16
38 87 133
287 330 305
151 186 305
42 157 133
27 96 133
284 39 133
279 164 133
3 50 133
42 16
113 136 305
195 326 305
28 314
281 360 305
242 172
73 179
348 303 305
118 69 305
178 77 305
72 57 133
173 295
242 343 133
302 75 133
26 312
242 49 305
159 214 305
54 149 133
48 11 133
110 317 305
8 65 305
77 343
334 122
335 206 305
245 124 305
278 53 305
198 349 133
134 107 305
39 276 305
318 301 305
234 317 305
141 206 305
203 138 133
3 64 305
39 354 305
207 204 305
330 95 305
82 202
201 42 305
131 310 133
84 290
319 324 305
202 116
99 84 305
119 258 133
221 87
163 362 305
367 211
228 291 133
136 339 305
100 187 305
156 219 133
166 101 305
58 161 305
2 177 305
206 23 305
300 245 305
283 14 305
338 165 305
36 201 305
316 51 305
113 130 305
94 279 133
314 325 305
281 258 305
334 293 133
71 184 133
76 118
222 301 133
165 302 133
364 242
20 143 133
251 287
198 34
108 245 133
216 48
301 14 133
300 281 305
206 299 133
147 88 133
22 231 133
319 75
149 335
41 78 305
278 229 305
226 117 305
110 243 305
350 361 133
69 91
59 114 305
316 93 305
90 73 133
56 312
16 21 133
341 74 133
93 304 305
62 91 305
136 168
260 329 133
215 160 305
157 288 133
160 139 133
107 234 133
57 206 305
207 161
93 247
51 36 133
347 312 133
158 69 133
345 43
241 34 305
101 178 305
212 203 133
53 40 133
268 267 305
57 166 305
103 210 305
68 164
355 65
60 263 133
171 84 305
86 67 305
284 272
365 60 133
129 26 133
230 197 305
56 123 133
186 76
179 209
14 328
313 328 305
89 72 133
302 46
223 340 305
60 320
143 107
142 249 133
232 280
27 274 305
112 368
47 232 305
259 6 133
173 262 133
54 23 133
299 260 133
151 152 133
133 110 133
287 72 133
318 165 133
307 236 133
84 357 133
351 98 305
331 328 133
344 13 305
272 209 133
68 126
164 153 305
130 105 305
190 361 133
60 84
192 275 305
53 35
150 113 305
329 286 305
196 231 305
177 231
171 204 133
172 11 305
232 19 305
143 320 305
124 223 305
261 226 305
61 123
202 170
248 270
9 60 305
354 167 305
198 134
345 242 133
144 127 133
157 353
307 336 133
154 95 305
226 303 305
270 195 305
110 205 133
58 111 305
339 104 133
97 254 133
31 14 305
317 24 305
261 158 133
295 37
221 219
107 18 133
75 335
128 199 133
75 272 305
143 94 133
29 52 305
99 32 133
268 45 133
319 268 133
364 243 305
85 86 133
81 200 133
363 224 305
224 271 133
55 64 305
44 328
29 317
11 78 305
316 365 305
233 263
151 350 305
22 264
198 189 133
201 13
130 275 133
310 137 305
271 340 133
121 366 133
110 338
171 348 305
160 69 133
33 128 133
268 215 305
323 99
119 328 133
6 86
89 14 305
318 203 133
157 283
187 215
63 176 133
348 188
341 42 305
79 300 133
223 20 305
46 213 305
311 332 133
111 20 305
5 204 305
332 133 133
109 226 133
289 134 305
197 16 305
220 157 305
266 108
272 32
328 13 305
341 244 305
137 333
289 366 133
109 156 305
267 184 133
271 90 133
210 1 305
56 157 305
156 51 133
271 74 133
117 61
249 100 305
278 267 305
109 162 133
90 105 133
348 80
230 57 133
176 338
72 305 305
347 61
301 25
149 55
30 67 133
19 287
90 178
351 35
193 274 305
366 211 133
92 237 305
36 53 305
236 100
54 317 133
42 85 305
208 330
132 91 305
151 4 133
201 2 305
141 144 305
198 195 133
341 100 133
245 258 305
277 41
128 53 133
368 141 305
11 309
361 285
107 154 305
122 314
105 312 133
31 286 305
182 251 133
111 318 305
302 275 133
308 199 305
28 47 305
354 35 305
150 97 305
50 282
323 126 305
194 135 133
241 73
291 288 133
29 224 133
174 236
44 340
43 340 133
341 116 305
38 278
86 315 305
227 185
309 17
334 62
22 53 133
223 80 305
342 161 133
280 291 133
305 32 305
210 151 133
104 331 305
85 172 305
287 8 305
222 37 133
305 300 305
167 8 133
256 205 305
72 4
220 294
276 157 305
22 33 305
341 48 305
147 204 133
125 288 305
67 343
193 165
156 45 305
53 246 305
172 189 305
39 254 133
243 242 133
251 266 133
146 355 133
328 42
194 333 305
311 310 133
31 339
36 199 305
201 80 133
108 78
223 111
91 214 305
198 353 305
18 97 133
332 20
238 306
339 235
285 126 305
161 154 305
73 40 133
127 316 305
137 330 133
327 284 305
199 278 305
315 364 305
257 164 133
181 12 133
229 36 305
91 166 305
78 201 305
277 360 133
70 87 305
320 53 133
325 31
322 257 133
48 140
359 367
252 305 305
28 205 133
234 65 305
355 32 133
116 285 133
47 363
92 228
198 61 305
216 127 305
220 357 133
277 306 133
230 233 305
266 203 133
43 214 133
187 162 133
301 338 305
304 213 133
305 43
32 346
196 363 133
313 126 305
18 78
258 178
357 368 305
135 60 133
365 197
178 327 133
154 3 133
84 270
287 80 133
174 6
295 16 305
76 59 133
310 26
324 64
77 147
38 293 133
269 16 133
174 321 305
278 25 305
79 107
147 367
64 351 305
77 36 133
279 258 133
15 46 305
236 349 305
53 170 133
4 46
273 10 133
86 338
319 362 305
229 20 305
70 280
69 246 133
137 339
337 160 305
142 345 305
232 111 133
71 238 305
201 312 133
12 322
58 145 305
239 4 305
45 14 133
27 120 305
109 222 133
86 322
168 53 305
122 35 133
260 217 305
192 273 305
202 20
286 24
360 107 133
344 101 305
90 316
76 167 305
183 190 305
365 330 305
115 210 133
352 93 305
347 280 133
5 324 305
200 348
53 282 305
30 65 133
1 146 305
106 195 305
106 346
203 236 305
267 231
190 317 305
367 170 305
205 244 133
157 37
251 224 305
194 292
165 50 305
265 132 133
208 8
203 359
189 321
78 225 305
164 332
316 149 305
112 85 305
232 103 305
93 177
210 277 305
180 299 305
336 65 305
204 210
361 360 133
102 346
68 39 305
92 51 305
67 327
190 29 133
113 257
230 194
197 30 133
287 24 305
321 82 305
335 218 133
212 3 133
149 320 305
217 175
328 227 133
117 138 133
174 293 133
183 118 133
351 323
259 146 133
67 317
33 78 305
11 18 133
5 120 305
265 124 305
152 355 305
253 326 133
1 174 133
267 244 305
335 14 305
39 136 305
20 275 305
243 199
359 225
71 223
363 358 305
16 233 305
259 119
271 204 133
34 279 133
30 269 305
172 157 133
249 118 133
159 282 305
310 233 305
135 244 133
264 85 133
222 313 133
52 359 305
159 189
188 135 133
98 217 133
356 261 305
133 212 305
214 365 305
247 21
368 3 133
147 160 305
69 341
359 120 133
357 286 305
18 153 133
113 98 305
201 3
67 24 305
43 140 305
189 339
47 325
287 114 133
342 173 305
93 196 305
6 288
164 119 133
62 155 133
151 62 133
17 28 133
263 320 305
50 1 305
230 10
217 224 133
97 120 305
273 300 305
162 329 305
207 158 305
273 282 133
368 52
281 119
43 327
125 276 305
174 322
47 56 133
211 342 133
154 343 305
138 107 305
241 297
295 170 305
195 140 305
199 357
186 133 133
83 78 133
311 54 133
196 11 305
368 126
325 143
101 343
299 57
188 161 305
332 142
5 196 133
328 149 305
359 136 133
313 204 133
348 57 305
113 134 133
24 109 133
62 181 133
137 48 305
42 171 133
1 235
110 140
275 180 305
347 325
6 317 133
175 308 133
210 281 133
171 325
114 197 133
300 183 133
166 226
253 294 305
216 169 305
134 312
163 57
126 265 305
267 134 305
258 5 305
266 130
190 343 305
24 25 305
23 276 305
349 59
215 7
276 32
124 143 305
322 354
290 143 133
130 33 305
122 304
139 240 133
128 360
25 156 133
337 172 133
296 128
290 65 305
46 356
69 140 305
191 115
211 341
250 87 133
317 304 305
83 185
202 237 305
137 354 305
353 202 133
42 63 305
259 56 133
70 2
326 8
83 86 305
1 340 305
132 361 133
134 229 305
301 61
204 367 305
318 105 305
27 192 133
80 77 133
365 258 133
244 181 133
78 105 305
83 250 133
344 251 133
336 33 305
22 291 133
286 93 133
130 305 133
349 135
197 266 133
248 285 305
269 164 305
141 143
27 278 133
299 237
308 145 305
151 261
85 356 133
31 313
181 333
283 334 133
118 331 133
40 245 305
296 307 133
276 11 133
171 46 133
71 264 305
96 189 133
4 320
342 228
56 211 133
279 270 305
2 22
158 235 305
235 8 305
184 49 305
63 171
87 228 305
108 13 133
348 151 133
124 184
92 194
17 64 305
124 75 305
232 150
93 236 133
113 108 133
52 244
68 185 133
85 330 133
271 294 305
221 39
200 155 133
146 246
92 95 305
358 199 305
205 2 133
65 314 305
282 146
311 234 305
231 221
81 25
168 1 133
56 207 133
89 108 133
274 351 305
331 301
345 218 133
305 88 305
358 243 305
207 268 133
187 158 133
357 192 305
57 118 133
237 17
282 275 305
80 215 305
117 272 305
64 359 305
72 291 133
340 117 133
243 86 305
133 74 305
44 123 305
40 265 305
206 51 133
136 351 305
227 140 133
160 363 305
52 145 133
7 70 305
27 238 305
89 42 305
49 230 305
126 269 305
185 207
116 243 305
226 219 305
31 323
203 132 133
66 135 133
46 225 305
2 341 133
350 65 133
344 123 305
86 302
319 1
239 342 133
190 267 133
311 67
77 180 305
340 231 305
222 303 133
149 27
73 284 305
50 335 133
70 334
353 212 305
40 337 305
14 193 305
131 266 305
347 208 133
162 289 133
290 297 305
267 126 305
338 140
204 80
181 310 305
3 161
50 297 305
5 358 133
34 287 305
286 5 133
287 78 305
143 336 305
282 67 133
296 101 133
355 50 133
232 363 133
203 134 133
240 188
92 89 133
118 85 133
311 172 133
227 127
133 11
334 137 133
223 321
274 110
113 10 305
11 228 305
327 200 305
86 205 305
128 331 133
23 56 305
114 21 305
33 334 305
25 244 133
63 338 133
104 147 133
141 323
290 136
69 146 133
299 343
322 19 305
81 6 133
69 14 305
22 342
343 58 305
225 64 133
214 169 133
318 354
278 165 133
148 245 305
171 138 133
221 108 133
238 227 133
319 62 305
301 12 133
230 9 133
297 336 133
172 107 133
357 170 305
165 139
17 220 305
300 143 305
233 340 305
82 5 305
141 180 133
49 174 133
192 331 133
256 264
188 23 133
328 263 133
11 362 305
133 297
173 7
115 178 133
76 249 133
248 183 305
351 153
362 287 133
218 23 133
331 33
229 24 305
39 118 133
211 66 305
246 345 133
235 82 133
89 246 133
170 337 305
303 356 133
332 13 305
4 301 305
28 293 133
336 219 133
147 270 133
254 13 133
251 342 305
364 11 305
72 281 133
108 349 133
179 190 133
40 219 305
36 310
72 301 133
311 42 305
180 13 133
317 298 133
190 55 133
276 31 305
216 357 133
306 290
269 320 133
367 152 133
196 242
358 197 305
146 305 133
227 244 305
146 243 133
234 183 305
100 181 133
141 152 133
225 306 305
52 127 305
341 340 305
129 316 133
318 141 305
68 16
193 336 305
361 26 305
319 146 305
336 145 305
232 28
325 35
122 123 305
285 23
124 311 133
257 14 133
205 173
342 23 133
118 350
270 93 133
255 136 133
347 59
156 301 133
114 135 305
29 80 305
199 130 305
318 313 133
323 276 133
14 15 305
140 183 133
275 102 305
69 12 305
157 211
33 104 133
158 42
329 214 133
38 127 305
120 98
250 63 133
276 193 133
278 21 133
172 71 133
327 246 305
225 133
165 38 305
335 278 305
145 265
280 125 305
105 246 305
141 173
11 238 133
323 196 305
312 190
89 243
27 193
47 16 133
101 307
84 317 305
68 115 305
3 72 305
245 100 133
83 152 133
230 218
135 90 305
65 120 305
48 255 305
319 17
260 16
278 138
50 27 133
270 335 305
277 328 305
186 109 133
318 273 133
274 175 305
109 190 305
86 167 133
48 251 305
206 305 305
6 267 133
327 87
133 218 133
323 200 133
49 218 305
235 292 305
217 322 133
90 5 305
140 126
155 246 133
290 47 305
108 225 133
304 259 305
265 339
160 41 133
10 97 305
18 219 305
67 234 133
70 93 305
256 25 305
298 13 305
153 66 133
125 110 305
141 351
180 285 133
132 173 133
329 357
147 321
106 13 305
67 256 305
329 34 305
259 134 133
59 294 305
286 90
154 309 133
118 313 133
297 347
126 287 305
250 291 305
189 307
139 196 305
333 292 305
167 294 305
62 307 305
357 272 133
68 279 305
202 27 133
260 137 305
210 131 305
188 31 305
312 24
30 346
307 205
128 193 305
65 49
108 319 133
62 211 305
80 336
81 75
56 362
285 169
159 260 305
152 93 305
307 322 305
195 91
298 152
118 32
276 165 133
237 2 305
178 95 305
353 330 133
210 348
207 198 305
111 150 133
45 364 305
102 23 305
235 143
308 25 305
177 332 305
12 195 133
307 74 305
68 211 133
350 60
302 205 133
38 329 305
192 69 305
350 50
298 225 305
18 213 133
193 150 305
164 85 133
351 135
360 120
64 255 305
148 223 133
99 271
307 338 133
324 19 305
341 50 133
338 239 305
220 284
264 267 133
202 35 305
270 283 133
338 193 305
304 29 133
241 294 305
298 263 133
153 236 133
91 64 305
71 346 133
136 280
227 26 305
133 52 305
282 28
310 292
32 39 305
152 177 305
28 107 305
252 267 133
211 48 305
91 188 305
34 29 305
147 256 133
284 47 305
66 63 305
166 183 133
80 183 305
259 360 305
89 110 305
291 127
334 190
39 134 133
11 190 133
297 210 305
290 201 133
268 49 133
63 88 305
82 75 305
363 182 133
117 102 133
249 31
217 39
105 195
337 325
10 297 305
341 172 305
329 105
82 165 133
34 67 305
193 327
272 207 133
332 205 305
265 214 133
48 347 305
208 362
120 289 305
152 273 305
280 361 305
74 337 305
6 299 305
107 278 305
231 72 305
168 147 305
6 55 305
290 73 133
294 346
30 336
316 163 305
139 336 133
347 176 133
43 258 305
16 1 133
92 60
34 359 133
11 265
315 237
61 122 305
170 103 133
70 337 305
132 229 305
259 128 305
201 105
337 214 133
7 111
51 90 305
186 274
49 276 133
169 114 133
322 279 305
300 157 305
22 125 133
186 249 133
121 232 133
137 230 133
88 148
260 321 305
190 233 133
188 80
127 209
300 117 133
115 262 305
270 259 305
13 132 305
343 246 305
40 117 133
64 327 305
96 354
311 215
59 98 305
102 15 305
36 85 133
224 308
147 326 305
227 21
325 123
294 325 305
66 51 133
223 273
45 10 133
215 116 305
27 265
207 108 133
103 228 133
176 226
215 25
341 223
188 84
129 319
235 66 133
24 367 133
77 272 133
331 298 133
190 271 305
79 3
337 273
127 180 305
307 247
63 309
202 295 305
210 122
244 55 305
171 74 133
36 248
362 159 305
42 188
38 271 133
283 64 133
179 176 305
192 39 305
129 260 305
6 215 305
220 119 305
280 231 305
213 108 305
231 210 133
227 264 133
289 364 305
183 56 133
11 323
80 309 133
365 306 305
311 159
21 66 305
254 83 133
277 256 305
59 74 305
33 237
160 219 133
217 275
250 53 133
161 366 305
214 149 133
162 225 305
210 133 133
294 12
236 183 133
23 204 133
243 59
29 32 305
240 283 133
230 143 133
249 6 133
352 95 305
20 336
73 167
139 308 133
96 288
295 171
350 175 305
235 248 305
127 118 133
95 261
256 335 133
275 240 133
204 245 133
9 78 133
274 24
321 228 305
43 122 133
179 44 305
297 246 305
125 344 133
17 46 305
14 141 133
45 173
48 298
290 149 305
196 62
201 198 305
234 223 133
352 41 133
290 171 133
188 79 305
181 295
49 367
110 31 133
312 305 305
221 36 133
151 254 133
207 337
213 236 305
104 267 133
343 156 133
175 354 133
177 238 133
4 322
306 333 305
193 226 305
224 239 305
283 154 305
345 302 133
164 143 305
70 65 305
68 247 133
259 318 133
134 263 305
294 50
122 193 305
31 312 133
183 361
27 259
70 342
27 55
57 84 305
219 154 133
205 88 133
83 359
83 136 305
237 240 133
83 168 133
94 285 305
317 137
291 154 133
155 291
42 23 133
257 107
307 123
362 70
319 31
102 139 133
146 192
101 335
204 119 133
221 158 133
43 293
153 248 305
126 297 133
221 296 133
104 353 305
101 230 133
46 281 133
283 139
128 294
277 201
9 299
3 250 133
47 339
301 49
226 33 133
241 122 305
258 351 133
88 159 305
27 34 305
14 241 305
176 95 133
171 106 305
361 310 133
111 359
223 365
100 347 133
115 215
161 262 133
2 314
287 248 305
97 134 133
353 68 133
352 310
331 194 133
343 25
12 365 305
16 303 305
360 263 305
146 351 305
104 164
270 293 305
197 96 133
282 203 133
288 197 133
18 340
44 130
170 42
367 224 133
130 295 305
39 84 133
296 51 133
114 253 305
42 177 305
169 178 133
287 303
232 95 133
355 42 305
160 165 305
315 50 305
47 344 133
343 168 133
174 134
146 189 305
257 175
126 253 133
347 10 305
208 328
300 228
126 329 305
244 171 133
193 182 305
314 19 133
304 65 133
248 309 305
243 123
252 15 133
245 242 305
171 1
154 149 305
236 297 305
58 154
167 322 133
312 140
22 175 305
50 330
91 34 133
177 66 133
276 202
338 337 305
147 134 305
303 23
51 132 133
332 136
94 72
157 156 305
236 257 305
208 360
330 144
196 296
75 274 305
124 29 305
303 73
270 66
354 297 133
244 345 133
166 345 133
160 25 305
6 247 133
283 66 305
325 49
1 320 305
348 179 305
37 207
144 261 133
351 4 133
258 299 133
358 189 133
276 263 133
53 297
90 349 133
288 141 133
189 76 133
137 284 133
330 227 133
143 311
284 341 133
172 273 305
85 366 305
312 109 305
40 317 305
49 288 133
98 21 133
161 170 305
5 311
152 203 133
211 290 305
199 8 133
216 178
112 337 133
234 225 133
284 267 305
340 26
252 279 133
48 267 133
306 129 133
364 80
18 23 133
107 58 305
11 315
47 351
184 337 305
88 99 305
299 224 133
345 164 305
165 94 305
346 48
144 37 133
310 40
193 2 305
7 128 305
339 29
352 49 133
363 20 305
195 6 133
215 58 133
291 221
129 147
214 303 133
73 344 305
313 280 305
183 15
169 168 305
117 44 305
105 337
206 313 133
285 124 305
356 320
304 221 305
293 264 305
269 115
78 161 133
330 359 133
50 259 305
125 236 133
219 98 305
291 324 305
19 161
254 104
272 189 305
340 106
365 290 133
310 200
54 77 305
146 237 305
206 135 305
318 23 305
24 155 133
244 275 133
29 174 133
283 38 305
313 358 133
318 107 133
25 148 133
21 292 305
243 248 305
332 59 305
67 346 305
80 36
240 190
137 56 133
289 268 305
321 133
170 288
261 54 133
261 191
16 365 133
132 251 305
243 236 305
368 115 305
364 81 305
83 170 133
280 335 133
108 288
83 130 305
319 147
81 110 305
236 133 133
256 339 133
111 342 305
345 88 133
229 168 305
188 169 305
72 306
359 100 133
241 248 133
21 92 305
155 188 305
133 44 305
169 200 305
275 23
303 39
86 241 133
30 212
284 11 133
19 265
255 169
219 66 305
248 352
223 164 305
38 319 133
26 208
34 127 305
363 166 133
1 255
365 6 133
11 298 305
9 273
33 251
89 40 133
58 93 305
153 232 133
164 361 305
181 260 133
193 158 305
73 333
145 136 133
339 51
186 361 133
28 245 133
4 297 305
197 262 133
296 318
19 12 305
301 74 133
189 232 305
1 196 133
308 31 133
251 118 133
290 153 305
246 13 133
3 156 133
22 297 133
321 154 305
227 24 305
346 353 305
53 253
311 78 133
51 282 305
99 266 133
274 63 305
23 194 305
183 211
226 71 305
14 109 133
193 1
108 166
176 45 133
117 288 305
137 102 305
292 84
268 107 305
328 51 133
165 262 305
5 225
194 247 133
280 277 133
9 194 133
154 67 133
121 104 305
318 191 305
202 42
281 181
305 360 305
29 236 133
109 178 305
251 241
363 113
170 227 133
281 22 133
189 252 305
222 219 133
295 17
301 92 305
35 201
123 98 133
215 334 133
206 343 305
98 243 133
62 39 305
324 136
9 188 133
203 352 133
264 31 305
289 272 305
322 157 305
281 318 133
363 80 305
360 37 305
203 160 133
158 155 305
293 85
80 229 133
242 256
261 106 305
39 143
264 90
172 345 305
265 12 133
268 11 305
277 186 305
321 18 133
149 90 305
330 339 133
6 241 133
241 16 133
313 285
275 51
360 193 305
335 360 133
102 121 133
130 235 305
173 196 133
116 291 133
188 20
185 298 133
1 14 133
139 186 305
363 186 305
79 94 305
354 89 305
343 288 133
54 109 133
99 3
282 207 305
3 71
354 29 305
85 26 305
81 284 133
262 235 133
162 246
86 26
367 61
308 283 305
157 236 133
29 130 305
239 365
122 7 305
72 131 305
2 323 133
182 135 133
323 157
160 318
319 308 305
107 338 133
127 94 305
31 194 305
27 316 305
3 187
313 108 133
341 345
136 81 133
218 211 305
339 318 133
290 345 133
71 106 305
257 121
249 294 133
247 30 305
66 76
258 107 305
150 307 133
21 12 133
366 197 133
339 184 305
243 6 305
58 41 305
96 291 305
315 200 305
199 274 133
295 178 305
12 65 133
270 328
203 18 133
306 132
344 121 305
90 33 305
232 321 305
198 15 305
264 103 305
215 257
5 118 305
88 53 133
91 261
144 23 305
311 36 133
101 264 305
247 48 133
167 36 133
15 334 305
19 276 305
157 70 133
16 25 305
349 29
133 366 305
196 119 133
329 343
77 10 305
172 165 133
188 53 305
361 334 305
49 64 133
25 258 133
319 176 133
83 318 133
359 146 133
269 76 305
58 256
213 47
124 319 305
353 46 133
51 142 133
156 307 305
362 223 133
364 64
336 57 305
198 351 305
367 139
117 146 133
272 85 133
57 181
358 149 305
193 105
139 349
325 92 133
281 88 133
252 307 133
57 331
223 25
217 304 305
309 219
120 227 133
329 130 305
240 189 133
9 254 133
5 287
215 292 133
50 289 305
350 225 133
31 279
89 210 133
162 333 133
23 291
9 263
105 120 133
344 198
291 246 133
357 133
107 306 133
112 17 133
224 81 133
19 313
256 7 305
124 266
44 280
230 65 305
323 182 133
4 136
340 303 305
248 6
260 263 305
285 154 133
364 60
355 270 305
181 228 133
353 354 305
327 5
147 63
235 90 305
11 230 305
151 92 305
317 102 305
239 126 305
344 325 305
154 261 305
20 277 133
255 312 305
352 247 305
301 200 133
268 327 133
110 29 133
205 164 133
123 70 305
329 10 305
4 274
331 85
302 36
134 9 305
306 99 133
89 126 305
297 8 305
247 364 133
91 258 133
160 103 133
108 316
237 102 305
26 211 133
47 96 133
341 144 133
258 80
221 20 133
22 273 133
293 285
225 32 133
43 4 133
35 64 133
335 265
254 147 133
252 9 305
299 53
90 91 133
32 286
121 127
144 192
171 363
280 119 133
292 51 133
5 6 305
208 269 133
338 209 133
259 239
236 219 133
113 30 305
63 12 305
201 258 305
159 280 133
163 177
190 321 133
341 80 133
120 203 305
205 258 305
290 173 133
234 163 133
231 251
290 89 305
320 256
282 365 133
242 225 133
314 69 133
45 253
191 132 133
203 19
80 18
194 57 133
332 72
81 14 305
15 324 133
235 296 305
114 265 133
359 361
354 111 133
130 15 133
114 137 305
63 112 305
210 75 305
127 323
157 106 133
145 352 305
68 120
304 167 305
305 212 133
39 76 305
35 249
37 136 305
220 313 133
200 281 133
276 311 133
328 39 133
102 150
5 212 305
34 225 305
165 209
43 128 305
323 356 305
303 283
288 271 133
57 111
92 326
41 245
273 118 133
344 89 305
32 209 133
133 328 133
101 331
56 245 305
299 106 133
288 91 133
233 70 133
345 84 305
353 228 133
249 192 133
211 210 305
314 291 133
113 190 305
106 218
113 137
268 229 305
227 118 133
287 348 133
4 305 305
92 355 305
203 290 133
83 66 305
147 212 305
78 13 133
15 297
185 22 133
6 56
336 185 133
92 328
288 239 305
349 286 133
317 9
27 44 133
41 254 133
202 125 305
300 275 305
157 348 133
268 253 133
139 24 133
347 63
60 85 305
185 100 305
2 126
73 332 305
230 359 133
161 354 305
160 346
54 53 305
317 220 133
216 46
36 337 305
141 270 133
207 343
253 116 133
110 335 133
358 293 305
141 350 305
139 28 133
268 147 133
61 193
136 185 305
290 91 305
205 266 305
50 220
232 341 305
16 244
261 11
153 158 133
60 43 305
318 319 305
230 259 133
239 190 133
42 195 305
84 295 133
102 273 305
116 367 305
210 274
129 106 133
137 282 133
258 161 305
186 342
46 124
365 81
343 182 133
140 32
10 324
142 257 305
264 201 305
205 158 305
345 106 133
95 196 133
232 283 305
78 290
247 25
212 91 133
68 69 305
202 151 305
307 31
355 150 305
220 177 305
305 2 305
88 11 305
60 83 305
247 204 305
306 177 305
364 233 133
38 275 133
269 12 133
65 58 133
329 249
110 291 133
236 112
159 161
135 360 305
317 139
49 256 133
90 191 305
177 290 305
204 75 133
96 317 133
40 327 133
276 160
318 363 133
72 155 305
33 202 133
11 279
325 151
21 304 305
179 122 305
12 324
194 89 133
245 144 133
148 125 305
313 348 305
76 309 305
20 137 133
182 325 133
175 230 305
17 336 133
44 190
202 289 305
282 49 133
172 355 305
165 180 305
79 189
153 196 305
12 152
29 309
280 176
111 120 133
47 146 133
47 283
231 270 133
285 74 305
52 345 133
335 53
137 236 305
277 144 305
267 173
134 30
57 158 133
344 289 133
347 124 133
264 249 305
346 33 133
185 332 305
218 96
235 308 305
302 211 305
234 57 133
297 292 305
111 268 133
82 287 305
151 334 305
350 133 305
100 340
242 155 133
237 230 133
247 53
12 90
352 233 305
356 275 305
330 51 133
262 11 133
338 185 133
188 49 305
323 120 305
129 12 305
89 32 133
29 168 133
158 342
45 252 305
357 16 305
129 159
41 289
34 139 133
207 290 133
131 352 305
217 266 305
192 265 133
87 248 133
292 169 305
92 294
13 266 133
116 179 133
253 110 305
220 85 133
171 250 305
273 232 305
190 265 305
45 286 305
302 365 305
248 119 305
94 331 133
368 232
134 37 133
189 317
16 33 305
333 49
115 160 305
86 346
356 309 133
85 120 305
14 275 305
268 221 133
55 202 305
245 238 133
344 359 133
12 304
45 274 133
323 364 305
368 66
317 184 305
154 187 133
192 255 305
239 274 133
231 141
117 276 133
130 336
296 80
278 217 133
95 290 305
148 225 305
6 37 305
91 199
255 80 305
172 293 133
272 55 133
147 360 305
140 255 133
332 76
330 48
203 87
14 319 305
108 44
109 316 305
345 308 133
43 158 133
151 316 305
9 200 305
97 221
22 127 305
103 288 133
148 283 305
186 337 133
244 254
55 294 133
72 347 305
105 235
90 29 133
233 66 305
44 144
123 226 133
271 49
30 255 133
97 142 305
25 236 305
70 346
186 194
107 108 133
209 342 133
4 233 133
145 194 133
294 229 133
106 128
275 53
229 217
109 66 133
24 250
359 294 305
362 58
139 206 133
254 306
153 61
97 98 305
258 79 305
220 61 305
321 312 305
55 181
25 346 133
286 112
82 231 133
315 152 133
323 64 305
320 362
360 139 133
287 55
170 117 133
320 200
257 82 305
30 60
247 344 133
211 246 133
135 249
188 13 305
350 184
250 1 305
316 236
330 62
84 368
339 129
260 301 133
314 8
348 293 305
129 312 305
63 122 305
13 39
65 105
236 73 305
206 85 305
362 129 305
145 354 133
29 289
203 31
70 109 133
286 73 305
192 147 305
136 105 133
111 14 305
341 63
192 132
286 30
28 33 305
250 155 133
32 315 133
247 304 133
302 71 305
171 223
232 306
209 184 133
271 272 133
50 113 133
225 156 305
362 193 133
136 196
156 175 133
327 354 305
352 103 305
170 261 305
93 205
17 199
153 146 133
52 274
176 167 305
311 21
112 197 133
362 305 133
157 218 133
154 159 133
362 270
61 90 133
43 48 133
186 103 133
350 44
70 97 133
131 296 305
320 61 305
90 234
147 125
116 173 305
107 292 305
105 161
204 305 305
308 162
52 239 133
331 37
104 41 133
238 192
126 69 133
293 63
337 286 305
210 59 305
155 211
242 18
230 39 133
262 45 305
250 185 133
243 356 305
327 364 305
245 236 133
256 161 305
8 357 305
226 107 133
305 15
103 322 133
24 363 305
349 142 133
52 243 305
340 22
215 38 305
212 193 133
114 87 305
167 58 305
147 240 133
79 270 133
103 360 305
136 58
257 28 305
315 238 305
334 138
10 51 133
269 198 133
242 16
327 290 305
167 310 305
7 323
169 10 133
176 119 305
298 114
145 108 133
280 221 305
51 346 133
135 164 305
3 253
265 208 305
365 298 133
322 323 133
194 271 133
345 314 305
175 190 305
284 87 133
88 361 305
278 187 133
291 33
25 113
81 323
302 82
275 347
51 342 305
234 269 305
323 119
228 278
326 244
360 121 305
160 129 133
333 83
45 230 305
353 269
111 138 133
271 238 305
280 175 133
265 314 305
10 219 305
208 97 133
78 298
103 66 305
110 11 305
178 304
303 186 305
64 121 133
134 83 133
246 213 305
306 24
71 75
6 123 133
164 302
38 309 305
117 172 305
308 247 133
54 229 305
216 116
133 331
195 133
197 275
85 106 133
336 247 305
36 269 133
161 87
179 180 133
50 43 133
320 82
196 218
74 283 133
139 364 305
270 8
247 3
223 222 133
170 225 133
164 61 305
105 19
77 213
189 315
342 169 133
364 239 305
188 279 133
172 335 305
15 187
155 76 133
66 343 305
7 350 133
227 317
306 43 305
241 70 133
97 278 305
51 350 133
351 30 133
75 368 305
246 195 133
30 85 133
166 327 133
39 304 305
150 183 305
340 23 305
44 93 133
141 184 133
74 246
365 123
191 236 133
269 99
362 127 133
12 186
134 309 305
119 348 305
168 263 133
365 252 305
218 129 133
242 279 133
322 361 133
48 111 133
350 351 133
292 92
46 293 133
134 243 133
44 114
348 77 133
205 47
232 83 305
191 80 305
283 160 133
187 13
35 360 305
178 344
57 276 133
79 330 133
210 102
5 364 305
163 170 305
366 151 133
179 184 305
329 141
163 216 305
242 203 133
216 47 305
153 169
354 95 305
356 181 133
56 348
74 31 133
14 160
282 237 305
12 219 305
91 58 305
33 347
284 30
333 268 305
178 293 133
361 10 305
226 335 305
308 124
163 20 305
277 164 305
149 40 133
52 332
362 334
352 55 305
176 32
332 65 133
200 28
27 116 133
47 349
14 318
51 349
39 296 305
139 78 305
154 257 133
250 289 133
328 296
17 130 305
138 148
182 89 305
362 237 133
345 224 305
309 180 133
164 157 133
285 176 305
146 53 305
341 92 133
330 103 133
342 198
346 21 133
219 213
11 186 133
190 191 133
143 40 305
198 233 305
18 209 133
66 163 305
206 177 133
55 262 133
271 312 133
311 190 133
80 263 133
297 288 133
83 327
141 336 133
250 295 133
237 204 133
336 265 305
9 40 133
152 201 305
259 290 133
125 4 305
21 128 305
13 292 133
258 31 305
176 291 133
62 254
338 215 305
208 177 133
282 95 305
138 339 133
211 7
349 94 305
245 342 133
155 311
80 53 133
37 298 133
33 198 133
194 166
154 332
272 1 133
328 337 133
28 199 305
75 78 133
250 344
180 49 133
88 264
235 238 133
229 73
113 24 305
306 31 133
217 36 133
354 53 133
335 28 305
63 120 305
329 334 305
279 142 133
12 137 133
264 40
265 150 305
72 368
128 135 133
258 183 305
215 70 133
124 129 133
1 84 305
71 361
321 108 305
149 296 305
37 278 133
45 335
49 20 305
123 178 133
236 175 305
110 213 305
136 267 133
335 184 305
223 94 305
190 63 305
7 116 305
327 170 133
151 252 133
352 260
313 352 133
270 331 133
282 23 305
87 342 133
77 279
173 4 133
169 107
186 265 305
341 34 305
131 60 133
95 187
24 170
74 128
206 266
219 318 133
195 224 305
256 81 133
328 305 133
121 166 133
277 350 133
11 222 133
97 346 305
16 353 305
200 291 133
264 331 305
271 185
242 275 133
341 27
302 94
113 280 133
30 129 133
266 358
259 116 133
191 258 305
172 54
174 220
294 33 305
362 220
72 19 305
276 225 305
171 75
307 155
138 313 133
98 5 305
39 126 305
228 138
300 39 305
90 11 133
258 177 305
71 272 305
361 181
124 217 305
18 314
113 133
171 164 133
318 51 133
246 101 133
329 14 305
326 99 305
46 27 305
216 130
3 228 305
185 260 133
139 216 305
117 114 305
248 303 133
109 74 305
349 50 305
106 237 133
74 215 133
41 26 305
244 107 305
10 363 133
329 284 133
368 279 133
100 110
329 24 133
355 299
247 134 133
188 6
307 81
213 308 305
31 345
352 269 133
247 94 305
231 126 305
348 79 133
47 327
192 89 133
350 30
213 97
8 328
278 114
204 125 133
244 35 133
170 282
34 105 305
250 153 305
168 261 305
133 46 133
130 153 305
319 235
236 241 133
290 135 133
338 344
99 105
253 104 133
363 121
241 35
23 36 133
364 126
275 113
368 105 133
277 108 305
180 331 133
171 270 133
125 338 133
35 350 305
12 345 133
235 139
260 55 305
233 288 133
196 329 133
345 131
330 364
156 65 305
66 19 133
113 74 133
240 165 305
336 313 305
74 97 133
12 117 305
17 22 133
254 333 133
52 202
175 316 133
15 318 133
61 309
287 196 133
338 71 133
17 44 133
16 210
355 228 133
325 164 133
227 240 305
200 107 133
86 267 133
18 67 133
8 324
73 80 133
367 338 305
21 100 305
323 116 305
165 102 305
189 92 305
37 114 133
35 339
309 150 305
37 24 305
255 173
87 54 305
337 330 133
291 88 305
192 203 133
191 330 305
316 37 133
16 273 133
72 192
76 61 133
133 36 305
326 11 305
119 260 133
341 338 133
84 323 305
215 360 133
102 287 133
291 350 305
296 109 305
346 349 305
137 231
366 80
114 1 133
87 330 305
97 177
335 178 133
191 208 305
87 290 133
47 81
126 30
318 196
179 62 133
196 147 305
4 124
91 52 133
217 145
127 107
41 320 305
227 220 133
220 5 305
184 15 305
63 324 133
10 119 305
302 221 305
198 225 305
119 294 305
262 242
3 166 305
325 150 133
1 233
85 128 133
327 144 133
46 214
334 115 305
91 271
287 17
111 92 133
313 1
104 367 305
310 172
359 172 305
340 98
94 158
165 48 305
88 81 305
280 233 133
216 135 133
60 228
251 298 133
367 332 133
222 73 133
222 35 305
125 264 133
164 283 305
28 97 133
93 30 305
129 242 305
100 263 305
94 131 305
205 65
145 104 133
301 90 133
187 356 305
51 100 133
262 9 305
104 348
38 328
87 66 133
191 30 133
219 245
190 357 133
93 80 133
214 89 133
185 246 133
2 73 133
108 105 305
43 156 133
103 130 305
55 250 305
181 144 305
366 52
235 340 133
140 109 133
4 357 305
150 262
162 37 133
306 93 133
193 38 133
265 17
138 94
30 259 305
70 47 133
362 17 133
363 265
76 360
339 37
297 24 133
155 322 305
248 163 305
135 338 133
89 104 305
106 163 305
51 158 133
350 55 133
287 254 305
329 47
335 300 305
296 62
98 199 305
88 269 305
108 74
65 292 133
276 313 305
190 80
192 306
66 9 133
286 99 305
197 214 133
20 103 305
298 257 133
211 29
2 79 133
145 197
168 285 305
309 203
15 61
196 109 305
22 161 133
223 10 305
53 323
199 48 305
127 190 305
354 271 133
103 175
87 64 133
57 368 133
295 280 305
281 9
12 105 133
94 361 305
340 5 133
290 99 133
298 139 305
335 27
231 198 133
89 20 133
344 331 133
262 225 305
161 38 133
361 30 305
145 224 305
181 53
275 13
227 117
152 27 133
145 38 133
227 65
222 211 133
51 244 133
303 30 133
293 36 305
82 244
245 348 305
301 348 305
341 6 305
282 253 305
65 346 305
298 267 305
180 243 305
246 329 305
297 120 133
79 60 133
295 148 133
120 355 133
262 29 305
104 273 305
186 75 305
72 185 133
130 129 305
323 90 305
336 259 305
327 7
196 143 133
289 92 305
34 143 305
251 78 133
80 254
363 213
218 329 133
238 145 305
71 110 133
198 3 133
258 167 133
233 142 305
245 246 133
166 75 305
35 116 133
260 335 133
150 65 305
80 125 305
299 97
36 315 133
72 232
348 333 305
21 14 133
61 209
187 39
31 198 305
76 141 305
238 101 305
155 78 133
7 178 133
360 245 305
258 179 133
117 278 305
39 21
252 129 133
253 215
241 185
243 179
189 264 133
177 300 305
85 160 133
101 96 305
170 171 305
21 20 305
352 257 133
121 223
270 13 305
334 307 133
207 306 305
7 312 133
319 174 133
105 210 305
13 16 133
258 323 305
80 358
59 226 305
331 58 133
343 36 133
326 20
19 312 305
251 185
60 8
142 263 305
48 200
124 329 305
251 346 133
68 205 305
36 357 133
163 218 133
84 129 133
328 159 305
229 359
35 280 133
364 187 305
114 272
85 345
277 319
144 189 133
339 86 305
339 336 305
351 73
110 145 133
313 186 305
336 275 305
169 154 305
73 282 305
352 117 305
167 66 305
99 240 305
51 152 133
359 82 133
8 103 133
86 282
315 105
367 93
339 114 133
106 101 133
41 358 133
294 44
259 233
88 117 305
24 241 305
304 141 133
138 329 133
308 1 133
301 63
91 285
213 204 133
360 131 305
210 209 305
253 119
212 87 133
31 239
219 298 133
310 142
14 183 133
306 179 133
172 176
355 322 305
264 367 305
109 318 133
190 61 133
225 288 305
156 187 133
186 187 133
204 355 133
70 350
89 121
227 90 133
76 293 305
147 79
291 234 133
237 224 305
7 255
98 311 133
265 354 133
327 332 305
85 198 305
361 2 305
203 222 133
345 273
256 169 133
3 318 305
146 175 305
156 309 133
294 225 133
163 50 305
150 39 305
244 190
192 215 305
256 6
52 285 305
20 117 305
338 77 305
84 159 305
327 68 305
311 278 133
79 260 133
218 360
190 342
124 63 133
200 123 133
266 301 305
6 62
26 223 305
239 204 305
171 8 133
194 276
10 148
368 54
101 102 133
116 135 133
167 144 305
149 174 305
94 218
110 283 133
324 51 133
310 341 133
288 275 133
230 269 305
197 338 305
76 143 305
42 181 133
295 26 305
4 54
285 314 133
361 282 133
146 166
329 206 133
363 344 133
2 149 305
3 334 133
186 350
336 99 133
44 303 133
192 41 133
88 364
204 199 305
246 225 305
84 281 305
292 277 305
344 223 305
334 227 305
29 323
221 50 133
144 157 305
285 67
345 60 133
85 182 133
364 303 305
313 298 133
351 326 133
201 88 133
243 188 305
243 214 305
21 329
251 136 305
257 327
239 20 305
192 247 305
268 85 305
62 278
267 188 305
294 108
291 68 133
161 326 133
209 82 305
301 315
1 46 133
95 254 133
22 111 133
153 357
145 144 133
216 212
117 50 305
138 336
335 137
56 299 305
116 307 133
90 97 305
35 141
335 188 133
86 326
329 164 133
41 204 305
39 364 133
133 298 305
115 106 305
56 249 133
112 61 133
228 271 133
59 361
353 54 305
202 203 133
188 63 133
355 181
9 295
179 344 133
41 333
25 176 305
21 108 133
152 224
185 206 133
226 128
301 174 133
161 330 133
62 354
114 141 133
153 96 133
222 340
320 162
279 240 133
182 279 133
272 43 305
55 71
62 229 305
25 7
174 263 133
281 254 305
183 90 305
10 175 133
344 133 305
91 248 133
209 95
226 365 305
278 269 133
42 113 305
358 295 133
63 359
263 286 133
97 258 305
42 283 305
333 334 305
301 3
103 276 305
58 316
343 88 305
275 208 133
2 291 305
257 122 133
159 306 305
156 248
222 96
319 110 133
356 103 305
286 261 133
308 63 133
327 195
214 166
174 339 305
136 157 305
49 170 305
125 67
332 134
343 360 305
94 323 133
123 222 305
162 10
131 57
64 123 305
82 15 133
193 162 133
315 82 133
129 20 305
343 116 305
203 145
307 146 133
51 319
274 71 305
190 363 133
316 103 133
187 110 305
336 263 305
252 325 133
244 59 305
74 313 133
353 37
331 80 133
129 234 133
360 225 305
233 80 133
311 71
154 15 305
293 72 133
275 234 305
187 84 133
91 278 133
170 298
244 252
100 223 133
357 81
355 336 305
261 2 305
249 53
90 294
147 280 133
165 190 305
21 216 305
119 14 305
114 147 305
272 275 133
290 189 305
3 128 133
240 66
254 47 305
42 324
340 49 305
45 226 133
265 275
283 30 133
213 338 133
105 347
365 338 133
86 153 305
268 245 133
268 37 305
170 201 305
84 299 133
114 10
18 276
221 168 133
109 306 133
73 331
66 91 305
88 227 133
309 68 305
44 348
53 104 133
22 307 133
240 25 305
130 177 305
92 253 133
280 244
185 307
128 133 305
142 361 133
22 353 133
172 187 305
84 202
177 280 133
22 319 133
243 368 305
308 75 133
320 297 305
148 321 133
30 159 133
28 144
36 188
187 270 305
156 227 305
351 164 305
175 162 305
334 127 133
82 273 305
351 75
251 360 133
318 307 305
267 336 133
255 74 133
39 176 133
209 325
271 362 133
72 316
335 352 305
181 95
356 273 133
355 30 305
59 148 133
336 125 305
26 348
11 80 305
236 84
106 25 305
289 67
356 271 133
196 169 133
167 148 305
297 66 133
240 301 133
136 160
325 87
214 293 305
27 297
188 271 305
125 304 133
240 183 133
323 228 133
114 89 305
142 229 133
368 37 305
2 351 305
67 151
353 108 305
279 150 305
323 172 133
252 13 305
310 150
99 78 305
3 312 133
12 331 133
251 364 133
82 219 305
127 354 133
149 250 305
345 35
119 177
177 22 133
273 244 133
2 324
187 105
279 120 133
346 190
297 160 133
283 258 133
325 3
119 261
26 255 133
37 289
164 343 133
9 94 133
1 205
190 251 133
75 325
196 107 305
35 42 305
257 293
115 283
252 194
192 356
329 236 133
259 70 133
24 174
321 57
325 174 305
144 117 305
56 115 133
84 152
312 241 133
338 179 133
338 87 305
50 356
346 292
332 239 133
59 217
344 58
359 77
45 201
201 276 305
114 161 305
359 59
231 150 305
55 228 305
161 73
25 190 305
271 72 305
54 267 305
305 276 133
117 60 133
355 26 133
28 62
361 32 133
111 281
292 9 133
245 310 133
61 346 133
186 179 133
152 181 305
125 28 133
11 84 133
287 328 305
232 159 305
269 302 305
247 266 305
35 245
284 63 305
162 343 305
83 345
100 20
341 135
333 84 133
21 296 305
363 178 305
302 303 305
335 195
251 296 133
31 348 305
338 171 305
335 10 133
116 296
314 259 305
72 129 133
82 13 305
75 242 133
302 179 133
60 261 133
156 205 305
24 258
34 49 133
235 256 305
205 222 305
296 159 133
19 298 133
33 168 305
156 125 305
23 75
111 338 305
234 46
348 144
250 366
41 222 133
210 183 133
250 341 133
318 41 305
14 223 305
352 65 305
39 12 305
141 204 133
347 144 133
113 322 133
252 203 305
137 296 133
267 24 305
254 201 133
13 305
239 16 133
241 30 305
132 147 133
106 363 133
288 34
147 246 305
310 223 133
366 51 305
237 184 133
54 159 305
57 203
266 365 305
264 51 305
193 70 133
290 125 305
100 350
272 169 133
213 329
217 16 133
126 15 305
246 177 133
123 36 133
10 235 133
55 330 133
96 127 305
231 174 305
360 227 305
188 363 133
243 254 305
350 155 305
343 18 133
47 11
360 7 305
202 249 133
56 316
367 210 133
110 162
126 113 133
218 249 133
205 26 305
39 91
275 37
53 117
208 7 305
138 175 305
324 343 133
87 350 133
274 245 305
187 18 305
171 60 305
229 113
192 11 305
214 299 133
249 10 133
82 240
43 96 133
350 31 305
17 262 305
233 62 305
87 142 133
13 279
77 105
147 186 133
326 300
62 13 305
341 43
96 131 305
190 51 305
23 71
256 51 305
85 303
241 150 305
127 128 305
284 89 305
246 95 305
335 276 133
56 193 133
44 152
196 254
10 17 305
48 326
35 329
62 95 305
27 290 133
97 284 133
112 69 305
207 294 133
251 102 133
14 167 133
21 32 305
349 18 133
87 296 133
355 190 133
348 261 305
286 327 305
233 104 133
67 310 305
156 35 305
312 86
17 190 305
106 320
91 122 133
266 51 133
83 282 305
277 170 305
197 322 133
196 129 133
102 243 133
327 292 133
43 117
143 318 305
128 231 305
111 114 305
168 37 305
88 330
63 326 305
68 131 305
93 26 305
170 233 133
354 229 305
329 252 305
214 168
135 202 305
194 293 305
359 223
244 129 133
183 92 305
255 53
13 70 133
69 317
160 29 305
109 359
115 81
185 194 305
61 58 133
34 234
134 16
81 302 133
114 107 305
73 335
116 187 305
24 131 305
356 9 133
99 70 133
321 59
246 41 133
327 74 133
53 218 133
8 77 133
255 254 133
166 273 133
339 197
103 334 133
31 285
303 25
305 173
271 134 305
209 212 133
35 324 305
242 105 305
294 73 133
132 73 305
198 57 133
330 151 133
332 176
183 184 133
343 178 133
217 344 305
123 354 133
78 195 305
63 349
192 180
164 29 305
11 282 133
154 353 305
38 363 133
325 336 133
341 202 305
2 33 133
232 133 305
75 332 305
130 68
136 333 305
66 173 133
363 110 133
111 50 133
364 58
305 28 133
316 337 133
61 314 305
267 17
23 62 133
121 220 133
357 304 305
80 135 305
262 83 133
193 326 305
58 324
19 74 133
12 115 133
253 338 305
240 221 133
109 220 133
229 296 305
255 17
222 367 305
57 188 305
3 321
328 301 133
311 1
321 98 133
170 115 133
70 133 133
82 333 133
288 299 305
261 104 133
290 269 133
173 28 133
76 268
348 97 133
41 336 133
337 320 133
96 33 133
105 150 133
225 313
319 249
238 130
146 73 305
130 201 305
99 282 305
159 146 133
227 1
86 299 305
128 177 305
275 250 133
182 229 133
191 12 305
65 335
274 29 305
301 38 305
353 102 133
119 140 133
223 28 305
247 314 305
287 227
154 124
133 314 133
111 126 305
237 70 305
74 153 133
74 242
129 216 305
147 154 133
8 145 133
126 319 305
281 184 305
147 159
73 22 305
86 359 305
331 157
19 16 305
298 215 133
108 209 133
74 355 305
354 13 133
91 362 305
222 254
214 19 305
261 108 133
122 85 133
53 164 305
284 283 133
188 125 305
302 271 133
225 236 133
254 23 133
170 18
292 89 133
78 350
66 169 133
94 75 133
215 86 305
186 29 305
165 64 305
132 78
63 141
72 95 305
212 355 305
135 100 305
34 338
226 139 305
33 164 305
190 300
28 85 305
323 42 133
199 240 133
71 48 305
53 18 133
304 97 305
345 48 305
39 160 133
113 251
300 299 133
331 52 133
72 137 305
151 156 133
214 189 305
317 99
260 29 133
289 356 133
106 249 133
338 53 305
347 322 305
64 77 133
362 74
110 276
300 41 305
68 145 305
38 179 133
299 322 305
272 172
10 253 133
71 299
319 320 305
111 113
366 125 133
42 17 305
230 339 305
201 216 133
16 77 305
308 243 305
364 86
182 345 133
91 238 305
286 177 305
368 249 133
179 135
66 27 305
42 211 305
20 161 305
106 176
220 281 305
21 200 133
15 301
265 282 305
91 187
247 17
225 135
79 180 305
256 307 305
198 9 305
15 277
257 354 305
304 46
42 237 133
219 20 133
77 278 133
362 312
168 49 305
164 3 133
102 281 305
110 103 133
175 123
223 292 305
112 295 305
258 105 133
246 28
268 313 133
330 131 305
268 116
113 33
105 92 133
53 351
2 131 305
111 24 133
355 260 305
56 11 133
176 18
251 172 305
331 253
48 356
238 41 133
183 212 305
26 149 133
256 351 133
274 145 305
184 37 305
272 81 305
306 14
219 240 133
64 70
128 101 133
201 132 305
153 212 305
24 344
341 138 133
336 131 305
244 49 305
331 272 133
105 260 305
167 295
19 288 133
188 189 305
113 240 305
118 95 133
1 282 305
247 232 133
162 127 305
68 232
56 197 133
178 321 133
323 350 133
122 185 133
245 89
271 286 305
308 70
67 269
170 175 133
91 23
211 242 133
86 11 133
10 341 133
355 112 133
315 102 133
214 39 133
194 317 305
97 66 305
212 267 133
359 24 133
241 49
82 258
162 200
368 211 305
324 345 133
274 295 133
368 209 305
203 240 305
233 34 133
118 349 133
298 29 305
87 295
114 314
298 324
147 238 133
312 45 305
285 236 305
311 46 305
265 264 133
343 35
145 231
295 275
171 331
145 234 305
221 71
99 10 305
84 255 133
296 33 305
45 185
76 131 305
128 313 305
155 120 133
129 6 133
152 3 305
178 54
120 309 133
363 366 133
233 320 133
252 321 305
220 366
229 10 305
4 294
233 152 133
165 28 133
262 341 305
6 290
252 29 133
239 280 305
221 277
287 30 305
70 117 133
351 24 133
115 245
352 13 305
271 218 133
207 124 133
248 33 305
163 64 133
97 260 305
210 273 133
302 119 133
258 163 305
58 169 305
87 175
286 55 133
189 26 305
234 51 305
305 254 305
195 347
243 367
316 297 133
128 161 133
232 271 133
50 324
157 328 133
17 280 133
294 277 133
169 184 133
86 60
48 362
265 274 305
174 233 133
132 11 133
95 204 305
239 248 133
361 125
327 352 305
11 344 133
18 332
316 11 133
353 122 133
131 248 305
130 173 133
67 36 305
9 161
25 145
258 81 305
204 279 305
318 223 305
97 128 305
186 19 305
136 42
13 161
350 154
32 318
346 126
237 12 133
210 307 133
105 291
344 304
122 361 133
341 136 305
248 297 305
339 263
190 57 305
358 357 133
249 104 305
321 241
274 43 133
365 77
244 104
282 75 133
320 133 133
303 180 305
166 302
22 322
112 267 133
127 29
202 299 305
228 307 305
331 313
132 259 133
8 295 305
118 360
173 8 133
60 324
96 73 305
125 192 305
190 280
164 324
255 19
367 45
262 177 305
354 149 305
82 35 305
123 140 305
77 354 305
289 260 305
256 316
69 22 133
199 314 133
171 282 133
181 21
126 330
285 297
177 347
22 280
5 36 305
255 116 305
66 268
38 213 133
281 11
200 341 133
86 366
18 47 133
67 260 133
333 99
345 6 133
50 147 133
20 244
269 175
206 351 133
77 95
132 61 133
261 352 305
90 257 305
111 68 305
126 336
232 91 133
315 214 133
73 230 305
333 25
314 235 133
323 352 305
193 18 305
256 233 305
257 302 305
78 232
70 101 133
75 259
311 232 133
342 193 133
333 64 305
171 210 133
194 299 133
5 109
214 228
73 116 133
334 211 133
96 108
125 362 305
92 79 133
159 353
219 310 305
74 332
208 248
257 243
195 361
348 25 305
259 286 305
277 38 133
257 7
304 89 305
208 205 305
320 259 305
120 39 305
303 170 305
215 130 305
274 269 305
120 189 133
308 6
71 20 133
235 80 133
327 33
82 26
296 11 305
219 62 305
249 134 305
268 151 305
78 30
361 338 305
92 133 305
53 325
366 87 305
136 123 305
86 244
65 337
36 358
347 204 133
78 101 305
134 231 305
127 46 305
152 161 305
200 254
169 128 305
99 254 133
355 47
210 345 305
308 211 305
193 22 133
161 138 133
226 339 133
144 239 133
263 348 133
93 176 305
323 35
148 127 305
285 202 305
213 24 133
254 246
91 281
115 137
84 41 133
52 286
94 364
261 364 305
199 304 305
326 321 133
260 169 133
222 66
108 99 305
171 186 305
285 170 305
310 125 305
291 195
249 57
282 269 305
7 258 133
251 334 133
322 343 305
151 44 305
30 313 305
362 313 305
34 123 133
229 154 133
205 292 305
236 145 305
232 241 133
170 245 305
317 290 305
303 196 305
272 21 133
187 35
90 175 133
8 307 305
329 366 305
40 121 305
131 232 305
116 206
194 201 133
33 300 133
322 123 133
86 248
217 154 305
284 300
58 235 133
230 5 305
243 176 305
171 320 305
170 169 133
228 216
277 204 133
306 267 133
26 79 305
96 257 305
238 339 305
287 368 133
13 184 305
86 320
12 232
54 363 305
19 98 133
93 100 305
140 187 305
315 40 133
188 33 133
355 125
250 97 133
351 18 133
165 78 133
319 15
273 304 305
65 365
58 216
268 56
202 305 133
274 253 305
232 49 305
173 47
230 87 133
191 210 133
30 115 133
269 210 305
58 335 133
126 367 305
11 240 305
178 135 133
60 48
245 202 133
325 7
29 351
21 266 133
345 292 305
41 5
357 184 305
154 127 133
47 117
25 368 133
123 164 133
86 31 305
165 83
225 257
342 44
332 69 133
215 148 133
116 157 305
306 66
37 38 133
212 308
98 73 133
15 232 133
363 194 305
15 136 305
267 92 305
64 15 305
367 119
303 199
92 77 305
155 36 305
21 178 133
294 203 133
3 317
115 209
60 291 133
89 224 133
353 160 133
230 76
139 328 133
266 142
329 228 305
85 291
94 198
118 148
58 55 133
236 311 133
275 54 305
99 162 133
145 290 133
16 331 305
309 114 305
48 73 305
97 118 305
62 318
220 87 305
169 194 305
176 173 305
324 20
38 249 133
151 137
274 47 305
154 263 305
103 321
274 177 133
16 171 305
16 27 305
98 307 133
39 289
75 15
313 72 133
271 122 305
153 252 305
125 300 305
109 110 305
268 197 133
253 63
45 60 305
46 235 305
151 361
14 238
65 325
74 37 305
116 139 305
343 117
216 124
297 90 305
221 119
16 309 133
43 284 133
257 168 133
188 191 133
231 158 133
98 203 133
227 208 305
353 34 305
161 12 305
312 61 133
16 31 133
341 33
47 156 133
36 137 133
286 15 305
119 34 305
304 38
303 282 305
218 260
263 181
13 181
5 354 305
197 332 133
30 235 305
141 338 305
155 260 305
317 212 133
67 279
75 312 133
277 74 133
254 223 305
33 288 305
307 345
77 168 305
18 282
357 48 133
355 254 133
288 13 305
341 84 305
109 182 305
43 40 133
57 168 133
238 353 305
114 109 305
145 95
310 91 305
163 60 305
71 328 305
256 336
263 16 305
133 264 133
209 104 305
154 6
37 329
212 233 305
32 50
82 358
262 43 133
87 281
212 8
207 258 305
18 257 305
85 367
316 111 305
300 139 305
244 321 133
352 201 133
365 73
229 270 133
179 148 305
361 162 133
309 44 133
215 347
198 359 133
298 156
283 184 133
17 335
311 242 305
170 37 133
34 230
95 64 305
337 19
191 105
211 259
213 298 133
261 86 133
333 279
254 242
162 115 305
112 83 133
266 325 305
343 342 133
328 309 305
44 37 305
85 242 133
45 288 133
169 302 305
52 105 305
86 301 133
215 198 133
237 19
15 276 133
354 272
245 286 133
278 271 305
35 306 305
328 3 133
332 192
48 1 133
150 229 305
122 359 305
165 194 133
351 302 305
138 79 133
158 103 133
144 205 133
47 126 305
21 333
42 309 305
315 252 305
108 141 305
248 155 133
36 296
172 45 305
278 291 133
145 182 305
296 65 133
54 86
140 236
331 204 133
180 183 305
79 351
217 279
191 152 133
329 106 305
110 256
208 45 305
28 185 133
209 331
76 108
6 353 305
302 283 305
234 42
126 349 305
336 100
137 174 133
329 171
268 217 305
34 277 305
71 80 305
56 188
14 197 305
212 331 133
206 363 133
6 324
63 312 305
83 14 133
40 27 133
35 140 305
149 363
62 35 305
296 37 305
4 195 133
16 225 305
197 84 133
267 169
82 163 305
232 38
100 9 133
174 141 305
360 93 133
44 215 305
257 330 305
289 76 133
97 162 305
194 367 305
94 227 133
322 302
153 103
210 205 305
19 108 305
289 83
98 187 305
364 53 305
311 352 133
121 32 305
73 211
224 231 133
3 225
138 22
307 132 133
106 29 133
124 161 133
306 92
40 285 133
118 153 305
260 195 305
109 120 305
77 304 305
185 102 133
200 221 133
305 39
69 366 133
352 119 305
96 283 133
241 210 133
324 301 133
191 173
300 352
283 368 133
48 249 133
56 289 133
164 245 305
270 104
119 206 133
271 118 305
322 107 133
150 59 305
226 343 133
112 247 133
142 315 133
57 361
314 293 133
103 177
147 156 133
299 320 133
320 223 133
326 77 133
101 168 305
143 308 133
183 112 305
253 363
58 322
290 333 133
251 64 133
299 63
255 263
168 213 305
113 90 133
341 64 305
279 115
366 141 133
123 42 133
290 139 133
252 221 133
160 359 133
215 178 305
296 107 133
151 301
122 352
129 352 133
124 183 133
34 330
297 237
272 273 133
356 283 133
85 336 305
356 55 305
272 118
329 139
121 318 133
227 78 133
299 36 133
250 41 305
29 312 133
4 248
170 195 305
365 71
316 321 305
48 287 305
295 45
183 8 305
72 285 133
129 264 305
148 338
267 324 133
350 207 305
254 54
236 134
337 95
33 88 133
235 170 305
3 168 133
118 241 305
224 3 133
340 175 133
204 57 133
149 256 305
87 267
230 161 305
81 149
24 84
81 181
218 201 133
239 92 305
154 199 305
193 218 305
143 279
65 38 305
273 78 133
164 293 305
363 270 305
256 18
77 81
205 8 305
58 295 133
210 257 133
187 198 133
70 41 305
94 145 133
330 8
69 144 133
196 274
349 109
48 171 133
145 332 133
98 33 133
225 112 305
9 285
205 228 305
32 342
145 102 305
78 177 305
235 346 305
175 361
284 139 305
265 324 133
126 109 133
362 335 305
10 244
337 130 305
163 262 305
361 173
81 273
91 183
97 19
38 79 133
72 267 133
302 42
123 223
3 261
60 32
250 280
95 28 305
71 258 305
177 56 133
36 320
307 246 133
354 70
291 320 133
283 94 133
323 13
197 234 133
17 331
206 21 305
114 179 305
261 183
348 45 133
166 269 133
329 98 305
59 118 305
310 313 133
245 178 305
368 345 133
15 249
75 104 305
202 252
4 363 133
138 81 133
45 192 133
251 234 133
239 223
287 98 133
248 229 305
364 339 133
288 353 133
171 51
33 14 305
292 317 305
233 336 305
194 147 133
303 308 305
141 282 305
198 147 305
3 346 305
267 220 305
186 91 133
242 151 133
141 75
167 214 133
237 344 133
159 59
361 40 305
91 100 133
352 127 305
187 22 305
164 275 305
147 188 133
259 108 133
366 15 305
10 311 133
59 33
151 160 305
364 174
362 164
161 190 305
247 227
315 340 133
137 340 133
366 13 305
26 329 133
192 272
301 70 305
290 71 133
298 221 133
39 287
11 92 133
270 215 133
303 148 305
304 311 305
289 242 305
364 355 305
101 271
348 269 133
259 164 133
22 301 133
217 314 305
350 189 305
187 164 133
274 328
185 87
345 76 305
352 35 305
168 51 305
206 169 305
118 255 305
269 246 133
276 224
211 34 305
136 73 305
33 48 133
265 180 305
186 101 133
79 312 133
363 43
191 244 133
111 52 133
43 359
172 362
341 331
342 319 305
103 305
45 62 133
333 61
8 129 305
136 223 133
87 147
125 20 133
105 293
133 105
17 268 305
352 50
135 276 133
265 260 305
184 55 133
282 104
73 314 305
44 279 305
46 142
364 17 133
79 16 133
98 305 305
200 39 133
47 224 305
56 219 305
343 83
194 323 305
149 270 305
276 222
100 311 133
106 146
310 229 305
78 347 133
282 145 133
167 47
71 259
278 309 133
308 359 305
61 146 305
2 253 133
153 322 133
99 350 305
22 169 133
248 29 305
337 248 305
223 153
155 335
119 26 305
75 338 305
132 341 305
347 168 133
21 362 133
175 36 305
238 208
169 330 133
356 90
309 161
275 186 305
156 209 305
66 356
250 357 305
42 43 305
139 40 305
103 98 133
89 258 305
191 367
323 160 133
285 11
26 153 305
53 158 305
95 325
345 92 133
258 263 133
297 95
123 300 305
54 285 305
248 291 305
160 62
40 301 305
312 90
330 289 305
204 299 305
238 195 305
28 1 133
48 125 305
291 207
251 357
33 110 305
70 245 133
3 134 305
64 171 133
299 244 305
26 248
308 42
65 342 133
216 25 305
91 141
36 253 305
3 44 133
251 134 305
360 333 133
65 148 305
111 89
175 309
266 174
71 190 305
40 123 305
218 43 305
25 338 133
217 4 305
302 356
226 276
132 67 305
267 310 133
142 359 133
211 255
94 233 305
287 275
319 140 305
120 157 133
136 108
295 2 305
110 219 305
322 223 133
173 336 305
287 10 133
261 308 305
346 137 133
51 6 305
32 181 305
100 5 133
240 215 133
112 257 133
182 203 133
175 173
292 103 133
179 334 305
341 108 133
365 90 133
232 25 133
32 296
14 120
317 59
127 301
365 173
262 63 133
264 164
9 160 133
75 12 133
17 302 305
291 87
248 211 133
18 255 133
240 325 133
339 196 305
181 230 133
10 232
194 260
296 281 305
101 318 305
191 278 133
308 77 305
244 346
181 178 305
242 303 305
176 250
352 163 305
226 57 133
334 97 133
284 145 305
67 250 133
324 233 133
53 266 305
33 281
324 180
42 310
38 61 305
300 180
207 140 133
228 324
341 360 133
367 327
207 316 133
104 47 133
182 253 305
200 79 305
255 49
139 118 133
276 325 133
199 236 305
240 5 305
27 110 133
138 263 305
339 30 305
112 228
151 240 133
127 284 305
250 209 305
252 141 133
161 18 133
8 321 305
32 333 305
108 33 133
208 93 305
272 325 133
119 36 133
26 187 133
143 150 133
316 267 305
305 129
77 347
348 190
57 313
31 109
109 8 305
95 96 305
29 251
314 272
105 208 133
32 45 133
341 59
117 297
61 362 133
159 298 133
311 162 305
178 16
285 278 305
362 105 305
308 28
262 111 133
173 9
355 274 133
28 269 133
16 294
269 176 305
78 363 305
151 289
135 240 133
41 361
67 35
56 298
311 158 305
7 47
145 106 133
169 368 305
216 9 305
323 140 133
44 69 133
229 2 305
293 286 133
357 40 133
56 342
337 198 133
299 22 305
349 247
149 25
177 216 133
208 201 305
50 345 305
118 25 305
272 175 305
19 76 305
49 132 305
17 4 305
284 350
34 298
217 72 133
120 149 133
192 185 133
239 135
147 164 305
30 291 133
315 188 133
47 133
244 91 133
119 169
147 47
348 70
191 56 133
236 259 305
42 300
96 179 133
311 60 133
340 45 133
326 218
55 76 305
23 99
246 279 305
116 356
10 339 305
255 328 133
184 311 305
317 346 305
208 33 305
213 148 133
60 358
255 96 133
33 276 133
180 55 133
279 202 305
72 205 305
200 319 133
48 83 133
62 223 305
19 144 305
299 72 305
254 101 133
249 230 305
344 64
136 82
64 45 133
259 193
62 333 133
278 327 133
334 68
174 335 305
56 1 305
57 126 305
138 15 133
7 273
307 36 305
40 230
3 270 305
5 113
175 298 305
125 255
314 321 133
132 117 305
300 20
314 32
321 262 305
103 290 133
310 19 305
261 199
66 179 305
321 14 133
255 180 305
114 225 133
169 36 305
45 353
70 248
128 63 305
325 8 133
259 278 133
173 331
337 202 305
242 57 305
295 258 305
46 3 305
254 69 305
218 319 133
308 15 305
102 71 305
345 100 133
112 343 305
217 163
251 72 305
171 302 133
231 52 305
164 311 305
195 54 133
274 213 305
128 365 305
88 331 305
237 108 305
302 58
20 308
99 337
85 243
151 198 305
29 232 133
166 33 133
225 72 133
79 58 305
248 85 305
121 263
332 277 133
119 222 305
181 17
347 93
320 147 305
308 264
84 30
257 93
124 351 305
209 286 133
257 5
168 338
304 209 133
337 192 133
6 79 133
28 241 305
85 138 305
179 101
280 115 133
211 220 305
262 7 305
169 282 133
8 69 133
150 71 133
9 168 133
298 301 133
308 38
247 97
108 69 133
295 168 133
16 302
65 208 305
213 68 133
332 40
183 18 133
110 337 305
183 336 305
216 59 133
33 323
95 152 305
252 107 133
131 366 133
35 239
337 87
191 228 133
165 350 133
361 290 305
148 235 305
133 270 305
216 345 305
84 49 305
56 305 305
71 96 133
2 157 305
140 347 133
75 358 133
347 348 133
90 229 133
258 85 133
268 287 305
208 366
222 261 305
331 126 133
348 127 305
153 134 133
200 215 305
1 8 305
34 95 305
239 222 133
1 112 133
251 20 305
174 275 133
81 74 305
13 327
242 9 305
300 194
328 184
236 99 133
87 358 133
357 178 305
170 231 305
140 125 305
277 194 133
221 294 133
298 12
139 156 133
92 143 133
83 188 133
26 61 305
324 28
150 117 133
16 234
346 109 133
294 69 133
189 275
354 195 133
66 121 305
338 103 133
227 23
222 59 305
335 128 305
271 95
77 331
267 224 133
125 212 305
119 124 305
170 9 305
106 189 305
115 42 133
322 230
14 316
311 366 305
68 193 305
54 240
82 337 133
331 292 133
66 52
126 7 305
12 249 305
271 241
65 242 305
326 181 305
170 4
34 45 133
189 130 305
105 15
244 311 305
206 203 133
122 129 305
21 224 305
80 34
17 314 133
266 355 133
233 92 305
357 70 305
295 262 133
346 52
240 12
229 160 305
195 13
273 158 133
340 28
253 212 133
343 215
157 290 305
137 357
13 284 133
368 59 305
324 367 305
106 81 133
23 77
301 168 305
348 43 305
140 51 305
353 20 305
132 293 133
80 292
112 91 133
326 347 133
265 346 305
18 287 133
263 267
130 9 133
286 268
50 45 133
286 172
148 9 133
351 69
108 311 305
204 7 133
299 256 133
360 287 305
242 15 133
66 105 305
137 88 133
164 317 305
6 355 305
65 334 133
180 31 305
170 265 133
345 148 305
25 152 133
76 1 305
203 146 305
106 73 133
72 346
333 154 133
33 262 305
210 365 133
154 201 305
179 238 305
303 192 305
317 196 133
151 192 305
368 263 133
332 255 305
55 154 305
166 212
8 310
143 282 133
283 364 305
304 367 305
27 273
324 243 133
323 106 133
21 91
211 88 133
195 307
343 266 133
238 247 305
160 274
83 240 133
340 207 305
294 163 133
72 188
312 65 133
307 24 133
205 190 133
21 18 133
306 6
306 39 133
22 221 305
347 32 133
285 84 133
28 189 305
179 84 305
320 219 305
7 198 305
132 65 133
314 305 133
309 26 133
163 166 133
174 345 305
264 358
302 40
287 1
155 32 305
64 337 305
317 26 133
156 161 133
180 33 305
287 292 305
130 49 133
242 180
136 195 305
286 19 305
21 364 305
111 208 133
141 66 305
82 227 305
157 49
268 136
13 28 305
264 6
201 29
21 212 133
341 350 133
252 55 305
304 53 133
43 178 133
44 240
176 141 305
256 269 133
142 71 305
242 23 305
93 43
102 226
109 22 305
152 227 305
349 172 133
34 187 133
264 295 133
342 258
158 173 133
250 19 133
338 245 305
90 230
145 188 133
40 189 133
161 103
195 190 305
44 257 133
203 112 133
193 344 133
216 181 133
357 230 305
4 129 133
110 216
145 356 305
321 344 305
63 44 133
90 223 305
53 298 305
83 202 133
59 112 133
48 245 133
301 316 133
3 258 305
5 108 305
145 252 133
319 117
146 19 305
131 90 305
20 33 305
235 21
9 203
304 1 305
346 78
346 149 133
85 276 305
269 158 133
70 147 133
303 322 305
268 34
174 5 133
3 305
20 306
347 35
200 61 133
176 34
173 243
232 187 133
125 292 133
322 267 305
53 8 133
13 117
43 266 133
147 244 305
157 26 133
112 251 133
141 160 305
74 249 305
281 290 133
30 117 305
334 98
182 298
76 251 133
179 10 305
193 12 133
215 256 133
187 338 133
33 132 133
212 332
320 165 305
192 284
353 65
247 24 305
362 66
347 44 305
92 91 133
349 226 305
320 241 305
248 43 133
64 99 305
266 265 305
5 75
103 57
230 83 133
275 260 133
26 22
61 16 133
145 20 305
219 220 133
99 270 133
179 206 305
33 162 305
94 360
351 97
176 81 305
68 61 133
125 306 305
199 111
187 206 305
336 319 305
315 71
266 305 133
63 334 133
210 74
301 272 305
337 98 305
305 19
264 333 133
142 199 133
343 364 133
122 197 305
314 22
197 318 133
1 83
309 292 133
242 7 133
141 254 305
150 235 305
132 277 133
55 140 133
56 301 305
193 217
196 251 133
100 53 305
38 335 133
103 323
152 192
93 354 305
87 324 133
160 311 305
27 130 133
219 92 133
230 362
239 252 305
143 352 133
140 219 305
87 30 133
232 315 305
309 364 305
35 321
142 55 133
126 245 133
198 29 133
359 168 133
38 341 133
46 360
117 208 133
351 120 305
151 282 305
90 287 305
306 243 133
264 289 133
83 238 133
318 56
57 364 133
176 359 133
105 86 133
132 41 305
170 274
60 221 133
233 76 305
8 57 305
296 14
331 308 133
97 330 305
97 241
1 262 133
246 77 305
272 97 305
172 287 305
108 185 305
303 26 305
267 142 133
112 21 305
177 96 133
308 299 305
8 3 305
101 156 133
205 84 133
133 66 305
62 115 305
301 100 133
156 316
319 302 133
90 65 305
258 296
183 280 305
156 269 305
124 3 133
180 7 133
282 2
32 249 305
186 273 133
41 48 305
65 262 305
107 242 305
172 125 305
38 201 133
164 297 133
85 144 305
166 37 133
272 326
35 10 305
74 34
348 291 133
170 71 133
271 336 305
127 137
251 358 305
209 234 305
43 171
13 362 133
325 230 305
293 106 133
104 179 305
267 168 133
266 187 133
158 71 133
108 229 305
254 38
220 57 305
228 24
25 194 305
268 152
234 247 133
26 276
156 13 305
126 347 305
363 92 133
55 193
286 87 305
275 268 305
141 348 133
347 104 305
201 108 133
3 226 305
174 15 305
196 305 133
315 362 133
138 354
171 260 133
82 111 305
344 154
282 91 133
76 246
26 322
266 41 305
276 247 133
285 294 305
70 28
290 70
19 56 305
281 282 133
276 211 133
98 355 133
66 165 305
342 82
346 17 305
25 294 133
152 283 305
132 345 133
105 36 133
299 155
307 126 133
257 12 133
314 57 305
143 248 133
266 189 133
89 267
181 132 305
295 12 305
316 21 305
311 8 133
222 17 133
93 140 133
298 173 133
75 10 133
86 351 305
28 181 305
108 300
358 165 305
242 222
96 147 133
53 166 305
328 16
148 152
193 125
33 270 305
105 299
168 125 133
177 358 133
357 105
44 201 133
255 179
337 119
8 184
303 165
15 224 133
94 359 305
329 36 133
257 111
75 339
138 241 305
310 283 133
37 310 133
197 247
200 50
305 319
272 38
241 8 305
179 342 133
154 155 305
338 35 133
209 284 305
175 196 305
73 128 305
223 126 133
146 353 305
269 81
53 239
354 329 305
234 164
99 192 305
117 128 305
240 27 133
187 36 133
295 118 305
320 65 133
3 268 133
164 6
126 300
355 151
262 125 133
13 360 305
78 293 133
118 288
205 37
131 118 305
106 225 133
30 172
61 56 133
80 335 133
166 51 305
36 89 305
355 221
190 257 305
134 59 305
293 167
270 178
18 285 133
197 260 305
125 256 133
187 5
52 265 133
32 127 305
29 336 305
120 156
238 63 133
128 11 133
307 35
187 44 305
353 253
273 123
225 126 133
107 358 305
149 287
86 171 133
306 221 133
108 3 133
223 330 133
175 240 133
310 204
18 277 305
181 286 305
212 243 305
241 21
1 314 133
32 49 305
350 112
298 195 133
100 271 133
249 200 305
52 158
184 66
147 78 133
309 231
366 135 305
54 55 133
296 285 305
133 54 305
167 96 305
25 188 133
175 290 133
282 43 133
239 310 133
66 351 133
341 37
279 280 305
8 107 305
32 11 133
241 116 133
3 302 305
26 201 133
325 5
298 97 305
328 34
14 20
208 72
115 32 133
265 118 133
114 218
150 21 133
310 291 133
254 322
354 189 133
110 132
292 74
367 282 133
11 304 305
302 13 305
26 288
202 153 305
335 35
17 229
348 40
87 164 305
292 108
100 49 133
139 133
196 9 133
19 114 305
248 30
37 26 133
269 98 305
128 319 133
125 88 305
353 24 133
244 293 305
53 342 305
100 344
5 60 305
209 72 305
217 340 305
358 11 133
235 294 305
167 48 133
31 254 305
121 36 133
315 242 305
301 82 133
223 16 305
10 316
308 265 133
213 262 133
304 10
188 293 133
31 349
182 156
39 69
249 312 133
324 330
81 252 133
329 153
258 203 133
202 173 133
335 248 305
51 70 133
5 176 133
