414 719 151 393
389 46 151
238 221 393
266 291 393
326 269 151
130 391 151
154 233 151
260 230
179 406 151
108 343 393
261 16 151
2 373 393
18 127 151
413 370 393
170 204
43 17
258 255 393
81 214 151
214 99 151
374 307 151
252 393 151
301 168 151
30 195 151
351 363
219 210 393
181 320 393
6 14
227 402 393
252 347 393
411 190 393
127 288 393
56 413 393
131 186 151
253 256 393
380 351 393
45 17
342 53 393
354 385 393
414 255 393
48 133 151
130 317 151
302 318
190 151 151
167 155
155 129
63 31
255 251
292 221 151
331 4 151
382 57 151
59 304 151
254 211 393
153 134 151
78 42
20 397 151
325 317
135 384 151
103 95
13 364 393
107 127
330 333 393
346 263 393
254 145 393
154 219 151
198 321 393
122 127 151
381 342 393
302 33 151
8 221 151
170 203 151
244 173 151
303 271
306 89 393
204 359 393
44 74
240 205 151
316 369 393
292 322
133 200 151
84 271 151
97 137
31 54 151
211 198 393
239 221
155 334 151
92 407 151
276 270
266 103 393
362 119 393
133 178 151
174 361 393
263 372 151
255 218 393
358 149 393
349 48 151
278 107 151
383 290 393
110 281 393
8 23 151
173 203
295 352 151
127 161
212 269 151
180 192
58 16
267 198 393
292 258
365 400 393
346 103 393
132 325 393
229 192 151
314 381 393
307 329
266 377 393
355 180 393
340 119 393
161 270 151
40 58
185 157
65 59
188 273 393
155 185
326 335 393
349 309
299 384 393
233 176 151
211 216 151
278 217 151
335 216 151
232 239 393
200 231 393
1 244 151
337 377
244 359 151
324 133 151
86 369 393
374 309 151
346 289 151
202 261 393
191 142 151
232 272
16 24
164 409 151
319 124 151
118 15 151
257 140 393
257 326 151
105 400 151
316 171 151
108 148
82 102
392 404
300 318
379 18 393
157 348 393
259 332 393
407 300 151
391 354 393
345 361
243 246 151
178 135 151
163 348 393
298 149 151
306 413 393
215 219
218 177 393
223 253
167 187
297 154 151
396 295 393
200 105 151
176 253 393
378 404
390 83 393
56 367 151
208 331 393
43 21
369 16 393
204 25 151
64 285 151
341 136 151
65 47
288 129 151
7 294 151
270 238
133 298 393
390 207 393
145 88 151
352 335 393
89 74 151
39 330 393
254 284
244 295 151
377 4 151
184 197 151
222 149 393
222 189 393
272 250
51 402 151
4 325 151
295 316 151
197 177
333 126 151
387 381
69 88 151
361 46 151
308 312
356 235 393
52 383 393
336 320
140 321 151
229 256 151
96 126
134 98
51 330 393
104 261 151
298 299 151
180 187 393
274 293 151
275 336 393
410 57 393
263 134 393
130 111 151
393 156 393
281 152 151
409 176 393
372 237 393
76 401 393
167 195
244 282
386 348
265 239
317 285
3 156 151
257 229
18 407 151
299 331
147 155
322 185 393
258 235 393
166 347 393
204 393 393
302 43 151
17 414 393
404 407 393
281 256 151
128 130
99 176 151
307 275
279 146 393
362 323 393
193 326 393
239 316 151
94 55 151
60 121 151
300 326
63 97
156 307 393
127 90 151
296 113 393
66 94
343 124 393
350 351 151
258 409 393
194 180
355 340 151
84 89 151
126 297 393
296 282
212 369 393
279 285
188 111 151
13 146 151
121 83
195 236 393
319 196 151
23 396 393
50 48
192 204
118 239 151
385 142 393
172 29 151
13 22 151
96 85 151
153 302 393
171 40 151
336 277 393
228 313 151
186 337 151
345 359
95 38 151
282 323 393
247 362 151
382 297 151
413 272 393
65 140 151
385 158 393
117 154 151
394 181 393
66 255 151
264 261 393
133 161
380 327 393
234 179 393
291 88 151
386 97 151
356 55 393
156 321 151
321 390 151
309 204 393
364 335 393
264 300
318 125 151
308 413 393
307 308 151
71 89
363 156 393
195 246 393
234 29 151
352 49 151
190 232
194 143 151
157 272 151
31 20 151
356 291 393
249 358 151
273 50 151
358 27 151
71 414 393
140 53 151
260 377 151
342 181 393
265 370 151
313 268 393
223 220 393
315 218 393
158 182
129 100 151
176 411 151
320 350
334 355 393
365 306 151
103 410 393
67 16 151
360 342
147 46 151
358 328
277 316 393
297 78 393
403 338 393
156 11 151
275 298 151
139 234 393
300 219 151
231 251
157 34 151
387 82 151
2 371 393
280 295 393
404 203 151
218 229 393
214 283 151
232 281 151
394 45 393
384 343 393
323 242 393
242 391 393
320 79 151
334 151 393
255 277
116 257 393
252 405 151
144 128
307 396 151
246 295 393
392 372
19 74 151
209 168 393
369 336 393
369 372 393
371 280 151
284 293 151
150 25 151
328 169 393
157 199
163 412 393
296 337 393
397 178 151
126 101 151
98 47 151
225 250 151
43 77
151 147
317 174 151
200 223 393
121 224 151
312 361 151
122 160
208 234
343 96 393
69 51
264 133 393
111 388 393
254 240
203 376 151
212 129 151
145 117
329 284 393
191 190 151
114 363 151
276 353 151
174 204
213 249
189 388 393
127 150 151
335 334 393
78 51 151
240 253 393
387 397
354 35 151
386 119 393
196 25 151
382 67 151
247 267
384 317 393
91 288 393
295 174 393
60 5 151
193 340 151
46 80
406 386
368 189 393
154 255 393
115 101
318 324
377 264 151
300 183 393
82 261 151
395 4 393
243 296 393
298 209 393
291 382 151
146 387 151
123 288 393
266 385 393
372 219 393
400 380
183 286 393
289 266 393
364 199 393
127 16 151
393 76 151
311 160 393
349 144 393
227 199
239 203
360 269 393
322 263 151
311 108 393
259 194 393
234 71 151
81 372 151
275 251
390 382
363 328 151
142 259 393
406 199 151
147 181
348 107 151
184 333 393
157 292 151
391 214 151
345 78 151
309 68 393
401 324 393
319 56 393
375 222 393
300 159 393
175 216 151
85 78 151
107 65
124 377 151
303 341
146 35 151
309 335
7 37
94 209 151
57 322 393
199 334 393
349 260 393
297 412 393
6 103 151
92 301 393
109 196 151
290 51 151
230 391 393
356 401 393
103 296 393
33 152 151
62 84
331 280 393
111 32 151
140 11 151
373 216 151
365 42 393
7 188 151
311 186 151
24 79 151
48 199 151
293 214 393
11 258 151
272 331 151
24 241 151
402 245 393
359 278 393
212 245 393
388 87 151
136 168
359 323
178 375 151
49 69
374 251 393
271 192 393
306 147 393
85 119
384 309 393
266 303 393
376 221 393
257 208 151
151 356 151
279 294 151
254 268
200 229 151
373 288 393
296 75 151
37 360 393
71 346 393
120 134
171 185
167 50 151
225 233
326 339 393
232 337 393
223 410 393
44 47 151
316 185 151
376 364
372 378
104 175 151
411 82 393
273 307
130 323 151
379 30 151
105 89
405 234 393
224 192
318 3 151
214 193 151
404 293 151
311 44 151
93 134 151
138 172
89 308 151
115 180 151
320 401 393
167 181
179 346 393
282 341 393
131 330 151
407 389
279 340 151
370 350
37 96 151
404 133 151
230 45 151
414 101 393
206 369 393
320 235 393
44 39 151
277 128 393
274 367 151
259 96 151
378 7 393
57 368 151
232 187 151
288 151 151
90 375 393
397 272 151
288 324
414 259 151
129 91
333 296 393
295 412 393
144 391 393
355 262 393
235 312 151
360 336
170 245 151
169 179
108 309 393
308 93 393
211 328 393
379 341
76 411 393
271 374 151
66 191 151
210 317 151
295 300 151
198 285 151
384 117 393
137 290 151
352 125 393
120 357 393
357 408 393
276 141 151
339 154 393
81 314 393
91 138 151
48 68
390 295 393
379 348 393
244 309 393
302 3 151
197 398 393
354 85 393
252 407 393
297 72 393
363 323
145 147
176 281 393
144 231 393
144 379 393
353 330 393
289 146 393
176 218
133 366 393
97 10 151
88 54
212 341 151
267 120 393
51 32 151
273 284 393
214 295 393
243 223
315 404 393
236 149 151
217 266 151
274 217 393
65 362 393
168 379 393
91 254 151
285 196 151
35 120 151
379 308 151
333 386 393
398 335 393
335 382 151
296 303 393
210 325 393
69 366 393
146 347 393
228 387 151
45 410 393
119 254 393
223 209
381 274 393
206 335 393
24 36
41 15
360 273 393
338 330
31 47
388 321 393
125 284 393
223 233
394 137 393
245 190 151
12 38
352 271 393
409 284 151
346 49 393
76 64
272 211 151
312 119 393
347 104 393
266 357 393
275 296 151
297 342 393
374 103 393
152 213 151
311 307
344 125 393
169 135
372 360
322 171 393
269 200 393
289 222 151
293 346 151
277 136 151
242 133 393
403 278 393
198 151 151
333 384 393
293 84 393
399 22 393
71 53
92 361 393
111 354 151
345 240 393
248 193 151
31 33
147 414 151
366 85 151
9 27
144 395 151
399 230 151
183 334 393
390 129 393
280 317 393
205 214 393
