556 6690 107 407
293 400 407
314 459 107
287 510 107
517 241
69 493
20 379 407
134 351 407
465 8 407
43 540 407
102 364
362 110
425 460 407
336 201 407
136 287 407
548 60
369 174 107
333 426 407
294 506
462 104
2 423 407
483 368 407
69 408 407
538 489 107
550 20
410 553 407
223 324 407
191 338 407
527 306 107
343 48 107
103 45
284 386
453 507
38 303 107
515 146 407
35 472 407
183 474 107
552 63 107
383 232 107
485 107
38 279 107
463 88 407
195 78 107
159 244 407
244 289 407
171 242 407
326 101 107
487 555
453 322 107
327 8 107
13 440 407
392 345 407
90 121 407
32 159 407
196 221 107
37 220 407
378 479 107
89 440 107
397 232 407
236 207 407
212 519 407
310 173 107
394 45 407
235 132 107
327 240 107
202 493 107
556 55 107
87 544 107
51 542 107
136 412
93 428 107
9 459
122 478
338 167 407
382 249 107
355 426 107
351 325
455 473
73 256 407
241 386 407
59 541
106 529 407
43 461
5 168 407
305 400 407
53 551
134 331 107
114 188
396 287 107
104 548
173 468 107
26 383 107
366 443 107
32 495 107
553 284 107
185 430 407
9 514 107
28 292
58 43 107
26 552
241 212 407
123 458 407
152 86
153 94 407
142 43 107
133 16 107
536 329 107
521 502 107
193 23
181 396 107
57 386 407
165 549
165 425
445 67
533 232 107
237 54 107
144 202
530 502
472 322
378 370
536 208
503 11
489 117
74 513 107
345 388 407
280 347 407
153 114 407
24 237 107
356 369 407
227 66 107
241 510 107
339 553
454 513 407
438 45 107
459 60 407
274 7 107
551 83
73 504 407
332 279 107
321 424 407
145 45
40 493 407
473 23
217 420 407
438 265 407
534 189 107
113 515
339 150 407
44 396
438 27 107
1 290 407
214 51 407
32 400
553 532 107
90 396
310 290
448 215 107
65 246 107
295 35
358 37 407
196 425 107
402 138
174 209 407
402 217 407
43 357
510 293 107
513 306 107
128 151 407
249 495
510 259 107
113 114 407
445 52 407
181 198 407
518 199 107
72 344
154 188
555 390 407
71 482 107
31 530 107
392 46
270 550
201 230 407
138 247 407
529 206 407
94 14
202 257 107
134 525 107
2 350
352 27 407
143 544 407
256 87 407
34 497 407
530 51 407
553 9
29 395
229 194 107
163 28 107
548 61 407
434 389 407
404 223 407
128 511 107
185 274 107
554 445 407
492 417 407
416 397 407
57 368 407
221 178 107
75 249
157 527
136 488
540 363 107
376 127 407
365 88 107
283 383
243 337
94 326
400 316
211 84 407
39 531
494 35 107
114 77 407
510 271 107
7 461
81 24 407
6 520
66 423 107
547 433
75 298 407
314 241 407
245 257
271 66 407
515 514 407
487 395
212 335 407
551 234 407
362 114
378 301 107
523 25
96 380
220 211 107
448 487 107
250 291 407
421 316 107
511 202 107
112 1 407
366 519 107
239 246 107
186 128
481 44 407
551 205
411 416 107
138 221 407
549 153
524 177 107
408 409 407
214 246
554 4
179 146 107
129 481
391 149
223 184 407
243 89
132 552
58 475 407
55 515
45 228 407
204 354
99 294 107
227 506 407
242 446
467 266 107
468 530
532 345 107
142 187 107
86 83 407
341 342 107
157 370 107
31 545
4 231 107
480 138
45 48 407
60 395 107
486 199 107
190 25 107
349 192 107
58 430
126 538
352 135 107
280 511 407
452 370
200 215 107
392 13 107
506 163 107
151 556 407
333 62 107
442 332
450 233 107
177 397
271 525
446 453 107
160 151 407
295 486 107
532 242
230 210
383 171
270 477 107
95 80 407
189 310 407
376 17 107
90 414
211 378 107
379 106 107
36 136
142 395 407
364 69 107
11 399
437 125
362 401 107
542 6
554 549 107
137 538 407
275 424 107
460 485 107
291 16 107
556 463 407
84 157 407
292 452
40 220
426 57 407
30 344
325 142 107
220 551 107
248 365 107
130 473 107
284 469 407
110 437 407
424 197 107
441 468 107
417 487
50 75 107
180 241 107
549 246 407
254 9 107
11 338 407
333 466 407
59 52 107
332 124
266 229 407
537 11
503 538 107
420 13 407
386 274
37 372 107
254 331 107
30 456
233 112 407
466 502
358 52
139 238 107
476 556
95 458 407
295 194 407
341 160 407
74 153 107
218 129 107
487 424 407
470 451 107
495 372 407
85 547
510 483 407
23 22 107
497 149
268 405 407
218 57 407
273 335
165 400 407
480 160
49 398 407
159 284 107
255 329
510 301 107
538 53 407
209 432 407
102 193 407
449 273
320 529 107
157 472 407
3 396 107
202 89 407
163 463
505 232 407
165 36 107
96 184
422 317 407
502 5 107
46 384
529 144 407
432 527 107
482 147 107
411 10 407
460 162
528 162
50 262
473 426 407
438 469 107
355 58 107
151 350 107
11 520 107
498 153 407
436 519 407
63 242 407
370 342
236 3 407
425 328 407
502 425 407
262 370
54 456
1 261
182 131 407
460 15 107
233 176 407
446 25 107
436 42
546 340
231 338 107
534 56
522 102
381 136 107
128 235 407
524 79 407
524 521 107
25 535
288 392
162 203 107
488 533 107
206 38
508 101 407
284 285 107
427 101
290 3 407
474 471 407
474 40
241 82 407
492 275 407
405 524 407
26 198
159 64 407
58 263 107
404 442
349 166 407
482 138
547 308 407
44 153 407
289 172 107
364 319 107
95 246 107
519 114 407
192 77 407
50 517 107
107 72 107
92 385 407
347 300 407
447 528 407
375 179
422 27 107
477 100 407
516 42
300 432
484 42
550 159 407
202 467 107
518 433 107
56 29 407
168 459 107
28 556
135 551
415 356 107
524 18
522 549 407
486 46
294 431 407
245 457
434 455 107
83 194 107
358 345 407
23 392 407
152 293 407
243 404 407
19 403
537 55
281 93
402 152
182 125 407
164 522
67 261
408 350
512 237 407
506 296
165 362 407
324 517 407
225 32 107
324 397 107
312 511 107
340 15 107
257 49
255 526 107
497 328 107
346 3 107
349 196 407
251 336 107
57 8 407
283 8 407
504 307 407
452 465 407
258 3 107
251 481
141 12 107
508 419 407
423 232 407
134 542
506 22
426 396
265 457
309 406 107
464 56
373 555
332 32
509 182 407
547 495
460 113 107
92 295 407
413 270 407
130 325 107
542 33 407
43 388 107
387 380 107
320 315 407
159 420 407
201 144 107
70 369 407
495 70 407
463 9
386 179 107
112 135 407
165 98 407
452 383 407
428 171 407
446 41 107
489 98 407
383 30 107
351 236 407
279 393
213 86 107
499 410 107
288 149 407
334 311 107
534 349 407
516 503 107
473 184 107
254 347 407
424 421 107
16 69 107
147 34 407
217 414 407
149 213
272 365 407
42 131 407
537 3
293 12 107
257 52 107
145 487
473 45
250 451 407
222 299 107
232 183 107
17 242 407
290 412
546 527 107
288 393 107
387 37
470 415 407
348 465 407
371 490 407
366 98
353 404 107
7 20 107
211 144 407
46 493 407
377 550 107
73 531
47 507
317 264 107
200 145 407
260 89 107
477 127
70 353 107
326 65 107
468 397 107
59 62 407
145 358 407
74 381 107
109 334 107
164 545 407
255 491
324 375 407
381 370 407
474 295 407
100 290
103 109
482 241 407
408 294
100 391 107
549 32 107
534 12
520 385 107
444 127 407
476 259 407
508 219 107
101 494 407
528 58
290 81 107
294 145 407
23 499
208 61 407
289 35
185 2 407
175 399
226 424
464 64
497 380 407
61 552 107
495 410 107
477 460 107
134 175 407
240 151 107
31 537
408 189 407
397 50 407
225 264 107
194 109 107
553 192 407
39 533
331 226 107
31 531
229 90 407
162 306
553 21
11 551
308 149 407
527 75
421 86 107
422 393 107
228 147 407
230 347 107
520 34
136 273 407
104 117 107
439 111
239 96 107
521 94 107
239 297
209 442 407
274 201 407
459 48 107
419 482 407
177 120 107
511 141
429 446 407
554 197 107
479 112 407
546 437 107
182 49 407
17 235
229 160 407
483 311
225 142 107
403 229
231 531
94 297 407
368 8
350 347 407
192 95 107
312 146
230 159 407
77 130 107
145 261
379 262 407
372 359 107
365 200 107
555 75
31 536 107
336 162
428 533 107
450 41 407
434 527 107
372 510
203 513
194 188
163 434 407
402 408
516 423 107
172 318
117 408 407
274 148
65 160 107
421 420 407
554 363 407
393 204 407
551 257
263 342 407
14 528
420 201 107
359 118 107
184 346
288 117 107
515 83
553 24 107
108 272
190 150
134 483 107
317 102 407
165 366 407
18 552
518 372
321 161
196 2
88 470
7 152 407
369 420 407
20 540
76 174
482 435 407
311 490 107
357 106 407
509 428 407
128 396
378 147 407
511 15
380 495 407
62 419 107
319 68 407
157 314 107
127 13
332 295 407
551 426 107
405 372 407
64 525 107
235 240 407
94 77 107
113 60 107
360 259 407
534 533 407
428 71 407
551 35
350 24
329 127
165 482 407
371 550 107
95 551
49 162 407
181 45
484 96
523 514 107
32 288
431 211
339 187
474 193 407
306 445 407
532 387 107
173 142 107
304 169 407
450 153 107
526 72
37 94 107
106 45 107
212 157 407
153 346 407
515 201
39 440 107
340 221 407
149 116 107
246 422
91 500 407
141 211
67 324 107
478 45 407
62 366
285 264 407
535 39
81 162 107
417 83
336 194
182 429 107
553 320 407
465 419
427 542 407
458 85 107
385 232 407
442 344
550 24
10 251 107
397 64 107
96 528
290 269 107
527 184 107
320 75 107
219 298 107
155 256 107
193 116 107
435 424 407
227 352 407
294 519 107
483 52 407
16 516
39 104 107
206 325 407
181 219
143 164 407
309 508 107
539 440 407
24 301 407
483 84 407
51 440 107
235 400 407
439 460 107
102 185 107
145 285
63 59
165 416 107
133 457
285 347
75 243
509 109
104 115 107
261 442 107
207 365
541 500 407
419 460 107
225 46 107
272 83 107
211 110 107
93 150 107
4 262
528 317 407
233 140 407
352 90
202 285 407
12 158
16 80
94 195 107
67 84 107
473 246 407
99 354 107
1 500 407
420 185 407
103 362 407
183 17
375 316 407
460 497 407
537 59
292 332
286 165 407
223 306 407
421 506 407
159 212 107
396 34
146 277 407
373 192 407
317 138 407
45 322 407
37 375
255 368 407
12 556
6 476
270 333 107
149 108 107
351 175
82 91 107
227 509
61 318 107
243 219
165 128 107
473 88 407
500 64
287 154 107
550 424
110 548
513 95
532 357 407
121 292 107
297 3
143 496 407
253 158 407
300 235 107
305 468 107
51 62 407
479 430 107
313 490 107
548 55 407
202 455 407
330 66
545 11
124 57 407
293 413
312 555 107
55 32 107
456 421 107
358 371 107
300 91 107
549 9
403 76 407
177 332 107
205 335
23 533
128 291 407
555 55
92 503 407
353 300 407
73 343
166 436
123 501
453 9
137 160 407
210 309 107
187 449
109 350 107
473 154 407
276 483 107
69 540 407
67 140 407
270 91 407
467 274 407
376 89 107
404 387 107
348 512
368 38
323 498 107
249 504 107
335 42 107
511 293
203 292 107
11 378 407
114 404
35 246 107
548 186
348 383 407
406 529 107
16 540
36 503 107
327 120 407
284 169 407
140 146
58 553 107
218 219 407
138 342
499 17
336 516
264 104
274 544
518 277 107
305 542 107
335 17
449 238 107
537 7
69 555
105 444 107
207 457
542 430
97 120 107
487 250 107
453 402 407
131 136 407
37 34 407
349 76 107
296 174
396 183 407
197 518 107
279 335
390 502
362 274
198 278
492 146
209 525
393 404 107
25 61
141 126 407
15 327
22 11 407
485 123
463 30 407
150 258
367 332 407
371 396 407
436 522
433 462 107
157 92 407
434 405 407
80 236
197 478 107
140 361 107
343 156 107
477 194 407
303 238 407
118 9 407
153 418 407
48 157 407
59 190 107
93 469
288 225 107
548 25 407
406 503 107
313 8 107
517 101
556 83 107
485 378 107
190 555 407
339 270 107
425 159
248 367 107
224 229 107
16 111 107
123 539
515 368 107
223 153
247 151
460 307 407
22 145 107
248 203 107
361 374 107
511 518 107
169 90 407
67 174 407
244 37 407
112 215 407
443 378 407
113 239
497 95
26 47 407
136 531 407
526 252
208 435 407
7 553
256 459 107
543 21
60 231 107
279 130 107
73 370 107
188 123 407
192 171 107
491 226 107
131 399
456 487 107
414 444
486 4
318 409 407
105 92 407
67 396 407
90 452
225 154 107
218 432
16 173 407
42 158
260 111 407
102 399 407
178 77 107
289 335
479 9
321 515
517 284 107
335 358 407
293 419
422 10
416 164
131 69
147 345
398 21 407
15 555
538 83 107
384 263 107
434 335 107
555 23
187 124 407
36 199 107
214 241 407
225 448 107
32 101 107
478 205 107
193 277
429 26 107
2 548
491 298 107
409 370 407
280 455 107
1 459
426 140
103 140 407
104 529 407
52 250
534 437 407
398 351 107
67 18 107
393 552 407
368 58
438 85 107
272 538
333 512 407
205 327
41 364 107
104 35 407
523 301
349 458 407
374 56
181 180 107
471 448 107
391 93
480 52
103 68 407
143 38 107
38 183 407
406 280
167 359
439 257
237 518 107
199 169
383 73
379 214 107
235 314 407
434 317 107
339 176 407
488 74
338 301 407
296 259 407
433 254 107
516 227 407
211 184 107
78 486
243 512 107
186 529 407
13 216 107
507 406 107
514 90
126 364
353 456 407
154 14
275 322 107
329 152 107
76 309 107
2 155 407
304 31 407
539 496 407
305 399
107 94 407
387 462 107
378 245 407
185 318 407
108 287 107
124 519 107
322 550
53 448 407
257 209
281 485
41 202 407
436 247 107
1 555
30 31 407
104 502
213 26 107
463 51
316 525 407
539 362 407
98 537 107
506 190
269 153
528 300
484 239 107
389 552 407
218 263 407
241 154 407
474 14
275 513
87 537
420 249 107
372 77 107
55 483
135 8 407
503 44 407
353 82 407
242 409 107
428 467 407
501 278 407
131 2 107
418 229 107
323 118 107
530 124
38 513 107
31 468 407
544 510
355 126 407
327 389
450 515 107
528 228
498 314
269 545
219 388 407
551 544 407
108 496
97 141
26 13 407
308 462
499 38 407
216 201 407
446 377 107
28 530
408 213 107
362 363 407
284 547 107
281 60 107
478 356
41 146 407
11 496 407
247 204 107
311 54 407
65 534 407
407 396 107
390 69 407
88 130
225 404 407
363 287
86 299 407
355 50 107
101 110 107
129 52 107
311 56 407
75 468 407
112 487 407
133 360 407
500 200
414 351 407
377 246 407
556 222
285 470 107
543 100 107
111 230 107
400 443 407
490 482
468 235 107
197 428 407
457 507
35 138 407
249 452 107
419 51
415 60 107
402 546
431 287
106 311 407
171 430 107
354 161 107
22 185 407
430 227 407
409 222 107
416 522
430 349 107
46 47 407
13 513
65 116 407
9 547
163 505
262 195 107
546 362
201 537
163 50 407
14 393 107
31 116 107
62 153 407
255 514 107
8 115 107
521 536 107
477 174 107
90 309 107
103 42 407
123 536 407
536 36
50 11 107
7 547
39 525
307 64 107
469 20 407
255 68 407
111 435
294 315 107
371 514 407
244 355 407
227 167
117 330 407
118 465 407
418 474
207 520 107
337 552 407
16 549 407
4 404
483 341
260 9 407
35 424 407
534 417 107
526 62
62 192
40 433 407
379 88 407
496 253 407
462 447 407
49 218 407
305 88 407
530 199 407
37 323
226 1 107
545 201
410 496
299 302 107
415 54 107
50 55 407
191 537
438 341 107
184 359 407
456 1 107
400 349 107
220 121 107
496 85 407
364 371 107
81 292 407
305 530 407
481 188 107
392 367 107
548 129 407
53 555
225 496 107
440 112
313 245
326 549 107
340 297 107
483 204 107
10 453 407
168 497 407
17 50 107
45 231
284 122
15 547
3 349
334 371 407
519 304 107
180 80
126 161 407
203 524 107
442 207 407
41 545
374 187 107
38 148
215 270 107
516 76
422 325 407
454 115 107
504 179 407
255 211
66 136
233 18 107
431 43
373 201
383 434 107
240 91 407
509 176 407
288 523 407
335 55
450 345 407
452 444
483 392 107
178 69 407
510 227 407
334 521 107
295 446 107
98 204
500 72
343 157
353 482 107
395 201
392 321 407
499 232 407
477 501
182 493 107
57 503
344 464
260 221 407
396 161 407
518 164
537 73
481 449
197 368 107
477 246 107
282 167 407
379 452 407
178 514
391 304 107
322 505 107
35 296 107
23 132 107
482 471 407
30 427 407
468 427 407
36 458
114 516
402 188
12 191 107
86 49 407
395 498 407
455 115
520 397 407
193 490 107
107 414 407
66 427 407
170 87 407
135 477
229 50 407
79 306 407
518 16
253 291
502 427 107
356 4
161 529
256 49 107
106 493 107
81 126 407
86 287 407
296 340
521 242 107
538 385 407
286 489 407
195 370 407
93 8 107
469 423
270 8
379 246 107
1 385
391 280 407
477 350 407
465 39
121 376 407
146 458
101 414 407
556 145 407
541 1
150 483 107
109 538 107
164 283 107
532 529 407
466 388
23 456 407
478 347 107
491 482 107
170 502
378 499 107
27 439
343 376 107
54 431 407
32 391 107
448 171 107
386 185 407
487 452 107
406 121 107
249 8 407
280 153 107
131 326 107
481 53
71 414 107
172 403 107
200 30
55 350 407
73 384 107
410 177 107
379 470 107
324 376
132 157 107
342 523 107
78 227 407
554 351 107
43 531
312 41 107
438 401 107
334 210
91 366 107
285 62 407
517 188 407
117 432 107
546 14
388 42
67 506 407
374 127 107
247 526 107
237 455
115 507
511 474 407
264 52
539 348 107
407 8 107
468 445 407
493 234 107
143 188 407
261 552 407
32 37 107
187 291
547 71
483 71
314 31 107
495 203
26 419 107
534 451 407
537 425
281 352 407
217 94 107
440 177 407
290 243 407
282 351 107
45 506 107
439 58 407
338 295 107
204 429 107
41 140 107
69 389
28 268
184 76
286 479 107
499 205
266 347 407
261 300 107
357 458 107
378 365 107
483 40 407
401 555
120 445 107
90 45 107
17 498 107
305 98 407
90 543 107
476 246
246 27 107
455 488 407
211 126 407
252 381 107
390 229 107
521 543
240 159 107
390 53 107
489 5
4 538
197 269
504 317 407
465 121
252 437 407
82 292
333 8 407
553 156 407
107 447
537 60 407
192 300
138 200
181 150 407
354 65 407
429 550 407
115 148 407
95 208 107
547 449
187 404 407
339 346 107
147 84 407
453 190 407
299 462 407
10 266
65 414 407
90 519 107
182 325 107
520 195 407
182 444
543 223
283 142 107
297 412 407
500 289 107
262 245 107
343 460 407
510 349 107
514 498
323 506 407
273 467
305 379
296 556
165 176 407
291 334 107
368 528
39 79
402 386
23 481
33 529
556 501 107
253 58 107
55 519
233 28 107
533 150 407
62 149 407
380 523 107
34 373 407
120 448
261 91
152 521 407
528 3 107
72 518
410 86
30 108
430 48
123 553
81 301
178 108
308 550
529 61
527 159
450 139 107
70 174
237 60 407
253 330 107
184 305 407
380 44
490 141 407
71 318 107
24 405 407
273 92 107
452 355 407
451 448 107
107 45
457 410 407
131 126 407
489 247
175 148 407
144 159 407
267 144 407
552 391 107
251 200 107
393 252 407
285 398 407
120 467 407
106 485 107
358 61 107
134 165 107
405 338 107
301 160 407
511 111
210 543 407
348 329 107
54 227 107
191 295
389 484 107
435 55
424 515 407
16 293 407
476 389 407
325 187
123 419
76 209 107
372 63 407
525 85
546 529 107
334 555 107
134 219 107
98 506
168 409 107
2 48
236 346
548 179 407
292 475 107
280 131 107
283 128 107
451 281
496 17 407
105 76 407
541 298 107
329 314 407
339 78 107
261 316 407
500 153 407
3 321
85 205
329 215
32 279 407
10 91 107
327 510 107
25 543
348 107 107
342 175 107
221 351
101 20 107
235 523
326 237 407
298 549 107
533 356 407
343 442 407
194 113 107
303 76 407
197 387
491 218 407
375 129
345 18 407
105 255
553 282 407
414 200
479 70 107
419 236 407
358 351 407
300 212
493 72 407
310 126
249 125
512 361 407
266 479 107
220 99 407
415 256 407
344 314
63 343
481 336 407
548 158
235 98 107
319 328 107
56 301 407
282 127 107
20 391 107
332 271 407
249 4 107
409 316 407
26 518
73 404 107
83 164 407
179 84 107
192 462
122 463 107
65 362 107
32 395 407
13 256 407
202 528
520 183 407
401 172 107
64 42
80 185 107
122 413 107
537 352 407
303 410 407
487 17
26 100
170 481 407
529 103
395 186 407
412 351 407
26 365 107
403 356 107
192 143 407
280 493 107
149 427
374 23 407
418 411 407
18 173 407
415 508 107
131 286 407
317 380 407
102 71 407
369 98 407
549 535
84 125 107
163 361
407 492 407
342 289 107
388 114
74 241 107
424 135 407
503 120 107
13 288 407
548 50
141 28 407
508 303 107
244 545 107
10 515 407
128 333 107
63 40 407
366 154
495 7
534 127 407
265 167
540 409 407
215 533
10 212
329 166 107
313 73
409 92 107
181 480 407
61 23
501 502 407
547 74 407
289 154 407
74 185 107
268 145 107
484 152
361 106 107
472 121 107
399 268 107
337 534 407
200 243 107
282 536
475 24 107
418 241 407
474 391 107
184 310
526 112
211 543
227 469
170 500
517 486 107
387 12 107
157 515
118 515 407
36 13 407
161 505
531 38 407
137 264 407
5 553
232 435 407
97 132 107
281 44 107
404 445 407
464 487 407
208 415 107
467 90 407
236 487 407
521 308 107
245 464 107
483 87
275 411
377 5
413 317
460 33 107
246 528
398 164
365 50 407
105 203
73 378 107
340 89 407
327 480 107
304 361 407
255 220 107
295 79
62 512
120 385 107
310 209 107
345 154 407
367 508 407
460 347 107
37 481
183 365
237 250 107
84 11 107
76 175 407
554 69 107
419 204 407
155 349
115 374 107
439 208 107
130 496
134 246
288 6
386 537 407
4 202
426 81 107
313 478 107
380 98
325 31
48 552
155 263
546 355 107
42 205 407
551 77
458 417 107
270 523 407
489 376 407
310 423 107
518 136
299 438 107
404 553 107
449 225
532 173 107
475 382 407
238 47 407
360 1 107
166 67 107
284 470
136 253 107
259 24 107
19 296 107
491 175
556 403 407
464 171 407
532 283 407
244 356
494 41 107
221 208 107
42 352
520 70
469 80 407
315 134 407
282 23 407
50 348
291 13
88 228
102 471 407
395 42 107
287 454 107
392 33 107
527 304 407
56 27 107
12 163 407
459 90 407
456 471 107
369 55
357 342 407
69 42 107
83 226 107
224 297 107
120 229 407
424 95 107
364 481 107
54 295 407
196 419 407
121 160 407
273 64 407
406 203 107
268 553 107
441 262 407
435 51
482 113 107
130 243 407
14 286
433 338 107
329 328 407
521 374 107
243 76 107
219 126 407
400 176
492 47 107
338 225 107
398 221 107
517 291
445 194 107
452 39 107
492 290
529 308 107
222 243 107
323 28 107
401 341
496 517 107
534 252
474 323 407
413 135
265 162 107
525 530 407
523 528 407
157 218 407
378 233 407
402 185 407
453 158 107
56 419 407
542 12
156 53 107
331 422 107
62 164
38 432
246 187 107
189 470 107
546 35 107
548 22
154 424
492 50
293 442 107
482 456
518 307 407
183 518 107
224 485 107
181 444 107
316 123 107
52 91 407
29 294 407
428 399 107
421 303
172 272
195 164 107
292 123 107
464 241 107
5 280 407
534 132
258 319 407
524 60
25 48 107
209 434 107
192 113 407
255 509
501 492 107
316 323 107
429 490 407
409 52 407
149 417
76 416
397 490 407
74 273 407
446 56
209 330 107
23 550 107
511 349
158 536
184 427 407
310 479 107
385 105
116 510
49 354 107
248 389 107
380 343 107
477 38 107
56 453 107
237 32 107
556 4
421 156 407
148 385 107
495 38 107
543 173
175 423
14 213 407
139 554 407
268 247 107
258 467 107
258 217 107
278 189 107
450 313 407
366 225 107
531 146 107
109 426 107
205 38 107
168 101 407
441 31
389 342 107
503 274 407
449 284 107
64 410
330 363 407
235 106 407
368 347 407
424 157 407
358 177 407
367 374 107
276 407 107
217 252 107
156 183 407
526 213 407
487 57
547 330 407
220 59 407
203 336 407
551 13
267 255
87 90 407
527 115
75 12 107
1 370 407
433 49
76 138
366 345 407
447 262 107
178 401 407
240 33 107
374 526
454 15 107
506 553 407
284 185 407
67 93
195 130 107
1 415
75 427
420 485 107
402 277 407
537 41
451 112 407
116 509 407
23 86 407
68 504
147 4 107
478 549 107
431 276 407
513 86 107
215 502 107
186 517 407
9 282 107
57 262 107
362 71 107
142 35 107
305 363
476 75 407
338 150
458 102
35 511
252 453 407
162 480
192 316
543 50 107
358 173 107
225 372 407
514 95 107
301 376 107
425 284 107
70 169 107
243 178 407
91 191
542 147 407
368 231 107
150 549 407
69 376 407
517 357
65 11
347 76 107
202 165 107
549 130 407
41 442 107
115 541
368 14
511 204 407
281 486 407
97 520 407
293 178 107
79 392 107
368 75 107
98 430
70 524
155 356 107
91 40 107
503 372 107
226 417 107
212 80
13 172 107
35 293
338 311 107
481 1
408 51 107
293 334 107
421 396 407
373 38 407
117 506 407
481 258 407
546 483 407
168 161 107
9 367
554 478
538 119 107
133 254 407
207 443
204 342
31 529
17 555
392 61 107
162 323 407
280 217 107
68 283 407
187 126 407
178 101 407
284 163 107
47 316 107
483 346 107
552 150
444 51 407
296 299 107
191 30 107
344 3 407
521 436 107
376 102
183 428 407
72 111 107
338 34
14 195 107
125 369
31 424 407
292 285 107
2 110
367 334 107
156 122
463 38 107
507 264 407
505 409
150 213 407
90 25 107
38 331 107
339 198 107
201 446 107
502 113 407
245 6 407
63 226 107
464 534
269 256 407
556 350
306 99 107
289 40 407
465 9
106 63 107
495 439
222 34
544 391 107
527 526 407
517 540 107
219 397
335 64 407
77 20 407
96 530
466 54
121 458 107
372 358
383 470 407
12 207 107
450 203 107
524 517 407
549 219
487 492 407
388 375 407
96 33 107
53 236 107
399 354 407
486 304
510 6
367 65
309 486 407
115 82 107
241 8 107
140 441 407
533 484 107
160 479 107
506 26
88 151 107
544 493 107
464 188
60 510
192 67 407
322 343 107
34 468
224 157 107
13 82 407
371 32 407
246 381 107
116 323 107
444 497 107
272 487 107
326 439 107
299 54 407
467 56 407
232 47 407
325 470 407
312 110
556 195 107
158 241 107
224 463 107
478 413 107
412 271 107
192 463 407
410 97 407
531 169
176 397 107
238 305 407
212 447 107
541 28 107
485 35
484 191 407
202 213 107
128 254
123 439
392 255 107
355 311
204 341 407
496 325 407
463 77
402 383 407
431 115
544 394
52 526
226 461 107
82 101 407
534 54
470 511 407
29 239
247 47
341 174 407
56 51 407
501 182 407
153 189
346 4
371 120 107
524 37 107
410 279 107
390 1 407
284 328
115 478 407
243 389
531 176 407
323 446 407
39 338 407
348 361 407
211 287
285 487
257 144 107
540 405 407
491 528 407
384 64
397 555
530 503 107
327 354 407
453 441
246 400
81 445
551 172 107
255 216 107
129 450 407
65 439
56 488
286 93 407
62 380
440 467 407
166 539 107
546 485 407
460 111 407
360 532
266 191 407
255 205
287 338 107
339 40 107
41 176 407
208 33 107
137 114 107
371 230 407
236 365 407
345 556 407
150 199 107
111 548 407
405 464 407
12 167 407
199 526 107
486 529 107
418 149 107
542 272
189 334 107
224 6
44 208
515 326 107
139 316 107
502 190
4 169 407
28 519 107
269 16 407
205 184 107
310 297 107
553 366 107
552 469 107
327 108 407
12 180
486 87 407
256 414
158 107 407
205 79
367 7
30 513 107
7 431
472 471 407
186 251 107
259 218 107
167 116 107
402 275 407
450 121 407
186 309 407
2 315 407
39 129
112 492
76 482
518 39 407
41 519
145 262 407
71 338 107
77 196 407
97 474 107
314 321 407
186 344
76 191 107
449 72 407
146 187 107
21 254 107
226 306
521 528 407
515 11
146 467 407
471 122 107
225 30 407
450 22
168 272
15 495
258 527 407
88 25 107
430 509 107
549 60 407
51 374 107
83 64 107
497 136 407
30 331 107
216 140
208 205 407
294 459 107
103 298 407
252 153 107
314 423 407
440 3 407
312 300
283 92 107
116 139 407
299 328 107
255 179
88 551 107
549 13
23 204 107
213 514 107
470 39 407
141 408 407
126 207 407
24 491 407
424 117 107
162 46
553 346 407
41 359
28 199 107
118 347 407
321 16 107
370 245 407
197 240 107
213 542 407
44 432
519 61
532 270
222 315 107
465 1
397 165
42 81 407
281 286 407
237 543
447 23
14 480
220 267 107
41 468 407
383 187
362 73 107
2 544
373 392 107
387 442 407
408 159 107
75 440 107
149 435
514 232
55 514 107
515 110 107
555 330 107
300 201 107
217 520 407
461 516 107
298 91 407
222 422
190 23 407
155 53
97 358 107
329 160 407
230 395 407
299 324 107
523 316 407
94 241 107
259 328 407
449 151
537 122 407
7 112 107
534 41 107
490 524
555 11
271 427
52 395 107
267 454 107
424 221 407
440 541 107
444 450
230 509 407
164 377 107
249 231
54 481 407
147 256 407
122 285 107
335 166 107
425 524 107
239 533
273 501
194 141 107
537 504 107
119 544 407
323 435
424 119 407
339 119
237 252 407
493 402 107
153 297
256 348
541 10 407
347 414 407
185 136 107
467 462 407
363 446 107
45 425
396 27 107
285 27
143 298 107
92 180
57 127
99 284 407
306 151 407
377 534 407
132 549 407
163 500 107
83 32 107
187 547
482 32
249 155
463 521
1 196 107
487 55
78 175 407
102 351 107
464 148
508 301 107
162 62
53 58 407
38 554
454 461 407
298 180
303 122 407
236 349 107
551 177
314 540
165 115
122 434
237 323
152 287 407
339 426 107
271 5
25 451
426 97 107
144 233 107
425 326 407
237 214 107
374 321 107
516 92
457 29
477 322 407
5 250 107
272 125 407
379 366 107
106 191 107
509 378 407
88 237 107
85 366 407
269 436 407
437 83
23 226 407
91 122 107
214 495 107
39 532 107
527 81
406 319 107
45 493
63 451
90 389 107
179 500 107
117 446 407
4 384
241 518 107
155 86 107
178 430
284 207 407
320 16
467 346 407
452 193 107
358 420
39 107
490 157 107
244 482
114 374
14 289 407
420 145 107
471 39
213 230 407
25 114 107
3 464 107
515 136 107
168 261 107
405 136 407
427 244 107
115 288 407
120 532
534 267 107
39 213
62 545 107
239 398 107
406 157 407
289 196 407
472 262
6 550
342 99 407
363 372 107
72 3 407
528 81 107
340 331 107
236 243 407
250 16
271 480 407
441 139
328 384
181 256 107
512 451 107
128 444
16 536
89 130 107
554 12
259 204 107
74 398
282 327 407
391 357
540 444
161 6 107
170 187 107
289 332 107
97 347
115 260 407
542 549 407
522 167 107
39 35
534 191 107
457 257
85 231
215 89
183 90 407
338 200
283 57
512 37 407
112 544
520 415 407
191 288 407
121 539
399 292 107
423 297
385 413
549 390 107
41 449
335 78 107
525 41
161 33
338 283 107
105 88 407
344 26
555 110 407
63 279
448 101 407
449 230 107
269 429
202 367 107
135 167
80 418
219 236 107
75 223
94 89 107
387 170 107
295 468 107
341 552 107
81 368 407
482 118
512 461 107
177 106 107
130 173 407
504 379 107
119 264 407
400 131 407
116 25 107
82 469 407
403 162 407
537 13
144 413 107
458 305 407
512 231 107
49 264 107
438 219 107
424 206
200 385 107
121 421
102 115 107
320 305 107
392 32
210 460
257 160 407
75 353
316 419 407
67 266 407
548 143 407
220 216
237 356 407
293 478 107
221 376 107
381 117
178 111 407
140 213 407
39 389
284 251 107
51 14 407
122 410
258 463 407
531 482 407
275 146 107
486 229 107
350 219 107
476 309 407
542 291 107
258 433 407
216 467 407
338 323 107
144 308
120 402
407 182 407
461 380 407
374 412
411 388 407
472 156
520 155 107
272 201 407
206 94
97 406 107
352 166
22 339 107
65 95
200 357 407
194 503 107
504 145 407
198 511 107
278 19 407
121 454 407
159 409
251 328 407
270 461 107
452 233 107
435 213
103 54 407
143 512 107
445 511
468 103 407
393 186 407
134 548
412 119 107
376 501 407
108 343 407
170 382
72 443 107
376 387 407
11 400 407
350 386
349 20 407
314 522
355 116 407
126 52
228 544
399 266 407
161 106 107
159 524 407
399 495
533 31
30 553 107
205 228 407
132 451 407
44 31 107
510 129 107
524 103 107
22 383 107
243 256 407
430 510
4 520
19 340 407
434 179 407
98 32
8 530
227 542 107
469 510 407
107 300 407
375 368 407
293 112 407
269 38 107
151 113
547 540 107
82 211 407
266 263 107
56 239 107
498 10
486 347 407
201 275
517 406 407
268 117 107
69 302 407
266 116
403 248 107
481 117
178 220
537 211
545 436 107
156 492
153 344 407
25 525
118 138
351 83
501 538 407
411 274 407
138 104
465 82 107
437 278 407
293 474 407
158 29 107
236 361 407
458 313 107
524 273 107
453 457
43 279
363 257
134 285 107
162 44
256 129 407
232 43 407
486 41 107
228 185 107
525 2 407
367 23
315 458 107
255 324 107
204 530
274 15 407
97 1
78 383 107
146 3 407
63 136 107
255 366 407
455 306 107
150 60
365 416 407
12 103 107
432 538
47 518 107
487 376 107
393 131
117 156 107
465 193
280 47 407
153 334 407
502 381 107
32 548
337 554 107
542 188
106 428
38 411 107
178 245 407
527 422 107
343 307
435 298 107
494 170
28 436
316 221 407
179 26 407
197 288 407
10 556
35 510 107
172 189 407
415 545
526 32
483 103
76 491 407
30 411 407
334 547 407
203 318 407
280 155 107
347 394 407
82 416
33 147
40 461 407
391 314 107
115 302 407
14 279 107
353 230 407
64 489 107
156 505 407
45 350 107
188 259 407
30 71 407
382 311 407
182 57 107
157 476 107
329 246 107
549 359
216 151 107
420 523 107
476 150
123 8 407
465 27
442 477 107
467 210 107
258 7 107
146 301 407
507 553
12 127 407
311 278 107
248 549 107
174 342
236 272
246 394
40 548
403 250 107
354 110
513 125
195 426 107
473 276 407
414 195 407
512 225 407
300 175 107
401 534 107
298 35 407
337 144 407
321 34 107
517 68 407
519 35
273 204 107
214 484
234 369 107
43 528 407
15 84 107
1 505
384 247 107
41 56 107
1 549
398 12
110 488
58 533 407
184 77 107
356 24
339 484 407
530 200
117 376 407
302 541 107
143 94 407
276 226
459 94 407
84 291 107
541 217
496 314
198 9 407
518 3 407
476 63 107
379 186 407
134 158
420 76
429 396 107
90 77 407
446 249 107
269 338 107
556 321 107
248 69 107
190 24
341 130 407
68 429 107
103 100 407
103 347
5 551
474 90
96 505 407
314 30
214 163 107
204 73 407
507 74 407
92 10
382 509 107
490 226
146 303 107
202 554
341 288 107
388 228
183 312 407
549 186 407
56 170
417 298 407
138 26
282 501 407
154 286
67 452 407
244 271 407
129 554 107
83 336 407
530 10
490 125 407
297 410 407
244 379 107
149 112 407
31 515
147 308 107
363 518 107
474 419 107
529 374 407
377 394 107
91 488 107
272 255 407
226 272
118 478
452 117 107
87 364 107
26 79 407
549 469
172 175 107
499 11
7 551
146 5 407
437 108 407
7 226 407
517 173
459 424 107
3 535
509 274 407
348 97 107
385 392 107
240 95 407
471 314 107
550 526
201 372 107
279 472 407
263 360 407
29 424 107
257 230 107
356 177 107
218 261 107
51 537
253 181
428 279 107
519 400 407
352 476
489 35
234 105 107
358 159 407
68 211 407
129 62 407
553 23
161 143
551 452 107
482 429 107
341 312 107
59 501
387 146 407
122 142
213 406 107
166 319 107
100 45 107
218 9 407
413 138 407
228 153 407
13 553
510 125 407
421 50 407
117 483
187 329
432 153 407
386 551 407
311 373
103 175
50 481 107
123 538 407
27 449
299 124 107
449 100 107
537 1
334 419 407
43 544 407
158 301 407
531 7
274 58
27 490 107
177 461
132 299 107
78 323 407
523 15
267 398 407
268 221 407
534 389 107
231 386 407
340 181 407
220 401 107
462 267 407
255 114 407
514 4
549 416 407
151 4 407
151 61
185 234 407
51 552 107
314 94
442 215 407
95 479
413 330 407
178 117 407
158 45 107
96 287 407
492 297 107
307 231
29 128 407
472 354
175 14 107
56 538
128 171 407
91 424 407
517 414 107
109 139
544 135 107
448 178
312 319 107
534 134
490 249 407
435 214 107
454 444
474 164
420 363 407
229 308 407
266 81 107
494 275 407
69 549
148 538
133 38 107
444 321 407
475 459
366 282
548 4
379 8 107
394 59 407
540 338
554 409 107
83 338 407
288 336
231 132 407
69 404 107
349 273
444 527 107
469 188 107
523 320 107
69 180 407
194 463 107
149 184 107
162 367 407
197 138 407
211 553
155 136 407
17 358 107
246 344
394 66
436 516
397 456 107
55 290 107
429 90 407
199 54 107
166 139 107
136 97 407
66 410
522 95 107
504 186
388 377 407
18 536
244 524
469 384 107
543 426 407
203 457
200 434
284 17 407
488 135 107
545 80 107
44 405 107
203 314 407
261 534 107
249 489
553 144 407
17 537
362 476
37 334 107
370 93 407
11 310 407
135 555
315 72 107
8 534
453 242 407
480 31 407
191 481
102 418
97 64 407
370 8
186 336
176 20
480 41 107
443 39
121 495
349 104 407
416 217 107
266 259 107
430 164
437 220 107
41 246 407
127 388 107
514 14
543 19
451 123
424 271 107
171 225
321 174 407
198 548
139 56 107
254 443 407
440 27 407
100 301 107
105 485
46 373 407
465 353
521 333
475 445
141 452 107
494 476
61 555
305 444 407
435 177
316 110
138 121 407
230 457 407
242 25 107
107 321
52 157 407
549 457
496 531 407
395 519
436 409 107
121 430 407
69 181
465 105
172 51 407
117 64 407
57 535
433 65
35 210 407
440 142
369 504 407
125 502 107
550 4
101 332 407
99 162 407
213 380 407
251 395
90 60
287 556 107
126 473 107
507 17
424 300
219 61
354 547 407
328 334
129 108 407
206 141 107
92 349 107
516 104
478 123 407
373 378 107
219 403
175 480 107
103 437
139 128 407
111 473
215 548 407
44 488
281 384 107
84 275 407
399 210 407
542 175 407
221 90 407
341 394 107
391 136 107
58 442
262 209 107
463 530 407
498 247 407
498 492
370 459 407
48 130
469 393
427 186 107
92 251 407
256 433 407
4 134
525 411
550 19 107
306 28
107 392 107
377 440 107
290 177 107
309 192 107
231 46 407
159 98 107
480 431 107
504 220
66 460
149 371
510 200
216 524
197 179
550 5 107
525 118 407
189 230 107
39 476 107
367 398 107
128 327 107
99 207
368 65 107
478 127 407
184 555 407
384 221 107
412 68
103 493
410 489 107
3 354 107
194 179 407
91 507
152 181 107
361 468 407
32 345 407
164 395 107
376 504
408 191 107
499 468 107
251 359
467 423
466 233 107
352 181 107
229 68 407
549 21
49 117
411 346 107
291 464 407
188 181 407
474 64
487 35
94 274
381 496 107
322 483 407
67 531
511 189
12 349 107
514 467 407
2 231 107
97 94 407
125 519
137 242 107
363 314 407
187 495
459 456 107
493 400 407
426 168
538 26
498 190
45 352 107
34 554
322 307 407
16 538
87 120 107
474 371 107
341 112 407
146 269 407
312 339 107
109 216 107
95 27
14 314
145 450 107
275 107
194 284
182 293 407
300 67 107
276 19 407
202 15 407
53 501
185 58 407
299 556 107
2 481 107
286 227 107
467 20 107
474 531 407
228 217 107
330 166
1 246 107
435 446 407
510 4
8 276
197 434 107
136 101 107
71 541
97 400 107
472 135 407
201 549
159 137
530 4
209 457
317 379
398 213 407
425 335
271 108 407
444 437 107
121 136 407
21 120 107
323 542 407
214 235 407
205 114 407
460 479 407
462 537 107
51 545
510 362
356 38
84 113 407
46 33 107
340 439 407
176 8
402 539 107
32 87 407
545 101
491 398 107
107 425
58 401 407
504 243 407
23 380 407
492 13 407
248 249 107
78 291 407
8 177 407
258 219 407
239 512 407
139 512 107
279 76 407
498 496
168 506
78 487 407
431 244 107
264 551 407
411 540 107
19 511
54 152
508 331 107
280 99 107
411 516 407
338 201 107
297 256 407
67 500 407
152 303 407
365 424 107
249 486 107
155 471
424 160
354 511 407
385 68 407
206 153 107
49 74 107
231 102 107
41 495
363 424 107
373 288 107
194 329 407
48 539 407
546 11 107
179 442 107
481 205
339 128 407
414 493 107
65 110 407
149 162 107
255 124 107
15 505
211 375
555 63
206 237 107
102 173 407
324 317 407
491 132 407
405 498 107
274 390
187 104 107
313 288 407
251 130 407
195 45
266 78
401 222 407
298 425 107
445 31
383 476 107
236 389 107
398 247 107
9 234 107
267 244 407
492 247 107
307 414 107
459 145
517 27
340 110
79 310 107
106 35 407
195 215
453 200 107
382 121 107
45 341
291 472 407
134 67 407
221 4 107
146 39 107
538 425 107
111 482 107
127 32 407
4 39 407
113 410 107
182 165 407
539 27
356 104
290 203 107
473 186 407
267 292 407
32 538
410 241 407
361 208 407
172 344
279 354 407
293 202 407
535 42 107
8 85 107
381 521
82 301 407
181 479
461 122 107
197 12 107
83 138 407
172 76
20 247 107
339 75
82 519 407
275 59
1 41
101 387
236 491 407
178 119 107
52 536
377 182 407
223 130 107
140 261 407
359 50 107
370 120
379 386 407
454 67 107
312 443 407
56 318
196 58
228 496
492 260
50 516
393 354 407
8 330
389 556 107
339 392 407
360 359 107
85 122 107
8 489 107
347 200 407
269 180 407
130 544
487 521
556 44
237 522 407
493 286 107
130 155 407
515 478 407
513 14 407
535 542 107
505 500 107
237 458 107
420 495 107
61 2 107
312 227 107
457 491
21 224 407
227 157
421 115
515 382 107
373 11
152 428
200 286
13 555
289 178 407
246 289 407
269 216 107
546 5 107
498 548
269 512 407
10 386
179 158 107
378 445 407
367 337
109 248 407
392 281 407
286 193 107
96 456
284 497 107
359 382 107
550 203 107
281 270 407
329 291
170 491 107
44 554
162 17 407
174 89 107
15 385
205 394 407
233 56 107
500 57 107
444 475 107
273 506 407
17 533
90 327 407
216 128
420 32
83 418 107
357 310 107
240 245 107
168 184
427 25
378 247 107
225 522 407
288 56
151 282 407
545 357
300 56
379 18 107
511 26 107
371 252 407
23 172 107
399 252 107
371 466 407
419 325
343 61
77 532 407
149 71
205 441
65 455
415 512 107
52 317 107
80 115 107
106 409 107
340 111 107
318 403 407
518 405 107
393 12 407
396 556
300 349 407
59 544 407
231 490 407
339 85
81 494 407
138 261 407
481 144 107
31 28 107
428 162
494 192
200 212
307 524 107
401 170 107
369 434 107
524 409 407
321 136 407
498 485 107
369 444 407
512 23 107
365 502 107
205 97
178 173 107
141 230 407
94 63 407
511 32 407
414 31 407
479 67
97 519
312 38
491 191
167 392 407
220 409 407
188 535 407
159 80 407
417 258 107
442 15 107
426 537 407
68 461 407
376 424
383 57
443 109
233 268 407
23 295
212 245 107
403 272 407
3 100 407
311 534 107
524 341 407
296 543 107
106 275 407
209 400 407
497 120 407
114 221 407
495 552 407
190 495 407
101 238 107
305 248 107
396 103 407
429 544 107
496 99 107
423 32 407
156 119 407
447 376 107
116 305 107
543 368 407
501 205
354 285 107
426 467 107
485 174 407
328 225 107
39 390 107
255 501
496 233 407
46 506
486 471 107
519 326 107
237 298 407
166 183 107
67 456 407
247 366 407
441 348 407
278 395 107
468 525 407
38 548
274 313 107
318 527 107
171 518 407
358 79 107
184 355 407
422 497 107
142 89 407
4 496
440 487 107
100 397 407
481 387
189 442 107
238 283 107
53 94 107
43 166 407
239 280 407
126 191 407
267 88 107
501 508 107
153 131
439 312 107
301 305
54 365 107
331 527
300 81 107
371 123
45 42 407
167 332 107
7 118 407
466 113 107
172 365 407
448 375 407
485 454 107
126 499 107
318 374
473 252 107
278 427 407
39 410 407
512 1 107
277 304 107
152 24
220 353 407
26 556
227 444 107
16 271 107
317 338 107
114 527 407
373 65
480 445 107
314 510
70 229 407
62 209 107
69 74 407
60 547 407
371 227
301 543
194 303 407
86 392
457 374 407
510 329 107
320 157 107
176 541 107
204 253 407
444 297 407
131 336 107
255 76 407
256 311 407
23 433
519 160 407
449 142 107
545 43
154 77 107
204 245 107
56 95 407
293 80 107
331 328 107
40 487 107
443 411
151 448 407
238 405 107
193 378 107
337 421
231 71
268 375 107
409 310 407
37 526 407
284 460
390 31 107
274 285 407
143 513
488 435 107
57 35
178 501 107
495 218 107
266 343 407
281 504 407
250 287 407
66 391 107
298 489 407
201 508 107
530 173 407
145 300 107
85 72 407
213 338 107
29 426 407
373 347
67 505
513 78 107
68 23 107
556 24
374 249 107
269 349
230 455 107
64 129 407
312 207 107
425 73
82 81 107
516 167 407
326 289 107
469 52 107
441 516 107
555 5
512 241 107
507 300 407
58 147 107
556 76
437 538 107
312 541 107
468 289 107
255 162 107
189 415
415 144 107
547 83
142 17 407
538 103 107
128 323 407
491 262 107
97 454 407
272 373 107
156 157 107
278 71 407
457 341
343 100 407
446 527 107
44 116
311 520 407
320 139 107
104 508
359 96 407
179 387
216 63 407
350 327 407
243 50 107
28 509 107
146 367 407
244 131 407
324 93 107
385 425
529 474 407
57 32 107
131 63
217 452 107
293 402 107
398 116
163 545
29 50 107
392 475 407
215 359
178 183 407
6 552
267 212 407
261 20 407
520 399 107
299 206 107
465 174 107
169 473
281 75
229 426 107
296 377 407
207 476 407
277 58 407
48 538
483 320 107
10 345 407
4 310
334 335 407
547 178 107
520 30
165 126 407
288 123 407
554 296
276 179 107
294 319 407
35 150 407
179 554 107
149 194 107
236 177 407
459 29
73 556 107
49 507
76 518
402 161 407
550 259 107
460 219 407
18 534
206 165 407
469 262 107
190 509 107
420 119 107
19 344 107
556 150
424 108
16 74
293 348 407
197 401
152 211 407
237 52 107
256 113 107
392 21 407
451 458 107
223 98 107
556 353 407
48 67 407
531 371
133 290 107
8 550
393 504 107
442 89 407
454 27 407
158 139 407
452 164
22 556
89 548 407
519 228 107
54 337 107
443 208 407
460 98
20 211 407
366 447 107
498 325 107
92 497 407
325 315
374 50
149 44 107
372 395 407
16 444
538 291 107
90 407 407
322 443 107
273 40 407
536 279 107
243 476 407
40 149 407
236 305 407
140 337 407
227 160 107
494 439 407
6 488
369 252 107
317 414 107
462 513 407
485 60 107
528 351 107
477 158 107
142 207 407
407 398 407
25 419
411 422 107
514 415 107
15 551
193 267
323 464 107
369 228 407
236 165 107
530 265 107
362 507 407
413 414 407
65 375
537 47
126 93 407
20 67 107
358 365 407
14 13 407
273 189
517 33
376 383 407
337 470 407
32 447 107
413 202 407
302 519 107
389 10 407
322 109 107
137 277
62 85 107
21 470 107
198 233 107
165 230 107
71 234 407
295 459
133 40 107
459 213
35 346 407
522 318
302 49 407
552 13 407
398 98
409 432 107
86 524
472 52
352 391 107
465 43
255 194 107
551 49
178 369 107
186 321 107
258 10
2 415 407
381 276 407
545 143
427 338 107
71 378 107
303 392 107
25 216 107
554 118
533 226 107
336 402
27 419
236 144
18 37 407
453 361
258 457 107
242 263 407
553 93
104 207 407
200 57 107
166 544
72 97 107
418 313 407
445 342 107
244 42
479 484 407
14 487 107
266 535 407
91 263
328 411 407
252 497 407
338 332
24 2
169 439
336 291 107
235 454 107
65 448 107
391 403
445 131
75 505
504 319 407
238 130
405 352 407
489 158 107
400 309 107
50 426
54 78
322 117 407
388 355 107
479 382 407
346 298
74 542
510 341 107
105 461
528 472
405 20 107
41 454 107
87 335
536 235 107
360 121 107
84 155 407
141 420 107
527 324 407
536 29 107
202 530
419 33
83 532 107
543 186 107
353 65
513 234 107
539 39
31 549
387 72 407
264 547 407
428 535 107
218 334
87 136 107
29 144 107
219 76 407
34 273 107
424 353 107
29 456 407
244 461 107
331 48 407
350 467 407
64 298
402 75 107
34 500
66 418
296 33 407
452 389 107
344 435 407
517 75
148 496
543 470 107
21 451
111 348 107
154 385 107
94 437 107
220 496
122 83 107
332 379 107
412 323 107
510 182
42 488
49 216 407
273 218 107
418 68
401 158 407
470 139 107
106 70
340 509 107
319 537
546 451 407
457 494 407
401 469
334 137 107
260 417 407
71 219
225 238 107
20 527 107
234 172
235 76 107
242 55 107
291 10 107
532 442
109 370 407
153 463
312 325 407
132 496
421 331
414 41 107
497 25
168 450
290 372
244 411 407
325 374 107
228 353 107
329 46 107
25 20 107
246 487 107
304 332
221 358 407
83 84 407
162 224
190 139 107
411 37
127 436 407
192 399 107
217 545
157 24 107
505 470 407
42 384
488 453 407
217 309
519 511
361 392 407
134 143 407
233 478 107
290 91 407
338 180
221 323
18 490
122 363 407
198 27 107
394 416
310 399 407
291 390 107
230 273 107
340 316
344 551 107
271 429
330 125 107
498 61 407
135 291
467 69
236 194
2 388
415 83
470 128
24 446
397 215
40 249 407
203 193
76 348
252 223 107
49 426 407
364 456
54 487 407
357 66 407
399 254 107
454 100
19 515
225 35
539 25
271 42 107
167 4 407
14 468
343 452 407
438 302
89 342 107
475 110 107
368 84
273 538 407
453 206 407
88 391 107
22 386
535 180 107
91 364 107
302 142
247 530 407
62 43 407
497 394 107
446 154
227 505
189 164 107
544 321 107
554 76
550 411 407
269 296 407
306 247 407
32 542
9 224 107
206 391 407
210 317 407
522 158
170 519 407
437 123
452 359 407
325 434 107
183 2 407
374 141 107
522 30
512 48
25 207
125 434 107
309 352 107
91 229
477 302 107
336 395 107
131 348 407
241 306 407
74 212
194 27 107
144 512
390 209 107
129 412 407
20 113 407
498 118
502 121 407
545 498 407
32 544
270 455 407
154 393 407
553 107
427 94 407
188 551 407
45 97
181 492 107
417 453
250 301 107
72 262
273 518 407
366 29 107
156 295 407
473 257
410 229 107
455 152 107
35 196 107
3 343
386 443 107
230 349 407
402 429 407
81 117
339 366 107
431 332 107
418 522
444 401 407
128 466
402 297 407
153 475
194 51 107
11 23
535 38 407
49 545
95 550 407
211 201
20 526
247 140 407
276 115 107
341 206 107
132 503 407
94 33 407
103 266 407
14 197 407
220 505 407
41 526 107
297 281
258 11 407
105 144 107
416 425 107
142 307 107
98 355 407
330 95 407
367 382 407
185 393
217 216 107
85 430 107
547 441
103 74 107
355 364 407
512 92
472 225 407
17 292 107
366 273 407
114 37 407
58 476
413 392 407
371 376 407
383 259
127 180 107
225 320 107
525 331
235 288 107
407 34 107
18 263 407
399 530 407
151 498 107
219 24 107
188 378
303 220 407
550 196
241 108 107
36 513 407
443 10 107
256 271 107
2 554
470 47 107
329 198 107
237 212 407
210 325 407
385 416 107
294 529 407
63 230 107
498 279 107
487 43
493 149
476 152
476 159 107
2 87 107
356 83 107
178 537 407
246 62
452 405 107
493 256 107
60 274
491 34 107
544 31 107
443 154 407
144 371 107
312 139 107
427 5
84 406
55 390 107
45 450 407
85 436 107
15 67
156 419 107
447 434 107
287 394 407
44 387 107
314 146
130 487 407
16 245 107
366 43 107
554 53 407
6 554
513 160 107
78 163 407
189 142 407
324 297 407
249 194 107
550 74
516 96
29 162 407
37 444 407
488 525 107
331 306 107
389 74 407
171 291
257 10 407
513 374 107
64 369 107
119 100 407
520 12
195 175
339 398 107
408 467 107
108 189 107
90 454
198 360
202 319 107
479 340 407
517 47
336 213 407
466 360
340 1 407
5 163
262 541 407
309 170 407
473 526 107
105 479
331 246 407
212 454
524 83 407
196 479 107
327 442 107
39 74 407
310 315 407
22 310
284 239 107
195 522 107
438 18
428 301 407
56 121 107
429 251
224 45 407
103 145
314 525 407
528 100
371 352 407
371 64 107
153 556 407
300 433 407
408 104
80 476
511 21
252 99 107
460 356
240 147 107
34 185 407
264 333 407
196 325 107
454 310
379 70 107
502 201 107
195 382 407
479 145
156 63 407
534 275 107
490 526
517 11
354 553 407
277 386 407
138 479 107
271 40 407
247 232 107
313 106 107
531 182 407
327 48 107
130 345 107
346 77 407
374 147 407
189 242 107
104 542
68 35 407
311 127
331 206 107
251 372 407
193 48 107
506 16
55 396 107
448 163 407
157 284 407
286 347 407
52 241 407
39 241
495 531
84 145 407
445 40 107
52 37 107
302 131 107
294 373 107
76 141 107
36 149 107
350 271 107
39 486 107
266 251 407
29 205
279 502 107
429 42 407
289 549
475 28 407
48 550
282 545 107
152 69 107
548 434
539 150 107
85 13
454 455 107
468 239 407
222 30
327 300 407
333 541
422 163 107
546 9 407
16 13 407
338 489 407
229 454 107
29 405
543 45
145 554 407
431 262 107
414 438
462 13 407
17 154 407
16 504
362 241 407
98 214
174 443 407
370 249 407
62 470
548 473 407
181 536 407
404 355 107
414 38
258 334
201 423
256 473 407
166 284
526 31 107
436 55 407
456 145 107
108 97 407
446 373 107
516 519 107
160 24
287 514 407
473 264 407
130 295 107
170 445 407
440 267 107
474 365 407
225 3
231 62 107
11 152 107
109 10 407
221 352 407
232 199 107
542 273 407
359 329
533 18 107
19 354 107
99 348 407
511 31
450 83 407
389 118 407
151 532 407
185 206 107
116 269 407
12 243 107
58 107 407
513 527
222 538
10 187 407
404 547 107
513 8 107
115 350 407
98 207 407
117 548 107
187 406 407
389 6 407
530 241 107
483 452 407
44 404
210 73 407
219 53
314 201 107
489 275
487 161
347 390 407
151 406 107
140 401 107
294 3 107
460 337 407
7 533
413 47
105 13
465 25
438 306
158 265 107
50 496
107 520 407
29 555
528 5 407
414 6
1 244 407
291 358 407
197 421
220 145 107
505 282 407
406 253 407
253 556 107
326 297 407
382 302
222 204
428 316
48 183 407
457 290 107
494 467 107
124 337 107
292 482
161 385
339 182 107
210 297 107
539 367
180 521 407
133 50 407
213 294 107
199 430 407
536 445 407
466 336
440 456
90 69 407
89 280 107
57 450 107
152 448
158 480
137 500 107
137 408 107
472 407 107
315 261
10 451 107
397 250 407
155 166 107
182 422
453 473
156 475 407
465 338 107
192 511 107
444 499 107
3 374 107
404 244
466 15 407
553 72 107
251 464 407
392 551 407
32 382
170 161 407
82 442
482 177 407
385 254 107
249 500 107
172 335 407
292 277 407
339 322 107
428 102
192 31 107
394 390
240 435 407
484 10
456 349 107
18 434
276 309 107
401 21
427 390 107
201 130 107
59 518 107
248 14
346 233 107
205 78 107
77 468 107
62 437 107
481 106 107
291 512 407
373 124 407
148 226
31 419
536 489 407
102 365 107
534 13 107
210 123 107
413 429
525 290 107
97 152 107
269 173
237 473
227 320 107
325 54 407
347 249
86 333 407
85 42 107
490 340
236 36
346 381 407
377 314 407
200 233 107
338 42
527 392 407
47 548 107
107 20 107
353 492 407
441 240 107
358 281 107
21 532 107
65 422 407
123 370 107
442 4
361 365
50 125 407
450 349 107
147 152 407
25 334 107
298 69 407
87 417
498 69 407
113 154 107
224 59 407
279 285
69 455
179 70 407
203 18 407
536 170
169 462 407
63 515
270 531 407
177 540 407
258 419 107
264 413 407
444 341 107
461 420 107
161 5
84 480
275 552 107
89 446 107
498 482
549 312 107
89 547
519 4 107
109 188 107
109 328 107
110 305 107
435 167
260 5 107
474 165 107
27 553
60 293 407
231 296 407
338 74
254 124
31 100 407
411 172 407
160 515 107
468 117 107
139 212 107
391 18 407
15 541
521 137
489 167
550 50
121 429
532 280
347 21
14 530
517 224 407
538 258
453 174 407
393 36 407
35 508 107
48 252
528 18
99 549
86 164
119 352 407
508 86
554 10
215 340 107
444 543 407
202 23 107
529 416 107
178 398
175 409
315 318 107
279 326 107
68 294
416 391 407
394 161 407
124 274
44 477 107
304 87 107
429 500 407
537 66 107
20 49 407
543 93
437 447
413 70 107
123 32 107
23 322 407
425 402 407
115 230 407
116 224
230 283 407
441 224 107
47 382 107
234 486
432 252
92 37 107
128 412
243 522 107
301 414 407
78 446
427 370 107
10 139 107
386 161 407
314 21 407
414 542
65 443
112 247 107
386 242
322 373 407
10 357 407
46 39 107
135 504 407
309 213
460 37 107
330 457 407
355 305
174 437 107
441 40 107
355 4 107
540 168
176 273 407
62 522
357 300 107
62 170
430 191 407
181 318 407
385 109
334 355 107
420 209 407
231 502 107
478 207 407
183 64 407
261 79
63 335
345 538 407
443 297
219 78 107
413 344 107
401 123
273 232 407
375 93
177 392 107
189 162 407
60 174
483 102 107
342 15 407
365 411
56 550
547 270 407
426 503 407
147 116 407
467 299
2 29 407
5 130 107
486 248
109 364 107
365 470 407
526 181 107
460 555 407
171 158 107
481 446 407
146 394
53 408 407
349 548 407
219 62 107
281 276 407
378 487 107
366 457 407
26 497 407
549 426 407
479 194 107
196 250
350 90
324 55 407
51 242 107
434 95 407
382 482
117 442 107
415 516 407
24 540
369 426 407
382 166
28 399 107
282 403 407
410 245 107
538 525 407
435 5
403 158 407
510 351 407
380 541 407
451 215
544 155 107
249 108 407
511 512 407
465 172 407
408 507 407
268 543 407
31 377
308 162
153 552 107
427 488 107
60 167 407
117 455
155 90 107
379 333
69 144 407
541 221
196 533 107
541 536 407
45 250 107
183 477
430 219 107
407 40 107
68 304
209 504 107
106 295 107
30 328
106 189 107
61 382 407
199 342 407
28 428
524 350
290 493 407
359 266 407
503 299
222 482
226 113 407
36 437 407
165 168 407
382 169 107
352 261 107
44 542
451 551
378 251 107
266 133 407
512 539 407
181 436 407
458 173 407
184 269 107
342 427 407
113 156 407
527 394 107
467 124 107
127 189
465 515
96 65 407
266 449 107
536 551 107
529 230 407
198 63 407
11 535
471 299
553 445
503 113
112 58
455 75
153 490 407
491 388 107
376 375 107
407 320 107
459 68 107
53 524 407
422 446
303 316 107
137 4 407
496 482
539 64 107
232 97 407
48 5 107
392 353 407
404 56
24 425 107
543 242 407
415 146 407
510 309 407
554 343 107
41 428 107
416 152
49 150 407
72 106
55 348 407
437 113
15 521
382 507 107
438 87 107
336 509 407
347 376 107
211 528 107
423 474 107
180 541 407
378 128
30 524
363 49
327 320 407
549 226 407
347 552 407
502 160
112 186
186 3 407
307 512 107
330 461 407
494 397 107
275 52 407
429 123
44 360
17 378 107
248 518
16 419 107
403 42 407
200 73 107
547 364 107
211 199
9 410 407
498 138
119 128 407
479 528 407
517 292 407
522 264
269 200 407
532 85 407
371 362 407
254 351 407
180 21 107
18 115 107
71 85
281 20 407
388 95 407
15 198 407
15 503
20 544
61 157
98 382
554 16
339 432 407
186 363 107
290 47 407
347 378 407
461 215
44 552
519 219
533 35
525 522 407
163 306 107
344 96
363 110 407
24 381 407
84 321 107
231 334 407
172 25 407
290 383 107
317 474 107
51 491
427 43
385 188 107
348 309 407
33 435
224 299 107
480 516
201 348 107
499 405
370 547 107
551 79
315 530 407
491 456 107
155 334 107
139 399
343 118 407
109 238 407
292 394
22 525 107
163 100 407
536 269 407
143 242 107
116 181 407
529 45
298 261 107
536 114
384 198
442 391 107
492 129 107
499 442 107
53 139
80 544
415 537
537 25
325 308 107
282 129 107
434 69 107
537 172 407
425 381
512 56
289 336 107
310 338
68 90
543 34 107
496 244
304 130
122 505 107
354 61 107
207 208 407
264 1 107
86 293 407
476 234
298 461 407
53 327
544 58
136 61 107
30 38
10 253 407
315 516 407
424 24
554 128
6 217 107
388 138
113 202 107
188 127 107
324 449 407
264 490
414 255 407
169 156 107
104 491 107
467 539
260 473 107
555 108 407
521 494 407
47 483
188 379 107
244 295 407
15 199
55 533
378 427 107
514 31 107
538 219 107
179 439
285 132 107
100 474
59 318 407
266 241 407
306 209 107
208 429 107
232 27 407
463 462 107
418 341 107
54 123 107
226 224
96 189 107
302 177 407
420 44
555 282 107
282 245 407
66 302
95 154 107
57 16 107
448 417 107
556 86
533 556 107
1 553
133 252 107
463 180 107
556 2
476 123 107
113 405
182 447 107
276 239 407
472 306
245 344 107
204 299 407
548 8
117 500 407
162 425 107
14 333 407
419 462 407
482 415 107
355 34 107
229 350 407
91 199
517 48 107
265 180 407
392 132
19 527
317 326 407
73 344 407
293 394 407
278 70
163 420 107
42 216
315 502 407
77 274 107
281 378 407
191 236 407
382 349 407
73 297
399 546 107
15 379
12 502
14 300
215 472 407
152 115 107
61 275
312 106
271 504 107
253 316 107
280 361 407
114 158
45 380 407
23 13
107 390 407
433 204 407
426 403 407
461 85
90 510
326 554
237 541
139 346 407
435 216 107
554 114
192 320
292 231 407
383 284 107
170 537 107
528 41 407
415 440 407
538 31 407
387 80 107
459 548 407
98 167 407
532 255 107
155 30 407
112 96
448 174
495 374 107
47 92 407
133 556 407
197 190 407
522 55 407
135 522 107
252 389 107
25 94 107
214 95 107
2 478
515 81
520 337 407
58 73 107
504 275 407
455 294 107
268 205 407
133 377
426 129 407
65 339
288 371 107
397 398 407
19 206 107
518 395 107
486 373 407
125 554 107
273 436 107
313 346 407
115 56 407
363 542 407
48 421 407
467 140 407
383 25
215 294 107
412 134
80 463 107
40 151 107
4 532
84 450
109 371
357 220 407
193 431
278 333 407
117 46 107
507 442 107
117 502 407
188 543 407
202 8
155 24 407
402 191 407
518 24
244 121 107
2 552
22 205 107
438 493 107
525 67
166 548
215 438 407
243 38 107
346 435 107
485 212 107
305 53
41 58 407
103 280 107
318 165 107
88 387 107
528 155 407
317 200 407
169 58 407
205 526 107
64 172
504 141 407
502 335 407
3 541
6 133 407
223 426 407
466 323 407
530 111 107
546 78
299 424 107
44 152
498 358
442 170
114 471 407
138 415 107
414 91 407
466 108
459 111
155 314 107
274 54
148 103 107
410 335 107
439 372 407
432 491 107
32 377 407
223 420 107
67 110 107
132 174
510 92
222 127 107
411 530 107
217 382 107
66 310
313 132 407
238 456
68 263 407
141 285
281 428 107
201 374 407
51 498 107
309 441
342 16
504 47 107
430 76
108 367 107
551 174 407
215 403
383 292 107
537 174 407
320 223 107
539 198 107
115 536 407
408 534
59 375
69 535
237 49
420 219 107
56 525 107
282 397 407
1 406 407
504 282
89 374 107
384 30
412 521 107
23 478 107
165 382 407
60 426
53 112 407
478 471 107
64 188
109 226 407
422 112
335 88 107
535 27
466 375 407
203 455
151 209
102 525 407
509 65
522 531 407
404 13 407
262 333 107
155 430 107
211 547
285 408 407
106 113 107
113 319
126 235 107
438 249 107
324 508
143 156 407
415 312 407
293 370 107
358 222
137 533
443 382 107
403 441
440 33 407
479 135
15 28 407
12 544
33 412 107
555 36 407
24 162
312 461 407
442 511 107
523 308 107
89 397
445 292 407
76 183 407
410 515 407
547 202 107
500 359 407
89 541
111 280 407
512 117 407
451 61
430 165 107
372 508
533 185
349 214 407
501 490 407
283 82 407
89 473
432 271 107
317 364 407
500 201 107
437 198 407
173 392 107
55 344 407
117 362 407
482 468
488 22
82 67 107
368 129 407
517 239
412 375 407
403 157
242 458
23 34 407
228 494
52 345 407
90 91 107
66 481 107
481 198 407
292 157 107
321 47
387 3
60 3 407
555 82 107
81 100 107
54 71 107
475 389
475 505
381 90 407
20 440
94 57 107
327 42 107
183 134 407
530 457 107
305 62 107
29 470 107
528 409 107
484 5 407
203 366 107
461 106 407
280 453 107
455 18 407
543 526 407
541 129
451 85
15 256 107
213 152 407
422 238
104 555 107
547 57
358 441 107
521 32 407
107 372 107
215 468 107
441 89
491 4 107
90 13 107
255 236 107
534 371 407
293 20 407
154 303 407
46 516
471 388 407
211 418 407
334 435 407
146 501 107
83 251
180 423 407
491 97
518 157 407
334 481 107
461 448 407
251 384 107
64 361 107
466 33 407
355 48 407
78 286
496 465 407
139 430 107
472 457 107
144 359 407
232 391 407
524 303 407
127 312 407
408 17 407
29 535
427 318 107
290 163 107
111 444 407
7 555
313 370 107
548 366
187 393
130 175 107
285 112 107
63 480 407
435 470 407
518 418
420 139 107
93 224 407
314 341 107
407 342 407
151 470 107
444 303 407
190 77 407
329 498 407
514 304
263 195
121 203
394 305 107
268 110
164 233 107
284 87 107
158 502
349 142 407
485 111
134 194
386 383 107
538 414
409 161
420 327 107
440 205 407
491 356 407
74 85 407
368 401 407
506 221 407
499 276 107
352 453 107
206 517 107
290 406
348 67 407
547 107
357 531
180 103 407
542 10
158 459 407
67 56 107
115 206 107
389 14 407
120 133 107
328 197 407
362 299 407
85 492 107
42 530
536 355 407
151 30 107
264 447 407
324 142
370 36
182 189 407
484 467 407
544 396
68 149 407
200 469 407
387 34 407
322 381 107
265 130 407
386 249 407
428 318
297 514 407
237 137
203 380 407
287 238 407
268 245 107
125 196 107
371 381
75 463
456 123 107
398 61 407
61 543
217 334 107
500 35 407
553 163
35 306 407
14 249 107
528 353 107
29 90 407
419 11
21 105
137 218 407
279 384 107
76 4
535 174 407
81 548 107
550 80
92 183 407
25 493
341 551
450 49 107
82 188
5 535
472 41 107
294 238
517 77
47 437
454 136
263 530 107
508 190
327 375
63 292 107
108 411 107
520 347 407
320 10
400 48
353 350 407
502 309 407
140 107 107
154 378
73 172 107
275 318 407
525 252 407
254 145 407
499 400 407
67 234 107
41 342 407
84 528
28 553 407
191 435
309 384 107
127 406 407
304 141 407
189 168 107
245 102 407
253 160 107
13 387
113 516 407
454 338
146 381 407
394 51 407
430 513 107
412 148
481 415
332 211 407
339 529
493 373
345 9
128 377 107
353 54 107
102 21 107
197 515
245 441
528 301 407
124 481 407
73 480 407
379 71
408 129 407
460 194
73 34 107
177 141
231 115
328 122
117 520 407
162 138
479 204 407
233 372 107
383 210 407
112 393 407
19 293
422 115 107
294 427 107
351 538 407
542 29 407
310 102
146 173 407
488 385 407
418 273 407
263 347
272 537 407
290 169 107
291 170 107
539 262 407
208 547 407
377 336 107
395 380 107
435 190 107
8 556
229 492 407
524 2
71 382 407
363 78 107
327 556 107
149 8 407
203 310 407
310 525 407
373 528 107
93 120 107
85 384 107
326 421 407
273 440 407
217 106 107
303 44 407
131 200 407
268 173 407
160 89 107
221 362 407
313 502 407
40 421 407
379 1
485 5
149 441
306 113 407
30 441 107
445 124 407
529 465
460 319 407
431 432 107
278 265 107
533 508 107
234 125 107
368 541 407
164 267 107
452 535 407
341 490 407
171 540 107
225 374 407
58 328
234 35 107
228 143 407
340 176
379 161
420 7 107
463 312 107
108 273 407
465 161
287 260 107
472 119 407
422 247 407
217 172 407
533 11
126 519 407
297 60 107
430 13 407
118 151 407
546 2
493 187
142 216
198 484
139 406 107
198 60
418 107 407
159 210 107
33 312 107
542 108
415 152 407
197 536 107
200 457 407
376 460
396 267 107
293 290 107
432 143 407
188 27 107
460 114
93 400 407
39 225
158 11 407
531 11
281 188 107
309 148 407
301 7
433 150 107
407 410 407
358 394
281 453
69 40 107
24 134
40 114
165 405
6 484
404 89 107
41 338 107
282 461 407
298 348
551 348 407
103 508 407
451 554 407
11 437
387 220 107
391 420 407
470 14
161 515
244 29 107
83 527
441 246 407
549 14 407
21 429
531 298 107
535 438 407
424 315 107
390 196
232 279 107
230 323 107
281 414 107
534 124
94 509 107
549 534 407
438 315 407
364 219 407
231 256 407
111 452 107
324 279 107
512 301 407
76 53 107
71 461
74 388
185 196 407
510 223 107
131 68 407
554 130
319 546 107
270 155 407
424 543 407
335 405
544 351 107
297 513
35 491
444 222
280 284
428 244
30 291 407
487 458 107
344 254
334 126
36 502
237 390 107
20 345 107
265 359
68 340
430 5 407
552 4
310 163 107
497 135
288 473 407
416 489 407
440 551 107
442 393 107
482 115 107
433 135
404 203 407
492 352
242 65 107
179 106 107
33 553
286 25 107
539 410 107
39 479
426 312
158 307 107
245 507
323 532 407
405 527
455 25
199 494 107
63 377
169 346 407
210 501 107
486 331 407
149 334 407
503 68 107
91 473
122 84
324 320
426 350
430 11 407
534 209 107
439 38 407
518 65 107
506 511 407
338 361 107
29 140 107
91 464 407
420 57 107
204 159 107
548 80
123 26 407
386 301 107
144 231 407
143 541
376 234
459 67
147 199
117 140 107
423 444 107
195 368 407
531 387
303 364 407
10 159 407
445 221
238 250
36 371 407
223 304 107
308 291 407
173 492 407
551 45
113 50 407
408 143 107
215 7
345 30 407
441 208 107
489 287
369 221
177 123
16 386
511 513
158 169 407
458 473 107
110 537 107
365 426 107
50 378
325 379
469 249
524 80
18 114
370 479 107
240 392
440 117 407
181 404 407
20 470
447 324 407
497 416 107
13 62 407
100 519 107
155 468 107
43 543
377 498 407
554 279 107
159 317
406 241 107
223 15
335 15
182 497 107
548 479 107
21 362 107
470 192
126 121 407
191 49
488 129 407
326 229 107
207 2 407
368 201 107
510 137 407
437 354 407
328 407 107
433 4 407
46 153 107
440 335 107
334 461 107
56 346
442 315 107
461 265
485 264 407
519 284 107
413 184 107
307 43
94 105 407
87 392 107
5 487
219 31
451 440 407
381 492 107
75 254 107
103 52 407
81 481
397 20 407
141 184 107
522 553 107
201 493
412 419 107
101 89
80 405 407
539 93
245 326 407
470 239 407
456 324
375 451
237 322 407
46 11 107
457 106 407
516 60
437 262 407
61 506 107
523 1
84 335 407
378 169 107
320 235 407
478 253 107
233 24 407
459 516 407
35 401
391 294 407
494 62
327 134 107
99 355
275 134 107
379 164 107
352 554
390 443 107
551 434 407
86 509 407
303 495
367 453
514 301 107
269 452 107
458 332
551 282 107
98 467 107
181 408 107
75 400 107
335 51
52 399 407
253 294 107
356 391 107
515 64 107
294 509 407
202 171 407
149 426 407
339 277
18 440
323 63
234 144
497 282 407
229 293
369 256 107
48 389 107
273 14 407
172 1 107
227 386 407
523 472 107
362 154
2 526
501 362 407
107 56 407
186 253 407
192 155 407
37 367
64 456
435 412 107
510 184
528 192
201 62 107
432 48
184 173 407
12 538
380 493 407
112 32
74 391 107
233 455
267 328 107
72 477 407
135 54 107
547 171
520 177 407
101 192 107
202 335 107
28 356
169 436 407
169 538 407
556 164
460 121 407
91 202 107
550 46
25 148 407
206 125 107
71 169
95 264 407
104 265 107
175 544 107
486 190
343 387
414 389 407
10 536
203 437
295 190 107
175 234 407
377 356 107
142 383 107
245 123
470 199 107
174 553 107
207 545
337 466 407
341 40 107
501 340 107
100 383 107
113 407
338 177 107
201 382 407
517 59
440 120
80 267 107
377 191
538 364
405 139
383 522 407
258 293 407
176 285 407
318 195 407
330 309 407
522 247 107
165 216 407
540 472
441 490 107
395 364 107
148 167 107
209 272 107
442 61 407
18 540
307 248 107
541 13
1 200 407
361 26 107
155 490 107
337 197
534 365 107
458 40
504 10
353 164 407
392 84
34 47 107
554 472
269 225
154 252
440 180
31 509
93 520 407
146 333 107
130 297 407
552 375 407
499 6 407
80 430
325 85
523 279
81 215
507 488 407
309 372 107
488 267 107
24 159 407
170 315 407
229 310 107
58 435 407
3 549
99 91
248 54
93 290 407
225 501
337 220 107
346 395 107
160 205 407
121 518 407
510 553 107
288 153 407
193 285
50 9 407
157 260 107
60 402
515 214 407
11 150 107
126 10
66 129 407
404 338
188 215 107
108 528
192 453 107
76 480
64 385 107
247 163
7 89
550 298
346 461 407
46 247 407
482 17 407
5 22 107
439 374 407
208 317 407
36 148
30 197 407
70 133 107
468 50
327 405
155 536 407
432 403 107
551 324 407
271 448 107
360 157 107
250 515 107
250 547 107
8 506
447 118 407
101 485
82 539 107
23 152 407
471 162 407
210 443 407
186 245 407
229 322 107
254 445 107
386 415 407
116 397 107
526 383 407
290 253 407
45 120 407
138 485 107
556 20
301 206 107
385 130 107
283 522 107
485 404 407
551 244 107
347 268 107
290 153 407
490 251 407
35 200 407
374 55 107
335 52 407
214 307 107
339 334 107
541 19
242 30
371 356 107
509 185
274 295 107
528 346
469 387
1 216 107
369 258 107
387 26 107
178 449 407
352 2
490 415 407
316 475 407
400 50
412 535 407
352 552
480 277 107
541 336 407
131 382 107
50 454
384 343 107
448 543 107
515 13
474 405 107
163 445
479 374 107
457 244 107
233 506 107
346 392
123 452 407
209 331
202 526
474 241 107
294 65 107
265 216 407
170 297 407
408 50
73 543
483 17
114 181 407
359 238 107
140 215 407
60 447 107
469 68 107
420 525 107
537 206 407
247 118 107
376 199 107
95 300 407
555 3
293 296 407
506 422
48 229 407
399 364 407
490 467 107
449 414 107
61 539
449 203
13 184 407
245 69
139 204 407
12 536
135 367
38 286
40 332
491 429
183 336 107
538 158
403 388 107
163 424 407
76 155 107
255 520 107
245 471
284 250
399 434 107
358 168
198 389 407
49 364 407
526 50
412 333 107
249 24 407
273 455
549 19
393 194 107
137 180 107
166 157 107
381 440 107
5 162 107
15 376 407
428 441 107
467 228 407
210 369 407
545 55
515 362 107
122 368
245 452 407
497 49
512 21 407
541 37
125 8 407
141 64 107
110 1 407
253 354 107
29 308 407
199 346 107
94 510
11 231
511 79
3 477
491 9
535 93
254 249 407
420 39 407
39 312 107
336 19 407
459 194 107
202 155 107
275 510 407
492 523 107
100 170
288 309 107
521 522 107
280 115 407
344 50
208 81 407
331 81
221 458 107
324 405 107
401 292 407
190 73 107
510 20
297 283
22 451 407
28 432
533 9
498 507 107
87 506 407
460 469 107
5 496 107
116 35 107
56 399 407
398 425 107
451 170 107
125 357
147 473
208 353 107
44 108
119 399
399 200 407
456 275 407
335 47
311 350 107
113 14 407
96 127 107
76 526
148 99 407
17 540 407
112 26
229 188 107
87 132 407
522 375 407
198 313 407
464 517 407
137 535
502 203 407
553 130 407
28 181 407
511 454 407
108 504
256 547 407
97 309
335 512 107
322 365 107
303 516 107
33 543
225 258 407
169 10 407
417 532 407
71 381
502 307 107
100 459 407
378 355 407
442 414
64 399 107
421 516 407
375 22 107
379 223
380 249 107
80 321 407
99 147
511 252 107
449 66 407
361 434 107
102 535 107
60 455 407
238 377 107
514 22
467 283
114 472
259 286 407
214 205 107
446 361 407
6 518
490 6
39 497
339 43
491 200 107
501 252 107
511 149
67 141
33 86 107
111 227
344 247 107
142 34
190 361 107
452 25 407
511 533
543 382 107
353 263
491 101
342 261 407
159 290 407
516 447 407
487 86 107
450 255 107
547 34 107
121 128 407
75 546 107
391 447
461 175
35 462 407
394 131 107
199 40 107
207 400 407
96 29 407
458 127 107
469 490 407
296 69 407
441 75
160 259 107
44 250
213 44 107
513 63
226 373 407
455 207
346 331 407
288 495 407
26 496
107 272 407
60 261 107
443 442 407
190 275 107
155 299
531 25
402 385 107
503 502 107
552 322
194 305 407
70 538
127 364 407
540 139 407
212 441 107
385 418 407
546 45 107
481 143
314 399 107
392 305 107
136 295 107
112 212
215 96 407
232 351 107
155 318 407
335 490 107
16 49 407
27 543
228 149 407
468 437 107
2 99 107
108 207 107
250 27 107
230 13 107
424 100
466 84
218 379 407
515 41
511 343
64 470
484 177 407
511 543
276 451 407
503 490 107
154 478
475 108 107
5 186 407
74 345 407
492 26
496 242
414 154
372 128
470 472
260 109 407
287 282 107
434 319 407
109 545
97 467
440 26
548 149 107
33 62 107
550 72
58 255 107
352 509 107
59 481
137 523
501 5
403 507
462 11 107
52 53 407
496 186
119 189
103 102 407
42 425 407
286 540
165 139
177 222 107
521 534 407
44 522
55 67
368 309 107
174 139 407
7 290 407
509 266 407
312 391 407
154 20
543 548 107
34 200
14 542
370 303 107
321 39
470 536
220 96
244 119 107
441 88 107
413 550 407
119 517
466 114
24 306
90 525 107
447 93
271 151
245 136 107
338 236
105 196 107
188 398
232 239 107
13 509
328 133 107
405 66 107
443 404 107
31 22 407
516 87 407
473 484 107
526 453 407
39 397
220 541 407
63 310 107
118 193 407
488 97 107
385 335
30 517 407
197 124 407
