306
158 160
156 158
154 156
148 150
146 148
144 146
142 144
140 142
136 138
130 132
128 130
124 126
122 124
118 120
106 108
102 104
96 98
92 94
88 90
84 86
80 82
74 76
72 74
68 70
64 66
60 62
54 56
48 50
46 48
44 46
42 44
38 40
32 34
30 32
28 30
22 24
18 20
14 16
6 8
160 162
162 164
166 168
170 172
172 174
176 178
180 182
186 188
192 194
194 196
198 200
200 202
202 204
204 206
210 212
212 214
218 220
220 222
222 224
226 228
228 230
234 236
238 240
242 244
244 246
248 250
250 252
254 256
260 262
262 264
266 268
272 274
274 276
278 280
280 282
284 286
286 288
290 292
292 294
300 302
302 304
310 312
312 314
314 316
316 318
318 320
320 322
322 324
324 326
328 330
332 334
334 336
338 340
346 348
350 352
354 356
358 360
366 368
370 372
372 374
376 378
378 380
380 382
384 386
386 388
388 390
394 396
396 398
402 404
408 410
412 414
416 418
422 424
428 430
432 434
436 438
438 440
442 444
448 450
450 452
454 456
460 462
464 466
470 472
472 474
480 482
482 484
484 486
488 490
490 492
496 498
498 500
502 504
504 506
510 512
516 518
520 522
524 526
526 528
530 532
536 538
538 540
540 542
542 544
544 546
546 548
552 554
556 558
560 562
562 564
155 157
151 153
145 147
143 145
139 141
131 133
123 125
121 123
117 119
115 117
111 113
109 111
105 107
99 101
95 97
87 89
83 85
77 79
71 73
69 71
63 65
59 61
57 59
55 57
49 51
45 47
43 45
41 43
39 41
31 33
29 31
25 27
17 19
13 15
9 11
7 9
3 5
1 3
159 161
165 167
169 171
175 177
179 181
181 183
183 185
185 187
187 189
195 197
201 203
203 205
205 207
207 209
211 213
215 217
217 219
223 225
229 231
231 233
235 237
241 243
251 253
255 257
259 261
263 265
271 273
273 275
275 277
277 279
279 281
281 283
283 285
287 289
289 291
291 293
293 295
295 297
297 299
301 303
303 305
305 307
313 315
319 321
321 323
323 325
325 327
331 333
335 337
337 339
341 343
343 345
349 351
353 355
355 357
361 363
363 365
365 367
367 369
373 375
377 379
381 383
383 385
385 387
387 389
389 391
391 393
393 395
397 399
399 401
401 403
405 407
407 409
411 413
415 417
419 421
425 427
427 429
431 433
435 437
439 441
443 445
445 447
449 451
453 455
457 459
461 463
463 465
467 469
469 471
473 475
479 481
483 485
487 489
491 493
493 495
495 497
497 499
501 503
503 505
507 509
509 511
513 515
515 517
519 521
521 523
525 527
527 529
531 533
535 537
539 541
543 545
547 549
551 553
553 555
559 561
561 563
563 565
565 567
