570 3940 159 261
144 181 261
330 352
132 118
123 90 159
256 252
84 64
42 54
256 262
114 199 261
508 514
94 88
515 529
280 258
348 241 261
2 16
546 542
274 254
124 138
126 132
417 413
272 331 261
296 314
425 435
419 439
318 375 261
236 147 159
130 283 261
112 100
62 51 159
60 50
32 42
380 382
144 154
43 41
234 177 261
287 289
149 133
209 229
319 305
199 160 159
350 344
551 533
173 151
396 384
300 377 261
59 71
324 119 159
165 167
7 9
185 191
333 130 159
203 219
430 414
303 162 261
269 290 261
413 403
485 499
158 168
84 62
497 487
355 274 261
378 370
78 86
369 377
290 278
295 273
327 307
125 100 159
544 554
565 549
242 261 261
257 368 261
87 91
67 83
508 524
242 220
365 357
222 238
249 162 159
431 421
53 35
221 246 159
306 322
408 269 261
72 84
153 149
490 494
40 56
134 152
181 52 159
255 250 159
78 227 261
251 286 159
285 140 261
220 373 261
463 459
484 468
421 441
131 240 261
206 97 261
553 559
155 133
490 476
357 351
368 348
200 188
224 246
330 324
440 426
217 270 159
386 394
89 67
225 248 159
435 445
201 168 159
253 190 261
302 308
214 37 159
55 63
458 436
188 174
226 253 261
298 95 159
179 189
340 354
155 147
111 103
416 396
77 87
128 112
72 101 159
260 270
308 133 261
69 268 159
222 234
283 230 159
91 73
87 105
296 355 261
455 439
264 191 261
147 143
355 377
489 499
133 248 261
291 408 261
463 447
478 458
288 111 159
407 423
372 368
128 150
171 266 261
357 210 261
35 55
395 393
529 511
570 562
371 236 261
146 140
525 527
71 112 159
244 37 159
89 107
62 139 159
224 89 159
108 88
27 150 159
81 69
104 31 159
429 419
505 525
54 171 159
103 115
522 542
439 284 261
142 148
37 210 159
13 188 159
255 236 261
173 292 261
314 294
459 270 261
70 213 159
16 32
57 60 159
47 45
188 170
258 91 261
365 355
180 196
288 272
516 510
164 287 261
42 60
71 222 159
87 93
121 46 159
293 309
272 441 261
202 103 261
221 352 261
60 38
102 80
213 140 159
229 246 159
374 382
249 172 159
275 456 261
367 206 261
299 370 261
5 3
144 142
454 464
309 315
353 341
318 298
380 315 261
323 313
69 61
166 285 261
26 42
464 452
353 345
80 60
32 48
263 144 159
223 211
275 116 159
532 540
566 552
372 370
124 104
145 330 159
346 348
205 217
445 449
132 112
8 4
290 282
548 540
66 64
67 220 159
254 127 159
266 209 261
159 155
110 131 159
215 326 261
500 486
285 273
137 176 261
390 215 261
397 393
276 131 159
38 26
109 117
237 362 261
388 410
244 175 261
109 93
226 227 159
178 168
282 288
309 158 261
191 300 261
149 137
176 203 159
180 269 261
206 141 261
258 77 159
118 299 159
270 205 159
427 431
226 230
221 229
394 319 261
559 551
233 380 261
444 442
222 211 159
285 303
167 155
171 163
46 40
488 482
450 452
57 136 159
186 311 159
494 498
46 68
236 297 261
282 260
262 266
180 247 159
181 216 261
348 360
383 385
139 157
223 215
113 127
392 285 261
397 381
17 13
429 425
525 545
543 555
454 444
171 188 261
106 108
261 269
114 277 159
203 199
187 171
462 468
476 498
447 429
281 279
221 201
140 148
283 372 261
247 68 159
166 143 261
253 430 261
141 121
466 476
495 499
274 137 159
309 329
56 46
109 14 159
103 109
323 317
469 457
153 258 261
301 323
91 146 159
301 244 261
194 196
290 272
361 375
270 258
481 459
123 139
542 558
499 483
492 484
433 425
502 482
413 256 261
418 211 261
122 104
421 407
56 253 261
130 124
177 181
104 96
87 83
519 533
366 348
315 337
327 204 261
253 235
145 155
87 103
344 366
62 44
279 297
242 225 261
507 525
272 325 261
126 291 261
230 224
138 132
369 381
317 305
302 322
228 234
250 272
424 245 261
260 262
554 560
388 185 261
250 369 261
404 323 261
298 99 159
27 31
273 302 261
40 50
342 187 261
296 306
312 308
98 94
108 231 159
53 31
255 142 159
490 484
395 304 261
143 262 261
239 72 261
360 349 261
400 380
291 130 159
181 268 261
22 42
83 116 159
426 444
137 129
506 516
219 217
164 341 159
277 256 159
81 63
249 194 261
383 405
86 90
173 177
218 240
297 152 261
416 199 261
216 224
319 299
246 179 261
39 19
153 147
218 222
336 320
221 304 159
131 172 261
11 9
431 451
95 87
131 139
259 100 159
460 442
206 215 159
171 169
57 260 159
399 409
439 435
310 149 261
366 378
285 271
198 218
567 555
388 404
546 536
341 337
466 484
406 418
221 231
173 161
301 160 261
322 283 261
483 485
448 464
260 267 261
238 185 159
455 449
86 231 159
193 150 261
446 458
60 40
236 218
162 168
229 54 159
346 366
293 305
158 39 159
225 217
546 526
151 133
96 102
426 207 261
141 129
211 195
67 45
286 274
86 84
129 109
63 268 159
175 278 159
31 154 159
546 564
189 170 261
354 366
225 245
265 249
299 313
500 508
175 318 159
268 307 261
139 143
179 240 159
396 279 261
214 133 261
74 289 261
120 142
94 285 261
253 237
48 261 159
530 548
189 168 261
341 329
249 224 159
543 545
521 515
358 362
33 19
320 175 159
377 393
442 432
241 122 159
248 399 261
343 335
77 81
312 306
281 260 261
296 274
226 220
294 306
8 101 159
449 453
161 230 159
248 254
543 527
173 12 159
26 30
267 266 159
547 555
380 321 261
178 199 261
378 380
425 302 261
115 234 159
386 372
181 102 159
373 383
269 174 159
243 233
217 408 261
496 482
186 207 159
98 82
263 108 261
263 244 261
175 197
397 417
383 381
358 354
402 404
502 520
95 81
402 410
169 312 159
356 362
276 219 261
128 116
148 170
199 219
497 495
254 276
116 126
195 177
76 66
87 73
215 203
111 113
94 155 159
22 107 159
121 129
184 197 261
197 244 159
232 215 159
185 195
396 223 261
415 405
552 554
74 70
376 347 261
94 106
34 139 159
515 493
148 195 159
475 461
310 121 261
210 220
479 483
149 336 159
222 103 261
328 330
502 492
334 340
453 439
42 233 159
94 191 159
327 343
74 143 159
272 274
116 245 261
117 113
173 262 159
170 172
274 193 159
224 133 261
203 198 159
263 271
285 138 159
190 49 159
226 212
214 222
101 115
191 278 159
246 205 261
34 32
206 224
176 151 159
533 547
121 117
355 353
224 175 261
417 401
146 136
343 323
160 148
164 168
417 278 261
267 277
283 263
64 76
272 276
96 116
208 228
96 98
153 204 159
8 20
532 518
443 427
54 72
273 257
176 184
194 367 261
339 361
71 81
451 242 261
327 315
266 278
324 257 261
57 56 159
180 329 159
191 78 159
205 197
171 156 159
373 162 159
177 197
134 124
190 351 261
201 205
22 16
552 560
159 378 261
75 270 159
140 134
28 30
418 436
123 260 261
78 82
387 377
175 165
250 258
164 307 159
159 32 159
532 548
510 496
120 140
461 455
400 323 261
463 445
63 52 159
128 187 261
459 479
238 240
145 159
321 337
252 453 261
381 393
250 253 159
290 225 261
167 348 159
113 129
315 297
9 204 159
205 142 159
83 300 261
459 457
148 189 261
386 380
132 114
245 150 159
141 308 261
40 52
177 157
203 193
16 20
76 113 159
302 233 159
223 406 261
158 150
221 213
372 392
233 222 261
243 40 159
420 416
31 43
555 533
16 6
349 333
296 237 159
545 567
230 246
210 113 159
61 262 261
354 360
106 96
77 97
74 76
126 185 159
557 549
239 231
79 182 159
72 94
66 72
210 222
192 174
353 375
49 74 159
205 336 261
265 285
44 119 159
50 179 159
191 187
510 502
426 422
68 277 261
168 188
258 268
60 52
514 522
107 210 261
293 283
230 87 159
44 58
118 136
136 217 159
245 255
246 226
526 506
354 376
243 246 261
11 1
328 183 261
120 201 159
50 167 159
176 105 159
188 191 159
102 153 159
410 408
121 84 159
503 507
382 364
68 65 159
152 173 261
22 10
108 133 159
144 67 159
146 132
56 52
498 484
303 289
247 267
484 474
135 268 261
541 533
436 414
265 50 261
130 132
563 561
230 236
148 144
460 444
112 134
291 287
71 67
480 470
52 44
190 194
396 245 261
195 179
463 469
199 189
187 76 159
327 337
299 287
355 341
282 278
35 45
363 373
378 376
429 423
314 300
165 272 159
508 498
226 236
280 274
271 174 261
107 78 159
117 131
483 463
386 396
147 163
483 477
550 570
193 179
208 186
544 542
389 395
205 8 159
83 234 261
54 40
485 501
356 368
63 254 159
537 517
212 259 159
265 252 261
261 268 261
543 559
282 272
465 481
323 345
104 112
156 323 159
147 292 159
148 162
451 467
141 138 159
244 231 159
162 239 159
402 416
252 285 261
352 175 261
230 369 261
272 67 159
275 281
336 352
330 319 261
551 553
171 384 261
512 508
447 465
300 288
294 286
263 277
63 60 159
414 309 261
414 231 261
324 171 261
207 221
129 34 159
89 122 159
403 326 261
33 41
286 243 159
209 320 159
521 519
346 199 261
412 426
204 202
242 264
261 114 159
184 162
131 190 159
459 451
219 235
329 307
462 460
197 106 159
251 220 159
104 169 159
319 323
399 397
332 322
441 423
460 466
148 335 261
520 498
115 93
281 271
542 534
48 34
143 153
356 336
173 181
186 178
194 202
424 289 261
222 89 261
389 348 261
340 177 159
199 210 159
118 106
21 7
212 395 261
157 161
276 89 261
379 375
485 489
215 262 261
153 336 159
53 39
123 145
435 423
15 31
6 173 159
4 175 159
379 393
504 486
216 206
5 19
153 161
507 489
330 344
240 99 159
105 220 261
74 82
300 231 261
324 314
188 399 261
141 60 159
291 162 159
39 194 159
263 265
411 421
318 341 261
101 258 261
233 212 159
483 491
70 66
213 219
246 159 261
245 231
245 32 159
312 310
357 341
169 173
165 142 261
204 297 261
183 200 261
366 370
90 49 159
70 88
225 247
302 113 261
48 36
146 333 159
91 302 261
257 128 159
319 337
223 205
74 72
145 84 159
418 426
336 314
195 183
183 264 261
189 384 261
273 283
265 253
415 417
288 91 261
394 402
217 203
467 487
250 133 261
294 83 261
485 491
363 268 261
180 198
19 236 159
83 71
494 476
470 488
150 166
381 359
48 60
128 144
83 105
98 209 159
320 322
177 330 261
432 422
92 35 159
1 3
92 110
272 395 261
251 216 159
444 458
173 226 159
120 118
256 246
518 528
97 105
483 497
507 517
561 567
263 275
7 23
320 300
157 179
448 456
405 423
287 332 261
329 313
342 123 159
212 287 261
77 210 159
254 325 261
224 11 159
96 90
320 153 159
111 125
70 259 261
195 366 261
561 551
68 82
370 392
236 214
233 108 159
153 131
453 236 261
189 211
517 525
556 552
412 424
201 209
252 159 261
238 409 261
445 451
338 315 261
371 351
237 132 261
316 336
197 189
160 158
30 16
345 342 261
228 250
206 235 261
340 318
23 120 159
25 39
280 363 261
85 89
252 283 261
319 354 261
221 14 159
174 172
390 378
194 323 159
376 203 261
179 169
269 82 159
63 85
66 56
263 285
423 409
269 247
278 361 261
285 96 261
299 114 159
138 37 159
251 237
490 498
407 415
376 265 261
330 318
132 29 159
365 377
10 4
271 253
3 202 159
145 304 159
191 358 261
352 366
234 218
395 202 261
488 484
190 17 159
148 150
170 176
356 273 261
25 47
507 493
329 126 159
477 487
359 367
296 308
448 426
50 259 159
29 51
398 386
301 84 159
328 320
207 214 159
72 225 159
250 221 159
197 260 159
50 44
179 324 261
19 3
62 46
421 427
31 29
546 560
545 551
359 374 261
372 356
33 15
32 85 159
440 420
182 313 159
329 347
299 98 261
488 478
157 62 159
383 375
217 290 159
418 432
528 538
333 313
370 241 261
219 284 159
312 243 261
416 426
106 100
48 40
433 439
569 553
150 140
309 178 159
102 203 261
504 502
376 396
356 340
238 237 261
359 351
280 286
387 389
466 486
351 272 261
450 464
168 173 159
338 354
33 31
187 189
21 3
307 228 159
173 72 159
495 493
332 191 261
248 268
56 239 159
299 277
459 441
40 18
553 537
130 148
265 226 261
188 161 261
373 238 261
286 401 261
365 359
274 125 159
183 201
59 53
174 190
271 289
20 42
308 326
331 353
70 90
262 254
343 345
186 180
105 116 159
378 382
128 106
524 520
99 119
26 14
313 295
369 351
159 296 261
288 304
396 213 261
61 168 159
136 297 159
22 44
176 164
180 174
156 146
124 126
347 152 159
118 134
316 257 261
232 242
150 105 159
355 363
263 296 261
171 322 261
247 160 261
160 245 159
51 65
107 190 159
466 454
246 279 159
438 430
297 309
273 255
57 140 159
208 194
287 303
21 29
42 38
195 197
300 302
414 412
186 204
120 77 159
148 1 159
3 25
499 513
63 51
221 225
356 374
86 108
55 128 159
342 352
160 21 159
474 494
406 392
23 124 159
200 257 159
20 103 159
448 442
284 296
189 272 261
246 185 261
212 427 261
80 90
141 135
99 81
498 486
400 396
63 83
383 387
155 330 159
289 88 159
272 280
99 77
382 392
497 493
292 288
56 91 159
199 181
369 385
192 186
102 106
39 61
129 192 159
165 188 261
182 359 261
33 11
68 231 159
125 123
380 362
6 8
251 241
293 275
283 64 159
145 240 159
302 288
329 335
98 118
172 85 159
255 247
357 176 159
406 402
542 528
427 425
404 392
318 328
291 282 261
150 33 159
48 91 159
349 158 159
77 246 261
232 439 261
116 267 261
296 201 159
262 137 159
45 220 159
195 114 159
152 227 261
345 132 159
385 395
293 307
428 434
84 213 159
266 101 159
246 242
12 28
217 233
513 503
52 127 159
249 456 261
467 463
69 91
273 267
189 390 261
455 453
387 399
311 242 261
401 397
296 97 159
306 289 261
46 58
227 235
259 418 261
506 490
550 534
99 10 159
517 531
361 322 261
306 328
114 104
279 273
253 275
325 356 261
48 121 159
366 388
364 380
430 436
320 304
212 228
260 227 261
100 305 159
74 91 159
81 67
539 527
456 470
89 254 159
439 268 261
562 564
13 31
273 426 261
298 429 261
229 316 261
538 532
234 246
218 151 261
153 139
60 62
173 368 261
415 425
369 216 261
129 214 159
559 561
263 90 261
506 528
204 315 261
94 78
348 340
140 349 261
366 169 261
390 408
136 126
525 533
237 404 261
475 481
352 346
325 194 159
130 122
120 259 261
51 33
320 316
19 13
382 404
246 329 261
70 80
77 79
536 514
220 198
143 155
286 147 159
304 219 159
26 143 159
288 286
565 545
129 115
359 353
69 55
132 339 261
152 156
217 348 261
554 536
345 182 159
310 365 261
355 373
184 188
367 238 261
297 295
516 504
182 196
131 274 159
542 526
278 149 261
564 544
101 111
203 207
70 82
33 72 159
144 146
32 10
288 435 261
319 321
8 18
180 87 159
147 131
164 156
316 265 261
57 124 159
181 280 261
476 456
117 292 159
353 349
101 254 159
476 472
500 494
81 101
240 244
229 211
38 22
399 208 261
275 370 261
426 414
301 303
193 294 261
285 267
289 291
325 343
236 232
548 554
395 403
414 422
234 256
273 251
506 492
333 331
157 122 159
264 246
507 515
147 274 261
12 22
453 445
258 238
551 531
115 262 159
287 122 159
461 457
232 240
188 208
293 277
133 117
95 107
37 51
169 18 159
242 303 261
230 228
134 303 159
336 326
327 168 261
15 108 159
339 386 261
294 280
127 180 159
111 89
119 111
342 397 261
268 159 159
58 40
309 289
437 425
292 290
223 229
340 159 159
509 493
337 355
459 445
457 437
248 238
171 189
37 43
263 245
129 124 159
318 324
45 86 159
40 44
211 306 159
119 125
544 540
69 126 159
264 133 261
335 337
145 133
350 336
317 313
512 504
215 76 159
189 254 159
342 243 261
196 271 159
85 97
99 121
149 292 261
298 310
291 297
59 75
387 393
120 98
288 181 159
271 249
273 281
504 522
341 333
417 236 261
498 496
395 417
190 200
19 92 159
564 542
521 531
344 324
505 483
46 48
245 241
150 160
79 63
29 168 159
377 361
241 219
536 520
270 264
140 263 159
105 310 261
348 364
310 209 159
124 108
232 417 261
249 233
106 88
470 267 261
144 136
27 45
129 346 261
151 135
492 514
171 306 159
198 204
242 256
116 229 261
512 524
400 406
119 135
309 317
102 124
387 371
144 293 159
197 213
106 86
257 239
157 196 159
142 301 159
185 187
147 276 159
25 84 159
306 286
376 398
159 326 261
472 464
332 189 159
352 350
419 435
454 442
200 129 261
264 258
547 531
474 462
377 379
24 34
350 332
314 275 261
46 42
110 124
440 434
418 400
280 270
496 490
298 197 261
365 387
330 308
377 286 261
542 540
538 540
156 327 159
168 154
98 108
90 108
559 539
210 243 159
376 386
180 176
205 199
175 157
220 230
185 177
259 428 261
147 186 261
42 28
244 238
532 520
404 398
473 475
503 501
158 156
505 489
345 341
106 229 261
80 273 261
502 488
145 153
504 526
511 509
231 223
446 442
483 487
128 15 159
258 278
158 152
463 457
444 436
528 512
251 229
315 100 159
257 275
19 31
312 296
100 207 261
540 562
31 17
266 313 261
68 76
252 272
269 257
545 541
174 33 159
187 206 261
51 106 159
384 406
170 327 159
443 445
104 223 159
266 252
117 115
525 503
210 216
169 189
343 240 261
159 290 261
424 434
268 413 261
79 272 159
522 510
211 193
432 446
65 104 159
207 191
497 489
441 439
118 255 261
248 365 261
293 242 261
322 328
433 449
451 429
550 568
308 328
59 81
25 17
142 331 261
64 257 261
217 213
259 422 261
351 338 261
530 526
295 299
283 374 261
176 353 159
266 159 261
475 264 261
245 200 261
457 475
132 110
56 265 159
343 341
237 66 159
147 129
404 396
293 281
268 145 261
317 307
308 318
481 487
381 363
170 99 159
71 176 159
350 368
141 358 159
326 346
437 435
410 237 261
137 114 159
90 100
205 38 159
59 61
178 109 159
497 485
528 546
351 365
496 480
137 117
244 269 159
537 543
137 50 159
434 239 261
187 318 261
128 189 159
162 39 159
192 196
37 15
164 162
120 297 261
160 162
198 192
279 198 261
360 205 261
434 432
314 147 261
470 458
58 38
420 438
200 39 159
262 257 261
310 316
120 121 159
496 484
110 126
307 287
266 280
9 15
350 187 261
48 205 159
326 324
532 544
154 157 261
219 366 261
458 476
393 391
275 265
505 487
339 319
496 512
282 264
275 220 159
252 270
201 191
308 267 261
296 293 261
297 299
199 177
303 305
291 283
442 436
307 122 261
177 169
177 358 261
320 298
454 456
245 374 261
221 166 261
24 10
91 107
379 361
401 403
378 396
145 147
87 298 159
86 94
186 188
231 209
371 377
98 104
64 97 159
137 141
299 307
218 206
231 227
233 438 261
178 156
300 318
481 499
386 378
148 217 159
151 163
373 188 261
514 506
400 390
381 403
129 135
236 258
316 283 261
490 508
350 372
121 107
291 293
34 18
250 273 159
350 185 261
339 337
210 337 261
125 135
368 165 159
105 304 159
85 260 261
349 357
315 325
528 544
259 74 261
169 165
509 517
226 210
533 543
182 190
425 439
215 197
548 538
173 163
13 35
463 455
9 29
361 343
60 72
212 339 261
180 131 159
332 354
170 93 159
293 324 261
216 220
244 447 261
97 234 159
215 280 261
504 510
520 500
163 310 159
511 495
15 23
565 543
299 311
223 225
119 144 159
253 168 159
284 335 261
51 31
427 417
460 271 261
270 239 261
46 32
253 257
499 521
55 68 159
296 425 261
387 375
307 230 159
215 138 159
377 395
549 559
200 180
281 246 159
304 282
207 158 159
330 336
96 291 159
199 213
214 234
89 116 159
278 274
540 534
400 384
245 227
109 113
392 388
322 341 261
153 169
471 489
219 288 159
228 135 261
438 452
219 225
513 527
270 411 261
145 252 261
282 439 261
459 455
154 172
86 74
374 372
202 200
258 449 261
149 232 261
26 48
102 104
464 444
146 148
197 183
105 121
13 3
103 91
195 102 159
570 556
283 303
464 468
434 412
441 445
306 329 261
345 160 261
399 415
410 426
145 348 159
307 352 261
161 143
299 116 261
72 62
461 463
283 254 261
57 41
222 208
432 219 261
515 537
248 235 159
309 338 261
116 143 159
22 28
62 80
29 240 159
7 27
309 301
214 323 261
277 261
200 123 261
383 296 261
134 148
324 327 261
107 125
531 527
242 262
396 257 261
109 260 159
175 42 159
72 88
397 403
223 227
250 89 261
509 523
310 332
499 479
283 182 159
416 400
465 483
159 171
322 127 261
179 165
391 403
440 436
240 262
18 6
121 134 159
283 285
356 335 261
248 242
407 429
332 193 261
130 267 261
49 51
88 96
24 14
478 460
50 68
170 180
204 216
348 357 261
315 295
163 157
128 118
169 248 159
185 173
271 426 261
231 215
437 429
226 63 159
525 509
515 501
281 283
349 232 261
79 93
211 182 159
236 220
291 271
25 144 159
117 256 261
237 266 261
353 371
537 521
104 100
158 164
23 33
208 187 261
273 293
144 138
100 43 159
316 383 261
494 478
188 206
45 43
242 254
109 126 159
89 87
435 457
521 503
256 264
219 282 261
418 424
151 129
242 243 261
379 389
85 65
98 41 159
231 220 261
266 179 261
225 18 159
406 396
289 297
113 93
179 144 261
175 153
39 154 159
70 54
157 153
228 206
499 509
211 230 261
358 231 261
486 502
92 251 261
229 354 261
426 434
191 177
17 21
159 354 159
372 309 261
322 338
352 374
411 431
253 249
26 18
250 243 159
29 13
386 392
553 531
328 279 261
167 179
154 176
400 414
236 240
181 272 159
125 122 159
301 281
442 424
294 181 159
216 151 159
87 109
24 18
206 301 261
111 133
284 286
521 525
147 24 159
173 195
438 444
17 29
107 256 159
331 323
496 514
409 298 261
454 253 261
204 210
111 129
249 366 261
80 233 261
287 295
140 126
182 293 159
180 275 261
276 277 261
123 4 159
407 387
45 59
361 367
229 245
138 116
11 29
270 290
364 346
179 356 159
477 495
561 555
342 348
120 110
535 545
437 268 261
79 75
79 274 159
113 121
270 235 261
298 314
18 38
259 271
318 149 159
144 319 261
50 58
32 44
411 405
428 430
292 300
167 157
438 436
437 300 261
163 128 159
156 169 159
328 409 261
491 487
147 112 159
302 296
151 362 159
524 542
69 254 261
155 220 261
39 55
42 50
362 249 261
88 79 159
552 530
521 513
517 513
353 363
350 147 261
508 520
311 98 159
522 530
495 483
301 287
335 313
124 291 159
105 300 159
115 135
157 282 261
425 409
422 303 261
101 107
28 34
452 468
344 360
111 121
260 303 261
284 266
432 410
154 307 261
7 1
175 90 159
161 362 261
117 111
550 530
376 211 261
374 155 159
131 90 159
158 243 261
515 513
227 211
532 530
92 84
348 365 261
521 509
309 319
137 228 261
153 216 261
271 310 261
171 191
347 369
57 73
136 148
95 73
138 293 261
83 65
316 306
189 205
507 513
401 258 261
136 124
542 556
133 147
417 421
153 159
151 206 159
269 275
30 38
312 328
133 143
128 130
175 183
407 409
450 440
208 307 261
424 416
268 254
278 280
311 315
106 84
119 72 159
30 10
123 119
277 279
377 373
493 481
41 53
256 385 261
346 241 261
230 143 159
89 162 159
50 267 261
386 370
183 30 159
411 391
333 358 261
275 86 159
366 363 261
369 391
296 129 261
241 134 261
239 227
1 194 159
78 56
495 485
391 383
266 177 261
203 274 159
213 266 159
305 287
227 249
284 275 261
303 307
372 358
231 243
476 454
218 179 159
121 170 159
190 180
130 142
71 54 159
402 301 261
74 60
272 264
135 274 159
161 159
323 321
172 173 159
338 181 261
211 298 159
177 161
174 113 159
449 427
332 316
320 318
245 265
92 133 159
17 3
372 366
253 196 261
174 319 159
413 409
193 199
352 364
1 118 159
556 538
223 368 261
366 374
153 20 159
178 267 159
234 101 159
220 222
511 533
160 147 261
411 433
565 551
242 234
77 83
131 254 261
556 544
100 227 261
11 170 159
250 67 159
126 301 159
84 39 159
134 156
100 155 159
304 309 261
370 348
154 136
363 357
474 466
207 205
441 461
15 29
79 61
220 287 159
243 112 159
496 474
449 469
293 285
107 324 159
435 417
43 27
370 203 261
140 209 261
228 240
152 174
113 308 261
88 78
82 89 159
44 24
110 17 159
56 44
76 88
107 129
389 391
349 268 261
160 174
249 332 261
162 225 261
425 445
489 477
378 356
322 300
180 141 261
33 136 159
47 59
1 144 159
80 47 159
384 368
257 196 159
59 65
342 167 261
365 349
479 491
125 115
475 256 261
34 113 159
88 90
295 266 261
411 429
524 510
528 522
71 270 159
360 352
291 166 159
388 372
195 209
159 147
334 251 261
546 524
63 43
163 336 159
293 295
348 261 261
555 551
371 383
288 296
316 311 261
554 570
238 91 159
336 221 261
115 109
279 285
265 130 261
292 282
57 224 159
100 265 159
174 168
350 355 261
55 61
338 326
36 18
237 249
150 125 159
294 272
429 449
122 142
50 36
385 403
368 346
437 415
133 129
143 149
89 260 159
54 269 159
185 197
376 392
231 184 159
171 8 159
356 338
476 470
84 285 261
220 208
474 490
228 214
280 262
429 435
74 92
407 425
221 198 261
53 270 261
420 432
113 134 159
152 164
26 177 159
484 482
505 517
283 172 159
559 565
390 368
103 212 261
427 407
94 92
71 79
31 146 159
241 233
133 240 261
133 196 159
30 101 159
236 250
272 258
234 224
214 317 261
62 68
194 192
324 310
80 161 159
135 306 159
391 387
280 97 159
231 235
233 196 159
73 82 159
36 54
259 241
567 559
497 477
343 357
251 253
232 224
101 91
170 333 159
356 295 261
88 35 159
29 23
224 220
152 261 261
529 507
143 142 159
369 355
402 414
345 359
296 143 261
143 332 261
165 210 159
276 115 261
453 457
192 202
523 521
401 405
143 135
158 323 159
278 199 261
209 203
399 403
95 103
192 184
2 149 159
93 264 159
242 244
179 130 261
64 253 159
378 392
51 244 159
57 55
170 164
33 49
503 493
410 398
36 225 159
332 340
78 98
181 197
341 331
271 204 261
528 526
344 357 261
85 83
529 521
101 242 159
191 203
409 310 261
167 189
15 13
45 37
155 177
368 360
295 285
186 196
240 230
437 449
27 19
35 27
488 476
232 257 159
298 109 159
210 212
296 441 261
84 205 159
92 112
160 178
223 182 159
357 377
81 65
488 508
78 58
434 456
415 403
13 33
203 106 261
518 512
281 267
509 519
193 205
334 137 261
223 241
344 322
141 131
190 186
361 180 261
537 531
102 118
297 319
370 358
138 148
389 381
253 152 159
136 171 159
178 194
211 70 159
287 256 261
220 117 159
217 215
140 283 261
127 170 159
369 342 261
66 46
143 131
124 329 261
68 181 159
239 245
461 479
219 332 261
284 181 159
57 39
146 305 261
329 116 261
173 187
103 248 261
131 156 159
58 177 159
489 495
165 6 159
428 416
344 315 261
222 255 261
156 136
388 386
181 185
569 563
244 327 261
151 74 159
183 181
203 187
260 177 261
141 139
43 226 159
411 407
291 285
465 449
140 255 261
293 297
320 137 159
111 105
272 278
283 406 261
178 351 261
57 71
182 387 261
302 263 261
399 228 261
307 285
49 35
282 213 159
152 351 261
129 302 159
313 321
519 529
307 282 261
204 287 261
181 167
101 87
328 131 261
314 293 261
325 323
123 186 159
164 184
122 140
553 555
499 511
203 172 261
535 547
104 321 159
355 256 261
99 105
133 338 261
430 448
85 101
423 439
276 264
52 32
463 451
479 489
194 211 261
18 12
170 217 261
210 214
407 391
21 238 159
529 523
92 229 261
67 79
191 183
78 51 159
15 3
530 534
391 220 261
296 241 159
500 490
560 562
266 268
162 144
166 223 159
304 209 261
536 548
126 118
519 537
92 9 159
193 181
229 198 261
384 386
462 470
147 34 159
73 71
45 63
235 288 159
369 363
344 352
202 119 159
222 65 159
290 387 261
137 121
135 276 261
415 395
260 278
95 101
208 212
171 168 159
400 422
139 282 159
10 18
133 26 159
81 172 159
271 255
392 412
62 123 159
434 229 261
319 303
265 247
17 9
395 401
9 3
152 162
506 488
64 80
399 401
98 76
351 336 261
212 220
442 450
526 518
401 419
220 193 159
323 327
417 403
497 517
133 125
317 210 159
102 88
226 234
236 248
51 45
114 303 261
390 388
224 201 261
68 74
489 503
189 207
164 159 159
99 79
328 350
239 224 261
142 156
292 286
314 316
77 282 261
463 485
366 384
371 391
507 497
268 246
105 208 261
138 158
373 218 261
134 144
264 157 159
524 532
199 262 159
288 271 261
388 368
154 146
181 44 159
227 282 159
48 38
531 533
141 102 159
360 191 261
227 294 159
243 180 261
44 36
407 405
283 348 261
30 34
445 429
239 217
535 527
267 94 261
271 154 159
169 183
321 305
518 510
382 402
326 306
373 359
532 522
251 328 261
412 420
345 327
119 129
123 212 261
73 81
185 205
334 277 261
276 129 261
327 349
245 52 159
552 544
19 37
471 485
202 196
213 225
236 395 261
517 515
363 365
187 110 159
370 363 261
290 300
34 40
550 544
172 153 159
523 539
46 38
159 100 159
266 253 261
481 463
132 152
281 74 159
281 174 159
157 155
465 459
191 106 159
36 16
323 339
94 159 159
254 238
321 360 261
79 101
544 562
186 199 261
191 282 159
196 177 159
383 212 261
120 136
495 515
138 217 261
127 121
337 323
295 314 261
455 447
546 544
214 59 159
379 383
289 281
269 258 159
398 392
341 124 159
152 289 261
208 285 261
343 337
517 495
45 49
251 102 261
328 261 261
313 327
255 168 261
383 399
271 275
261 196 159
78 100
64 86
336 193 159
308 137 159
379 385
17 23
418 396
387 373
373 385
324 316
518 536
255 275
335 355
66 185 159
276 268
519 527
269 70 159
245 182 159
288 278
345 178 159
253 254 261
327 260 261
318 334
22 191 159
540 536
552 562
174 115 159
112 102
158 271 261
315 307
71 274 159
160 325 159
375 391
224 242
196 33 159
181 364 261
60 70
521 501
433 423
370 249 261
221 235
334 338
252 247 261
69 87
41 230 159
298 302
110 123 159
457 471
274 266
385 272 261
34 20
348 237 261
139 118 159
242 222
61 83
110 143 159
331 311
230 97 159
307 325
103 123
259 247
178 174
193 183
217 146 159
149 290 261
402 279 261
12 6
4 26
222 325 261
114 305 159
215 300 159
548 564
314 318
306 131 159
189 203
299 317
94 305 261
226 232
310 151 261
107 85
263 300 261
345 337
258 254
61 53
101 97
447 451
115 131
259 178 159
414 404
118 247 159
470 490
410 416
206 145 261
251 235
32 38
142 138
170 139 159
349 339
549 531
267 283
23 9
26 40
293 315
285 275
245 214 261
290 268
158 329 159
34 44
115 24 159
20 30
384 380
363 361
232 250
321 160 159
109 200 159
126 106
63 66 159
522 502
122 124
431 415
79 40 159
41 21
203 185
246 250
376 380
95 83
161 144 261
176 369 261
136 81 159
248 228
265 251
494 510
56 54
537 545
254 263 159
37 27
349 359
94 108
202 169 159
482 474
122 100
190 167 261
131 216 159
498 502
253 176 261
341 361
431 425
34 22
246 266
488 498
387 200 261
396 305 261
70 237 159
206 212
261 254 159
318 316
278 353 261
199 217
51 47
68 263 159
355 375
194 327 159
176 261 159
295 242 261
324 342
207 209
243 225
359 308 261
336 137 261
232 319 261
393 411
446 424
244 224
252 119 261
430 257 261
435 292 261
428 414
1 9
488 492
415 286 261
372 362
567 565
122 323 159
155 362 261
538 518
240 254
422 402
465 487
99 113
309 331
48 50
114 323 261
70 173 159
280 201 159
335 325
520 538
299 279
229 372 261
292 359 261
394 301 261
311 295
290 304
284 383 261
75 264 261
470 472
206 196
265 308 261
367 363
58 70
4 169 159
228 224
46 24
435 431
126 299 159
396 394
526 524
74 56
422 436
317 303
541 519
51 94 159
244 262
95 312 159
221 282 159
97 270 159
480 464
291 299
378 362
387 385
159 137
352 165 159
174 289 261
114 309 261
196 191 159
385 397
314 334
100 82
132 271 159
90 82
202 222
70 84
309 116 261
249 261
394 388
297 285
353 372 261
326 139 159
211 213
341 327
222 224
290 407 261
229 256 261
209 166 159
98 163 159
69 57
205 172 261
318 304
40 20
171 185
101 24 159
411 395
394 229 261
469 465
283 305
303 106 261
286 391 261
58 64
458 452
178 99 159
354 350
303 398 261
241 261
316 247 261
383 393
346 358
155 248 159
211 186 261
452 474
105 89
148 359 159
102 261 159
193 180 261
544 560
75 89
533 515
465 451
168 277 159
124 157 159
248 270
160 115 159
96 157 159
441 451
270 137 159
438 442
41 25
565 563
264 244
63 67
107 93
36 52
423 419
387 379
203 205
275 277
265 244 159
194 180
361 381
267 249
185 183
286 308
524 506
97 94 159
367 166 261
269 279
171 90 159
538 544
437 421
410 404
188 180
522 534
161 179
334 135 159
425 419
47 33
334 336
446 436
545 527
355 170 159
493 491
20 36
175 177
150 233 261
200 139 261
192 214
225 80 159
98 235 261
183 170 261
228 218
102 114
331 347
418 416
248 252
75 61
446 460
44 60
213 207
236 151 159
83 101
330 310
469 467
136 241 159
399 379
134 25 159
142 126
506 518
196 277 159
206 391 261
141 163
125 113
90 76
527 547
97 95
528 520
300 151 261
359 168 159
282 101 159
465 455
207 202 261
308 288
108 96
169 370 261
69 108 159
286 139 159
542 552
309 325
548 556
480 482
114 203 159
305 313
405 220 261
495 507
302 284
196 184
176 301 261
504 496
246 244
209 402 261
268 61 159
248 240
170 273 261
189 201
56 69 159
223 239
163 270 159
229 219
155 163
395 375
263 214 159
371 268 261
118 229 159
356 221 261
343 333
204 220
246 101 159
43 200 159
214 212
175 189
63 53
351 256 261
404 319 261
510 492
266 227 261
107 111
43 128 159
337 280 261
184 172
277 204 261
145 127
320 310
552 536
119 141
284 280
188 287 261
128 233 159
228 149 261
375 371
120 132
273 275
56 34
558 564
32 12
53 49
165 286 261
231 233
250 209 261
339 347
217 209
380 358
443 437
235 208 159
434 442
97 91
275 240 159
92 106
468 460
440 261 261
143 137
305 276 261
167 166 159
17 5
174 164
534 546
324 328
92 59 159
471 493
239 278 261
254 471 261
64 103 159
88 23 159
242 365 261
109 119
529 525
144 177 159
456 474
215 221
319 313
501 491
234 133 261
82 60
388 384
269 255
310 294
144 251 159
124 47 159
536 538
519 523
281 291
117 208 261
214 226
473 463
252 327 261
153 14 159
213 202 159
97 107
391 381
350 183 159
258 241 159
7 17
481 497
536 550
548 562
330 312
538 546
120 295 261
82 45 159
415 429
252 97 261
48 221 159
284 197 261
208 202
190 184
308 423 261
310 288
303 281
152 33 159
337 359
312 300
67 57
138 109 159
526 536
212 194
522 518
338 344
288 115 159
169 187
41 35
20 6
87 14 159
222 319 261
61 65
416 235 261
315 335
313 346 261
200 196
284 268
431 445
182 315 261
229 352 261
337 390 261
291 176 261
167 336 159
155 160 261
506 496
49 130 159
540 554
85 67
191 181
256 248
79 140 159
190 309 261
117 99
433 304 261
505 485
549 537
459 248 261
378 358
33 29
222 216
471 467
296 290
148 65 159
8 24
355 361
299 136 159
391 413
294 290
220 1 159
49 188 159
60 253 159
78 237 159
222 244
101 99
142 132
361 302 261
213 201
135 162 159
184 169 159
176 178
428 279 261
259 263
188 178
191 246 159
457 439
242 230
223 424 261
218 433 261
340 185 159
187 176 261
217 231
175 195
305 307
339 284 261
227 348 261
503 515
200 194
231 188 261
534 554
180 162
508 494
114 130
245 235
66 78
260 133 159
295 434 261
129 160 159
516 518
225 211
59 90 159
227 209
358 257 261
326 135 159
187 170 159
202 283 261
337 357
226 311 261
460 454
233 244 159
233 258 159
218 3 159
255 256 261
356 350
279 220 159
234 141 159
241 253
270 247 261
516 532
163 169
239 233
217 110 159
516 494
500 506
383 389
440 456
544 536
448 450
310 411 261
95 77
559 547
424 430
44 48
178 43 159
253 236 261
357 335
258 123 261
194 186
143 145
237 256 159
333 329
550 554
423 417
447 461
453 284 261
45 25
523 533
165 149
284 270
177 256 261
320 306
539 561
507 509
81 103
95 210 261
534 556
197 216 159
145 125
547 561
283 266 261
325 321
275 252 159
139 159
478 500
470 492
25 13
166 163 159
327 370 261
399 393
395 387
44 46
251 52 261
205 191
267 276 261
485 479
76 56
438 426
399 395
211 220 261
389 397
256 266
376 313 261
495 487
399 278 261
24 36
263 267
62 40
132 154
71 65
466 452
253 94 159
66 193 159
237 233
567 557
451 439
447 469
320 311 261
488 474
437 453
9 112 159
146 293 261
440 444
111 268 159
175 172 159
292 345 261
30 32
326 333 261
156 239 261
515 523
416 412
255 406 261
170 166
324 322
405 391
314 306
293 271
31 134 159
354 135 159
456 438
27 49
458 466
281 110 159
411 413
560 570
556 558
543 553
447 459
520 542
239 100 261
331 339
307 272 261
101 123
321 134 261
255 360 261
490 492
351 339
449 463
288 101 159
452 436
373 395
375 365
373 367
15 19
225 42 159
493 479
426 420
161 145
164 277 261
217 227
117 125
530 544
167 175
138 150
112 96
115 97
195 196 261
402 408
242 258
166 144
417 409
38 40
99 174 159
49 71
430 446
381 373
308 300
14 115 159
307 290 261
551 547
230 210
152 172
432 444
186 49 159
276 280
181 78 159
204 184
278 270
275 192 261
260 41 159
254 234
243 239
434 414
67 77
541 527
334 332
111 99
285 82 159
342 326
179 159
332 312
550 566
245 212 261
193 270 261
255 402 261
488 490
444 456
148 233 261
444 424
270 105 261
193 88 159
202 417 261
47 27
498 478
477 485
100 80
463 477
273 306 261
59 57
499 497
449 459
150 369 159
122 144
69 53
222 187 159
424 436
180 182
157 366 159
41 182 159
202 49 159
343 329
159 141
170 213 261
505 511
231 241
370 364
216 234
174 323 261
186 206
211 201
244 256
187 183
403 421
372 390
176 227 159
550 546
484 502
569 559
209 210 159
450 470
73 67
197 209
116 136
417 433
354 362
28 91 159
252 250
313 325
418 428
515 497
238 289 159
489 511
7 15
435 447
55 49
69 51
310 255 261
197 278 159
234 251 261
438 418
537 535
542 532
172 176
408 428
15 27
6 225 159
128 146
273 208 159
359 339
187 197
285 302 261
298 165 159
301 170 159
530 524
439 302 261
160 164
182 188
226 111 159
13 160 159
310 197 159
9 196 159
456 261 261
300 323 261
124 142
196 208
207 388 261
312 314
485 469
313 136 159
474 460
505 509
226 141 159
374 384
348 336
110 100
182 289 261
252 236
27 9
367 385
311 323
151 169
175 184 159
160 168
511 531
91 109
423 401
232 254
117 119
280 264
206 204
472 462
269 283
451 457
179 201
16 12
234 129 261
409 391
165 155
347 357
382 333 261
280 290
308 298
557 537
437 294 261
4 22
101 89
65 146 159
491 499
271 273
114 177 159
263 132 159
198 186
204 212
241 249
124 140
534 552
368 159 261
275 308 261
290 298
270 288
398 414
204 188
102 92
188 166
469 473
239 230 261
284 91 159
151 288 261
333 206 261
552 570
325 331
156 353 159
140 287 159
114 229 261
75 54 159
59 278 261
112 90
371 379
64 42
203 264 159
375 178 261
167 8 159
393 371
369 370 261
158 170
466 482
48 263 261
328 305 261
296 197 159
214 213 261
47 43
517 523
269 263
132 175 159
119 200 159
310 292
181 134 159
461 449
154 170
354 348
395 405
553 533
328 348
40 28
65 178 159
295 90 261
268 473 261
235 132 159
446 464
359 347
93 81
86 68
294 203 261
326 373 261
279 289
143 157
228 238
112 191 261
5 1
193 154 261
273 164 159
196 127 261
35 146 159
181 169
119 338 261
283 90 159
221 424 261
353 343
78 74
239 296 261
334 344
481 467
568 546
104 297 159
147 332 159
17 1
307 321
177 44 159
196 178
372 382
541 539
389 373
181 238 261
186 117 159
246 240
131 113
164 255 159
234 243 261
337 288 261
365 367
224 238
397 375
336 342
374 319 261
55 190 159
149 172 159
149 169
314 115 159
322 334
58 68
170 192
551 563
83 282 159
134 150
345 361
529 539
349 331
216 238
506 502
185 165
181 164 261
125 137
443 435
14 22
522 512
241 225
22 24
192 210
53 222 159
