99
152 154
142 144
136 138
124 126
110 112
92 94
82 84
68 70
40 42
22 24
14 16
170 172
184 186
186 188
206 208
222 224
228 230
252 254
274 276
286 288
294 296
308 310
316 318
326 328
332 334
352 354
370 372
378 380
390 392
394 396
402 404
416 418
428 430
456 458
462 464
482 484
490 492
492 494
518 520
534 536
550 552
572 574
586 588
614 616
624 626
636 638
151 153
141 143
127 129
119 121
101 103
85 87
71 73
57 59
49 51
39 41
35 37
9 11
169 171
195 197
205 207
213 215
229 231
245 247
261 263
271 273
279 281
289 291
297 299
317 319
321 323
345 347
361 363
375 377
381 383
385 387
393 395
403 405
413 415
429 431
439 441
451 453
455 457
461 463
475 477
489 491
495 497
509 511
525 527
543 545
555 557
581 583
585 587
597 599
611 613
615 617
623 625
629 631
645 647
