654 1245 155 491
66 227 155
196 174
428 360
563 515
27 83
569 605
454 151 155
44 599 155
448 491 491
512 538
272 230
31 59
346 195 491
422 93 155
45 538 491
418 249 155
159 300 491
204 319 155
265 211
284 304
636 227 491
252 222
429 491
352 384
103 121
312 298
110 193 155
590 181 491
383 426 155
103 204 491
69 127
269 329
56 16
124 74
131 169
115 558 155
183 217
83 384 155
173 115
208 347 155
564 518
636 225 491
200 260
60 14
57 404 155
324 364
522 472
323 406 155
116 575 155
29 360 155
274 288
481 172 491
296 310
653 605
535 553
644 610
582 554
325 279
293 278 155
429 389
142 206
154 150
427 106 155
491 423
58 88
98 112
191 140 491
202 140
635 593
616 550
202 256
553 491
254 195 155
178 343 491
358 338
488 522
86 112
396 392
50 80
489 232 155
477 488 491
257 221
616 113 155
398 273 155
280 219 491
192 254
17 436 155
418 406
265 340 155
534 502
465 280 491
150 196
365 348 155
629 601
561 531
524 550
217 282 155
43 53
295 357
353 337
546 341 155
430 418
412 285 491
129 450 491
325 365
212 202
425 446 155
487 541
498 625 491
135 572 491
553 26 155
268 288
275 315
343 349
314 294
570 626
363 416 155
234 166
187 286 155
215 400 155
430 462
86 34
589 635
256 210
133 179
48 36
60 124
284 256
603 238 155
547 354 155
189 245
254 316
379 413
282 254
573 621
585 555
231 336 491
494 484
381 468 491
18 82
113 79
454 93 155
31 274 491
324 390
354 410
629 312 155
337 359
314 493 155
650 447 491
230 295 491
247 279
32 331 155
471 366 491
155 185
68 104
249 291
298 475 155
580 557 491
370 376
254 13 155
564 635 491
203 191
230 174
415 354 491
632 592
503 537
126 186
464 484
153 147
173 167
471 521
598 133 491
292 296
653 639
223 334 155
275 269
453 28 491
389 321
533 505
318 649 491
574 528
293 269
19 518 155
597 585
375 642 491
485 551
328 320
291 162 155
577 326 491
202 203 491
163 103
72 116
370 348
167 199
397 150 491
190 287 491
624 628
507 533
156 547 155
625 647
244 549 155
639 597
225 263
83 39
365 148 491
123 129
247 239
455 457
350 418
144 453 155
61 516 155
291 299
305 249
41 5
514 562
490 231 155
293 311
449 210 491
573 613
158 184
540 129 155
570 187 491
186 188
264 107 155
605 543
542 578
271 334 491
505 467
329 285
273 269
149 187
397 347
331 299
495 522 491
27 238 155
406 358
407 316 491
207 255
440 482
83 412 155
50 29 155
53 42 155
492 85 155
379 407
504 466
377 150 491
392 380
399 304 155
128 80
266 312
24 18
121 194 155
493 487
636 596
483 451
273 52 155
377 313
407 126 491
131 127
653 430 491
24 88
265 215
314 288
464 514
158 293 491
339 398 491
125 175
490 504
69 53
7 402 155
101 155
355 307
633 590 491
219 275
45 362 155
69 95
301 253
379 445
291 265
338 288
176 126
158 120
399 377
517 551
475 527
597 609
496 233 155
331 271
218 268
544 530
226 240
635 585
349 401
307 257
287 317
321 78 491
642 115 155
607 268 491
77 53
610 562
202 543 155
161 203
186 120
525 465
186 174
480 444
244 268
215 249
99 61
534 548
394 336
554 538
507 495
439 441
279 263
312 350
251 263
377 331
569 585
593 454 491
147 199
197 72 155
445 489
318 378
31 452 491
204 156
288 276
585 559
653 637
353 242 155
122 162
347 325
149 127
175 510 491
145 34 155
617 653
465 431
528 590
251 279
551 529
472 484
280 523 491
229 630 155
77 616 155
302 489 491
343 357
352 390
185 163
199 207
478 508
114 84
398 475 155
151 157
65 272 491
413 56 491
520 395 155
90 102
3 316 491
312 334
326 493 491
105 121
258 573 155
355 409
507 551
343 319
602 574
350 328
385 142 155
200 123 155
150 138
294 304
472 389 491
516 448
365 270 491
574 295 491
89 85
464 57 155
454 522
36 571 155
319 301
11 37
645 591
473 499
330 255 491
582 177 155
169 129
495 482 491
275 221
606 636
640 596
348 326
94 90
512 476
200 210
432 273 155
606 622
202 220
203 492 491
165 454 491
41 638 155
430 488
376 440
370 424
484 502
562 510
289 355
653 318 155
234 539 155
132 164
483 390 491
632 590
227 231
26 62
385 387
110 141 155
255 235
265 536 155
300 557 491
182 150
228 186
39 380 155
94 128
117 51
370 346
225 247
490 323 491
142 128
604 199 155
566 534
258 230
463 461
47 65
418 414
496 492
490 522
377 357
652 85 491
526 177 155
581 621
295 134 491
541 174 491
274 157 155
335 395
397 349
114 72
383 379
495 445
468 493 491
129 125
632 612
543 547
538 574
172 240
584 536
575 136 155
3 310 155
107 370 491
101 151
363 349
169 205
459 608 491
144 511 155
414 428
550 562
452 458
481 448 491
224 216
598 586
57 61
23 490 155
89 103
330 380
630 610
203 243
357 363
454 561 491
84 48
30 379 491
520 307 155
214 224
278 232
268 149 491
99 444 155
508 440
281 440 155
352 288
177 155
224 171 155
511 463
646 93 491
167 133
377 401
319 345
171 159
186 142
355 313
252 254
528 594
344 280
406 360
499 447
622 337 155
106 209 491
302 485 491
291 339
452 392
506 389 155
395 391
200 224
139 596 491
611 619
626 558
610 560
171 422 155
358 386
19 372 155
87 426 155
507 190 491
84 70
362 75 155
479 439
578 433 491
26 16
611 613
5 25
197 169
131 175
100 68
168 167 491
474 169 155
49 11
284 37 491
383 626 491
649 72 155
248 621 491
101 105
516 452
514 566
643 252 155
332 334
455 387
653 338 491
389 82 491
525 539
288 245 155
78 122
457 499
492 476
18 72
96 82
478 440
52 121 155
321 442 155
283 269
403 445
582 518
110 118
367 442 155
473 425
134 80
514 486
87 236 155
493 519
394 404
541 198 155
482 442
399 429
308 266
477 506 491
255 231
117 330 491
416 65 491
514 530
139 99
647 645
16 8
425 112 155
206 301 155
197 189
104 587 155
438 412
112 351 155
159 125
149 123
44 541 155
175 121
24 42
205 157
16 32
264 276
350 372
539 84 491
155 632 155
232 272
49 392 491
337 291
499 426 155
341 116 491
592 15 155
392 336
251 642 155
360 328
399 455
573 555
41 39
401 447
92 120
149 456 155
453 507
388 352
328 296
73 69
45 93
41 244 155
580 536
169 181
7 31
276 230
526 309 155
211 235
161 97
463 417
433 346 491
391 385
47 57
394 360
131 34 155
307 361
360 195 491
85 87
293 303
555 256 491
178 551 155
292 244
188 134
301 255
280 293 155
101 298 155
598 155 491
449 90 491
526 516
327 476 491
155 426 491
488 462
478 495 155
44 110
344 406
160 172
545 539
356 501 155
118 72
585 573
142 198
633 86 491
28 6
166 203 491
409 292 491
511 216 491
145 199
225 275
130 172
241 12 155
499 451
432 631 491
297 353
132 385 155
265 247
533 571
152 188
254 71 491
101 121
223 291
8 44
179 167
145 197
215 203
335 74 155
323 319
536 568
333 570 491
572 576
116 184
94 78
49 63
410 398
627 571
545 587
384 9 491
516 249 155
179 234 155
284 296
521 509
410 476
452 504
78 523 491
440 393 155
197 376 155
42 100
342 269 491
596 546
118 223 155
619 286 155
405 434 491
594 552
280 238
378 380
291 628 155
486 599 491
351 246 155
478 512
611 653
231 326 491
90 42
186 192
167 344 491
633 380 491
283 273
529 120 155
338 316
195 161
286 312
119 101
71 125
497 533
445 534 491
605 615
568 273 155
389 346 155
598 53 155
477 606 491
654 111 155
363 315
220 190
286 262
481 467
128 192
245 205
541 182 155
530 518
42 106
493 483
284 246
251 378 155
253 28 155
511 204 491
471 418 155
182 218
220 236
548 502
67 3
396 463 491
636 648
74 92
282 334
326 283 491
510 464
237 267
613 641
16 501 491
537 434 491
309 402 491
397 423
212 266
447 389
412 430
652 612
634 602
41 51
310 391 155
360 410
372 354
284 244
167 193
357 329
354 257 491
497 545
557 619
341 299
327 395
84 152
395 102 491
59 55
609 631
576 546
312 250
612 564
283 252 155
521 452 491
505 537
196 193 155
259 14 155
116 243 155
340 37 155
153 137
191 296 491
47 61
445 469
467 531
352 400
85 210 155
468 59 491
21 69
377 385
479 419
524 484
437 407
23 53
312 617 491
258 238
366 408
174 106
593 583
316 149 155
510 522
272 276
289 506 155
299 263
229 283
416 430
420 472
170 178
475 451
320 290
644 217 491
300 276
230 262
168 91 155
555 501
411 403
374 438
208 226
366 326
54 118
464 450
170 179 155
246 288
651 474 491
415 407
314 376
495 523
306 481 155
631 206 155
425 432 155
276 214
32 76
3 27
639 122 155
443 482 491
100 571 155
202 315 491
322 89 155
389 423
13 464 491
625 637
479 473
242 262
457 525
171 248 491
608 359 155
295 327
70 48
148 112
421 489
27 1
140 164
130 187 155
313 295
597 557
266 282
351 369
188 79 155
19 502 491
422 235 491
250 224
436 503 155
619 601
488 554
21 43
379 650 491
16 58
210 168
526 490
231 158 491
196 283 155
527 499
257 209
637 647
599 528 491
318 258
404 440
443 399
126 118
602 626
283 295
384 422
97 468 155
190 160
339 420 491
267 426 491
420 113 491
544 560
183 266 491
650 602
291 281
388 416
334 565 491
539 519
573 541
236 178
582 628
232 184
253 654 155
589 603
378 322
609 456 491
418 271 155
351 337
55 9
183 194 491
330 284
274 300
25 75
116 80
111 610 491
243 544 155
327 311
370 430
614 576
511 152 155
143 133
326 47 491
199 169
104 144
322 433 155
279 84 491
215 195
42 34
559 510 491
581 585
288 236
35 77
544 307 155
67 532 155
186 220
172 226
242 284
139 594 491
188 170
230 485 491
144 198
28 515 155
395 466 491
586 568
444 404
61 55
472 460
422 63 155
371 429
419 536 491
121 65
310 637 491
235 173
116 70
450 410
145 568 155
31 51
616 614
489 535
19 59
171 520 155
539 102 155
466 251 491
333 311
132 76
356 378
213 229
377 421
95 43
120 7 155
280 346
531 463
75 37
612 243 155
271 291
273 281
405 399
256 230
444 390
477 469
553 640 491
295 220 155
581 615
399 335
337 313
408 563 491
188 240
607 569
411 427
574 606
330 169 155
161 288 155
180 595 155
61 111
436 396
561 18 491
285 290 155
313 126 491
375 377
451 324 155
140 144
563 236 155
314 256
537 138 155
283 275
416 394
213 244 155
256 537 491
179 165
308 65 491
503 598 491
255 275
286 266
290 312
241 265
217 257
19 49
578 592
492 488
397 357
416 452
425 126 155
402 404
369 407
569 501
105 438 155
246 471 491
140 469 491
211 167
430 498
575 525
550 564
378 595 155
545 605
52 86
458 480
561 84 155
74 36
41 500 491
266 222
257 309
478 491 155
481 419
423 134 491
602 632
381 347
188 335 155
314 368
393 367
37 634 155
415 640 491
374 362
453 449
548 584
376 408
158 140
24 76
601 565
197 380 491
81 80 155
94 19 155
425 485
483 184 155
243 291
265 315
215 213
182 188
49 75
344 431 155
441 505
85 23
40 579 491
209 229
518 491 491
225 494 491
94 86
197 259
360 380
577 362 155
233 279
154 192
195 217
559 507
424 297 155
127 181
179 217
219 230 491
182 230
576 481 491
288 105 491
276 459 155
32 423 155
312 318
535 471
134 116
124 80
63 39
560 622
96 76
529 487
327 570 155
440 398
561 156 155
431 423
40 96
620 141 491
96 124
597 545
168 197 155
194 220
137 71
514 492
343 317
601 589
45 21
563 615
56 22
377 315
365 424 491
495 258 155
544 653 491
364 332
332 308
66 96
629 635
466 502
5 11
117 147
615 617
361 345
19 43
556 526
140 333 155
459 546 491
18 76
36 5 155
34 459 155
94 138
328 290
6 291 155
457 451
421 389
97 270 155
334 354
90 469 155
262 409 491
208 200
306 173 155
309 496 491
629 623
344 354
424 464
446 510
409 371
134 427 491
510 468
264 246
1 67
571 24 491
176 299 491
518 243 155
277 307
382 442
451 465
597 573
95 125
505 573
145 234 491
543 609
419 441
401 624 491
640 533 491
43 29
571 66 491
284 338
447 152 491
297 241
497 318 155
208 182
131 159
478 420
353 364 491
526 548
126 138
151 119
68 153 155
388 374
67 17
270 318
524 462
331 208 491
230 226
239 636 155
554 283 155
210 158
235 348 491
45 13
426 442
96 115 155
143 163
126 305 155
574 333 155
462 506
341 74 155
261 291
220 529 155
21 262 155
99 147
460 464
188 158
496 464
129 65
125 83
360 591 491
499 210 491
312 364
102 130
508 133 155
121 111
146 100
345 414 155
193 492 155
166 145 491
485 491
522 560
216 587 491
528 357 155
505 548 491
128 174
566 504
587 64 491
639 595
51 1
423 228 155
289 626 491
117 127
