88
90 92
78 80
68 70
56 58
48 50
20 22
12 14
8 10
106 108
126 128
144 146
150 152
156 158
160 162
164 166
176 178
182 184
186 188
200 202
212 214
218 220
226 228
238 240
242 244
254 256
262 264
284 286
296 298
306 308
312 314
340 342
348 350
352 354
370 372
376 378
386 388
388 390
394 396
398 400
422 424
83 85
75 77
65 67
57 59
49 51
29 31
17 19
13 15
93 95
101 103
109 111
113 115
123 125
131 133
135 137
151 153
165 167
179 181
191 193
193 195
197 199
209 211
213 215
225 227
243 245
249 251
257 259
263 265
269 271
279 281
291 293
301 303
305 307
319 321
329 331
333 335
339 341
349 351
361 363
371 373
387 389
393 395
405 407
411 413
423 425
429 431
439 441
443 445
