446 5999 91 387
8 332
385 19
109 204 91
332 386
122 330
230 250
199 20 387
33 163
442 22
221 149
205 103
446 30
376 12
269 423
199 421
114 446
359 141
244 440
225 55
14 183 387
173 283
316 242
129 303
120 198
313 105
199 383
1 335
403 343
271 81
249 146 91
432 52
6 434
127 265
100 40
254 42
163 71
176 348
186 268
426 24
44 418
423 11
428 13 387
256 78
30 424
427 392 91
287 329
85 433
392 442
388 81 387
153 421
278 192
160 208
89 391
396 382
54 372
59 421
113 403
338 24
403 71
440 162
95 83
410 138
162 382
435 37
204 311 91
244 22
47 237
347 11
337 74 91
305 58 387
442 88
217 337
280 383 387
426 22
429 17
348 179 387
161 178 91
400 86
306 380
282 28
10 322
261 389
60 196
102 262
98 390
312 250
19 419
63 259
252 400
201 371
325 77
345 189
219 411
203 261
29 395
47 247
428 26
18 258
127 93
4 342
303 446 91
243 425
11 338 387
417 159
217 145
442 130
346 126
400 267 91
415 7
29 119
433 87
36 342
360 296
107 321
380 400
394 178
386 68
310 178
2 390
139 425
157 425
252 162
56 253 387
135 57
110 51 91
323 71
169 286 91
335 147
383 144 91
337 329
35 139
446 110
425 181
98 184
233 415
209 41
435 21
177 13
63 404 387
441 111
87 165
322 90
9 365
163 353
433 314 91
445 217
248 186
45 199
425 357
24 103 387
419 7
443 35
39 335
21 15
292 350
26 392
304 204
86 432
128 116
360 14
434 186
235 246 91
352 124
270 108
305 139
204 400
201 365
226 382
53 167
21 7
316 137 91
299 63
314 347 91
91 238 387
286 180
432 68
353 363
287 114 91
260 100
443 55
131 309
422 248
24 446
187 439
371 7
396 405 91
78 80
90 340
265 371
27 36 387
20 163 387
260 308
374 268
337 228 387
254 361 387
268 258
81 439
440 184
79 194 387
397 133
391 149
4 440
99 13
104 112
262 259 91
92 278
202 376
99 398 91
195 395
11 44 387
37 429
205 161
381 177
446 6
104 347 387
271 185
344 327 91
279 421
256 338
156 60
243 427
259 95
32 190
407 217
1 287
402 20
1 421
74 118
332 180
444 20
394 36
25 415
293 361
109 326 387
173 72 387
332 134
250 404
337 215
97 437
294 414
195 353
323 165
321 257
86 56
98 252
48 210
36 444
162 344
197 131
337 297
149 342 91
85 9
101 110 387
370 302
407 402 387
370 270
76 388
390 177 387
354 46
237 129
91 289
11 359
310 438
110 138
147 255
234 342
254 184
374 12
85 426 91
420 297 387
115 113
420 171 91
370 112
77 161
160 32
96 352
439 91
442 20
21 335
413 3
25 371
250 383 387
370 230
88 363 91
49 285
409 311
275 41
64 278
179 383
195 246 91
84 417 91
202 36
108 419 91
110 80
288 60
132 327 387
226 193 91
436 64
365 101
328 92
175 21
399 237
330 66
261 329
230 92
130 157 91
421 151
314 356
368 279 91
33 348 387
277 266 91
372 16
432 250
27 233
203 372 91
230 414
210 306
178 77 91
428 70
396 376
2 440
21 105
90 170
383 15
417 349
429 79
72 283 387
113 433
16 336
28 324
304 54
197 398 91
396 66
366 287 91
444 294
101 409
355 131
77 403
437 130 91
40 442
158 360
44 39 387
407 169
70 350
206 20
196 250
257 111
59 191
118 337 91
240 102
249 114 387
8 440
117 378 91
429 423
36 310
80 258
52 162
37 152 387
64 376
431 13
156 196
41 343
252 58
408 310
36 406
306 70
357 218 387
318 16
185 141
145 291
2 252
363 277
31 375
108 416
341 1
172 67 91
413 43
105 139
56 416
236 128
134 199 387
266 64
278 18
275 7
60 348
298 204
411 277
217 339
192 290
36 404
337 287
403 394 91
193 402 91
93 10 387
1 391
299 429
138 171 387
391 387
47 193
395 185
439 423
187 293
135 396 91
237 362 91
274 206
13 153
183 45
257 207
371 129
423 207
278 24
413 255
157 427
295 172 91
17 186 91
4 427 91
188 371 91
421 97
342 314
353 119
136 188
234 190
425 147
411 125
416 2
213 42 91
190 64
422 264
58 324
102 226
71 216 91
45 441
242 373 387
28 326
171 187
174 102
84 438
195 79
413 7
283 445
292 131 91
352 360
37 185
412 236
212 352
403 239
57 211
425 328 91
426 62
111 407
426 144
121 307
302 79 91
148 330
200 51 91
278 28
382 251 91
67 147
55 407
291 103
360 377 91
54 402
12 6
24 130
284 220
328 232
22 410
69 42 387
115 313
332 2
381 9
423 107
305 317
72 166
103 415
1 337
225 150 387
443 149
107 12 387
335 101
84 176
74 382
232 14
58 321 91
164 367 91
347 131
39 409
298 40
37 431
395 347
348 52
33 425
108 222
238 421 91
383 29
10 426
30 404
184 134
19 363
57 133
16 360
132 436
445 9
44 310
48 386
326 278
357 225
395 233
120 286
251 55
266 262
244 44
353 333
432 12
58 440
302 60
286 100
115 334 91
248 273 387
386 60
107 84 387
2 434
225 294 387
423 149
287 386 387
34 412
71 331
130 438
124 362
62 205 91
202 290
239 391
408 188
91 226 387
412 54
247 395
53 214 91
36 370
416 222
234 327 387
23 247
120 161 91
418 201 91
408 419 91
401 366 387
366 306
422 10
100 420
144 440
401 213
34 346
115 343
38 416
430 88
123 17
69 120 91
14 51 387
15 122 387
187 311
288 48
367 59
74 51 387
289 81
120 179 91
331 325
14 388
233 196 91
7 420 387
240 411 387
366 314
436 4
195 423
388 4
423 41
163 301
32 253 387
438 66
362 48
386 358
353 379
392 212
41 405
193 195
207 352 91
406 170
362 330
378 32
376 146
221 369
13 409
170 334
419 175
325 374 387
186 130
213 31
218 362
240 227 91
19 329
315 353
384 326
211 146 387
259 111
395 21
273 421
318 184
392 28
381 316 91
11 18 91
197 123
415 293
7 445
212 430
222 336
428 186
290 208
9 15
15 413
391 47
325 126 91
50 176
46 388
209 405
425 288 91
382 282
362 342
282 430
280 104
75 405
213 428 91
445 67
435 296 91
111 72 91
219 279
240 410
97 1
162 82
371 358 91
399 366 91
112 216
182 320
10 168
345 37
56 280
352 168
175 333
304 252
279 81
438 102
42 402
206 78
423 24 387
143 134 387
201 296 387
178 246
420 92
338 242
422 78
19 401
258 52
381 13
281 241
394 114
437 21
56 398
335 59
257 93
328 280
70 256
115 399
312 2
289 375
373 66 91
233 25
43 377
409 253
116 418
214 40
143 223
436 90
405 124 91
398 426
219 19
321 185
364 68
139 317
247 29
132 149 387
102 308
299 437
393 319
76 102
103 431
84 327 91
186 269 387
401 427
414 6
257 3
71 387
118 362
59 423
389 177
307 23
90 299 387
25 244 387
446 88
393 445
424 214
423 61
258 101 387
109 263
104 32
92 414
107 43
345 165
424 100
279 410 91
42 284
184 375 387
232 163 387
416 272
404 14
423 401
216 376
237 63
308 34
291 39
226 4
273 43
333 335
360 22
294 390
366 40
239 423
195 214 91
328 260
387 31
433 297
2 114
226 384
9 433
291 10 91
77 69
145 257
220 416
395 73
6 418
174 294
330 195 91
249 17
256 93 91
205 163
163 6 387
209 259
102 341 91
316 304
190 153 387
155 433
211 112 387
14 68
343 398 91
39 252 91
373 275
439 256 91
68 110
394 298
2 73 387
72 440
345 284 387
440 48
72 442
422 202
209 155
122 254
108 413 91
323 261
207 74 91
106 7 387
319 79
182 420
428 4
233 413
59 297
307 19
339 7
113 427
195 299
385 405
207 179
426 336
103 101
57 215
261 97
268 224
53 281
285 189
67 211
210 418
417 104 387
437 231
427 63
127 297
329 143
20 314
147 172 91
232 375 91
369 1
246 423 91
396 315 387
51 52 91
399 147
370 164
390 268
363 21
155 197
201 397
56 422
429 120 387
445 420 91
1 415
341 81
304 38
352 206
245 229
182 106
44 65 91
26 425 91
432 66
435 35
230 368
446 74
43 439
407 45
26 426
2 80
195 88 387
120 402
358 300
312 345 387
141 437
327 437
342 70
172 41 387
315 348 387
407 117
46 224
3 357
216 426
111 197
233 254 387
178 286
315 249
134 420
171 69
407 209
348 252
15 373
386 310
3 423
291 109
142 350
16 339 387
91 365
39 71
430 398
441 157
408 10
13 49
62 352
7 262 387
420 28
141 339
146 256
28 180
169 227
172 379 387
122 344
15 393
235 305
156 379 91
31 229
433 223
25 357
91 214 91
443 57
431 17
354 311 387
63 429
140 212
118 224
116 30
437 81
104 396
420 347 91
306 26
380 24
260 264
183 21
214 236
67 103
333 151
209 387
225 198 91
240 342
245 48 91
289 13
277 274 91
441 175
13 83
282 243 91
430 198
30 410
232 193 91
178 426
130 137 91
216 82
83 297
369 5
169 139
360 317 387
263 8 91
318 410
24 368
310 328
200 209 91
123 433
383 203
179 133
116 426
434 170
26 358
176 374
220 356
405 81
350 344
254 358
364 258
197 393
175 35
417 95
343 241
102 217 91
265 387
63 31
440 100
148 16
379 279
380 42
393 29
348 10
24 394
345 81
163 399
388 28
201 388 387
307 155
1 323
385 374 387
83 238 387
413 17
248 436
318 348
367 209
29 139
159 430 91
55 61
30 412
406 82
117 403
340 256
78 386
288 400
406 58
407 143
68 131 387
188 252
272 188
125 443
56 388
156 338
368 76
14 304
429 53
132 100
234 382
298 432
122 430
327 309
76 88
149 220 387
377 27
227 349
139 243
304 272
124 45 387
25 247
433 57
62 304
12 304
425 68 91
40 300
120 440
62 380
50 125 91
83 114 387
419 85
18 266
417 441
205 417
424 389 387
439 209
159 301
243 363
82 328
220 103 91
442 48
301 12 91
228 250
222 310
382 117 387
14 400
79 365
158 259 387
155 17
53 373
333 135
429 115
352 361 387
244 328
295 69
409 59
440 92
68 248
95 351
221 373
210 176
8 394
189 247
20 352
412 243 387
350 42
233 232 91
260 232
400 274
372 264
255 353
39 161
374 344
1 445
77 435
26 352
291 299
386 388
20 6
97 419
242 189 387
62 16
24 4
139 421
298 158
122 307 387
161 160 91
77 349
334 118
276 214
14 346
204 379 91
25 431
125 21
193 343
121 63
99 429
364 16
351 217
188 403 91
361 251
287 101
190 34
41 345
388 44
88 316
371 339
324 434
134 240
358 32
428 116
356 2
277 179
420 6
286 436
373 165
134 38
177 145
104 324
392 336
311 13
79 426 91
440 393 91
124 240
69 307
203 25
177 29
323 164 387
55 433
294 54
287 127
19 339
133 391
344 140
336 58
302 116
386 293 91
64 372
51 339
415 37
182 168
179 139
19 397
277 22 91
256 85 387
371 80 387
358 16
304 68
199 277
394 80
284 420
149 445
309 341
88 355 91
102 356
7 285
232 150
123 273
60 400
67 409
411 29
224 2
33 98 387
168 18
185 169
340 178
382 183 91
359 51
75 251
117 381
9 363
102 50
359 69
10 272
402 295 387
5 185
97 276 91
408 130
194 439 91
270 26
77 439
313 213
336 194
73 291
339 107
338 244
415 28 91
434 120
8 259 387
442 6
296 411 91
88 244
389 230 387
370 236
298 404
295 34 91
77 58 387
365 46 387
118 148
47 376 387
18 128
445 21
391 215
67 213
349 1
169 124 387
105 71
134 428
443 39
306 52
174 339 91
227 111
73 247
336 280
25 81
156 316
386 28
207 11
102 18
147 189
60 304
65 322 387
166 414
23 363
365 107
399 121
261 426 387
26 64
229 413
283 49
323 307
397 211
284 400
161 211
393 101
59 290 387
175 209
95 221
200 10
337 22 387
16 436
342 181 91
258 426
333 254 387
250 320
380 287 387
13 411
102 249 91
244 200
132 117 387
191 413
356 6
283 182 91
193 189
6 158
237 300 91
418 383 387
170 10
427 35
441 193
216 18
415 79
120 16
116 342
219 436 91
135 189
248 314
259 53
213 424 91
28 406
336 292
183 290 387
332 26
410 241 387
271 265
157 217
104 360
115 253
413 328 387
392 168
380 66
281 207
23 391
383 155
49 189
146 228
299 3
224 424
27 95
324 206
15 374 387
304 294
264 328
259 147
75 264 91
152 330
33 247
325 187
135 179
195 277
81 209
68 288
187 225
367 31
347 102 387
414 268
442 10
420 30
103 161
371 33
288 236
9 345
19 411
25 437
440 113 91
284 407 387
311 440 387
230 438
193 32 387
54 340
221 202 91
49 391
38 414
28 352
415 123
360 13 91
268 26
147 262 387
436 130
151 43
272 310
204 34
266 324
31 441
221 345
428 6
88 370
244 368
123 72 387
291 365
223 437
373 134 387
323 65
194 46
176 47 387
385 150 91
430 26
204 157 91
134 398
278 6
379 5
137 266 387
141 319
88 250
219 240 387
401 325
342 364
23 131
77 342 387
32 162
434 104
147 433
29 387
48 196
196 103 387
362 75 387
252 437 387
304 51 91
140 160
366 120
190 161 91
434 20
318 233 91
176 317 387
197 41
203 251
190 430
319 434 387
8 142
77 385
58 292
269 383
1 245
422 141 387
146 170
414 66
343 122 91
73 381
124 374
185 413
370 58
242 148
201 57
32 362
287 109
225 406 387
415 29
187 252 91
409 45
61 111
130 242
80 164
408 94
1 407
94 308
362 46
65 391
241 403
398 32
212 420
236 36
349 19
14 380
410 304
61 437
283 293
410 20
18 386
159 34 387
83 401
338 149 91
264 399 387
431 125
36 416
441 9
19 280 387
374 357 387
25 56 91
173 328 387
200 211 91
288 112
294 134
277 347
305 206 387
118 316
393 219
335 439
360 2
319 53
319 271
350 80
326 276
136 264
228 16
256 12
133 437
445 87
173 265
77 397
157 35
60 119 387
136 346
165 243
382 342
363 161
99 373
23 421
218 106
378 360
441 379
414 270
259 265
446 58
263 443
9 325
188 12
218 302
212 340
372 34
179 43
111 191
214 37 91
135 88 387
96 440
47 411
63 264 387
413 49
184 209 91
363 131
120 406
98 2
46 438
307 348 387
131 66 387
143 153
33 189
191 40 91
375 173
21 431
234 148
76 340
221 359
435 1
153 295
276 111 387
69 315
14 362
192 288
28 87 91
138 170
22 424
439 19
23 443
46 370
166 113 387
423 21
235 123
442 44
443 111
378 210
49 389
5 201
197 54 91
445 278 387
27 185
354 239 387
38 292
183 269
194 300
345 59
237 197
25 421
176 335 91
280 42
24 396
102 322
433 355
210 420
297 316 387
259 225
388 54
8 329 387
270 97 387
2 126
198 338
209 40 91
105 101
119 212 91
175 390 387
122 396
65 415
301 95
37 131
91 103
227 280 91
404 126
373 41
78 225 387
64 424
4 232
374 40
133 7
49 443
371 289
81 416 387
29 425
361 313
345 351
441 171
381 435
429 133
21 427
171 363
377 37
117 391
378 133 387
253 25
294 126
318 394
343 107
143 411
117 197
101 344 387
218 8
8 311 91
6 390
394 402
177 61
48 78
404 116
440 12
295 361
280 2
352 16
16 412
5 126 387
146 443 387
29 305
397 9
208 95 91
316 49 91
21 425
39 51
25 409
420 52
361 157
134 89 387
62 421 387
2 222
418 15 91
435 15
177 188 387
389 310 91
178 116
415 283
36 410
389 365
329 33
407 290 91
5 407
50 376
323 127
119 134 387
414 10
114 402
382 18
3 415
420 2
321 50 91
274 1 91
426 102
400 68
148 78
8 295 91
69 312 91
267 111
29 250 91
166 162
254 94
198 62
195 5
371 95
4 246
99 5
8 416
160 301 91
75 199
222 422
263 229
122 446
241 439
218 52
95 80 387
53 139
292 172
321 232 91
51 160 91
111 275
77 50 387
7 439
444 8
32 424
398 82
78 177 91
395 79
71 347
209 27
433 3
309 46 91
378 185 387
65 207
428 408
122 409 91
269 65
391 236 387
35 284 387
239 337
313 73
409 43
258 58
283 436 91
195 199
418 384
395 231
88 100
295 9
294 39 387
55 238 91
31 401
222 119 387
420 242
282 425 387
314 132
368 220
310 294
228 384
351 339
9 245
105 255
217 5
43 403
148 358
122 237 91
159 249
136 382
315 294 387
27 201
399 21
14 325 91
69 86 91
225 439
440 397 387
250 124
368 54
196 263 387
169 69
311 292 91
376 22
386 251 387
275 79
420 165 91
54 58
343 111
417 125
357 364 91
220 280
192 210
120 308
131 11
400 64
6 274
27 279
197 11
105 385
256 423 91
319 51
428 72
421 69
19 431
130 290
14 224
96 330
442 76
378 411 91
35 65
23 245
289 144 387
436 50
48 328
422 20
88 354
355 187
294 106
165 53
433 106 91
60 150
129 408 91
406 60
343 229
373 11
445 81
337 97
188 39 387
141 253
255 69
154 382
397 44 387
156 274
45 439
317 283
110 336
312 194
430 148
278 406
407 21
46 177 387
149 51
99 267
159 375
425 88 91
440 6
401 298 91
28 428
440 421 91
257 381
331 433
103 133
72 374
10 418
435 421
30 47 91
17 317
213 87
217 51
60 334
113 423
37 233
433 164 387
164 220
116 392
110 434
153 373
181 141
83 371
336 144
125 148 91
118 422
371 144 91
185 85
6 392
15 150 387
393 255
70 37 91
230 103 387
4 381 91
336 10
378 58
12 337 387
36 6
240 198
382 418
194 187 91
145 340 387
442 26
414 36
268 372
1 443
432 382
427 65
143 377
262 84
19 253
9 151
211 445
379 263
49 355
15 19
116 308
325 163
340 106
45 263
272 198
95 309
417 285
441 338 91
87 369
334 367 387
352 18
189 395
213 109
331 168 91
305 409
8 320
329 20 91
437 7
373 320 91
118 154
181 440 387
124 60
79 197
87 135
370 66
365 49
413 149
407 85
416 353 91
249 223
343 305
8 92
205 7
227 397
36 288
306 122
143 249
303 189
2 352
25 95
145 79
380 238
159 351
440 138
430 263 91
207 254 387
359 75
354 42
18 354
133 297
94 426
271 389
360 380
132 163 387
62 234
427 359
299 75
351 285
129 25
285 79
443 291
154 414
168 196
337 275
443 133
93 178 387
330 292
92 216
85 176 91
381 95
135 297
436 330
100 272
115 437
332 352
367 268 91
13 419
306 404
12 430
413 97
217 19
181 142 387
32 6
130 204
161 135
73 393
85 381
394 304
352 137 387
398 101 387
339 348 387
60 358
163 3
89 21
423 15
354 2
430 165 91
367 157
12 364
86 156
176 442
374 194
367 155
312 26
328 38
289 85
245 3
393 281
360 128
73 399
326 218
364 184
221 5
222 211 387
211 117
435 403
271 67
42 360
20 348
83 375
364 390
9 268 387
424 130
401 194 387
243 245
157 221
66 38
192 71 91
386 152
372 252
280 277 387
378 190
22 436
124 128
430 50
286 27 387
340 333 387
7 380 387
317 59
291 401
128 167 387
204 396
13 423
386 211 91
15 161
45 278 387
334 87 91
122 107 387
39 105
49 411
297 123
313 47
319 286 91
394 13 91
267 332 91
346 64
3 49
32 208
287 20 91
439 85
2 422
343 267
389 307
339 99
407 154 91
229 208 91
277 319
392 229 387
237 55
297 143
438 68
365 237
5 377
297 382 91
148 188
296 412
436 6
368 107 387
126 312
357 443
435 399
371 98 91
24 438
220 221 387
413 384 91
387 109
267 121
420 266
103 327
440 246
97 375
385 229
11 433
18 438
32 380
174 78
444 16
91 72 91
136 434
356 36
336 259 387
370 62
27 425
382 72
362 29 91
424 34
371 264 387
344 314
238 22
358 163 91
47 233
341 166 387
14 169 387
439 169
74 296
415 69
195 117
384 122
270 246
420 24
2 410
24 370
411 145
278 444
253 303
46 316
104 6
35 311
368 420
120 36
262 276
397 40 91
351 201
292 173 91
313 88 387
344 6
289 421
446 8
445 199
443 278 387
395 3
407 151
407 339
84 414
293 403
279 105
93 3
36 297 387
57 397
142 193 91
61 424 91
109 385
10 294
250 274
359 173
74 362
386 229 387
432 114
373 294 387
112 396
83 147
64 14
61 339
343 101
193 231
273 410 387
349 29
258 328
345 61
338 442
208 265 387
345 381
253 172 91
256 2
66 362
110 352
148 294
150 274
354 152
186 195 91
157 395
397 438 387
3 283
139 363
345 49
126 398
339 417
64 102
119 190 387
418 37 91
424 18
440 314
430 217 387
141 289
380 4
149 400 387
68 420
69 399
297 63
423 27
77 375
345 200 91
47 443
432 90
14 402
182 278
318 228
75 25
431 63
112 324
351 77
363 400 387
283 421
9 429
31 399
126 396
207 105
361 139
83 413
146 392
113 228 91
36 426
338 377 91
401 17
55 195
195 256 387
227 287
437 87
181 62 387
170 380
123 265
118 412
322 72
99 227
17 435
159 239
424 68
39 317
314 370
312 426
321 55
8 346
289 47
175 239
255 388 91
385 197
315 29
314 378
34 224
176 131 91
68 436
270 16
64 220
393 71
10 160
270 424
406 30
204 446
445 323
26 158
310 46
405 393
427 222 91
212 198
346 65 91
149 311
376 364
73 161
217 329
334 74
83 443
195 113
214 318
120 237 387
28 416
123 409
284 322
199 252 387
271 239
148 350
252 38
27 364 91
433 39
36 209 387
227 439
347 109
159 40 387
372 378
87 405
151 367
230 172
269 340 387
445 83
91 389
395 163
400 202
96 12
172 324
13 171
71 294 91
268 229 387
71 143
259 139
177 52 387
350 178
21 385
441 1
298 406
327 369
316 10
332 362
300 234
43 219
272 193 91
343 3
31 273
56 412
440 36
1 347
55 431
405 5
303 297
431 333
198 94
308 187 91
400 98
233 80 91
421 299
373 433
316 174
2 200
232 32
30 281 91
421 55
141 394 387
6 10
410 150
327 47
31 369
446 84
387 438 91
307 345
352 387 387
186 411 387
119 397
432 186
195 180 387
350 392
382 56
411 43
271 405
59 291
122 193 91
39 445
182 311 91
90 315 387
52 188
16 368
170 41 387
156 418
307 397
133 110 91
82 334
167 393
433 160 91
391 113
188 179 91
294 80
272 194
317 129
79 317
401 254 387
147 445
283 94 387
381 295
198 118
268 51 387
29 146 91
132 199 91
442 66
443 137
180 31 91
443 445
86 196
435 133
282 83 387
67 385
396 28
66 74
289 311
130 38
175 117
376 292
63 407
435 341
276 84
31 403
387 297
90 439 387
333 401
93 205
283 66 387
150 440
403 21
42 250
157 85
312 320
28 172
271 397
361 231
397 99
32 216
323 305
83 369
295 409
47 347
52 316
26 370
420 397 91
404 224
239 321
14 398
136 402
411 140 387
66 92
282 195 91
351 3
328 182
206 222
246 375 387
260 46
332 407 91
283 62 387
78 426
343 81
137 437
157 145
129 429
388 90
315 368 387
181 309
275 95
346 260
49 409
309 23
106 430
176 191 387
150 420
377 125
435 199
87 211
57 343
1 254 387
223 240 91
97 72 387
442 18
245 133
434 263 91
233 3
412 269 387
301 256 91
7 427
306 50
321 11
88 254
214 235 387
35 95
415 222 91
406 52
298 357 91
78 402
306 28
383 399
203 442 91
438 10
415 341
27 355
387 261
416 100
13 413
67 431
360 334
295 350 91
24 125 387
35 422 91
421 33
135 355
228 226
315 316 387
184 37 387
67 314 91
78 300
254 68
243 40 387
193 300 91
377 327
287 301
75 374 387
82 139 91
148 66
322 436
63 213
395 33
445 23
271 171
221 283
125 276 91
141 327
87 282 91
232 240
68 77 387
241 215
295 370 387
142 366
152 402
229 397
446 116
230 237 387
443 193
130 446
254 420
98 234
24 239 387
315 59
38 410
369 326 387
65 139
332 390
99 58 91
445 311
56 446
409 55
163 369
17 395
118 222
329 416 91
16 129 91
50 344
6 81 387
440 324
303 127
120 210
354 350
258 34
341 19
39 407
240 373 387
2 414
93 415
1 429
280 130
88 13 387
63 387
396 247 387
271 51
103 423
18 196
434 24
38 366
282 18
331 63
26 366
15 367
442 185 91
414 423 91
20 180
116 403 387
291 174 387
316 380
146 282
311 194 91
278 436
14 444
372 96
104 444
35 353
26 432
197 381
282 418
163 211
417 13
398 22
70 438
42 330
433 324 91
172 404
147 423
83 317
135 253
187 409
85 79
21 207
410 212
385 177
11 122 91
122 412
99 361
223 205
306 34
424 8
148 94
439 139
108 348
4 65 91
284 155 91
198 396
396 294
224 154
439 57
33 403
148 362
334 126
293 343
426 4
37 445
233 38 387
153 277
390 12
297 17
136 131 387
123 185
6 426
444 130
308 314
2 402
167 89
22 320
238 47 91
426 96
67 418 387
275 343
77 21
112 310
344 98
42 378
437 3
6 336
115 252 387
76 109 91
444 362
97 258 387
387 49
186 350
411 209
401 97
339 421
341 388 387
69 445
197 279
313 255
71 155
6 432
298 46
371 57
396 394
261 291
431 289
405 67
104 446
356 412
431 294 91
281 353
34 94
240 273 387
51 278 91
369 89
6 402
375 172 387
140 420
31 345
355 74 387
418 4
400 264
247 345
431 423
191 133
100 72
420 16
364 20
1 244 387
17 419
294 152
233 399
441 427
164 398
4 316
411 23
286 144
370 222
38 278
145 427
240 244
91 319
103 353
422 18
100 378
55 361
64 74
56 122
14 10
256 110
389 441
308 422
38 435 91
16 22
121 19
244 176
325 40 91
146 406
87 391
46 343 91
105 429
86 342
45 369
415 27
11 421
387 163
107 289
311 303
285 428 387
304 268
119 435
103 65
26 232
221 107
11 413
325 45
110 421 387
79 417
123 329
181 101
75 175
333 223
185 373
117 13
106 312
88 410
34 230
130 304
23 427
144 34
7 399
269 431
443 417
317 265
12 176
240 98
12 407 387
105 375
145 225
178 393 387
338 50
329 56 91
389 69
95 273
25 51
53 33
310 72
345 159
84 330
288 88
133 285
293 55
245 396 387
392 174
415 71
178 41 91
269 351
172 302
429 39
403 82 91
175 417
41 361
290 382
301 59
390 16
435 285
375 376 91
207 299
86 377 91
294 139 91
216 134
110 384
192 2
432 20
146 424
290 298
420 112
397 37
326 152
40 396
270 19 91
431 44 387
47 343
152 158
410 162
34 340
306 385 387
23 175
378 141 387
390 168
6 438
17 306 387
360 244
318 38
353 285
298 136
289 75
177 14 91
151 158 91
150 90
373 59
125 263
115 45
363 436 387
25 207
379 51
3 327
122 262
375 219
195 305
85 299
171 409
309 397
365 45
257 375
159 311
158 312
364 28
122 442
434 16
194 12
46 390
108 256
195 134 387
357 79
397 278 387
164 278
259 269
351 168 387
423 67
178 58
303 46 91
155 185
324 6
64 324
309 32 91
421 53
252 410
61 341
237 97
341 57
14 34
203 266 91
191 286 387
91 356 387
293 427
430 22
91 252 387
324 2
313 33
230 80
233 377
126 374
334 420
232 296
87 321
307 400 387
104 330
144 166
274 376
76 402
347 5
333 133
430 303 91
111 317
412 12
121 241
15 101
9 435
132 222
143 291
351 45
146 189 387
30 434
70 153 387
118 319 387
167 149
421 119
391 43
14 292
92 58
89 16 91
441 11
25 221
420 22
359 222 91
93 445
239 188 387
92 222
134 289 91
120 239 91
430 80
351 419
326 252
273 37
364 210
350 12
3 409
386 302
391 311
65 15
121 443
360 38
6 214
171 135
126 446
401 286 387
156 441 91
270 162
112 271 91
401 78 91
443 37
187 272 91
58 208
373 413
52 418
142 438
298 12
437 333
146 122
157 4 91
423 157
11 109
384 376
16 187 387
323 186 387
171 126 387
100 97 387
445 79
191 218 91
27 359
390 236
69 39
107 189
11 28 91
419 213
408 58
203 401
253 322 91
150 359 91
433 131
412 110
78 392
301 197
270 118
321 63
107 347
408 22
8 330
143 59
233 5
359 175
251 221
117 189
1 437
346 222
117 375
165 2 91
413 245
114 320
47 305
300 182
26 68
78 114
194 446
206 152
327 5
194 102
435 417
67 363
344 392
176 362
89 441
268 424
393 27
192 384
326 34
262 26
435 171
108 397 91
231 391
369 430 387
29 35
240 336
94 14
377 390 91
10 437 91
76 398
425 51
28 124
15 41
184 446
368 22
14 112
310 75 387
429 13
121 161
84 334
78 155 387
71 338 387
207 282 91
33 159
182 404
166 218
9 431
46 322
426 60
110 356
38 284
214 220
241 164 91
32 320
386 208
3 407
338 110
428 135 91
83 337
227 116 91
377 89
428 22
37 267
81 427
180 197 91
331 423
91 231
395 421
421 65
262 40
161 294 387
317 329
233 333
322 172
166 56
353 153
216 266
384 50
88 318
365 67
109 174 387
7 355
340 202
13 30 91
74 152
157 291
109 283
246 306
433 23
438 64
316 195 91
345 26 387
278 366
240 54
22 406
167 211
237 17
165 264 387
162 64
296 408
130 202
424 358
159 405
332 202
149 45
398 250
414 162
87 55
204 248
84 76
26 420
143 18 91
404 286
36 432
283 305
53 381
35 431
358 282
17 299
255 9
220 194
51 94 91
290 16
32 418
170 402
13 393
441 43
50 26
205 363
106 326
423 70 91
235 341
57 437
111 79
186 264
94 316
440 224
169 242 91
11 411
255 28 387
48 66
298 174
191 417
310 52
421 127
315 89
342 265 387
22 248
423 255
203 291
93 417
295 396 91
435 7
427 131
372 428
57 171
155 44 91
61 419
172 235 387
414 18
412 325 91
173 381
253 35
196 268
314 404
256 48
168 311 91
167 206 91
61 70 91
422 104
244 387 91
418 18
28 440
229 423
161 262 387
406 118
242 370
288 2
223 301
203 282 387
194 172
131 179
333 313
252 444
324 198
305 41
39 235
373 234 91
13 281
42 432
252 28
442 112
17 351
124 317 91
46 278
440 14
65 429
421 93
412 240
419 373
318 404
65 401
19 135
105 148 387
139 280 387
213 185
75 427
438 122
394 79 387
177 205
325 190 387
377 129
108 380
312 402
172 412
392 368
220 404
265 229
308 30
413 37
440 134
355 407
51 245
298 123 91
287 396 91
144 359 91
40 352
6 404
30 384
108 145 387
3 279
283 257
308 306
212 409 91
190 17 91
50 246
157 429
7 297
432 333 91
203 61
139 61
3 166 387
315 37
265 5
426 69 91
240 189 387
113 108 387
101 305
64 167 91
240 203 91
48 352
20 384
376 368
72 122
129 389
202 330
140 294
284 210
441 59
421 71
319 394 387
152 280
25 26 387
356 253 91
132 434
149 229
18 426
241 45
15 311
133 381
343 401
225 307
121 255
83 300 91
363 261
175 357
225 247
25 77
418 138
158 162
263 194 387
389 96 91
263 7
410 82
294 284
34 366
417 43
46 402
439 93
18 326
402 202
48 444
395 27
234 265 91
244 422
68 240
239 54 387
210 258
194 90
367 17
355 61
8 338
437 187
140 146
381 433
246 184
407 275
269 180 91
237 328 91
135 89
389 275
155 63
258 83 387
338 385 91
377 55
63 76 387
305 267
17 279
247 386 91
431 137
274 20
139 285
103 271
43 395
154 300
425 1
425 285
15 441
53 153
303 43
154 193 91
185 111
32 408
296 207 387
181 167
419 139
111 13
50 406
299 324 91
438 82
112 223 387
419 5
230 54
177 399
29 249
368 1 387
334 36
444 4
356 68
418 167 91
432 272
373 346 387
264 143 387
243 57
402 86
100 32
263 397
422 160
311 10 387
411 326 387
206 207 387
92 276
62 54
383 287
330 12
62 119 387
299 49
4 400
293 90 387
2 380
5 443
388 445 91
98 170
303 141
194 2
439 167
117 205
369 99
138 420
188 25 387
48 308
343 410 387
392 50
104 188
97 111
391 53
231 7
395 105
33 385
62 364
115 289
322 130
53 109
20 244
149 389
359 99
399 203
27 91
186 228
47 257
123 225
11 317
146 284
148 387 387
56 224
64 70
385 17
140 59 387
371 61
20 446
162 278
33 249
133 230 387
27 437
21 321
14 436
259 402 387
69 413
150 95 91
405 113
439 205
35 218 387
19 361
109 358 91
424 228
295 55
183 93
438 40
136 176
304 122
7 423
141 197
163 435
381 227
428 337 387
30 64
284 113 91
34 313 387
440 10
312 292
81 283
152 260
335 156 91
4 294
361 85
57 333
296 248
251 245
289 354 91
71 445
316 40
129 43
152 305 91
311 271
172 50
122 46
60 229 91
253 181
52 356
254 384
194 408
225 15
354 6
123 285
258 28
109 203
44 436
378 106
338 126
250 73 91
167 108 91
173 404 91
14 442
255 441
431 422 91
10 35 91
176 129 91
331 431
182 184
108 50
171 339
117 34 91
436 184
65 317
17 265
178 118
349 143
153 437
111 89
104 442
28 190
408 72
66 345 91
70 214
261 429
337 351
99 147
76 351 91
259 200 387
61 303
206 188
390 112
281 403
437 207
377 13
90 386
220 296
9 277
59 279
401 113
393 171
25 275
256 399 387
271 287
177 19
342 280
35 182 387
282 297 91
362 408
255 71
295 225
415 262 387
81 309
40 390
382 330
75 433
293 51
305 16 387
235 228 91
264 118
422 136
115 417
7 383
445 3
328 31 91
58 276
218 103 387
306 371 91
175 407
162 336
257 103
441 230 91
332 140
13 246 387
371 125
121 97
200 246
384 42
42 271 387
250 106
187 331
416 104
70 274
16 308
421 29
221 9
379 23
3 307
388 84
15 266 91
284 349 387
262 411 91
66 4
113 229
405 59
248 312
236 311 91
438 2
275 190 387
222 350
71 337
428 10
37 275
349 321
166 311 387
151 311
431 43
443 127
224 130
188 184
333 242 91
353 319
6 170
66 196
196 160
80 384
126 384
282 22
377 57
37 356 91
262 394
114 41 387
14 344
317 173
417 14 387
234 418
445 183
114 134
426 40
89 105
360 26
444 114
177 3
52 85 387
182 426
25 417
331 399
26 212
422 188
44 410
235 36 387
356 228
108 60
410 97 387
192 64
199 61
200 286
159 295
26 440
415 33
332 360
355 13
379 198 387
30 260
332 271 387
101 348 91
410 90
260 240
123 200 91
316 8
136 324
358 126
230 138
298 417 91
183 446 91
362 122
188 262
339 1
391 41
13 445
118 68
153 59
378 102
326 210
161 21
7 253
322 309 91
106 23 91
128 354
399 225
287 321
332 192
398 402
168 408
193 267
30 223 387
418 26
435 5
32 444
284 442
425 109
299 69
25 391
16 116
147 281
14 410
408 252
308 356
27 299
8 436
125 237
351 35
53 20 91
212 106
403 57
34 434
83 437
276 100
251 413
48 309 387
148 45 387
195 83
143 229
377 418 91
415 199
3 313
268 22
378 342
304 206
18 390
77 371
232 336
102 86
225 315
430 102
31 439
179 199
120 410
11 385
353 170 91
350 104
42 438
211 215
266 168
317 151
367 291
440 32
181 315
149 5
355 247
444 445 387
419 120 387
109 381
309 37
260 58
240 23 91
175 30 91
138 384
404 262
403 19
270 374
16 230
409 7
240 356
67 63
218 130
159 223
15 214 387
26 398
185 368 91
363 79
442 198
84 412
424 242
81 379
54 224
298 219 387
395 310 91
63 157
252 31 387
349 127
141 397
17 223
26 374
249 5
36 80
61 227
120 230
73 61
144 281 387
80 116
310 256
49 435
381 167
26 101 91
407 129
329 376 91
261 243
82 79 387
108 292
45 270 387
58 354
274 90
134 438
281 345
188 131 91
148 444
104 403 387
193 112 91
284 109 387
420 238
404 290
35 364 91
32 386
23 205
174 388
407 179
339 398 387
411 317
15 445
321 23
153 46 387
21 173
338 339 91
296 283 387
92 286
37 371
434 130
359 3
397 241
362 369 387
377 220 91
225 371
48 320
307 303
381 445
195 415
317 231
351 22 387
17 415
183 260 91
430 126
227 102 387
282 136
341 100 387
229 41
64 352
436 172
141 19
13 317
144 117 387
400 12
436 24
260 247 91
233 329
4 417 387
135 163
234 416
227 17
128 422
72 430
415 5
148 279 91
113 341
11 212 91
54 442
7 165
181 215
369 28 387
267 137
400 41 91
305 372 387
277 145
142 330
393 249
439 15
161 231
267 398 91
282 320
335 27
24 63 387
329 340 387
344 214
228 6
333 114 91
234 1 91
423 37
332 278
286 385 387
445 292 91
409 405
378 122
266 283 387
17 433
281 219
141 60 91
148 152
204 33 91
445 143
369 113
63 419
286 104
11 445
108 9 387
323 151
88 366
193 433
359 223
249 305
329 427
192 336
182 326
8 298
173 121
65 273
3 389
74 426
188 61 91
436 352
204 440
41 429
99 379
91 60 387
143 243
368 284
18 135 387
408 30
267 222 387
117 143
397 113
202 381 387
26 372
98 236
363 27
436 36
430 2
213 389
423 35
71 439
124 69 387
299 187
20 360
157 118 91
77 431
121 179
127 213
340 58
167 159
315 85
425 163
332 154
237 171
250 148
267 245
177 9
144 428
272 220
267 227
302 22
124 104
140 300
118 202
246 197 91
20 72
336 88
399 117
12 398
33 273
19 88 91
346 114
374 230
185 446 91
182 276
291 106 387
328 266
408 134
58 256
315 245
231 385
10 432
424 150
158 423 387
110 372
205 419
38 434
217 119
39 167
406 18
169 387
26 446
116 386
386 27 387
336 8
438 4
207 239
388 120
81 295
437 13
59 77
179 441
383 61
259 44 91
273 165
430 8
251 305
441 35
336 284
289 257
342 414
394 54
73 311
388 392
24 382
429 83
325 428 91
73 410 91
142 380
404 146
313 247
19 435
60 444
196 432
358 425 91
189 11
298 48
229 439
215 389
358 359 91
403 183
3 441
209 219
80 416
376 360
39 375
7 118 387
349 266 91
304 429 387
11 269
52 368
70 40
246 148
399 70 387
382 128
353 39
160 436
149 8 91
158 265 387
234 18
433 67
90 392
244 389 387
7 429
400 249 91
49 335
34 65 91
47 80 387
336 384
155 116 91
40 125 91
335 411
269 3
360 144
182 232
12 62
342 301 387
309 123
382 122
86 300
28 310
408 366
369 240 91
147 292 387
31 159
246 139 387
76 138
382 364
326 21 91
118 396
198 98
319 101
355 80 387
384 58
41 417
23 387
46 334
345 229
446 370
249 361
7 87
330 94
121 207
57 393
327 57
313 207
383 247
197 316 91
186 193 91
72 126
425 57
110 260
396 114
66 358
100 109 91
188 100
417 325
388 240
328 46
308 420
203 283
70 410
56 428
350 406
274 98
81 429
269 1
347 269
153 269
439 111
332 78
227 352 91
53 39
249 20 91
145 282 387
170 29 91
402 213 91
231 417
445 85
432 4
376 196
184 178
348 400
7 151
120 272
103 80 387
434 56
29 237
121 407
228 182
290 39 387
49 383
263 359
118 142
20 268
438 184
124 220
369 94 387
390 20
445 129
183 405
259 213
200 184
16 428
80 4
79 404 387
9 444 387
296 431 387
44 20
84 408
15 365
31 445
410 269 387
133 339
364 74
442 140
4 280
73 255
3 305
428 2
50 209 91
350 260
412 4
376 128
418 62
414 108
104 438
443 359
127 356 91
44 252
85 317
167 321
63 92 387
283 223
290 372
313 45
241 225
22 364
257 134 91
66 436
72 172
198 444
197 200 91
136 224
194 313 91
126 340
348 298
152 142
332 58
182 2
14 414
168 420
425 127
151 442 91
57 279
77 275
313 70 91
446 132
96 194
446 42
428 60
405 241
434 80
296 255 387
154 433 387
102 321 91
375 155
277 157
93 359
421 7
47 439
344 188
207 426 91
417 65
36 13 387
372 151 91
29 62 91
86 438
308 218
13 223
166 38
334 174
411 77
336 134
122 300
19 223
441 5
113 335
42 392
399 127
385 388 91
362 38
371 3
13 349
125 213
42 309 387
425 39
284 406
400 370
421 121
250 331 387
160 333 387
197 135
419 27
190 191 91
60 328
8 18
401 119
409 366 387
122 422
360 130
423 427
113 241
444 10
116 194
82 314
48 412
436 231 91
261 69
441 276 91
19 441
238 138
2 174
199 295
299 103
402 130
324 199 387
424 193 387
92 390
133 215
43 357
6 186
441 369
232 441 91
228 246
96 274
214 176
386 16
407 7
213 3
376 378
141 208 387
129 401
245 181
17 439
17 21
434 8
53 435
422 72
155 265
296 2
401 108 91
301 354 91
110 103 91
20 114
315 276 387
256 89 387
425 7
377 141
126 378
206 267 91
241 125
333 165
88 306
301 213
368 58
179 316 387
417 141
254 446
444 68
108 370
399 63
440 325 91
233 383
158 44
81 435
236 380
117 55
433 445
94 217 387
57 441
51 225
10 446
50 242
45 387
46 446
425 31
446 96
251 405
222 314
306 356
32 86
438 422
248 52
155 263
47 22 91
86 398
43 10 91
73 205
12 198
175 270 91
11 175
405 219
384 225 91
341 335
111 53
159 149
401 316 91
351 213
420 116
220 38
408 433 387
21 393
169 154 387
144 356
427 80 387
383 77
337 216 91
226 26
245 319
7 176 91
371 245
160 382
406 112
358 268
181 433
164 85 387
374 439 91
300 424
176 30
34 193 387
298 252
283 172 387
403 273
249 419
81 299
63 325
357 365
3 147
144 149 91
426 2
132 263 387
24 154
163 307
223 287
344 106
440 180
8 438
435 11
104 27 387
74 409 387
364 136
347 83
219 105
144 123 91
420 388
339 370 387
137 9
445 19
342 168
52 380
124 103 91
413 207
76 358
312 224
40 122
78 277 387
415 75
381 57
203 307
249 438 91
227 342 387
399 83
4 322
170 263 387
434 296
238 67 387
80 318
404 28
177 292 387
19 43
363 5
243 274 91
317 277
405 117
23 377
426 176
131 369
266 138
437 139
118 428
202 32
428 80
315 175
228 183 387
421 95
437 103
64 322
113 143
176 98
235 173
166 436
370 79 91
260 433 91
117 125
69 134 387
15 363
250 128
402 208
108 426
381 40 387
274 102
361 45
117 127
330 11 387
362 2
371 135
412 42
433 5
11 399
421 79
172 86
407 27
227 27
321 213
184 342
33 21
44 373 387
6 154
53 441
444 2
343 19
224 248
433 257
58 209 91
379 33
258 139 91
438 48
74 338
34 446
140 276
200 202
400 270
327 268 387
26 121 91
199 103
174 150
5 439
406 250
239 71
327 64 387
36 442
117 17
344 189 387
423 51
58 414
374 52
1 439
35 329
39 411
48 221 91
442 4
164 358
438 72
333 93
135 153
71 91
202 66
243 35
412 446
166 220
281 79
39 357
27 79
149 134 91
113 238 387
253 163
134 382
20 334
105 188 91
134 392
388 6
344 10
228 422
104 392
56 168
319 110 91
313 143
50 440
192 42
19 60 91
207 427
423 418 387
417 227
404 238
431 5
312 137 91
76 396
32 361 387
132 234
114 290
147 304 387
127 227
240 94
271 47
309 9
256 56
292 8
291 333
62 440
371 149
296 363 91
437 303
56 362
191 362 91
443 9
209 239
166 342
40 370
347 287
111 199
9 387
256 409 91
186 287 387
305 419
368 12
160 165 91
418 88
223 413
168 240
5 183
34 282
427 13
284 404
84 347 387
28 88
68 17 387
366 20
318 13 91
92 112
354 12
217 161
444 128
137 167
37 145
374 28
426 11 91
307 446 387
182 217 387
402 396
247 286 387
216 149 91
38 62
54 6
446 59 91
385 1
259 120 387
314 88
66 405 91
390 62
101 7
356 179 91
70 146
159 341
15 429
162 167 387
294 342
101 210 387
103 439
2 384
383 129
256 154
288 147 91
32 426
442 288
431 4 387
109 375
33 303
277 1
372 318
174 28
64 80
47 419
382 98
386 420
446 2
422 388
161 370 387
77 215
215 265
32 196
354 132
82 415 91
99 111
60 422
289 365
25 439
189 361
284 359 387
264 358
344 264
276 50
438 368
403 14 91
16 416
242 194
266 52
258 114
266 342
348 118
377 245
359 239
94 205 91
64 360
4 346
348 80
119 192 91
100 67 387
274 279 91
67 295
426 262
93 101
382 252
368 96
392 169 91
350 428
415 23
116 50
275 52 91
15 387
2 204
4 142
369 35
446 50
307 201
274 444
198 135 91
27 322 387
380 56
184 52
445 349
280 408
43 113
14 353 91
110 264
418 308
103 165
220 232
78 218
328 196
48 446
242 1 91
407 361
142 147 91
155 387
164 230
320 394
304 309 387
371 173
409 9
39 136 387
239 25
83 225
392 140
45 173
235 119
61 167
49 434 91
393 117
19 133
285 83
411 445
277 37
303 119
259 33
439 159
232 116
76 135 387
163 344 91
353 151
341 116 91
129 266 91
286 276
439 255
405 231
256 393 91
34 426
429 21
5 445
36 418
437 89
70 238
416 98
157 61
90 424
39 135
323 399
62 432
234 84
214 61 387
91 387
119 20 387
202 438
51 400 91
431 111
345 102 91
133 364 91
389 66 91
382 10
49 171
82 92
306 150
29 101
84 430
18 444
413 82 387
158 290
277 367
428 36
133 357
7 43
441 102 387
204 214
171 208 387
343 443
421 327
279 41
25 369
81 371
416 332
83 229
13 96 387
212 391 91
202 278
393 243
307 117
24 162
158 424
109 337
25 413
73 97
289 139
31 88 91
255 193
397 412 91
103 74 91
225 231
76 330
325 165
38 98
189 337
234 138
377 187
71 395
72 418
257 348 387
383 19
379 135
379 27
32 436
289 345
338 170
441 141
69 241
69 435
120 428
11 405
392 354
359 121
5 437
8 152
373 363
297 21
436 244
68 430
167 330 91
97 189
216 4
426 28
123 243
275 237
19 209
257 337
382 90
379 420 91
296 426
258 427 387
347 59
427 235
402 270
20 436
422 15 91
55 155
279 8 91
330 146
411 57
254 376
237 391
404 26
396 96
6 406
419 25
357 137
301 39
36 420
133 151
369 190 91
185 383
423 25
18 324
135 289
425 221
42 334
34 176
104 414
12 442
94 86
181 299
439 299
414 42
134 310
403 367
437 111
81 91
282 92
380 18
344 22
117 1
376 72
61 45
392 314
281 381
189 84 387
62 47 387
167 427
441 256 91
28 384
432 106
57 435
6 306
238 237 387
402 1 387
14 430
121 111
279 133
380 118
351 187
7 191
141 356 387
34 392
367 75
55 59
190 412
229 303
184 46
38 174
253 389
286 2
260 145 387
97 201
357 408 387
111 105
365 328 387
146 246
130 1 91
314 165 91
215 11
94 356
273 281
3 375
381 3
23 31
81 269
99 393
136 168
157 195
146 262
317 347
50 288
211 419
23 251
384 74
257 160 387
10 340
106 301 91
187 286 387
125 385
239 59
430 162
221 227
310 292
134 288
251 9
286 208
20 388
297 39
375 151
60 330
198 414
326 200
434 10
433 1
134 87 91
304 150
160 231 387
38 316
78 161 387
386 34
18 394
53 81
235 93
371 200 91
306 187 91
333 71
5 271
270 57 91
209 421
380 10
444 76
12 378
180 428
71 431
386 50
101 367
385 8 91
422 32
68 270
188 425 387
336 360
330 280
395 318 91
399 30 387
250 211 91
256 308
169 153
55 441
13 62 91
124 438
428 266
335 65
184 442
405 111
64 24
65 121
70 400
2 370
326 194
404 344
117 441
104 436
362 428
413 213
415 337
399 141
85 130 387
184 368
244 96
300 264
3 331
37 149
18 366
333 185
158 163 91
332 285 91
119 399
33 347
443 13
425 95
32 434
16 324
443 11
219 194 91
52 298
369 351
20 428
277 73
52 49 91
233 144 91
397 296 91
370 84
357 81
185 363
440 66
77 258 91
202 53 91
272 354
365 159
40 19 91
17 235
299 383
423 1
285 247
85 423
366 372
406 140
443 15
64 227 91
4 368
427 107
360 74
345 185
271 350 387
127 73
53 6 387
352 94
259 329
15 411
309 127
394 288
327 347
410 148
333 430 91
296 140
373 253
157 244 91
394 210
328 178
437 247
340 108
373 25
126 132
80 446
373 5
286 82
55 264 91
8 432
15 433
197 409
437 67
417 9
327 90 387
68 442
46 432
411 42 387
435 97
185 122 91
342 48
356 40
421 185
222 196
383 207
59 327
48 392
413 81
397 205
191 373
95 411
416 14
15 270 387
396 60
93 341
204 184
245 27
63 91
359 193
415 95
225 40 387
181 408 91
133 337
54 284
9 357
330 46
404 280
204 188
283 91
27 324 387
8 442
177 339
98 396
93 322 91
122 48
7 387
332 12
103 169
446 4
442 52
7 391
129 391
222 8
418 298
197 113
408 1 91
10 172
94 282
11 429
115 315
40 200
353 125
49 104 91
364 72
115 43
170 191 387
386 169 387
220 290
201 298 387
131 303
11 327
183 252 387
43 321
133 385
168 245 387
390 384
234 124
45 117
174 254
64 132
195 366 91
295 319
188 216
16 424
166 52
197 214 387
431 3
92 224
396 191 387
252 76
141 388 91
181 103
422 398
23 83
441 7
158 252
124 330
156 306
373 293
385 217
213 299
59 122 91
428 42
319 221
114 209 387
272 102
336 357 387
38 442
322 363 387
142 204
121 329
79 138 91
38 364
439 29
102 244
40 358
214 100
61 399
251 410 387
88 170
398 260
19 417
13 119
307 159
287 46 91
16 342
96 273 91
69 227
203 62 387
104 202
336 14
149 23
223 321
31 226 387
412 139 387
441 25
144 228
104 224
214 10
237 9
10 310
259 25
68 374
74 246
349 332 387
194 444
420 320
208 356
179 12 91
288 190
389 377
10 308
206 248
3 411
127 445
141 41
235 200 387
78 272
3 63
170 346
28 98
383 165
57 301
376 70
444 12
26 382
250 315 91
220 131 91
12 436
278 203 91
41 84 91
368 36
177 307
262 178
143 426 387
27 135
396 32
64 385 91
369 317
89 308 91
206 389 91
108 368
187 26 387
172 246
32 258
391 29
385 28 387
266 154
201 73
386 8
411 167
171 226 387
231 285
233 9
167 21
37 17
389 336 91
30 162
40 412
391 365
44 426
23 405
88 380
417 250 91
339 303
38 440
95 43
91 70 91
125 90 387
344 102
414 174
407 205
100 324
412 292
24 442
389 400 91
43 415
20 216
428 39 387
161 377
407 383
428 301 91
226 356
307 249
418 92
347 136 91
39 157
417 27
373 57
86 420
393 115
58 346
16 382
108 144
15 375
148 436
271 243
132 320
288 212
274 69 387
131 380 387
381 169
165 227
387 319
302 50
34 169 91
436 2
220 410
353 219
130 356
284 12
29 294 387
178 282
196 92
105 359
199 349
43 277
46 90
434 50
252 338
108 338
317 321
358 68
273 216 91
418 165 91
349 25
408 110
162 182
419 157
248 338
302 40
107 252 387
189 96 91
83 260 387
373 73
51 227
51 162 91
378 78
178 2
44 430
152 230
4 184
296 78
44 423 91
147 435
324 25 91
14 36
157 167
364 170
400 234
170 368
99 174 91
438 56
79 251
88 416
5 349
433 133
1 65
436 38
146 378
444 26
132 306
62 422
424 134
216 48
123 5
250 102
173 289
378 120
3 199
185 71
353 196 387
436 362
33 281
113 218 91
188 435 387
11 303
382 32
241 86 387
82 101 91
7 373
276 336
384 93 91
37 257
311 421
131 133
426 8
60 272
173 196 91
420 164
105 5
12 446
313 97
377 378 91
3 353
111 332 387
50 272
54 311 387
439 297
376 30
413 348 91
99 291
226 182
285 55
241 42 91
79 423
238 368
263 407
385 230 387
211 435
284 311 387
96 75 91
266 184
295 45
36 322
444 190
314 350
93 331
264 102
443 319
161 397
415 403
87 125
236 4
38 148
401 303
230 126
290 398
395 383
28 308
270 334
78 172
35 407
209 109
302 74
417 137
333 336 91
394 134
18 322
199 67
110 378
96 252
360 409 387
19 437
401 35
118 71 387
230 415 387
305 271
423 77
238 272
407 363
59 431
209 401
51 17
428 58
38 154
413 29
77 438 91
427 49
228 261 91
420 231 387
139 247
297 67
231 147
262 281 91
427 17
68 330
178 356
422 365 91
153 9
274 75 387
344 90
326 44
331 153
421 281
15 347
382 299 387
337 93
190 213 387
420 364
320 78
438 34
280 312
111 334 387
123 155
327 149
207 198 387
211 257
169 280 91
238 226
36 194
149 217
421 73
106 165 387
305 75
379 331
34 400
326 399 91
119 40 387
384 198
214 370
167 71
237 408 387
432 246
297 338 387
174 293 387
301 260 91
16 218
392 214
30 390
258 74
379 171
344 38
149 9
381 421
438 12
139 397
88 41 387
171 437
263 412 387
281 327
151 443
56 396
357 69
107 247
10 177 91
325 173
386 350
418 398
221 379
442 42
434 161 91
47 431
427 11
227 418 91
323 313
185 124 387
204 380
430 60
390 249 91
335 103
137 361
91 407
85 252 91
171 348 387
58 432
381 103
136 232
153 12 91
218 108
66 123 387
336 68
5 142 91
81 184 387
64 338
238 8
403 67
231 99
258 14
413 177
48 248
35 370 387
14 222
288 179 91
375 266 387
224 438
433 119
309 47
368 100
175 77
196 344
260 5 91
22 346
429 221
374 44
299 172 91
302 92
195 107
1 25
259 19
209 235
142 334
324 29 91
417 173
210 372
271 288 387
73 104 387
57 335
276 285 91
344 76
264 192
324 365 387
400 24
162 412
4 290
141 189
342 56
159 115
166 270
58 202
336 76
1 375
444 360
277 175
218 369 91
356 92
75 127
298 4
227 212 387
319 195
177 384 387
153 257
307 171
437 53
137 65
143 42 387
416 164
211 121
7 443
262 350
23 319
185 310 91
50 358
273 352 387
53 337
108 102
321 269
424 86
268 364
411 35
34 286
29 353
257 329
337 259
443 17
422 14
341 383
16 442
211 199
104 168
154 225 91
130 413 387
269 251
219 373
29 221
359 442 91
308 322
283 107
117 247
403 351
406 99 387
59 289
10 400
303 39
11 419
264 214
124 290
443 3
309 412 91
157 56 387
333 45
380 405 387
155 39
276 123 387
102 396
372 201 91
306 202
52 260
132 362
352 338
158 276
361 63
381 27
24 94
1 387
122 436
157 357
335 127
399 181
47 375
288 92
384 324
234 2
116 250
259 251
43 318 387
142 440
199 391
80 304
201 422 91
362 247 387
332 38
400 78
441 23
334 347 91
73 369
325 15
159 232 387
361 369
309 300 387
170 144
434 22
229 73
319 99
411 419
61 349
214 8
380 74
186 196
7 219
27 331
14 420
368 186
435 290 91
118 442
304 274
89 351
234 199 387
309 280 387
116 350
169 190 91
221 265
228 50
72 377 91
6 308
428 14
122 340
15 385
123 191
126 326
436 186
424 116
260 432
360 405 387
174 418
127 109
28 377 387
366 280
382 94
367 41
253 284 387
272 52
363 244 91
19 320 91
299 168 387
160 114
174 244
13 249
431 60 387
113 437
380 126
255 62 387
211 1
168 64
244 84
109 351
166 348
47 425
430 130
236 429 387
337 126 387
42 422
373 341
240 122
264 2
22 432
34 410
135 293
318 180
75 39
351 29
9 193
203 389
44 402
78 334
304 143 387
442 2
10 406
5 192 91
406 54
130 388
403 13
279 263
120 333 91
137 341
128 252
230 98
431 345
8 210
370 344
59 350 91
307 332 387
119 265
35 343
410 66
62 118
11 408 387
13 307
142 105 91
423 46 387
147 41
442 386
70 10
21 172 91
438 118
20 194
34 432
406 72
327 383
379 351
423 97
377 213
2 310
227 161
149 265
241 163
67 347
255 75
161 355
366 2
356 413 91
127 371
214 166
320 86
92 292
384 216
124 288
31 202 91
146 324
441 344 387
230 30
391 233
104 372
131 12 91
109 289
147 175
6 394
356 8
319 33
395 51
33 283
333 27
52 300
257 73
298 134
331 295
229 35
345 139
24 280
18 446
135 437
20 80
29 245
115 4 387
251 1
159 337
227 395
251 347
413 91
128 261 91
85 318 387
335 41
2 418
298 400
166 312
11 41
143 123
341 180 387
432 330
429 431
427 77
41 408 91
352 182
253 63
366 6
404 57 91
51 78 387
23 189
110 125 387
334 134
7 128 387
137 135
424 208
95 113
14 446
211 9
34 428
246 342
393 311
446 76
285 65
275 396 91
14 291 91
377 101
410 432
372 132
91 317
316 290
76 434
105 389
433 45
439 443
384 200
138 262
256 316
113 409
422 76
130 180
116 280
369 13
3 227
84 445 387
264 408
1 411
316 423 387
11 95
207 69
187 401
11 439
339 105
44 288
147 27
255 354 91
2 239 91
36 324
305 413
376 36
300 342
52 410
274 164
28 320
176 352
20 254
353 69
41 199
16 426
372 86
171 170 91
10 286
37 410 387
111 337
265 95
6 444
244 2
210 250
118 292
421 57
326 180
40 373 387
49 425
171 392 91
402 24
284 328
200 438
205 307
7 237
17 445
254 268
377 130 91
348 409 91
120 142
9 22 91
308 124
371 21
297 57
266 164
401 294 91
369 55
427 440 387
383 23
252 318
4 382
298 225 91
193 281
296 132
17 325
349 239
265 427
217 403
79 441
428 38
42 124
137 351
26 386
274 132
11 237
178 166
362 10
367 7
185 411
125 203
190 212
221 91
157 128 387
129 123
44 222
9 399
446 67 91
437 297
373 429
44 218
41 25
302 132
377 59
273 136 91
437 41
74 310
234 233 91
342 395 91
274 446
391 165
424 42
393 79
145 324 387
107 211
268 148
170 416
299 61
321 123
91 437
377 356 387
420 114
76 310
19 297
274 327 387
255 179
365 246 387
272 393 91
430 54
88 159 91
3 417
395 179
424 266
237 295
330 220
45 168 91
290 354
270 438
183 23
99 276 91
50 438
358 409 91
180 381 387
16 422
173 327
249 261
149 213
309 236 91
220 130
80 406
377 207
413 365
385 85
320 173 91
197 139
379 45
383 3
357 286 91
88 132
355 244 387
17 417
346 239 387
385 3
444 25 91
76 164
18 315 387
15 431
169 59
434 192
130 264
136 214
111 445
122 398
365 244 91
223 237
27 439
117 279
43 311
379 239
275 89
193 399
105 220 91
272 16
269 177
293 5
411 55
355 253
260 440
103 443
421 163
432 364
188 420
60 276
256 250
92 6
163 438 91
438 148
69 375
255 153
393 17
395 55
89 379
321 113
182 281 387
94 405 91
292 136
229 19
343 93
249 293
129 379
323 81
337 197
6 298
109 106 387
335 221
238 363 387
158 292
13 401
429 51
405 77
53 92 91
92 354
60 342
50 422
354 150
275 162 387
158 305 91
242 70
217 427
428 24
245 375
62 404
7 405
251 355
275 73
397 41
241 290 387
4 402
301 36 387
414 112
304 125 91
370 402
15 409
143 343
297 431
55 437
321 225
276 142
386 14
96 296
322 148
65 286 91
431 75
104 158
266 40
