77
175 176
229 230
11 13
13 15
29 31
57 59
69 71
87 89
99 101
119 121
137 139
147 149
163 165
185 187
203 205
221 223
225 227
237 239
243 245
255 257
271 273
289 291
297 299
303 305
327 329
347 349
351 353
365 367
375 377
395 397
401 403
409 411
417 419
427 429
433 435
439 441
447 449
461 463
467 469
481 483
485 487
491 493
14 16
36 38
58 60
70 72
80 82
84 86
98 100
108 110
124 126
148 150
174 176
194 196
208 210
214 216
226 228
242 244
244 246
252 254
272 274
296 298
304 306
322 324
346 348
354 356
356 358
376 378
388 390
400 402
412 414
414 416
428 430
438 440
444 446
466 468
488 490
