504 9617 175 229
453 296 229
130 369 175
18 251 229
56 71 229
26 402
467 20 175
251 454 175
273 371
225 328 175
20 121 229
264 498
433 448 175
259 264 175
15 268 175
36 111 175
267 53
495 484 229
343 482 229
498 303 175
105 380 175
174 148
148 371 175
409 33
390 229 229
487 141
126 6
264 277 229
148 405 229
15 173
234 187 229
152 384
183 149
227 414 175
264 121 175
273 218 229
344 151 175
43 24 229
444 4
394 415 175
417 409
151 6 175
470 47 229
66 394
424 369 229
95 343
475 206 229
200 393 175
183 287
310 377 229
472 360
493 31
502 4
56 500
499 61
164 393 175
422 18
268 316
73 302 175
10 406
162 109 229
292 401 229
62 493 175
159 451
264 13 229
324 315 229
460 197 175
33 394 229
460 132
48 63 175
407 116 175
271 168 229
136 175 229
502 2
416 491 229
57 291
81 299
349 414 175
241 193
79 362 229
361 381
123 496 175
495 319
98 233 175
207 448 175
338 478
361 34 175
361 326 229
385 5
313 465
155 217
194 265 229
324 419 229
397 252 175
344 221 229
252 443 229
189 394 229
323 402 229
87 430 175
456 234
27 231
2 285 229
476 199 175
343 55
398 503 229
455 143
462 486
78 95 229
343 308 229
40 203 175
61 228 175
422 278
140 285 229
35 480 229
441 212 229
381 412 175
371 105
411 403
108 27 229
117 90 175
474 40
361 175
422 136
359 422 175
480 75 175
313 86 175
157 180 175
225 254 175
100 361 229
233 220 175
165 313
358 391 229
358 172
17 262 175
370 303 229
80 219 175
488 368
317 30 175
181 21
496 90
209 503
78 53 229
442 76
352 85 229
503 7
151 97
215 182 229
201 352 229
20 441 229
478 279 175
25 460 229
259 184 175
225 226 229
503 319
325 233
117 188 229
319 346 175
402 439 229
54 438
433 196 229
377 502 175
89 493
58 68
266 183 175
67 465
465 163
437 338 175
81 4 175
334 9 229
71 164 229
429 302 175
182 189 229
221 374 229
60 487 229
186 174
91 368 229
21 121
167 122 229
77 166 229
249 316 175
269 146 175
426 25 229
500 232
306 23 175
359 132 229
353 64 175
35 221
376 233 175
43 294 229
488 5 229
500 501 229
300 133 175
23 445
466 201 175
44 19 175
501 453
72 245 175
471 27
163 142 229
353 483
267 316 229
142 445 175
135 503
84 163 229
443 112 175
86 167 175
55 423
239 308 175
112 504
480 150
264 203 175
80 356
436 94
454 183 175
355 178 229
59 316 229
341 306 175
392 91 175
204 51 229
365 292 175
98 420
43 377
262 449 175
498 369 175
451 248 229
450 257 229
419 80 229
344 195 175
90 55 229
335 274 175
389 180 175
435 464 175
176 260
358 379 175
79 371
27 408 229
166 7 229
254 287 175
271 330 229
8 9 229
124 95 175
275 87
223 367
347 140 229
290 119 175
16 89 229
275 311
228 212
70 159 175
219 67
358 2
52 191 175
27 366 175
75 17
63 199
39 190 229
78 424
136 165 175
100 350
487 5
126 461 175
487 398 229
25 148 229
432 344
384 68
154 306
17 113
243 485
101 372 229
169 255
51 503
169 454 229
89 88 175
462 330
474 423 175
351 76 229
406 399 229
141 328 229
19 397
1 446 175
80 141 175
485 55
351 39
155 366 229
41 477
91 162 175
62 488
327 120 175
77 293
322 40
348 483 175
418 84
90 132
126 39 229
478 42
371 270 229
331 484 229
108 327 229
208 63 229
32 159 175
248 373 229
121 179
70 338
17 351
69 182 175
137 32 175
240 263 175
420 458
65 458 229
71 155
62 119 175
464 60
256 98
51 352 175
490 395 175
503 53
169 299
408 139 229
148 436
112 285 229
253 148 175
56 446
421 67
335 294 229
57 454 229
279 361
441 65
224 16
121 446 175
421 326 175
203 255
84 461 229
344 20
178 45 229
7 234 229
373 132 229
493 119
4 494
34 327 175
75 287
2 330
19 311
66 296
55 459
180 69 229
247 168 175
316 42
261 199
222 378
486 21 229
238 383 229
300 375 229
320 471 229
320 95 175
38 134
375 98 229
6 209 229
120 426
72 31 229
73 455
167 319
169 351
35 441
275 84 229
226 98
181 224 175
93 369
153 292 229
288 119 229
398 34
497 164 175
415 17
301 65
88 67 229
81 417
349 162 175
101 287
124 361 175
123 337
44 492
107 162 229
74 146
251 197
17 493
47 352 175
485 426 175
467 238 229
205 232 229
89 287
45 460 229
196 440
477 22 229
50 74
169 290 229
255 73
7 401
195 66 229
197 504 229
267 415
2 477 229
187 220 175
248 289 229
473 3
78 364
490 17 175
182 159 175
181 455
287 224 175
47 234 175
347 466 175
256 12
26 433 175
442 452
498 241 229
97 64 229
451 433
303 78 229
189 185
493 412 229
371 41
81 84 175
315 350 175
92 83 175
335 378 175
358 315 229
121 9
180 96
140 425 175
42 446
74 129 175
349 332 229
83 356 175
387 124 229
133 424 229
161 186 229
64 65 175
48 462
67 365
468 258
180 108
439 441
129 443
352 235 229
432 84
485 288 229
139 108 175
214 491 175
415 25
185 28 175
19 82 229
439 432 175
199 198 229
55 66 175
215 325
386 121 175
440 256
362 173 175
417 322 229
207 337
287 364 229
431 23
382 471 229
494 86
342 285 229
199 148 175
120 389 175
461 308 175
419 440 175
5 465
11 209
254 414
387 373
240 210
488 371 229
477 324 175
70 47 175
11 168 229
401 38 175
139 16 229
87 474 229
415 45
2 394
419 11
334 281 229
496 16
9 141
352 4
386 75 229
75 176 175
475 47
277 148 229
214 262
199 53
255 348 229
495 160 175
225 60 229
86 336
280 413 175
320 423 229
26 297 229
73 353
213 456 229
414 289 229
54 197 175
225 422 229
294 399 229
492 66
78 411 229
132 117 175
417 28 175
403 478 175
354 214
353 280 229
45 448 229
142 378
158 387 229
225 146 175
36 37 229
134 338
497 396 229
145 334 175
333 366 175
369 229
480 10
194 481 229
324 244
148 100
484 481 175
401 94 229
503 177
493 420 175
162 57 175
191 225
106 125 175
7 109
124 289 229
15 368 175
463 474 175
284 228
44 392
386 415 229
153 230 175
201 246 229
232 100
23 30 229
165 279
223 221
382 462
177 144 229
146 23 175
503 407
29 36 229
458 497 229
16 318
389 83
206 494
139 476 175
10 386
86 485 229
432 385 175
278 475 229
130 308
320 94
456 29 229
35 267
395 271
66 244
466 435 175
279 223
186 300
226 93 229
335 286 175
365 332 175
98 311 229
251 16 175
353 137
60 400
501 49
187 414 229
318 479 229
430 207 175
30 468
491 245
329 132 229
8 480
103 453
165 3
342 239 175
105 154 229
258 232
498 187 175
463 462 175
286 471 229
290 382
47 139
449 45
66 471 229
297 469
11 488 175
150 112
42 318
340 199 175
392 177 175
486 14
87 281
231 165
121 218 229
183 393
185 126 175
302 395 175
24 504
208 11 175
394 469 175
436 86
313 448 229
455 214 175
10 159 175
51 467
223 21
326 395 175
37 330 229
60 113 175
169 502 229
369 238 175
252 67 229
24 354
331 456 229
414 343 175
416 57 175
146 490
271 230 175
362 50
363 426 175
88 500
81 104 229
138 125 229
492 435 229
30 466
310 91 229
393 239
312 19 175
167 42 229
479 386 175
11 391
194 353 175
462 172
71 432 229
174 327 175
356 234
450 421 175
380 79 229
31 441
257 416 229
428 171 229
476 247 175
331 459
279 351
482 86
194 449 229
109 466 229
409 258 229
337 340 229
78 489 175
142 365 175
2 253 175
133 273
475 171
467 242 175
117 172 229
386 193 229
289 194 229
212 64
175 491
176 498
223 406 175
335 102 175
258 233 229
141 54 175
426 230
208 109 229
246 416
54 421 175
8 398
58 490
56 88
143 84 229
129 204 175
134 279 229
436 207 175
50 382
287 62 229
224 334
420 116
64 75 229
372 338
253 215
426 467 175
80 134
459 21
268 36
102 225 175
178 288
31 405
118 37 229
254 303 229
124 137 229
407 380 229
84 466
12 371 175
4 504
262 337 175
227 387
53 487
95 431
472 205 175
86 480
261 134 175
235 384 175
415 197
472 30
398 51 229
469 59
161 492 229
482 475 229
87 118 175
119 194 175
74 365 229
217 126 229
404 428
4 434
334 228
136 184
5 473
66 335 175
41 277
73 69
244 451 175
370 456
153 308 229
407 284 175
141 101
248 353 175
206 118
16 9 229
291 224 175
265 450 175
384 314
149 380 229
431 110 175
470 72
77 421
352 79 229
279 257
196 384
303 292 175
350 72
98 471 175
458 49 175
429 254 175
262 487 175
464 457 229
434 58
151 166 175
442 65 229
122 141 229
497 70 229
360 28
228 233 229
34 104
24 210
401 114 175
251 162 229
63 499
372 165 229
155 494 175
490 413 175
218 79 175
198 485 175
487 400 229
77 230 229
262 116
125 274 175
202 259 229
374 210
431 161
427 464 229
224 246
312 267 229
201 414 175
327 155
476 49 229
192 10
148 274
282 22
371 312 229
188 496
68 229 175
502 14
291 61
141 82 229
272 206
220 24
162 21 175
344 55 229
277 497
462 380
316 6
62 219 229
127 42 229
352 319 229
367 167
326 215 229
326 461 175
313 205
56 337 175
26 468
76 253 175
404 451 175
93 163
487 423
370 39 229
352 62
191 397
41 117
503 72 175
43 50 175
376 387 175
121 2 229
119 459
495 103
156 189 229
265 328 229
178 77 229
202 499 175
17 449
174 454
77 60 175
226 302
212 193 175
214 3 175
201 268 175
26 419 175
312 127 229
43 110 229
457 500 229
395 351
244 440
24 320
204 170
262 72
406 148
54 242
231 108 229
155 136 175
355 175
97 503
134 487 175
386 20
310 432
503 57
413 186 175
445 334 175
324 53 175
73 210 229
167 496 175
271 416 229
454 103 175
323 44 229
135 432 175
329 174 229
313 412 175
219 427
91 442 229
81 424 229
480 34
374 241 229
413 270 175
273 402 229
465 234 175
411 13
109 264 229
167 359
107 376 229
8 31 229
490 426
305 422 175
391 428 175
24 459 175
9 132 175
340 102
359 12 229
14 360
200 435 175
196 166
202 399 229
459 488 175
384 449 229
217 46 229
437 502 229
145 220 175
464 4
503 191
166 424
23 182 229
296 379 175
13 484 175
355 443
312 270
213 220 175
234 440
267 137
356 84
248 331 175
396 23 175
463 17
464 142
309 406 175
378 252
387 177
459 460 175
37 476 229
361 287
298 491 175
290 1 175
234 293 229
315 203
414 69 229
146 185 175
10 233 175
454 96
307 428 229
348 397 175
222 253 229
165 14 175
388 49 175
66 385 175
471 493
17 96 229
18 430
370 120
459 285
88 343 175
461 450 229
317 147
327 308 175
424 139 229
204 501 229
486 78
259 453
293 116 175
39 318 175
454 88
459 418 175
3 335
4 98
338 280
306 213 175
30 481 175
269 158 229
455 109
478 244
234 427 229
493 30 229
151 366 175
450 272
230 397 175
425 197
484 64
71 449
212 133 175
12 482
327 246 229
195 378 175
13 162 229
275 332 175
90 9 175
39 429
463 129
246 49 175
56 479 229
476 149 229
52 412
65 462 175
439 480 229
70 42
50 334
227 436 229
132 327 175
31 219
84 302
330 32
319 52 229
145 403
81 435
149 495
24 476
375 377
234 269 229
280 437 229
10 146
456 418
139 441
407 342 229
340 373 175
496 110
261 229
356 207 175
5 497
401 69
207 425
492 74
244 59 175
311 338 229
198 332
140 4
78 233 229
88 269 229
169 85
25 462 175
144 384
273 90 175
269 492 229
27 2 229
311 442 229
256 64
290 471 175
327 133
503 92 175
107 270 175
289 368 229
18 236
402 99 175
451 13
413 20 229
134 504
112 394
70 475 229
54 68
400 383 229
229 452 175
481 80 229
5 330 175
488 8
420 49 229
377 358 229
220 219 175
46 22
394 163 229
29 403
445 71
283 434 229
27 238 175
235 314 229
396 278
120 56
17 337
64 347 229
446 237 229
353 460 229
503 45
475 19
436 484
363 280 175
80 482
214 220
202 429 175
492 363 175
198 345 175
159 503
146 290
282 321 229
464 36
474 261 229
210 53 175
112 317 175
87 144 175
192 343 175
445 4 229
123 367
56 68
163 437
320 161 175
162 110
128 349 229
148 432
100 435 175
112 119 175
339 59
6 462
380 89 229
461 462 229
144 327 175
55 342 175
268 313 175
242 5 229
226 158
289 276 229
32 421 229
410 27 229
405 49
358 105 175
191 334 175
49 77
230 496
360 279 175
270 459 229
5 173
383 270 229
385 75
363 266 229
14 258
283 96 175
330 343 229
38 241 229
274 12
128 207 175
117 68 175
271 117
478 120
260 171 229
103 421
20 374
440 424
25 149
84 4
343 263
31 484 175
394 169 175
306 58
400 481 229
285 306 175
341 194 229
443 143
333 138 229
105 473
410 217 175
372 9 229
58 349 175
204 50
83 292 175
249 380 229
275 238 175
57 148 229
436 229 229
363 39
109 304 229
374 395 175
155 501
219 188 229
455 57
29 70 229
353 305
295 306 175
162 456
290 181 175
479 446 229
171 200 175
407 286 175
56 240
402 19 229
173 163
484 422
502 40
359 482 175
225 447
236 361 229
482 224
25 444 229
119 10 229
101 489
318 392
389 286 229
283 153
339 316 229
385 112 229
109 86 229
422 26
188 81 229
343 4 229
81 139
37 457
335 482 229
196 401 175
424 493 229
101 185
48 287 175
84 215 229
111 182 175
178 305 229
109 288 175
503 77
458 13 175
438 277 175
488 40
490 201 229
316 31 175
379 229
87 398 175
153 443
247 298 175
402 291 175
406 415 175
44 22
380 371 175
493 25
212 104
55 425
77 46 229
118 426
137 326 175
258 403 175
499 297
59 202 229
92 418
502 66
260 350
370 403 229
16 460
297 296 229
141 176 175
333 23
71 370 175
471 1
399 308 229
29 441
431 189
479 97
38 249 175
447 374 229
476 375 229
265 7
276 105 175
428 28
84 53 175
461 414 175
484 33 175
417 57
282 1 175
438 83 229
50 201 229
153 499
337 33
117 452 229
354 53 229
497 381
421 418 175
303 169
324 101 229
474 203 175
390 259 175
503 103
376 134
433 416 229
426 325 229
236 22
63 195
134 393 229
394 47 175
190 136
453 365
458 467 175
361 64 175
355 158 229
302 476
170 492
465 264 175
490 96
473 241
390 46
87 476 175
302 133 175
311 28 229
236 110
89 70 229
154 147 229
104 224
326 219 229
164 467 175
13 457
384 468
366 427 175
429 46 175
264 164
19 96 175
320 439 229
203 246 229
145 146 175
376 229 229
148 177 175
54 302
343 94 229
261 153
241 459
484 479 175
160 377 229
475 161
487 123
282 363 229
125 470 175
280 491 175
154 138
229 316 229
471 97
465 118 229
83 276 229
86 136
240 288
471 460 175
149 480 229
287 192 175
182 280
272 195 229
179 62 175
17 487
339 108 175
79 12 229
100 285 229
462 217 229
372 225 175
97 374 229
396 166
236 401 229
255 93
24 406
19 324 229
496 30
7 45
475 93
448 4
454 430
211 256 229
462 318
204 53 229
25 377
456 98
462 386
405 199
450 6
240 347 229
482 157 175
445 386 175
315 174 229
240 328
245 303
360 39 229
125 439
318 241 229
364 443 229
143 12 229
38 375 229
470 279 175
325 216 229
55 479
1 479
141 462 229
296 72
33 439
5 461
340 86
198 149 229
466 132
219 431
55 469
365 490 175
22 281 229
61 384 175
308 215 229
445 444 175
161 9
296 147 175
5 304 175
361 11
121 295
234 353 229
412 348
366 491 175
479 64 175
91 257
122 133 175
6 384
215 502 229
447 270 175
346 168
45 59
236 351 175
261 24 175
373 472 175
25 159
472 10
212 169 229
269 326 175
179 244 175
338 487 229
57 303
461 341
437 68 175
460 402
135 504 229
460 186
126 499 175
469 263
142 403 229
331 127
212 99 229
76 97 229
298 331 229
324 249 175
473 245
261 316 175
359 16 175
281 347
141 217
336 14
422 261 175
292 14
497 498 175
296 167 175
365 28 229
117 429
96 478
452 484
275 456 175
16 472
430 451 229
43 495
19 46 175
174 321 229
295 410 175
74 5 175
156 25 175
314 443 229
320 445 175
489 386 175
150 8
247 43
72 79 175
25 186 229
322 123 229
395 225
58 363 229
496 128
148 155 229
162 119 229
140 413 229
259 316 175
243 110 229
23 276 175
237 353
445 242 175
71 346 229
474 414
413 236 229
183 301
13 242 175
254 115 175
243 73
44 214
155 123
273 75
21 497
433 460 175
367 336 229
152 315 175
305 410 229
312 199 229
10 436
447 240 175
125 474 229
132 404
494 22
120 71 175
101 64 175
400 109 229
375 492 175
181 300 175
319 10 229
5 399
489 9
80 150
249 358 229
130 389 229
253 316 175
274 431 175
198 35 175
261 472 229
156 468
143 489
415 80 229
354 407 175
220 478
31 344 229
355 150 175
62 425 229
92 498
353 134 229
259 90 229
294 137 175
99 262 175
484 255 175
166 118
119 125
338 343 229
41 439
243 390 175
401 252 175
176 429 229
216 481 175
201 277
459 137
97 293
251 393
480 353 229
344 225 229
342 45 229
221 252 175
119 240 229
15 120 229
424 341 175
360 201 175
234 302
148 143 175
429 231
191 66 229
335 363
48 415 175
394 155 229
349 167
73 453
310 267 229
380 31 175
427 1
45 136 229
335 498 175
98 22
487 148 229
293 259
284 303 175
179 490 175
246 249 175
455 1
114 500
277 432 175
283 69
63 391
302 145 229
144 207 175
176 233 229
227 225
447 191
489 470 175
340 189 175
178 379 175
295 408 175
364 135 229
362 222
435 216 229
494 62
263 492 175
169 206 175
62 413 229
200 173 175
272 397 229
368 20
70 288
182 367 175
231 379
13 116 229
405 419
486 68
409 400 229
120 358
293 326 175
119 479
170 400
261 40 175
84 289 229
48 348
137 468 175
314 33 229
233 126 229
376 157 175
162 481 175
253 331
2 444
40 35 175
55 124 229
132 175 175
140 289 175
232 163 175
420 220
40 198
45 439
9 436 175
125 417
168 203 229
54 261 229
52 240
125 260 175
448 245 175
377 226 175
253 474 229
67 156 229
494 121 175
464 12
270 173 175
106 91 229
270 391 175
392 271 175
154 31 175
113 470 175
358 231 175
62 496
332 171 175
281 379
65 244 229
38 389 175
300 111 175
113 162 175
339 443
206 327 175
132 108
410 199 175
21 439
503 225
392 218
166 373 175
432 61 229
208 277 175
473 136 229
258 71 175
11 396 229
29 266 229
440 37 175
368 418
119 360 229
95 495
347 44 229
371 234 175
69 384 229
308 7 175
35 179
268 295 229
113 455
41 440 229
98 374
68 213 229
54 417 175
462 112
469 124 229
21 16 229
118 133 229
396 240
136 185 175
491 378 175
70 61 175
37 66 175
163 43
110 318
398 159 175
139 395
406 397 175
101 400 229
457 268 175
107 471
311 55
34 152
484 231 229
223 114 229
502 411 175
413 404 175
97 100 175
339 302 175
51 56 229
427 436 229
55 358 175
133 39
126 479 229
203 254 229
462 7 175
355 93
206 80
277 356 229
58 147 229
245 76 175
484 190
424 481 229
431 18 229
448 9 175
189 495
391 21
76 55 175
168 193 175
162 169 175
167 423
28 300
23 202 175
293 35
441 320 229
465 482 175
464 16
327 340 175
95 329
236 426
396 308
471 340 229
493 390 175
287 44 229
294 333 229
363 279
348 66
296 221 229
230 335 175
4 240
470 49 175
492 122
438 26
44 345 175
178 21 229
437 390 175
323 392 229
491 30 229
279 266 229
287 260 229
405 173
491 101
460 181 175
14 42
273 164 229
259 54 175
386 266
445 101
300 269 229
504 110
118 502
212 85 175
336 20
430 270
313 278 229
91 319
113 212 229
370 36
455 138 175
267 236 229
13 460 175
64 47 229
241 26 229
302 445 175
504 38
181 307
267 162 175
209 258 175
402 190
36 222
501 144 229
206 175 229
450 85 229
454 217 175
356 4
98 423 229
16 203 175
57 3
43 394 175
238 231 175
30 451 229
474 127 175
62 164
271 3
4 498
64 23 229
502 60
458 359 175
478 75 175
159 380 229
111 204 229
96 232
451 58 229
35 196 229
178 409 229
177 286 229
140 17 175
271 283
82 256
378 197 175
37 187
339 163
392 142
34 97 229
84 436
431 140 229
314 421 175
504 68
117 456 229
483 95
405 481
493 12 229
361 502 175
351 213
261 36 175
148 411 175
228 23 229
425 28 175
221 135
467 424 175
463 55
206 433 175
389 198 229
81 184 229
27 380 229
263 170 229
491 273
280 111 229
110 421 229
118 79 229
99 183
389 429
486 43 175
295 383
251 271
249 183
93 410 175
264 70
31 288 229
193 476 175
389 378 175
251 296 229
68 191 175
196 466
138 193 175
32 489 175
145 14 175
139 363
421 271
330 383 175
354 140
349 96 229
73 200 229
391 396 229
488 46
421 93
67 334 175
464 504
410 98
277 300 175
54 420
432 62
303 51
104 427 229
68 273 229
257 331
178 432
259 315
123 501
305 471
20 160
261 240 229
457 392 229
18 105 175
304 71 175
479 389
274 398
378 489 175
241 274 229
467 153
61 418 229
428 383 229
488 332
420 391 175
223 146 229
402 24
355 405
235 300 229
317 461
464 251 229
181 160 229
94 191 175
146 439 229
97 242 229
407 278 229
294 492
369 142 175
3 503
455 239
426 311 175
378 163 175
42 361 229
333 504 229
412 470
299 499
187 126 175
89 86 229
272 271 229
400 226
106 502
345 70 175
136 484
385 123
23 483
383 44 229
296 77 229
361 62 175
447 199
210 211 175
190 376
16 341 175
270 41 229
191 246 175
177 159
261 42 229
388 181 229
352 272
278 487 175
82 275 229
126 351 229
392 32
436 367 175
325 259
113 190 229
333 67
350 31 175
503 17
442 20
177 334 175
259 468 229
257 225
333 91
148 217 175
301 208 175
9 481
232 286
69 301
74 202
49 319
331 357
315 412 229
90 439 175
474 216
195 75
383 304 175
395 416 229
127 342 175
457 130 175
20 402
296 140
2 351 175
432 489 229
301 139
245 427
26 360
340 362
362 387 229
276 32
209 44 175
497 247
61 282 175
489 183
44 356
273 368 229
147 74 175
470 91 229
12 490
27 250 175
252 155 229
108 490
353 200 175
416 295 229
419 138 175
62 454
402 423 175
175 67
437 8 175
138 401 229
462 209 229
166 73 229
267 428 229
314 107 229
16 352
212 181 229
34 193 175
166 195 175
449 242 229
230 131 175
52 437 175
232 92
319 15
212 197 175
438 8
399 449
268 101 229
334 95 175
419 66 175
194 318
63 379
298 91 229
90 127 229
226 197 229
295 486 229
85 16 229
497 257
487 27
20 504
4 492
102 232
363 444 229
360 327 175
459 393
431 65
481 8 175
10 36
328 279 175
198 95 175
439 129
35 124 229
89 433
502 34
209 259
463 94 175
417 186 175
195 50 175
115 470 229
94 297 175
425 438 175
23 381
178 375 229
20 496
54 5 175
454 473 175
366 279 229
95 504 229
259 38 229
4 472
45 156 229
434 454
54 206
379 280 175
41 502 175
40 295 229
468 252
24 333 229
330 223 175
318 235 229
322 392
355 326 175
420 350
430 172
195 385
200 153 175
452 108
133 453
296 201 175
359 181
214 333 175
399 346 175
126 354
490 175 175
161 319
400 1 175
494 447 229
501 153
275 384 229
384 443 229
16 115 175
416 32
255 469
483 475
104 359 229
98 446
238 91 229
84 391 175
355 496 229
11 430 175
54 216
315 384 229
279 100 229
105 92 229
139 104 229
431 33
448 317 229
64 81 229
317 152 175
150 95 175
360 369 229
115 364 229
476 485 175
485 434 175
2 482
302 185 175
83 44 175
498 439 229
478 38
377 374 229
170 452
23 320 229
150 81 229
209 234 175
429 1
448 12
473 418 229
193 445
502 174
247 278 175
55 44 229
419 279
149 491
124 337 229
244 230
117 330 229
72 303 175
237 422 229
374 444
90 335 229
107 446 175
339 500 175
427 428 175
200 46
367 17
207 496 229
452 233 175
95 405
98 199 175
452 95 229
476 20
397 42 229
413 320 229
243 290 175
369 330 175
241 237
412 81 229
424 52
50 408
83 384 175
91 189
430 110
391 210 229
158 475 229
71 270 175
194 149 229
112 343 175
1 181
143 361
153 47
207 359
294 271 175
228 247 175
89 104 229
449 284 229
132 316
263 392 175
466 11 229
285 358 175
108 451 175
302 42
310 136
429 354 175
367 97
308 391 229
326 277 175
131 444 175
139 332 229
33 253
362 226
480 342
40 357 229
158 295 229
432 53 229
315 34 175
478 453 229
416 191 229
14 422
43 280 175
484 213 229
387 341
66 313 229
343 397
322 51 229
457 11
63 150 229
276 373 229
451 388 175
467 237
449 89
129 483
491 454 229
332 131 175
263 402 175
149 141
37 421
21 495
200 109 175
213 262 229
470 145 175
17 145
364 495 229
14 454
148 228
442 462
80 459 229
347 376 175
457 454 175
416 10
156 69 175
481 166 229
358 123 175
401 326 175
149 9
439 390 175
132 459 229
306 68
179 190 175
128 17 175
172 74
210 90
411 268 229
159 211
158 234
151 325
285 170 175
473 183
253 489
243 96 229
288 419 229
456 30
93 244 229
359 247
144 112
415 19
389 384 229
443 296 175
427 126 175
458 66
283 471
160 367 229
381 442 229
225 399
233 134 175
97 180 175
291 173
264 103 229
85 317
26 29 175
114 158
8 191 175
156 411 175
60 351 175
501 9
201 294 175
458 409 229
501 5
377 62 175
99 167
490 318
485 11
252 185 175
42 309 175
192 267 229
344 495 175
88 155 229
63 170 175
246 18
195 300 175
432 304
353 117
155 284 229
411 265
281 46 229
365 71
439 85
84 382
390 32
75 432 175
176 414
484 431 175
315 354 175
470 130
138 185 175
48 326
42 205 229
200 455 229
198 125 175
346 307 229
323 437
201 6 175
22 71 175
323 239
103 122 175
254 394
6 488
447 312 229
467 10 175
9 464 175
492 125 175
31 151
6 500
191 487
460 29 229
177 416 175
390 31 175
340 477 175
25 411
439 433
414 309 229
196 396
430 423 175
438 395 229
158 244
223 453
486 60
481 350 229
499 1
466 87 175
254 35 229
39 458 229
216 198
314 275 229
1 75
319 198 229
9 380 175
122 279 175
6 16
70 40
51 466 229
261 264 229
500 138
105 326 175
403 169
499 87
119 451
153 63
340 444
271 122 229
294 172
216 229 229
244 194
216 463 175
300 328
240 181 175
456 34
399 454 175
268 250
398 351 229
460 501 229
448 397 175
103 406 229
94 439 229
407 322 175
391 151
438 159 229
428 393 229
106 70
196 373 229
441 236 229
333 113
310 341 229
64 430
246 365 229
247 417
136 456
171 123
108 110
38 477 175
15 34 229
92 109 175
118 199 229
311 122 229
291 53
186 455 229
73 464 175
165 312 175
34 397 175
164 490
25 438 175
93 167
373 292 175
107 352 175
331 414 229
301 297
111 23
173 134 175
355 179
320 494
390 49 229
454 44
388 328
442 73 175
124 303 175
448 387 229
443 121
16 475 229
96 51 229
419 335
346 2
452 405 175
464 100
371 458 229
254 19 175
423 51
174 169 175
110 279 175
490 173 229
217 351
135 460 175
227 217
72 336
235 496 229
462 140
173 277
402 142
27 10 229
417 274 175
25 491
277 308 175
500 96
257 294 229
52 291 175
35 258 229
236 348
112 102
140 362
436 199 175
326 465 175
411 185
167 43
40 202
491 117
90 39 229
501 370 229
292 85 229
439 196 229
223 36 175
236 106
296 75 175
281 370 229
211 342 229
107 182 175
404 365 229
416 315 229
425 326 229
197 163
448 58
178 449 175
79 225
67 346 175
56 97 229
307 179
391 1
53 422 175
494 129 229
362 231 175
165 442 175
486 431 175
239 200 229
135 391
333 72 175
103 441
205 463
20 288
99 472 229
297 142 229
317 148 229
134 117 175
346 277 175
213 26 229
344 393 175
282 121 229
2 338
336 463 175
501 37
159 417
437 181
264 86
2 396
139 481
366 38
188 193 229
401 470 175
301 82 229
111 493
184 39 175
5 149
445 1
18 132
457 231
8 346
231 182 175
222 402
89 406 229
187 432 229
420 359 229
461 286 229
332 136
285 141
466 7 175
105 63
212 466
274 109 229
65 378 229
268 107 229
465 255
328 503 175
258 308
306 379 175
55 220 229
232 291 175
186 383 175
151 242 175
32 261 175
283 18 175
42 228
150 192
62 268
363 232 229
147 480 229
224 3 229
75 399
487 38 229
225 64 229
470 28
490 347 175
465 383
464 6
270 64
408 168
253 450 229
6 484
51 30 229
5 495
213 9
289 309
41 345
43 145
144 221 175
498 66
26 339 229
51 192 175
134 133 175
286 104
418 414
156 363 175
412 150
451 187
196 427 229
335 8 229
490 419 229
334 176
456 270
370 415 229
362 418
154 387 175
499 24 229
227 410 229
373 25
282 301 229
41 320 229
458 88
206 162
243 308 175
224 357 229
246 492
480 463 229
334 426
429 179
29 55
55 64 175
217 402 175
337 338 229
225 455
20 355 175
220 425 229
295 274 175
357 19
123 287
13 504 229
222 369 175
163 468 229
207 258 175
279 108 175
328 183 175
87 176 229
493 195
117 434 175
494 221 175
464 495 175
13 383
238 208
133 194 175
102 396
7 30 229
153 38 229
379 156 229
262 16
342 29 175
402 251 175
70 74
229 482 175
293 186 229
108 448
24 326
70 408
157 101
292 151 175
274 20
382 245 175
281 54 175
371 159
340 67 229
351 232 229
200 343 175
476 142
499 280 175
344 197 175
17 390 229
70 133 229
199 415
409 94 229
46 206
38 458
416 197 229
55 164 175
7 452 229
11 503
178 321 175
293 54 175
189 282 229
365 334 229
445 434 175
75 188 175
79 438 175
435 328 229
20 313 175
366 445 175
185 381
360 153 175
27 341
37 484 175
202 278
257 470 229
308 359 175
496 184
421 287
165 398 175
220 66
77 483
108 483 229
9 366 175
49 435
251 425
201 168 229
469 199
138 357 229
43 475
162 106
2 369 229
337 204 229
326 4
4 314
328 201 229
194 431 229
146 431 175
290 135 175
40 492
212 66
188 109 229
269 266 229
60 429 229
57 395
31 60 175
303 172 175
9 142 229
241 372 175
98 385 175
395 178 175
94 249 175
115 244 175
449 327
420 89 229
61 64 175
145 72 175
158 138
138 469 175
503 234 229
248 465 229
412 106
363 276 175
351 108 175
500 52
259 288 175
418 143 175
432 83 229
256 419 175
114 347 229
502 56
361 138 229
398 201 229
219 95
19 72 229
136 157 229
73 270 229
272 45 229
466 12
370 80
16 125 175
5 416 229
301 70 175
200 68
135 445
393 229
364 309 229
233 302 229
48 464
255 271
329 378 229
226 268
247 377
284 137 229
217 334 229
426 41 175
481 17
203 58 229
208 343 229
143 442 229
406 59 175
63 172 229
117 185
306 439 175
136 15 175
349 142 229
488 395 175
3 231
435 374 229
450 246
180 45 229
14 221 229
421 47
411 213
179 431
25 279
489 210 229
148 28
125 6 175
292 497 175
331 124 229
27 499
299 12 229
327 286 175
88 386
283 20 229
36 395 175
410 115 175
63 294 175
443 62 229
417 17
196 279 229
377 166 175
313 296 175
88 470
453 499
108 275 175
493 344 175
389 434 175
183 220 175
128 233 229
4 134
323 204 175
68 409 175
100 501 229
88 364
242 105 175
218 196
425 121
112 299 175
32 239 175
252 134
482 36
335 217
368 447 229
42 422
394 38
492 280
464 140
177 107
449 442 175
116 483 175
464 111 175
73 322 229
501 246 229
13 465
167 10 229
76 468
252 348
361 145
189 58 229
202 117 175
286 466
366 88
500 18
504 52
27 498 229
478 473 175
125 88 229
476 347 229
245 402 229
178 304
302 463 175
136 171 175
19 100 229
66 304
303 432 229
359 166 175
323 73
477 500 229
481 4 175
44 121 229
328 485 229
2 492
69 346 175
16 389 229
43 32 229
248 244
1 395
396 75 175
116 436
297 24 175
140 443 229
483 1
58 337 175
410 118
337 457
127 368 175
120 256
388 35 175
363 76 175
453 492 229
373 13
6 456
43 472 229
62 254
432 491 175
235 443
256 50
98 188
185 157
101 81
427 25
61 359
471 494 229
404 143 175
131 447
147 467
343 77
451 378 229
293 333
3 80 175
80 341 229
316 437 175
284 265 229
429 366 229
24 115 229
159 459
1 46 175
351 4 229
400 50
308 269 175
254 45 229
382 434
194 137 229
205 1
139 214 175
15 424 175
42 466
267 394 175
483 413
452 2
501 280 229
90 448
476 321 229
50 187 229
31 469
110 325 229
366 347 175
479 186 229
177 131
111 313
410 32
233 399
321 60 175
22 202
311 54 175
406 315 229
115 323
349 392 229
361 414 229
42 444
333 197
485 354 229
88 159 229
239 338 229
40 183 229
16 366
79 244 175
19 342 175
282 82
252 116
15 110 175
241 162 229
236 115 229
419 101
129 389
214 453 229
201 470 175
61 431
134 316
443 268 175
202 38
114 481 175
338 373 175
153 212 229
393 469
49 300 175
201 422 175
12 197 229
440 36
345 444 175
325 14 229
311 466 175
137 349
393 130 229
209 230 175
300 341 175
181 43
70 37 229
20 343 175
228 496
421 43
94 429 229
82 320
205 460 229
325 318 175
101 197
57 499
297 490 175
101 423
30 410
450 106
46 384
194 230
504 356
139 440 175
184 101 175
198 32
362 426
343 243
36 418
8 492
355 397
167 40 175
45 406 175
257 102 229
110 360
487 23
187 78 175
484 84
150 290
142 385 175
105 314 175
379 295
263 113
87 408 229
104 235 229
357 170 229
330 399 175
61 497
308 264
460 338
245 17
441 202 229
491 216 229
68 325 175
84 15 175
223 173
486 101 229
231 285
471 17
49 30 175
97 455
410 300
310 442
30 129 229
420 329 229
98 15 229
497 10 175
470 86
285 36 175
158 243 175
437 161
474 4
52 463 175
288 194
304 320
224 441 229
179 54 175
502 64
294 229 175
106 411 175
34 498
214 209 175
453 427
449 469
404 98
94 488
502 207 229
218 97 229
130 221 175
187 385
153 381
16 308
291 288 175
246 53 229
391 16 175
289 319
337 218 175
22 475 175
133 502 229
262 189 229
15 12 175
329 500 229
251 338 175
50 482
337 374 229
89 60 229
166 239 229
242 479 175
254 17 229
272 246
166 81 175
232 379 229
448 3 229
62 139 229
347 461
422 465 175
216 389 229
9 101
477 36 229
8 78
108 217 175
12 233 175
345 109
453 33
390 122
307 345
142 428
313 161
81 452 229
18 324
264 105 175
146 446
93 430 175
492 12
372 447 229
504 10
26 484
476 22
96 434
18 19 175
495 47
414 18
348 272
452 128
423 9
77 384 229
95 8 175
416 41 175
246 423 175
453 15
439 296 229
85 76 175
311 136 175
141 137
351 479
11 465
83 307
394 444
487 311
245 18 175
299 393
20 49 175
462 100
253 172 229
82 276
222 209 175
155 383
423 22 229
478 483 175
5 37
441 149
108 67 229
461 382 175
450 13 229
471 334 229
295 344 175
65 318 229
354 57 175
194 89 175
391 299
20 228
214 5 229
349 480 175
334 27 175
65 493
25 468 229
312 289 175
484 419 229
218 275 229
438 173 175
222 298
1 34 175
357 295
501 4 175
42 337 175
81 482 175
2 378
444 285 229
436 433 229
1 168 229
42 420
133 429
387 442 175
39 497
105 282 175
227 483
247 239
333 436 229
207 324 175
430 13 175
178 43 175
494 225 229
343 128 229
271 242 175
240 391 229
494 32
448 417 229
463 329
36 466
499 31
351 63
411 199
132 436
391 109
390 491 175
13 303
64 316
420 253 175
119 494 229
196 152
232 307 229
327 63
315 202 175
221 395
88 131 175
260 419 175
487 205
109 15
211 4 175
245 476 229
163 206 175
195 481
360 254
261 352 229
467 268 175
409 45
499 240 229
16 421 175
365 24 229
312 16
57 341
111 458 175
34 489 229
458 6
139 496 175
292 459 175
338 392
412 369 229
284 175 229
119 180 229
329 84 175
88 285 229
335 142 175
129 469
4 199 175
165 203
154 180
23 376 229
359 318 175
284 147 229
55 6 175
280 365 175
78 157 175
129 388 229
118 247 175
455 444 229
293 393
39 208 175
192 210
385 488 175
217 445
396 456
68 462
498 26
497 1
493 434 229
42 265 175
380 484
232 133 229
168 269 175
430 472
106 380
323 478 229
160 207 229
285 202 175
15 192 175
377 8 229
462 353 229
333 150 229
481 73
135 491
472 359 229
131 361
290 126
143 26 229
112 464
231 408 175
86 84
482 320
70 152
195 254 229
314 112
239 296 175
362 102
15 430 229
496 22
17 432 175
205 402 229
146 341 229
217 446 229
49 454 229
7 477
46 334
119 213
32 44
474 70
70 193 229
234 48
448 457 229
72 236
396 235 175
389 421
469 434 175
181 148 175
479 490 229
278 64
13 357
93 298 229
73 459
383 90 229
322 70
248 19 175
438 126
175 418 175
180 105 175
101 503
76 448
489 25
325 87
213 204 229
123 424 229
396 309 175
445 182 175
301 380 175
309 126 175
315 361
447 390 229
75 247
3 128 229
395 41
155 162 175
275 242 229
444 483 175
348 67 229
496 26
224 485 229
399 77
251 41
289 320 229
165 426 229
222 329 175
196 225 229
211 243
344 27 229
478 355 229
66 504
307 441
116 456
141 268 229
244 145 229
105 296 229
359 395
41 453
385 37
121 475
310 105 229
446 55 229
65 315
271 22 229
83 18 229
318 370
502 198
261 44 175
493 405
461 288 229
345 365
358 247 229
163 128 175
91 337
171 230 229
297 354 175
281 471
271 354 175
434 254
478 110
278 349 175
177 368 229
131 335
462 193 175
454 503 175
432 169 229
472 29 175
413 278 229
202 118
237 345
482 54
15 254 229
434 488
435 192 229
158 277 229
62 378
309 26 229
35 427
315 501
467 15
366 44
413 296 229
152 7 229
260 48
2 392
320 287 175
304 19 229
404 161 175
32 110
417 4 175
152 327 175
504 26
103 224 229
439 265
480 192
264 229 229
20 464
294 70
31 416 175
213 231
490 24
311 504 175
295 422 229
347 187
3 501
75 204 175
283 143
439 66 175
149 501
50 133 175
218 246
219 456 229
99 60 175
53 62 229
257 362 229
492 315 175
299 364 229
498 323 175
439 436 229
39 21
472 202
60 390
181 452 175
234 349 175
399 216 229
503 329
177 280 175
358 157 229
96 476
319 328 229
485 45
42 332
129 196 175
306 350
465 202 175
217 152 229
176 232
291 88 175
188 503 175
333 304 229
253 377
44 197 229
13 352 229
320 177 229
162 418
441 200 229
179 58 229
180 21 175
112 492
142 17 175
145 481
109 247
113 306 229
144 336
189 453
86 326
67 26 229
34 504
384 298
462 308
11 379
481 414 229
92 114
288 90
12 409 229
258 339 229
80 270
158 374
375 436 175
464 26
345 9
61 226 175
408 253 229
182 425 175
59 113
486 380
389 299
317 282 175
234 106
395 228 229
187 138 175
345 497
109 501
486 394
166 269 175
364 205 175
188 407 229
121 230 229
483 5
90 501 175
336 155 229
106 449 175
241 202 229
159 355
21 400 175
358 152
491 313
476 201 229
354 98
234 85 229
348 426
12 429 175
182 481 175
172 459 229
385 120 175
48 441 175
312 193 229
248 471 229
346 44
184 307 229
470 229 229
25 463
291 92 175
111 363
276 42
251 495
138 229 229
306 74
59 445
297 294 175
461 77
80 503 175
102 53 229
226 175 229
198 154
91 410 229
449 55
431 129
306 290
154 124
295 29
88 133 229
439 255
159 147
446 127 229
218 261 175
86 51 175
170 155 175
64 93 175
327 458 229
474 435 229
122 188
102 170
103 83
152 129 175
53 317
128 400
444 309 175
274 271 175
159 99
206 33 175
467 219
266 285 175
50 115 175
192 139 175
137 31
65 117
455 489
266 223 175
422 15 229
486 357 229
239 413
30 452
92 241 229
379 104 175
299 288 175
43 471
208 256
90 287 229
464 97 229
34 301 175
329 352 175
366 175 229
15 79
405 432 229
470 4
328 143 229
318 155 229
374 57 229
189 50 175
279 61
34 123 229
390 285 175
479 450 229
477 13
289 404 229
492 164
246 331 229
433 414 175
459 99
331 8 229
204 81 229
226 85 229
80 332
459 69
104 390
210 410
2 227 175
440 148
321 491
419 137
421 316 229
343 371
115 476 229
140 428
424 203 175
98 469 175
460 128
341 386 175
47 434 175
188 165 175
331 22 229
129 144 229
54 464
494 6
85 503
201 464 229
422 214
117 164 229
425 129
168 303 229
421 210 229
450 423 229
265 100 175
272 47 229
180 279 175
17 116 229
10 360
478 14
105 457
409 455
379 360 175
271 228 175
5 218 175
271 172 175
98 154
61 446 229
214 489 229
169 236 229
479 238 229
489 372 229
383 149
494 274
295 206 229
409 154 175
187 192 175
484 114
494 28
452 42
140 409 229
76 353 175
357 378 229
496 413 229
267 142 229
213 452 229
180 452
414 245 229
277 238 175
393 474 229
290 255 229
321 389
120 332
298 7 175
109 166 229
17 343
362 119 175
420 321 175
466 323 175
175 46 229
122 314
182 347 229
442 64
316 145 175
30 480
177 9
361 168 229
340 447 175
243 172 229
179 124 175
293 473
205 371
475 438 175
249 243
163 272 175
329 152 175
203 206 175
289 19
371 146 175
274 183 175
41 494 229
21 376 175
377 372 229
306 152
481 43
271 107
344 191 175
233 292 175
498 35 175
77 434 229
341 233
82 452
32 450
76 488
312 364
434 104
412 347 229
345 438 229
234 378
200 185 229
100 498
427 496 229
457 375
190 7 175
284 313 175
26 14
273 462 175
396 225 229
446 481 229
3 258 175
203 446 175
157 464 175
98 55 229
25 473
278 301 229
383 4 175
34 387 175
182 252
362 298
396 194
91 326 229
443 330 175
83 382 175
207 440 175
360 493 175
363 137
47 424 175
253 393
144 47 229
295 329
413 400 229
504 76
367 412 229
422 275 229
128 453 175
430 344
490 49 175
3 176 229
371 276 229
364 339 229
51 345
428 429 175
369 406 175
405 74 229
23 305
316 187 175
339 68 229
236 69 175
215 142 175
487 217
162 317 229
301 75
452 313 229
57 398 175
304 477 229
61 471
502 120
358 343 175
239 90 229
371 336 229
299 203
417 396 175
31 239
359 195
348 114
96 103 229
487 282 175
494 182
32 476
498 2
244 201 175
131 501
461 336 175
235 106 175
69 413
40 88
22 42
137 33
37 246 175
101 104 229
488 78
433 346 229
489 303
124 28
420 179 175
306 471 229
52 59 229
330 502
190 21 175
488 362
448 61 229
320 5 229
197 414 229
363 308 229
13 192 229
211 352 175
25 172 229
84 288
172 385 229
218 11 175
301 439
351 114 175
53 417
188 31 175
141 342 175
403 194 229
454 209 229
334 209 175
229 81
100 272
476 144
434 437 175
468 134
497 166 229
5 469
33 193
473 392 175
18 482
448 186
359 280 175
333 200 175
473 330 229
112 149 175
332 441 175
197 205
49 422 175
466 164
105 162 175
132 330
351 168 229
340 44
43 113
472 28
104 368
349 328 175
170 441 175
44 108
261 339
358 161 229
252 259 175
315 2 175
372 34
495 354 175
123 232 229
243 7
7 501
313 240 175
94 498
203 90 175
345 50 229
153 469
251 438 229
2 219 229
15 485
415 59
238 149 175
396 181 229
389 12 175
286 117 175
473 229
33 363
496 80
457 406 229
386 276
156 453 175
330 283 175
312 4
415 20 175
203 110 229
488 265 175
381 464 229
90 280
66 383 175
492 467 229
176 205 175
123 235
80 175 229
15 292 175
289 238 175
440 4
10 238
296 360
76 346
178 236
14 123 175
491 71
32 496
160 494
479 184 229
386 207 229
476 258
404 109 175
468 115 229
281 143
312 283 175
315 59
30 237 175
287 432 175
158 175 229
84 151 175
185 162 229
276 345 229
154 45 229
100 65 229
328 169 175
85 142 175
371 113
53 266 229
475 245
37 433
64 280
490 139 229
129 438 175
317 150 175
430 294
319 324 175
198 353 229
486 24
422 23 175
474 420
109 82 175
249 196 175
59 455
214 169 175
466 395 175
26 266
356 146
18 101 229
316 420
488 229 175
5 248 229
250 110
53 190 175
122 203 229
2 339 229
161 484 175
403 450 175
81 80 175
32 466
173 477
79 312 229
414 51 175
193 320 229
54 271 175
271 120 229
368 263 229
73 8 229
11 323
170 47 175
399 268 175
133 262 229
296 502
366 463 229
86 111 175
443 334 175
302 251 175
5 250 229
117 62 229
254 432
200 488
126 173 229
450 116
477 42 229
137 148 229
250 36
3 463
280 309 229
36 273 229
297 255
205 381
493 163
495 368 175
77 413
359 351
469 102 229
248 208
53 420 175
314 177 229
475 227
479 62 175
92 203 175
256 215 175
458 167 229
160 400
358 355 175
497 23
110 498
287 382 175
230 235 229
186 497 175
44 119 175
478 191 229
350 179 229
394 18
3 406 175
200 156
500 303 175
284 250
171 144 175
265 219
206 64
198 157 229
30 488
476 342
150 249 229
9 494 175
82 421 229
264 504
194 328
229 170 175
352 370
50 199 175
20 433 229
116 292
1 487
306 155 175
415 216 175
29 160 229
157 477
501 487
407 104 229
501 58 175
84 136
26 387 175
495 370 175
255 156 229
332 217 175
303 41
162 175 229
82 77 175
338 217 175
312 153 229
77 289
104 303 175
472 395 175
57 76 229
408 383 175
30 297 175
130 273 229
254 411 229
66 58
73 288 175
372 397 229
83 97
425 214 175
503 1
403 98 229
223 135
445 411
17 370 175
18 466
129 178 229
41 198 229
484 325 229
422 78
345 425
382 331 175
311 306 175
51 451
349 40 175
73 415
72 479 175
472 409 175
498 52
252 251 175
312 234
431 130 175
430 94
16 250
183 440 175
325 181
470 176
113 399
130 174
26 446
369 396 229
469 307
23 482 229
451 312 175
380 168
472 76
200 111 229
225 338 229
502 486
448 32
371 311
216 450
127 401
34 458
36 498
249 396 229
459 1
497 486 229
296 41 229
20 360
240 135 175
362 287 175
502 8
65 54 175
491 80 175
167 477
417 286 229
497 405
232 231 175
197 314 229
186 423 175
165 453
320 116
198 494
26 492
483 447
319 50 229
315 380 175
444 163 229
216 331 229
501 220 175
423 247
433 203
480 173 175
314 193 175
463 204 229
499 414 229
404 105 229
390 467 229
272 263 175
457 75
119 392 175
481 312 175
383 111
430 132
15 335
492 156
121 244 229
88 198
187 278 229
327 260 229
330 385 175
120 234
442 59 175
289 102 175
193 190 229
469 87
157 233
74 55 175
223 184 229
142 397 229
391 222 229
374 151 175
40 51 175
351 90 175
441 250 229
268 269 175
373 427
308 433 229
415 31
199 256 175
81 215
298 319 175
69 494 229
280 67 175
166 385 229
386 134
249 176 175
238 441 175
75 439
196 425 229
2 500
389 301
33 140 175
260 167 175
313 11
351 362 229
110 302
298 47 175
224 343 175
25 282 175
185 154 175
221 457
365 468 229
282 124
480 89 229
488 56
315 428 229
268 191 229
484 182
411 310 229
89 369
504 28
210 230
329 434 229
76 128
497 97
496 94
123 96 175
329 368 229
315 89
66 470
281 100 229
50 119 175
444 381 229
148 464
402 297 229
388 433 175
68 182
214 303 175
54 486
299 312 229
427 27
296 161 229
106 187 229
37 279
38 33 229
303 252 229
157 264 229
93 420 175
436 231 175
239 152 229
456 330
278 111 229
502 265 229
32 268
228 203 229
125 422 175
499 349
301 237
184 375 229
410 400
162 171 175
101 422 175
137 303
192 253 229
25 79
421 57
218 158
20 416
1 377
256 361 175
482 42
370 16
173 338 229
444 15 229
504 499 175
88 338
244 253 175
291 95
105 147
421 119
138 378
445 25
314 78
435 352 175
77 385
477 160 229
494 168
319 299
472 184
279 9
410 22
442 312
104 426
341 501
384 178
399 228 229
413 64 175
201 234 175
406 177 229
150 494
10 372
62 316
169 27
30 446
320 179 229
179 226 175
103 4 229
229 290 229
383 82 175
375 281
455 161
253 232 229
153 218 229
351 466 175
271 244 229
221 280 175
145 171
185 289
273 11
50 13 175
355 304 229
453 479
32 51 229
15 332 175
386 161 175
1 399
389 52 229
97 203
33 263
157 408 229
9 223
196 201 229
498 193 175
135 285
283 165
347 348 229
52 77 175
440 294
434 417 229
246 213 175
4 109 229
59 94 229
266 30
210 469 175
61 437
296 295 175
438 213 229
480 105 229
108 494
313 290 229
211 122 175
320 165 175
158 211 229
154 315 175
420 171 229
36 494
370 379 229
287 272 175
73 78 229
10 400
350 109 229
35 70 229
310 82
324 370
167 471
106 112
128 230
439 303
72 435 229
123 92 229
64 453 229
392 72
200 436
376 58
489 8 229
70 128
27 459
117 276 175
47 281
259 398 175
166 473 175
353 36 229
290 297 175
231 67
143 234 229
327 208 175
242 476
12 204
463 1
347 247
397 500 229
65 475
114 367 229
80 245 229
221 472 175
455 337
418 323 229
189 484 175
250 433 175
116 500
346 490
134 474
354 389 229
277 65
260 300
434 13 175
382 18
287 166 175
223 170 229
241 331
296 493 229
236 493 229
503 60 229
305 488 229
63 66 229
392 179 229
52 395 175
477 416 229
276 449 229
9 125
228 351 229
415 49
233 308 175
177 291
92 181 175
81 396 229
268 398
420 319 175
203 436 175
458 445 229
30 387 175
119 248 229
451 260 229
304 167 229
384 3 229
466 229 175
276 337 175
210 151 229
138 371 175
21 481
276 79 229
468 24
155 415
299 275
172 230
23 160 229
102 316
15 489
244 5 229
417 149
43 455
132 448
461 419
115 374 229
304 164
399 229
448 289 229
465 29
74 456
248 413 175
77 270 175
31 246 229
112 442
54 159 175
116 82
210 397 175
324 29 175
191 125
235 282 175
16 133 229
151 52 175
241 458 229
447 387
206 412
112 381 175
352 386
335 496 175
289 254 229
150 364
366 19 175
390 272
259 60 229
454 4
374 185 229
433 99
276 39 229
325 41
87 226 175
259 420 175
145 303
127 316 229
20 169 175
269 500 175
379 338 175
350 469 229
245 418 175
237 198 175
8 500
35 102 175
137 370 175
115 6 175
331 9
372 313 175
383 456 229
369 95
35 356 175
161 232 229
12 159 175
178 61 175
145 500 229
189 389
239 337
86 421 175
11 334 175
234 121 229
362 85 229
5 467
198 463 175
371 236 175
399 126 175
438 433 175
65 253
298 296
427 392 229
468 466
494 481 229
10 277 175
407 312 175
500 455 229
60 491 229
385 161
132 190
358 342
411 386 229
491 215
466 373 175
270 20
311 25
234 383 175
44 229 229
334 284
181 420 229
429 448 175
341 279
49 360 229
173 454 229
71 142 175
464 361 229
371 255
498 123 229
208 237 229
150 145 229
66 67 229
181 293
94 319 229
86 491 229
155 23
155 39
397 360 175
234 247 175
203 492 229
152 267 229
298 27 175
478 299 175
292 491 175
90 318
159 418 229
428 96
288 11 229
14 107 175
119 204 229
54 169 229
426 421 229
199 10 229
447 177
177 319
203 256 175
495 492 229
326 119 229
297 159
158 421 175
117 170 229
261 169
402 227 229
48 203 229
216 339 175
316 370
70 402
104 482
441 485
369 458 229
180 465 229
68 201 175
276 201 175
478 98
141 47
57 425
59 248 229
413 384 175
197 364 175
359 29
321 451
293 290 229
36 378
499 197
15 76 229
248 455 175
171 325
482 5 175
402 202
273 4 229
88 188
108 484
248 494
458 299 175
127 494 175
233 286 175
130 458
158 137 175
218 408
61 185
467 273
312 477 175
71 275
499 26 229
431 87
49 325
297 270 229
465 363
140 61 175
229 9
33 118 175
481 404 229
201 57
133 51
454 192
474 140
141 300 229
403 22 229
117 52 175
30 402
72 444
15 487
351 347
210 362
487 158 175
265 11
402 332
413 8 175
414 432
111 112 229
101 497
269 186 175
342 156
1 501
475 380 229
4 430
91 264 175
37 165
434 247 175
491 133
18 360
370 493 175
327 100 229
124 123 175
182 300
296 48
434 249 175
358 456
106 87 229
418 105 175
250 249 229
117 245
370 483 175
180 405 175
104 163 229
219 186 175
35 240 229
178 410
446 495 175
360 249 229
108 458
365 225
300 309 175
15 435
487 432 175
69 260 175
50 460
493 147
85 209
469 136 175
252 107 175
280 57 229
257 22 175
262 121 175
396 77 175
212 484
249 194 175
181 440 175
393 372 229
268 33 229
203 144 175
444 328
313 479
198 194
185 483
495 124 229
217 280 229
475 407
44 301 175
107 413
483 94 175
181 317
308 95 175
280 147 175
154 385 175
499 247
426 18
59 472 229
389 53
154 215 229
428 66
118 405 229
15 260 229
129 412 229
46 178
437 432 229
275 331
11 467
409 125
482 347 229
199 29
38 482
253 500 229
53 320 175
286 45 175
449 77
174 490
325 342 229
156 253 229
64 305 175
163 448 229
10 320
371 288 175
176 15 175
441 406 229
183 290 229
74 489 175
400 190
271 165
371 203
438 259 175
217 185
440 420
28 297 175
145 3
12 472
28 341 229
450 141 175
83 408 175
475 23
222 13 229
447 53
157 456 229
351 188 229
50 463 175
461 141
477 31
153 126 229
489 87
352 1 175
477 293
404 168
60 444
141 78 175
40 398
107 29
486 242
448 77 229
47 473
337 448 175
269 46 175
482 191 229
337 29
364 487 175
219 381
111 162 175
225 288 229
169 335
206 490
18 437 175
73 190 229
162 223 175
448 357 175
353 21
111 108 175
364 343 175
376 73 229
467 351
378 27 229
435 27
487 3
137 196 229
208 91 229
251 294 175
46 36
426 218
418 44
7 421
353 88 229
248 226
287 270 229
151 144 175
76 332
151 86 229
459 185
155 458 229
11 88 175
234 304
244 23 229
21 258 175
211 9
72 349 175
158 303 229
477 55
294 6
314 74
262 12
45 386 229
361 58 175
167 149
287 122 229
46 452
241 283
84 113 229
457 126 175
48 460
399 221
40 384
43 11
504 468
36 437 175
131 314 175
82 472
184 215 175
47 177
320 381 175
24 109 229
430 51 229
236 20
211 479
250 469 229
268 431 175
335 405
198 112
500 180
6 389 229
197 180 229
284 59 175
245 232 175
269 81
393 160 175
34 418
71 157
221 377
235 476 229
44 205 229
29 481
408 395 175
331 88 175
79 453
92 437 175
473 303
57 401
166 142
188 238
448 413 175
272 448
65 302 229
420 331 229
98 151 229
243 14 229
117 18 229
425 308 229
457 224 229
275 27
268 329 229
225 476 229
297 288 229
420 195 229
2 398
334 196
180 387 229
412 97 229
32 197 229
221 355
194 418
62 100
184 473 229
264 74
192 374
48 472
86 448
191 207
95 367
502 367 175
440 339 175
8 274
38 30
141 338 229
334 502
463 275
98 51 229
304 363 229
318 461 175
369 267
473 265
199 245
474 345 175
82 408
3 305
468 28
114 141 229
57 479
411 3
82 351 229
273 61
495 461
100 201 229
11 431
62 213 229
275 173
174 462
255 86 175
197 440 229
288 107 175
39 56 229
468 243 229
344 60
500 252
67 190 175
465 178 229
203 342 229
159 101
459 47
491 33
500 199 175
418 93 175
486 455 229
187 39
82 40
192 195 175
480 127 229
328 245 175
413 31
197 114 175
97 325
59 303
254 86
83 468 175
464 131 229
300 215 175
470 38
157 347
221 107
142 83 175
71 1
56 504
102 263 229
240 227 175
392 243 175
149 461
15 464 229
325 441
411 87
206 83 229
13 489
19 268 229
271 164 175
323 135
130 469 175
217 12 175
56 65 229
129 367
350 206
25 286 229
402 367 175
393 216 229
75 331
29 376 229
181 61
85 456 229
401 360 229
365 130 175
405 44 229
45 190 175
136 357 229
223 418 175
484 14
160 407 229
209 45
370 393 229
233 367
329 480 229
400 112
394 255 175
226 389 175
276 198
102 49 229
203 500 175
445 231
97 478 175
44 422
87 26 229
456 164
58 221 175
246 413 175
490 474
467 475
55 246 175
73 395
487 75
215 177
390 378
442 211 229
417 427
412 115 175
148 231 175
452 265 175
466 6
188 358
328 188
289 91
313 216 229
457 346 175
44 24
151 20 175
250 343 229
207 471
497 212 175
431 212 229
363 502 175
60 405 175
106 22
340 127 229
341 160 229
249 59
222 443 175
229 418 175
367 122 175
319 164 229
269 461
371 414 229
464 72
46 228
188 169 229
237 491
21 2 229
170 121 175
167 308 229
36 476
484 235 229
246 461 175
140 124
4 392
131 410 175
412 414
269 280 229
161 121
424 382
417 22 175
252 304
402 456
271 295
110 378
439 211
22 182
33 61
347 22 175
286 272
111 309
402 411 229
366 137 175
424 145 175
376 384
43 159
403 452 175
338 300
195 194 229
121 39
341 5
461 416 229
31 216 229
392 70
414 232
169 334 229
426 42
371 365
83 289
97 44 229
39 451
271 322 175
305 414 175
394 116
435 56 175
377 464 175
101 234 229
71 192 229
26 312
503 33
126 480
9 115
454 220
326 353 175
368 456
24 381 175
483 19
213 202 175
224 165 229
339 204 175
410 64
16 351 229
234 271 229
460 349 175
279 42 175
310 163 175
455 297
384 24
496 488
498 457 229
13 353
457 15
225 268 229
407 293
401 90 175
134 462
3 489
44 450
173 158 175
161 272 229
497 15
297 370 229
64 390
110 297 175
173 391
47 265
146 311 229
114 253 175
201 76 229
466 357 229
391 501
357 146 175
380 19 229
432 180
453 476 229
223 142 229
22 409 229
84 318
6 504
290 279 229
264 204
301 419
183 298 229
153 380 229
84 393 229
189 145
347 430 175
379 374 175
459 371
457 329
59 477
202 376
156 146
120 462
440 282
409 308 175
354 66
401 450 175
432 139 175
499 83
303 278 229
389 192 175
60 131 175
487 131
438 163 175
351 9
222 180
474 49 175
394 391 229
22 486
440 26
419 105
94 201 229
487 101
48 334
389 200 229
432 184
226 112
152 61 175
360 80
438 172
437 11
262 25 229
499 198 175
239 115
343 344 175
472 504
356 308
23 451
403 212 229
419 213
273 220 175
297 246 229
377 37
426 121 229
303 135
300 150
173 102 229
194 105 229
380 504
493 240 175
53 440 229
386 391 175
161 280 175
179 479
362 403 175
92 460
373 7
118 431 175
182 241 229
436 225 175
294 259 175
270 18
183 136 175
221 471
95 476 229
14 500
396 201 175
461 112 175
244 99 229
309 40 229
260 471 229
323 13
373 425
438 186
58 227 229
365 22 229
243 20 175
312 181 175
442 22
223 57
107 253
206 345 229
432 131 229
458 422
325 153
434 227 229
155 74 175
483 284 175
259 68 175
358 369 229
207 492 175
49 243
124 501 229
482 69 229
449 328 229
151 308 229
155 94 175
239 278 175
99 160 229
173 54 175
194 155 175
290 459 229
436 474
67 79
465 442 175
488 23 175
37 105
116 425 229
214 226
349 378 229
444 5 175
479 328 175
478 400
436 486
479 400 175
98 140
268 82
53 202 175
325 102 175
325 402 175
487 13
157 467
37 303
53 345
467 292 175
99 494 175
21 372 175
238 498
45 202 229
383 134 229
88 77 175
430 399 229
156 79 175
47 435
345 158 229
24 444
249 152 229
55 487
123 54 175
306 405 229
159 50 175
469 19
469 423
175 194 175
208 399 229
364 13 175
435 110 229
90 189 229
442 454
61 410 175
490 94
324 395 175
139 453
90 4
159 362 175
159 218 175
1 431
226 67 175
30 69 175
79 160 229
110 339 175
371 124 229
395 344 175
361 198 175
184 185 175
322 42
452 317 229
17 260 175
280 227 229
335 70 229
125 412 229
456 259 229
94 104
346 483 175
335 403
290 225 229
115 425
337 146 175
211 189
390 115 229
355 35
101 296 229
490 270
212 241 229
495 202 175
361 330 229
489 408 175
270 227 175
286 365 175
397 25
450 149 229
259 112 175
139 4 229
308 145 175
236 61 229
314 10
40 336
435 254 175
395 99
22 316
66 224
287 496 175
275 261
325 197
229 391
494 179 175
243 192 229
80 114
85 244 175
293 141
85 344 175
98 301 229
123 66 175
231 384 175
209 497
314 191 229
429 53
82 86
344 112
382 123 175
365 262 229
250 462
78 283 175
109 46 175
186 122
246 399 175
16 398
293 475
469 216 175
34 161 229
380 286
443 482 229
218 369 229
43 150 175
190 464
228 31 175
287 373
161 258 175
36 2
34 270
132 239 229
492 258
171 445
433 55
344 79 175
186 359 175
119 469
182 330
202 351 175
5 383
123 202 175
349 384 229
22 503 175
336 127 175
256 37 229
289 261
475 175
205 192 175
368 35 229
494 139 175
28 274
82 309 229
16 105 175
312 29 229
360 453 229
54 201 175
454 207 229
177 408 229
502 168
225 53
210 479 229
122 371 175
227 57
91 397
281 138 175
439 72 229
397 208 175
49 36 175
425 164 229
58 303 175
363 242 229
469 47
342 202
146 491 175
287 240 229
167 220 175
492 497 175
183 433
95 96 229
462 121 229
188 211 175
72 458
137 383
140 241 175
497 392 175
372 260
146 485 175
443 325
244 91 175
119 444 175
72 199 229
331 502 175
398 409 175
343 60 229
330 415 229
413 498 175
234 317 175
312 441 229
486 458
388 251 229
95 411
44 440
364 171 175
281 274 175
101 332 229
10 128
122 32
171 455
96 284
36 456
175 350 229
470 254
50 313 175
260 449 175
185 16 175
23 207
153 136 175
487 408 175
483 170 229
189 420 175
69 174 229
492 140
179 184 175
479 60 175
289 108 175
300 394
503 245
212 478
61 338 175
491 103
460 114
371 372 229
192 366
290 383 229
158 367 229
119 215
157 410 175
495 55
159 202 175
243 466 229
496 237 175
497 47
74 88
193 128 175
143 286 229
46 220
73 485
214 170
494 105 229
494 34
86 345 229
254 48
102 141 229
192 313 175
83 184 175
39 374 229
282 185 175
181 473
211 346 175
455 211
453 309
321 429
350 19 175
457 436 175
383 280 229
384 283 229
354 76
491 26 175
328 248
229 41
289 304 175
224 381 175
456 461 229
421 366 175
162 80
340 397 229
409 334 175
235 118 229
356 435 229
478 495 229
481 483
246 217 229
60 177 229
184 113 175
299 358 175
107 348 175
152 361 175
12 185 229
301 249
35 266 229
46 53 175
175 104 175
406 203 229
164 292
258 265 229
107 396 175
154 404
184 267 175
288 416
202 154
198 143 175
280 222
93 320 229
221 409
136 70
410 34
220 18
254 188
61 328 175
436 323 175
49 382 229
363 253
450 36
324 451 229
72 488
229 182 175
443 116 229
387 336 229
327 475
418 410
221 226 175
301 286 229
134 95 175
283 317
187 148 175
245 420 175
139 162 229
125 98 229
79 434 175
264 130
45 104 229
6 35 175
117 35
37 437
504 84
410 306
204 201 229
257 344 175
334 395 175
118 59 229
131 386 229
187 124 175
83 1
350 6
111 475
53 247
260 177 175
225 6 175
442 43 229
417 107
208 269 175
23 234 175
386 92
476 224
14 326
83 348 175
84 389 175
36 480
54 210
400 61 175
100 161 175
25 376 229
209 504 229
194 283 229
11 122 229
21 338 175
176 344
417 390 175
53 106 175
461 436 175
262 188
36 379 175
395 352 175
57 451
366 99 175
32 247 229
254 243 175
224 439 175
444 90
392 48
224 212
499 71
445 262 229
97 488 229
420 65 175
303 321
77 300 229
310 42
439 82 229
76 156
157 184 229
88 101 175
245 36 229
336 222
426 126
34 157 229
354 412
387 471
67 475
491 17
41 144 229
32 422
270 281 229
27 481
283 396 229
147 262 175
404 67 175
355 373
395 440 229
76 480
413 429
159 130 175
369 364 175
360 272
386 474
475 328 175
411 55
97 438 175
103 90 175
405 448 175
59 461
117 416 175
471 177
5 425
435 9
326 322
468 285 175
31 178 175
160 303 175
64 468
145 453
497 427
133 418 175
180 422
381 264 229
413 484 175
274 399 175
138 251 229
452 259 175
168 375 175
215 5
127 452 175
176 394
382 484
29 377
6 361 175
52 454
26 442
48 161 229
266 206
500 22
490 16
12 325 175
300 329 229
5 16 229
5 153
484 230
129 66 175
60 325 229
302 268
246 367 229
432 33 229
47 60 175
349 148 229
456 386
215 504 229
239 107
128 167 175
265 84 175
283 144 175
471 392 229
159 372 229
379 373
147 236 229
241 383
273 149
435 33
419 42 175
282 123 229
437 436 175
126 255 175
434 32
406 27 175
379 66 229
79 116 175
106 354
483 406 175
427 125
325 180 229
254 314
80 93 175
200 314
35 443
179 104 175
107 465
109 459
318 463 175
315 376 229
480 166
462 154
77 120 175
457 279
176 343 229
222 127 229
15 141
445 336 175
192 398
246 80
297 334 175
208 396
427 176 229
259 14 175
487 61
79 452 175
193 243
92 141 175
457 385
145 39
121 28 175
77 70 229
365 344 175
472 497 175
370 177 175
226 397 175
455 333
25 134 175
141 416 175
146 218
383 482 229
10 161 175
237 26 229
481 215
257 26 229
138 287 229
204 163 175
389 472 175
186 281 229
91 164 175
128 314
345 220 175
157 87
93 395
6 341 175
248 287 175
452 164
32 79 229
49 461
215 311
466 429 229
45 495
106 51 229
491 277
69 251
194 9 229
80 457 229
69 443
387 324 229
396 152
206 342
496 171 175
500 206
45 477
197 433
9 359
77 34 175
281 180 229
491 37
355 12 229
309 89
314 333 229
33 180 229
314 257 229
472 276
481 128 229
133 219
352 446
6 434
341 136 175
321 229
269 298 229
262 195 175
484 4
254 354
150 266
15 228 229
436 240
132 59 175
258 455 229
202 28
176 247 229
300 263 175
40 362
233 441
64 39 229
54 469 175
450 277 175
251 492 229
463 171
422 493 229
63 430 175
339 486 229
33 399
235 362 229
281 411
383 454 229
60 194
235 94 229
80 248
187 464 229
207 248 229
157 487
146 289 175
339 73
245 162 175
131 182 175
211 481
342 415 175
122 393 229
210 16
446 327 175
96 175 175
7 174 229
20 472
374 431 175
429 21
265 27
503 67
134 207 175
228 5 175
249 356 175
412 103 229
171 228 229
297 163
106 229 175
241 24 229
165 42 229
45 322 229
24 167 175
382 100
503 341
215 478 175
278 451 175
46 332
494 10
203 478 175
16 504
359 483
182 233 229
16 148
329 30 175
354 468
260 216
148 161 229
334 257 229
368 455 229
336 491 175
335 381
195 38 229
179 151
439 213
432 111 229
146 47 229
246 16
429 218 229
495 97
2 372
424 349 175
489 23
399 222 175
309 252 175
87 48 229
34 360
156 381 175
422 90
262 280
20 162
191 399
410 206
8 119 229
121 152 229
317 336 175
258 478
2 460
103 481
17 399
376 120
115 227
502 82
497 237
211 155
305 19
150 107 175
62 201 175
374 22
219 130 175
158 501 175
366 199 229
501 275
393 151
178 13 229
320 405 175
305 425
122 267 175
384 118
180 298
161 233
344 4
267 294 229
110 395 229
361 83
8 84
495 225
389 116 229
269 282 229
453 344 229
454 10
153 148 229
285 86 229
495 9
468 65 229
121 438 229
355 173
12 418
28 438
303 222 175
149 282 175
31 460 229
368 439 175
221 36 175
243 80 175
333 61
473 189
140 250
249 170 229
283 440 229
227 202 175
107 60 229
69 129
277 196 175
36 422
192 244
453 352 175
19 121
431 275
226 410
213 380 229
26 470
68 277 175
457 473
24 438
340 5 175
411 48 229
466 76
497 29
324 43 229
165 298 229
185 332 229
494 365 229
503 5
230 193 175
99 191
89 159
111 467
12 402
266 88
193 378 175
458 463 229
377 142 229
237 334 175
346 363 175
367 78 229
212 494
78 153 175
43 304 229
105 262 175
358 435 229
16 31 175
234 443 175
298 358
42 77 175
97 312 229
352 387 229
121 416 175
35 437
319 153
374 268
63 135
466 69 175
172 288
51 353
483 482 229
291 380 229
238 215 175
65 476 229
441 412 175
134 6
489 213
351 224 175
161 136 229
179 162 175
74 500
412 417 229
462 16
484 254
46 471 229
89 451
419 261
153 295
204 261 175
278 181 229
299 349
154 61 229
480 117 175
417 51
154 440
203 496 229
231 336 229
339 442 175
248 285 175
492 439 175
317 48 229
347 72 229
477 37
502 18
472 47 175
53 283
117 141
394 309 175
12 59 229
490 216
248 180
443 230 175
384 467 229
112 210
14 382
427 229
144 181 175
4 225 175
23 313
471 33
11 18 175
486 132
468 198
235 319
91 344 175
336 339 175
307 180 175
497 359
160 137 175
428 434
139 20 175
241 333
228 287 175
246 7 175
463 109
148 102
485 192 175
106 42
240 239 175
95 389
202 393 229
56 355 175
97 405
97 140 175
200 194
267 476 229
494 84
410 423 229
172 251 229
453 121
52 200
297 410 229
204 144
383 184 229
18 453 175
288 493 229
480 56
121 319
497 69
414 123 229
325 187
433 470 229
269 163
156 387 175
42 5 229
77 334 229
119 191
234 313 229
405 62 175
6 326
489 224 229
28 47 229
337 467
274 53 175
221 293
462 10
26 7 175
336 345 175
348 161 229
139 431
69 493
22 304
215 96 229
435 365
309 366 175
371 150 175
114 196
183 444 229
24 295 175
38 191 175
467 204 175
323 410 175
444 10
254 46
126 271 175
196 445 229
79 40 175
111 402 229
63 84 175
110 462
485 95
45 366 175
93 394 229
451 102 175
107 293
12 498
444 419 229
196 456
27 56 229
421 59
438 361 229
307 85
296 125 175
357 44 175
398 172
290 304
440 489 229
369 58 229
473 369
239 218 229
17 22 175
212 273 229
418 273 229
64 446
475 234 175
306 168
359 111
210 83 175
159 314 229
453 386 175
168 350
46 41 175
336 145 175
173 404 229
381 222 175
303 221
466 379 175
491 453
448 267 175
266 72
200 486
473 13
493 482 175
479 346 175
290 415 175
383 226 229
367 35
262 405 175
139 70 229
426 46
351 387
459 49
178 329 175
436 126
214 414
93 87
434 65 175
194 401 229
319 145
432 370
341 141
5 403
167 343
162 378
502 417 175
318 263 229
494 29 175
97 15
81 359
360 190
437 130 175
438 40
146 252
115 47
245 205
46 341 229
419 3
131 89
436 30
120 395 175
62 389 175
462 443 229
232 301 175
15 92 175
496 2
116 424
471 96 175
439 298 175
339 159
47 437
254 451 175
7 475
428 466
173 259
50 145 175
377 190 175
388 349 229
217 177
57 218 175
187 120 175
61 414 175
102 460
174 466
423 504 175
354 356
342 63 175
443 6 175
50 468
281 390 175
206 481 229
458 406
60 187 175
4 414
404 304
331 232 229
33 404 229
315 229
494 104
209 26 175
51 234 175
35 348 175
404 93 229
498 170
130 25 175
401 340 229
91 350 229
470 377 175
59 269
140 103 175
65 113
334 5 175
274 111 229
22 425 175
62 445 229
448 358
2 42
55 391
435 115
435 429
475 1
387 378 229
438 168
213 464 229
180 35 229
362 347 229
88 227 229
416 26
20 249 175
477 487
21 487
186 19 175
498 228
54 496
406 42
204 233 175
41 354 229
410 496
431 282 229
151 70 229
307 302 175
358 491 175
486 218
384 207 175
480 156
331 271
6 476
276 137 229
293 64 229
167 398 175
351 216 175
286 152
272 333 229
246 177 229
186 465 175
78 454
289 37
174 436
38 347 175
362 373 175
327 484 229
277 144 229
396 128
58 379 229
497 20 175
451 386 175
420 443 229
254 109 175
186 335 175
59 36 229
329 147
48 163 229
92 337 229
61 403
144 274
354 18
472 130
331 60 175
48 436
367 282 175
430 76
50 494
203 213
431 208 175
135 2 229
11 463
399 414 175
467 428 229
20 391 229
79 484 229
364 295 175
352 308
496 185 175
296 300
247 138 175
32 475 175
434 331 229
237 97
315 422 175
239 475
328 457 229
25 308 175
390 452
492 15 175
108 164
376 2
480 333 229
10 478
105 201
249 296 229
26 159 175
366 239 229
464 30
281 166 175
179 379
405 92 175
68 352
480 381 175
56 146
492 14
62 155 229
162 255 175
56 364
431 299
343 86 175
146 12
309 86 229
444 30
134 169 229
222 155 229
184 29 175
33 62 175
312 11 229
153 484 229
392 14
335 100 229
384 399 229
425 73
440 98
489 31
157 276 229
347 504 229
151 322 175
396 7 229
19 355
502 10
131 148 229
421 95
419 126 229
437 203
130 323 229
358 40
24 312
117 96 229
9 491
290 377 229
365 220 229
379 145
171 46 229
346 354
29 395
349 108 175
312 105 175
272 117 175
205 84 229
417 158 229
347 230 229
73 421
420 252
285 110 229
228 91 229
368 111 175
373 503
442 447 229
76 179 175
440 94
6 460
369 88 175
399 42 175
364 284
293 380 175
206 361 175
404 183 175
226 232
315 271
423 475
318 238
215 403
343 101
491 61
348 153 175
31 268 229
154 177 175
431 427
231 278 229
52 313 175
235 156 229
113 322 175
234 370
292 54
52 448
485 148 175
48 490
14 167 229
397 395
300 2
317 438 175
470 22
258 81 229
323 189
340 62
44 504
503 432 175
36 35 175
135 11
53 456 175
138 173 175
354 425 175
24 267 229
41 318 175
291 413
462 309 175
318 32
200 323 175
184 110
359 128 175
322 13 175
374 361 175
247 172 175
423 432 229
152 105 175
487 208 229
253 499
102 29 175
31 349
37 314 229
131 233
242 19 175
134 475 175
56 103 229
157 452 229
181 128 175
410 189 229
77 255
31 212 175
107 467
236 387 229
453 85
326 127 229
215 400 229
312 453 175
70 313 229
263 361
15 468 229
305 254 175
310 418
451 123
371 280 229
214 384
488 304
386 495 229
12 235 229
35 91
331 450 175
18 13 175
484 2
274 229 175
278 44
302 467 175
354 4
281 212 229
265 191
433 116 229
495 315
355 200 229
426 393 229
410 14
459 404 229
188 152
339 29
293 100 229
247 202 175
426 447 229
497 40 229
98 360
6 284
416 375 175
305 162 175
17 312 175
275 488 175
332 234
466 93 175
172 94
255 47
454 158
140 418
12 298
179 15
406 34
376 396
468 308
333 302 229
493 136 229
360 105 229
196 19 175
166 471 229
427 178 229
87 421
425 23
397 69
333 218 229
239 300 175
153 245
341 269
35 332 229
191 340 175
351 136 229
34 292
228 357 175
472 58
366 169 229
411 188 229
18 222
11 212 175
212 460
143 503
314 311 229
73 156 229
15 200 175
157 434 175
113 102 175
403 341
164 364
396 60
459 194 175
402 431 175
310 437 229
326 51 229
371 304 229
162 311 175
343 392 175
451 124 229
14 408
313 422 229
356 436
16 492
288 206
250 464
245 443
502 83 229
311 36 229
144 454
465 464 175
68 453 175
305 448 229
137 350 175
419 311
451 179
502 24
139 451
256 45 229
9 415
259 418 229
368 164
381 198 175
325 274 229
105 387
169 18 229
274 326
243 316 229
143 190 175
136 13 175
464 2
450 86
259 457
177 232 229
161 218 229
80 502
375 108 229
87 422 175
126 99 229
469 494 229
40 240
68 287 175
135 484 175
213 97
32 231 175
231 416 175
124 347 229
346 118
270 375 229
343 489
172 308
493 116 229
291 276 175
183 118 229
403 242 175
256 471 229
473 64 229
315 187
276 437 229
310 84
400 220
450 210
214 6
128 122
494 153 229
305 486 229
201 23
373 288 175
276 335 229
152 85 175
503 23
183 134 229
363 37
202 390
37 208 175
114 39 229
8 56
76 418
335 290 175
337 278 175
498 113 175
285 242 175
259 220 175
377 304 229
408 37 229
251 346 229
420 96
49 447
354 193 229
268 198
246 153 229
333 308 229
178 217 229
153 50 229
66 298
165 468 229
458 438
428 446
216 386
478 360
43 128 175
202 343 175
439 314 175
159 270 229
29 361
350 343 175
249 441
412 492
28 345 229
466 16
493 315
220 67 175
327 296 229
20 119 175
466 381 175
43 121
308 244
196 441 175
362 214
315 217
157 300 229
4 476
22 358
398 210
36 460
338 224
323 461
234 286
22 277 229
231 451
157 6 229
391 236 229
149 71
292 465 175
189 372 229
209 67
266 429 175
473 276 229
312 281 175
17 372 175
491 39
165 34 175
47 190 229
278 305 175
309 400 229
310 483 175
70 389 175
197 381
17 465
32 468
424 222
483 307
222 428
12 296
492 10
251 442 175
54 140
141 87
467 13
62 418
298 28
34 308
340 247 175
489 107
110 296
290 101 229
27 483
53 348 175
47 260 229
6 38
164 357 229
164 359 229
302 387 229
156 215 229
277 470 229
377 130 175
460 110
492 77 229
228 497 229
36 368
357 370 229
103 80 229
494 82
493 283
24 451 229
57 263
487 275
456 3 229
290 265 175
74 344
167 176 229
466 54
287 6 229
125 478 229
114 79 175
125 455
71 493
472 14
79 437
357 480 175
18 378
336 163 229
277 448 229
333 82 175
497 255
497 11
58 121 229
105 364 229
264 365 175
152 494
199 399
259 82 175
92 27 175
378 154
192 107 229
316 495 175
17 151
432 421 175
166 302
454 403 175
27 272 175
45 248 229
228 398
457 262 229
44 129 175
284 124
102 447 175
446 502
477 308 229
92 404
108 486
209 456 229
467 338 229
98 476
79 462 175
423 404 175
422 319 229
29 463
174 325 175
470 425 229
3 467
127 67
97 160 229
467 21
190 497 175
260 410
362 5 175
484 401 175
137 64 175
252 373 229
112 158
180 235 175
84 482
466 336
79 108 175
136 264
52 326
432 397 229
396 68
33 320 175
319 169
378 408
61 106 175
462 323 175
162 151 229
86 409 175
245 307
142 240
244 273 175
331 256 175
435 21
414 224
299 371
76 69 175
335 128 229
294 421 175
18 127 229
429 333
45 153
364 165 175
185 492 229
325 119
422 13 175
435 85
419 297
301 204 229
396 303 175
201 208 229
67 337
354 227 175
271 478 175
333 96 229
319 173
260 321 175
32 218
246 446
68 289 229
455 384 229
492 139 175
315 23
491 140 175
173 164 175
1 465
141 339
12 499 175
331 54 229
75 473
142 458
503 99
460 158
427 93
115 299
101 480 229
109 376 229
276 101 175
281 246 175
45 316 229
49 440 229
476 52
316 206
25 310 229
490 456
444 117 229
459 476 229
422 401 229
250 410
263 364 175
474 324
451 73
487 485
119 97
166 441 229
117 397
211 421
5 494 229
62 147 175
75 3
337 420 175
32 301 229
397 288 175
503 105
176 487 229
44 367 175
104 162
124 365 229
302 198
191 190 175
448 365 229
389 173
168 287 229
76 347 229
51 483
393 170 229
295 195
263 428 229
387 350 229
160 412
478 237 229
419 242 229
354 109 175
203 188 229
256 237 175
268 130
463 62 175
499 191
107 395
465 2 229
83 504 229
352 237 175
270 100
491 118 175
391 291
421 373
60 488
212 300
190 389 229
324 204
22 239 175
266 134
431 319
442 354
282 151 229
422 283 229
420 5 229
15 279
228 145 229
452 175 175
363 38 229
135 136 175
278 309 229
293 287
103 135
54 472
5 324 229
155 41
85 447
269 210 175
349 41
99 294 229
58 19 175
179 276 175
394 175 175
483 412 175
471 129
261 167
11 491
237 202 229
19 209
29 254 229
234 73 229
463 390 175
67 499
98 161 175
447 46 175
318 253 229
132 242
156 182
199 370 175
167 422 175
399 250 229
204 472
33 477
403 162 229
236 39 175
290 147 175
296 471 175
83 90 175
388 78
133 62 175
491 31
34 496
336 46
343 315
396 302
110 117 229
430 218
80 237 175
363 410 229
104 439 229
245 461
87 493
252 163 229
462 83 229
51 87
312 485 175
131 169
496 195 229
56 189 175
368 187 229
199 428 229
455 350 229
351 460 175
502 63 229
1 477
230 418
268 37 175
81 142 175
6 461 229
153 372 175
83 214 175
104 485 175
264 195 229
97 17
317 348 175
292 371 229
486 247 229
267 100 175
460 150
371 293
298 29 229
318 28
432 238
24 230
305 233
242 268
504 393 229
16 244
412 426
383 242 229
209 466 175
271 224 175
87 443
167 487
466 104
139 478 229
362 477 175
133 347
30 475 175
447 149
113 302 175
239 261
197 418 175
167 339
196 95 229
323 118 229
441 142 229
47 490 175
357 92 175
50 311 175
383 488 175
6 472
452 22
416 174
35 329
45 374 229
72 288
319 1
294 256
498 298
295 436 175
403 46 175
198 232
322 134
322 230
450 81 229
155 270 175
319 195
101 206 175
149 2 229
453 289
359 366 229
401 462 229
130 103 229
87 343
280 15 229
352 100
99 115
48 57 229
320 145 229
68 79 229
114 204
90 135 175
482 261 175
176 17 229
158 228
419 504 229
431 24 229
75 172 229
8 171 175
378 495 175
299 211
133 172 175
306 441 175
363 29
214 28
311 412 229
122 336
414 64
99 42 175
294 362
5 453
33 99
461 152 229
377 85
437 108 175
264 318
161 424 229
499 182 229
298 201 229
475 98 229
466 63 175
108 215 175
170 317 175
325 482 229
431 10 229
339 225
80 408
352 226
488 28
92 153 175
420 357 175
378 283 229
155 372 229
479 3
414 304
481 134 229
106 315 229
469 414 229
39 399
359 403
317 1
116 276
165 366 175
445 284 175
230 420
151 107
12 252
501 152 229
372 322
458 138
333 499
26 357 175
484 154
414 65 229
154 298
24 143 175
480 74
300 503 229
159 466 229
500 4
14 488
403 392 175
52 346
409 252 229
433 29
431 420 229
449 25
27 444 229
465 61
20 388
161 326 229
257 135
422 490
8 464
107 356 229
421 330 175
228 464
5 212 229
72 264
117 367
161 120 229
84 414
81 388 175
306 416
405 460 229
380 203 229
387 444 229
409 401
421 448 229
345 402 229
62 327 229
77 246 175
474 62
43 126 229
147 375
326 45 175
3 197
132 351 175
233 130 229
420 35 175
166 428
1 410 229
27 193
82 350
218 325 175
11 336 229
96 106
266 252
307 406 229
317 270 229
70 442
104 207 229
383 11
424 391 175
284 21 175
420 375 229
428 103 229
221 12 229
415 84 175
275 130 229
233 454 175
29 495
495 27
303 376 229
225 468 175
28 381 229
349 138 175
232 321 175
390 340
40 402
477 21
248 266
341 100 175
248 25 229
168 423 229
43 200 175
271 26 229
283 170 229
5 364 175
182 431 175
87 175
393 355
302 346
32 55 229
151 124 229
133 59
494 162
364 355 175
164 31 229
402 138
489 14 229
135 426 175
225 122 229
118 469 229
471 47
339 404 175
313 262 175
48 432
19 441
303 422 229
439 57
381 56 229
69 219
465 440 175
322 232
204 441 229
489 125
224 55 229
445 286 175
96 281 229
504 12
60 204
262 39 229
2 212
244 435 175
12 237 175
67 367
67 218 229
156 380
328 459 229
173 324 229
339 380 229
498 44
368 207 175
39 233
324 472
453 39
501 480 229
369 19
17 24 229
158 334
116 473 175
14 498
175 130 175
473 282 229
19 293
298 150
311 271
440 127 175
359 379
475 376 229
417 189
330 299 229
285 8 175
129 176 175
262 435 175
256 175 229
470 16
502 12
160 159 175
335 296 229
67 498 175
247 267
467 461
88 452
495 254 175
286 202
438 384
93 364 175
404 23 175
262 384
440 477 175
491 75
309 219
186 195 229
431 348 229
240 461 229
496 6
66 466
191 491
374 329 175
52 209 175
96 77 175
427 275
305 362 229
434 375 229
488 436
355 109
461 346 175
500 46
225 387
144 83 175
60 421 229
23 260 229
17 90 229
359 33
41 473
125 333
62 162
35 326 229
245 383
340 63 229
390 393 229
441 122 175
320 295 175
110 220
291 472 229
220 406
64 145 229
110 13 229
291 266 229
389 376 175
163 10 229
504 389 175
449 145
462 208
389 440 229
15 253
429 332 229
440 160
130 43 175
429 500 229
493 328 175
347 129
126 502
243 312 175
391 416 175
378 37 229
214 291 229
399 177
140 193 175
387 446 175
303 273
84 503 229
490 111 175
461 250 229
59 425
266 137 229
381 399
125 134 175
342 447 175
135 409
318 363 229
126 214
51 475
387 202 229
434 88
45 434 229
80 53 229
103 69
494 382
491 85
343 302 229
187 477
67 177
275 340 229
455 31
233 224 229
71 377
447 130 229
339 293
352 178
422 397 175
253 422 229
212 306
315 283
231 206 175
340 253 175
368 96
368 232
168 123 175
340 141 175
5 220 229
175 120 229
233 102 175
102 206
61 388 229
34 204
11 80 175
163 370 175
51 330 229
135 434 175
108 473 175
206 471 175
382 151 229
376 472
84 29 229
254 63 229
484 72
51 183
83 454 175
161 54 229
465 454 229
354 153 175
375 79
7 374 229
452 457 175
219 382 229
456 243 229
150 102
55 493
337 446 175
123 140 229
194 174
2 490
123 164 229
371 145
398 500
112 171 229
92 486
443 19
159 404 229
326 199 229
82 347 229
247 354 229
284 447 175
153 71
229 159
369 456 229
292 189 229
100 486
381 82 229
445 168 175
425 13
269 66 175
494 440
373 441
347 228 175
12 462
355 292 175
319 390 229
389 410 229
2 230
137 79
367 422 229
288 40
89 429
345 264 175
272 386
356 397 175
449 41
272 35 175
317 77
80 443 175
260 503 229
402 8
42 61 175
39 425
475 86 175
330 466
325 478 229
247 52 175
93 143
290 345 175
353 330 175
400 154
430 277 175
328 182
261 164 229
259 504 229
58 395 229
500 24
95 40 229
300 78
286 421 175
97 209
170 195 229
182 66
263 69
107 358 175
452 267 175
422 65 229
388 169 175
106 29 175
145 487
401 79
276 425 175
469 331
499 19
493 168 175
9 421
147 283
62 87 229
412 332
447 119
252 374
165 386 229
137 167
237 405
24 370
262 397 175
247 462 229
222 27 229
295 136 175
179 160 175
224 185 229
157 304 229
14 235 229
15 441
497 171
69 163
197 66 229
44 117 229
167 131
361 385
333 247
477 138 175
75 365
461 24 229
94 193 175
392 301 229
92 6
113 459
123 427
179 271
235 477
98 303 175
152 125 175
339 37
303 134 229
100 23 229
325 67
11 335
114 400
468 10
471 145
301 222 175
73 179
94 203 229
28 429 229
209 212 175
210 31 175
38 395 175
96 133 175
358 155 229
460 18
498 194
30 134
393 12 229
463 9
411 475
1 125
407 95
404 145 229
469 478 229
407 173
358 163 229
487 402 175
327 294 175
26 409 175
140 206
285 412 175
185 428 175
442 438
314 48
350 87 175
120 270
177 28 229
348 188
6 275 175
478 57 175
325 59
415 231
263 473
494 208
498 326
481 115
497 208 175
7 210 229
272 237 229
227 36 229
16 151 229
35 495
106 423 175
1 361
272 3 229
475 17
65 453
152 299 175
278 348
425 258 229
291 382 229
115 487
114 154
58 354
173 316 175
472 2
156 98
381 344 229
373 468 175
62 77 229
84 400
45 328 229
504 187 175
336 233 175
435 320 229
252 68
15 367
494 27 175
285 58 175
440 175 175
39 137
486 64
363 412 175
125 132 175
367 43
202 71 229
439 313
156 402
482 175 229
390 12
353 316 229
26 317 175
40 113 229
229 126 175
68 436
426 446
501 190 229
157 418 175
175 294 175
345 399
459 13
256 223 175
7 495
196 474
72 400
249 248 229
335 488 175
51 469
214 223 175
236 364
96 466
27 100 175
142 306
372 373 175
280 80
262 26
444 295 175
458 18
431 3
292 16
456 134
491 462 229
27 37
217 69
252 210
374 55 229
329 266 175
220 146
66 65 229
194 364
462 499 175
185 329
488 10
493 51
399 251
49 465
218 277 229
240 283 175
23 399
3 58 175
265 176 175
421 394 229
342 263 229
396 101 229
12 247 229
348 230
386 493 175
34 464
90 267 175
270 370
425 292 175
403 326 229
251 98 175
457 39
473 413
284 1 175
397 434 229
374 462
387 485
344 398
309 109
30 201 229
138 389 229
213 167
355 210 175
451 35
120 465 175
341 159
54 13 175
497 8 175
498 28
294 20
341 327
38 491 175
72 93 175
378 122
355 123
102 251 175
362 475 175
420 160
272 89 229
373 289
362 171 229
87 148 229
219 251
228 475 175
8 127 229
186 420
188 93 175
173 495
103 458 175
51 50 175
235 394 229
16 448
391 343
452 475 229
133 498 229
459 243
296 488
297 350 229
51 399
377 22 175
117 10 175
366 271 229
287 18 229
246 245 175
384 332
387 39
36 334
102 407 175
294 387 175
275 472 175
145 114 229
144 39 175
307 105
351 86 175
363 158 175
442 89 229
263 74 229
228 449 229
80 275 229
348 46
322 499 175
343 393
72 286
317 412 229
39 433
466 80
163 478 175
440 230
347 503
498 8
204 338
36 244
377 480 229
251 27
455 419
27 500 175
134 272
363 263
215 6 175
44 225 229
322 413 229
163 414 175
354 460
45 108 229
184 127 175
183 44 229
488 38
3 344 175
76 417 175
254 117 175
319 31
343 166 175
204 302
417 295
241 428 175
501 374 229
5 217
4 266
198 107 175
256 59 175
158 459 229
374 404
80 82
15 132 229
504 229 229
18 194
473 490 175
304 63 175
390 34
289 476 229
12 266
179 427
290 60
428 496
409 460 229
177 420 175
148 361 175
41 230 175
79 385
374 353 229
36 255 229
202 255 175
54 83 229
211 80 229
477 463
104 60
413 30 175
143 258 175
466 149 229
159 180 229
175 354 229
23 6 229
85 145
204 101 229
322 186
341 432 229
317 229
24 11 175
435 243
376 79 175
465 119
304 216
176 503 229
436 273 175
485 27
251 490 229
215 475
137 413
88 2
284 144
269 134 229
130 411 175
488 31 229
437 272 175
448 8
150 121 175
15 400 175
208 490
425 291
3 455
339 76 175
462 182
59 37
264 253 175
426 239 175
354 383 175
385 489
263 204 229
72 399 229
423 304 175
216 504
463 24 175
24 76
97 419
152 203 229
288 29 175
497 117
419 17
208 413 175
475 218 175
348 113 229
308 389 229
139 367
136 221 229
490 322
49 399
55 359
503 66 229
470 12
85 216 229
18 427 175
476 48
173 87
228 356
391 9
163 28 229
438 455 175
312 186
453 302 229
248 98
151 148 229
28 358
340 413 175
430 386
59 495
451 447
187 95
76 197 229
443 21
426 287 229
185 73
71 248 229
446 201 175
456 176
488 122
501 177
141 264 229
26 347 229
141 162 175
409 49
88 439 175
205 476 229
390 255 229
472 84
408 25 229
478 296
194 342
47 219
351 30 229
396 49 175
3 499
462 38
274 247 175
404 232
414 52
228 215 229
262 114
52 307 229
474 430
483 179
33 344 229
374 458
430 476
143 76 175
77 447
460 119 175
6 490
477 150 229
103 124 229
405 444 175
135 300 229
45 114 175
99 259
100 200
111 126 229
305 283
43 84 229
326 163 229
363 172 229
383 55
60 151 175
104 483 229
377 251
491 256 175
344 82
504 497 229
394 360
242 244
103 430 175
75 371
222 35 229
474 415 175
235 164 229
367 26 229
51 196 229
14 356
496 4
330 6
435 195
253 8 229
58 480
26 386
383 480 229
96 335 175
307 79
51 485
452 12
134 401 229
103 439
439 341
184 40
4 486
263 167
79 431
399 196 229
355 386 229
290 435 229
195 248 229
315 370 175
203 289
74 200
401 302 175
100 480
294 85 229
433 27
11 348 175
427 262 175
3 386 229
179 46 175
28 496
266 281 175
189 260 229
484 404
77 463
242 337 175
327 332 229
316 368
372 16
166 494
47 4 175
485 228 229
376 351 229
7 460 229
39 300 229
504 232
502 6
437 103
96 202
374 323 229
422 245 175
453 414 175
504 179 175
266 145 175
100 170
13 87
208 458
448 55 229
247 213
501 11
446 281 175
474 185 175
125 20 229
488 289 175
342 230
489 106 175
501 15
485 23
151 233
241 432 229
130 24
454 256
366 40
262 295 175
481 35
346 55 229
404 302
217 358 229
277 94 229
162 369 175
474 18
144 487 175
500 366
309 49
109 358 229
129 220 175
17 120 175
373 210 175
402 108
175 280 175
432 94
461 434 175
310 477 175
232 328
72 49 229
54 285 229
297 120 175
428 80
212 329 229
333 364 229
266 121 175
8 483 175
98 428
425 145
410 183 229
305 268 175
500 147 175
451 353
197 298 229
196 167 175
179 176 175
162 444
235 374 175
277 167
159 230 229
457 177
62 356
464 177 229
269 228 175
196 388
41 469
93 489
108 319 229
198 33 229
65 451
319 333
209 143
468 460
207 381
177 374 175
230 281 229
105 432 229
128 471 175
5 40 175
297 397
321 481
446 447 229
66 165 175
24 282
198 393 175
145 386 229
445 73
62 65 229
492 451 229
449 432 229
503 35
6 219 175
450 399 229
7 413
368 319 175
449 18 229
135 452 175
42 320
148 410
426 297 229
269 286 229
271 264 175
482 402
393 182 175
32 230
284 359 229
379 15
208 302
163 184 229
7 73
194 503 175
77 242 229
90 488
467 163
314 211 175
417 221
295 407
124 504
270 454
116 277 229
76 412
341 130 175
229 128 229
231 36 175
92 335 175
93 288 175
79 473
297 74 229
381 71
446 444
385 260 229
157 43
303 22 229
375 165
301 52 175
364 379 229
25 13
123 395
500 193 229
374 48
502 70
309 500 175
458 300
447 21
47 261
301 213
58 371 229
335 10 229
120 331 175
279 494 175
160 446
377 9
344 380
70 370
453 268 229
426 175 229
435 301
398 118
386 51 175
301 264 175
56 444
372 434
42 476
359 59
252 284
237 400 175
281 196 175
327 364 175
154 319 229
191 32 175
359 498 175
306 105 229
5 407
3 477
457 107
467 376 229
72 473 175
262 43 175
477 302 175
305 185
115 277
445 33
262 168
45 232 175
27 174 175
200 135 229
307 274 229
493 29
376 14
456 88
452 328
493 15
358 63 229
133 284 229
466 91 229
500 189 175
175 3
202 219 229
35 28 229
476 439 175
429 92 229
18 363 175
420 22
395 253
486 194
198 327 229
156 101 229
207 339
169 488 175
78 490
88 31 229
5 78 175
403 73
89 491
426 113 229
464 463 229
200 458
485 31
347 145
169 469
9 455
500 149 175
386 344
353 79
449 214 175
186 213 175
146 393 175
425 208 175
440 6
264 245 229
446 16
473 313
99 199
412 29 229
410 2
46 329 229
91 325
416 75 229
101 200 229
68 203 229
38 411 175
72 318
162 395 175
220 89 175
20 500
8 410
190 270
49 127
66 390
172 185 175
6 436
419 19
57 429
493 169
245 70 229
72 313 229
99 473
33 473
280 312
438 307 175
497 3
79 394 229
417 197
471 88 175
168 74
497 411
43 459
301 426 175
14 448
32 253 175
460 399 175
244 245 229
225 319
386 299 229
152 231 229
315 221
279 22 175
161 106 175
404 290
252 396
15 503
310 463 229
466 493 229
310 395 175
238 43 229
332 453 229
127 470 175
482 456
286 124
423 324 229
98 480
326 289 229
138 381 229
179 475
360 458
96 359 229
412 445 229
325 199
350 30
5 332 229
85 426 175
164 372
494 38
144 272
464 254
224 321 175
340 360
188 420
434 70
22 117 175
172 496
399 417
418 23 229
464 279 229
425 302 229
498 269 175
22 287 175
269 203
421 318 229
380 332
349 443
375 380 175
172 333 175
205 459
428 415 229
241 7
34 485 175
259 174 175
122 499 229
195 120 229
278 302
376 227 229
143 117
475 13
312 14
470 6
279 496 229
299 436 175
252 305 229
257 73
491 474 175
370 181 175
2 311 229
381 448 175
293 300 175
222 229 229
184 239 175
208 214
129 497
271 306 229
271 81
408 8
76 181 229
173 218 229
215 106 175
472 44
438 504
460 19 175
51 332 175
54 494
8 194
1 481
97 424 175
106 167 175
377 317
94 341 175
347 420 175
85 347
50 137 175
70 55 175
225 272 229
374 234
406 344
92 201 229
166 106
10 376
246 11 175
130 315 229
437 17
286 215 229
17 250 175
152 477 229
116 81 175
158 473 175
14 358
450 273 175
368 156
484 30
7 417
87 337
281 184 229
111 110 229
336 363 175
407 304 229
9 293
172 9 175
176 486
236 73 229
7 489
172 7 175
388 346
288 38
100 421 229
51 85
110 232
488 203 175
301 131
229 489
65 355
412 276
207 62 175
401 97
13 395
205 501
441 213
76 29 175
28 392
3 252 175
15 483
417 258 229
369 362 175
271 336 175
127 428 175
200 313 229
196 422
149 40 229
477 120 229
18 199 175
44 426
273 98 175
444 3 229
495 87
12 410
262 343 229
443 242 229
285 457
25 361
430 308
194 167 175
458 324
142 330
462 325 175
90 394
40 314
293 310 229
44 159 175
474 231 175
33 52 175
82 367 229
463 31
384 76
32 502
43 6 229
92 151 175
10 237 175
58 429 175
50 502
303 133
270 175 175
490 120
315 377
311 373
97 483
503 9
386 374
68 299 229
408 181 175
44 460
350 331 229
176 10
412 193 229
81 384 229
97 248 229
83 427
364 117 175
261 312 175
389 254 229
310 149 229
86 116
180 315 229
78 29 175
203 198 175
29 85
376 118
492 28
393 456 229
5 356 229
262 146
218 212
493 187
156 233 175
394 70
373 322 175
121 490 175
315 445
414 56
271 496 175
244 239 175
357 498 229
128 212
495 491
76 241 229
96 24
383 346 175
401 406 229
171 66 175
124 126
287 142 175
498 242
502 16
80 495 175
213 335
417 15
34 417 175
101 254 175
469 470 175
24 478
202 180
252 232
104 380
457 308 175
370 2
103 397
86 173 175
136 4
381 161
298 187 175
406 261 175
283 206 175
376 125 175
331 400 229
458 21 175
488 307 229
395 372 175
48 157 175
198 185 175
44 151 229
412 478
5 374 229
489 26 175
116 150
283 327
439 193
208 467 229
180 421 229
5 12 175
26 286
248 11 229
2 504
297 360 229
225 349
155 484 229
302 152
16 484
467 298 175
500 42
381 372 175
26 460
220 363 175
67 217
443 170 175
275 250 175
421 254 175
490 418
433 258 229
30 460
60 493 229
293 376 175
51 464 229
374 38
361 499
254 375 175
308 275 229
372 213 229
87 284 175
277 210 229
388 390
231 35
59 337
179 292 175
270 109 175
191 337
319 504 229
49 455
413 451
109 486 175
242 426
173 491
380 320
358 145 229
140 135 229
166 221 229
36 135 175
10 498
76 484
104 285 175
385 263
443 396 175
404 178
96 223 229
105 265
376 74
76 31 175
132 231 229
466 216
478 6
232 117 229
323 62 229
151 417
176 329 175
37 94 229
28 440
283 204 229
203 221
40 311 175
378 8
384 188
262 409 175
457 179
304 411 229
126 494
248 311 229
225 210 229
434 443 229
229 152 175
289 290 229
75 449
67 57
68 5 229
422 5 175
499 13
294 79 175
355 60 229
484 223 229
306 144
462 415 229
229 381
9 373
497 270 175
166 36
385 224 229
337 85
164 177 229
169 172 229
57 68 175
387 434 175
156 251 229
98 108
494 70
476 171 229
231 354 175
411 229
126 496
266 309 229
142 74
147 107
135 316 175
59 312 229
101 424 175
502 432
444 421 229
11 63
427 146 175
284 93 229
493 171
149 468 175
76 491 175
345 246 175
8 189 229
216 161 229
33 485
36 289 175
173 300 175
220 15 175
166 422
20 102
81 316 229
78 171 229
459 23
157 332 229
377 431
76 41 175
266 5 229
109 347
467 59
374 315 229
11 471
333 112 175
84 279 229
301 218 229
368 233 229
274 26
438 431 175
499 245
437 2 175
356 237 229
425 262 229
383 310 175
75 494 175
82 450
276 34
14 485 175
497 31
129 190 175
312 65 175
297 36 229
90 179 229
80 241 229
174 216
434 71 175
102 304
131 52 229
66 442
475 118 229
482 481 229
494 12
201 417
115 235
362 193 229
241 18 229
383 151
107 100 229
225 425
361 416 229
317 113
185 285
245 286 175
12 343 229
36 478
483 99
216 73 175
450 190
45 333
306 222
9 478 229
363 210 229
39 269
423 431
173 220 229
322 67 175
428 182
181 470 175
400 260
213 140 229
398 481 175
190 95 175
399 500 175
300 63 175
141 124 229
409 265
248 85 175
411 369
72 99 229
205 13
482 366
307 225
149 30 175
110 437 175
449 238 229
370 62
280 81 229
329 314 175
222 417 229
55 102 175
313 132 175
494 8
351 499
176 263 229
437 178 175
303 191
23 499
181 275
373 236 175
451 482 229
283 311
61 467
11 13
353 46 175
130 192
183 278 175
32 379 175
464 241 175
203 227
456 107 229
96 304
184 418
421 279
270 421 229
394 60
36 123 175
21 355
338 20
270 491 175
39 455
214 221 175
160 92
448 312
223 354 175
412 246
107 493
316 67 229
296 497 175
71 219
289 50 229
293 392 175
82 139 175
123 464 175
81 469
471 55
381 21
367 184 175
277 422 229
345 79
445 116 175
337 332 229
322 445 175
135 130 175
203 400 229
43 112 229
408 137 175
345 289
231 348 175
238 499 229
433 126 175
284 287 229
199 503
278 57 229
135 400 229
47 439
303 140 229
58 311 229
366 251 175
464 264
342 379 175
291 438 229
320 198
261 242 175
480 128
153 454 175
142 309 229
183 126 175
355 214 229
502 395 229
262 87 229
398 353 229
133 278 175
219 56 229
418 277 229
26 253 175
258 15 229
449 367
292 291 229
130 51 175
432 67 175
425 82 175
469 53
269 359
52 469 175
329 224 175
253 152 229
112 453 229
375 141
395 254 229
258 374
6 452
321 38 229
267 495
160 265 229
45 234 175
32 185 175
306 388
14 193 229
174 293 175
373 154 175
3 28 229
374 305 175
16 171 229
376 253 229
300 57 175
230 257 175
453 11
293 282 229
98 323 175
389 191
500 277 229
3 284 175
264 438
459 376 229
42 403 175
252 54
8 146
223 485
324 297 175
486 76
70 23 175
51 104 229
69 412 175
261 354 175
360 50
153 36 175
453 201
412 91 175
114 237 175
102 25 229
477 100 175
25 499
153 500 229
352 101 175
88 7 175
436 473 175
325 338 229
400 83 229
352 69 229
219 196 229
60 258
452 8
162 479 229
359 317
359 21
430 460
322 153 229
81 454 175
192 303 229
20 370
362 213 175
67 480 175
283 157
496 12
238 495 229
28 328
407 218 229
392 227 175
44 402
57 255
445 470 175
179 352 175
57 14 175
309 458 175
113 274 229
492 24
29 277
366 223 175
473 9
488 4
318 25 175
487 7
277 368 175
116 134
373 8 175
191 350 229
285 142 229
416 435 229
482 44
20 363 229
287 36 175
467 35
101 339
299 218 175
53 409
49 180 229
177 36 175
88 69 229
72 423 175
503 306 229
20 170
366 48
176 349 229
266 37 229
40 85 229
18 219 229
467 386 175
289 454 229
197 339
278 217 229
466 398
261 172 229
90 392
205 440 175
160 291 229
8 406
120 203 175
113 222 175
487 151
196 221 229
138 471 175
457 315
310 14
242 148
451 428 175
140 119 175
275 15
235 3
417 65
124 215 175
44 396
102 471 175
329 79
230 309 229
381 341
407 51
354 277 229
15 337
33 96 229
148 63 229
169 186 175
464 172
50 438
93 399
287 310 175
85 84 229
79 488 229
366 105 175
490 65 175
20 197 175
349 284 175
491 181
15 48 229
86 312
295 1
393 194 175
376 379 175
13 503
34 396
375 267
228 429 229
493 101
111 321
3 443
428 441 175
285 376 175
432 150
504 207 229
402 213 175
164 381 175
452 121 175
156 51 175
16 363 175
487 139
21 369
474 493 229
115 41
15 276 175
64 240
154 93 229
15 342 229
89 238 229
389 276 229
406 211 175
485 115
11 443
400 126
186 392
189 343
173 216 175
273 47
439 167
489 10 175
3 323
35 314 175
390 70
153 167
97 110 175
32 150
469 488 175
282 257 175
135 344 229
7 448 175
456 494
345 15
173 72 175
123 468 229
5 485
241 40 229
30 85 229
54 262
165 321
464 209 175
125 500 175
504 54
226 136
443 354 175
39 200 175
12 127 175
295 289
209 78 175
480 130
238 117 175
302 40
186 303 175
503 39
87 323
63 428 229
407 466 175
130 290
390 503 229
172 394
77 346 175
203 351
307 185
303 475
219 73
14 374
237 4 229
379 484 229
31 40 229
11 493
19 495
34 56
425 288 229
257 69
136 315 175
254 446
86 454
289 142 229
114 209 229
485 47
357 106 175
448 91 229
184 220
66 181 229
291 313
354 251 175
414 420
33 196 229
439 3
15 477
460 401 229
280 433 229
463 288 175
174 443 175
19 459
2 415 229
287 244 175
225 472 175
57 463
243 116 175
477 20 229
311 30 175
136 199 175
80 209 175
88 445 175
267 211
357 460 229
28 131 175
412 75 175
163 450 175
10 410
438 403 229
64 422
121 500 229
6 468
127 291
53 359
59 474 229
417 67
422 189 229
263 497
306 415 175
138 249 229
15 78 175
447 500 175
194 57 229
266 325 229
333 260 229
346 78
89 494 229
235 344 175
133 249
37 396 175
376 494
228 93 175
139 418 175
457 189
445 431
438 122
423 257
45 445
342 176
40 500
325 244 175
43 28 229
53 86 229
306 185 229
474 94
155 20 175
179 264 229
307 363
431 21
364 241 175
242 447 175
257 458 175
231 88 229
261 276 175
14 192
115 502 229
63 447
323 211
46 137 229
503 155
69 434 229
122 450
406 240
49 236 175
199 104 229
419 474 175
487 416 175
2 231 229
218 449 229
243 26 175
290 411 229
131 50 229
250 133 229
409 105
137 414 229
485 62 229
300 471 229
360 398
269 489
477 364 175
450 359 175
55 501
31 267
340 333 229
224 36
34 187 175
28 39 175
307 186 229
501 193
138 92
500 220
489 1
107 499
247 433
121 329
42 502
37 56 175
400 225 175
435 37
99 168 175
421 97
113 469
243 362 229
68 75 229
288 165 175
379 13
93 491
335 334 229
104 156
424 208
430 266
72 494
84 1 175
13 27
376 184
425 497
186 323 229
12 9 229
477 35
174 305 175
413 65
493 3
426 332
5 493
271 390 229
412 105 229
108 13 229
439 134 229
356 433 229
105 255
234 52
412 208
397 486 175
213 392 229
122 252
185 397
248 214
240 289 229
102 184
208 55 229
296 499 229
8 52
273 132 229
460 315 229
157 258 175
57 118 175
438 301 175
298 363 229
321 16 229
22 301 175
383 288 175
394 96
482 76
247 396 175
493 85
227 487
366 65 175
297 256 175
384 331 229
501 336 175
138 91 175
435 196 229
374 112
500 401 229
434 423 229
138 345 175
72 221 229
372 251 229
67 234 175
1 437
407 416 229
374 295 175
344 133 229
307 494 229
453 48 175
407 213
91 404 175
119 59
328 285 229
44 421 175
239 486 175
70 476
15 3
469 188 175
158 39 229
338 131 175
270 353 229
415 230 229
330 135 229
315 145
28 444
497 7
396 239 175
156 484
120 293 229
306 269 175
474 198
66 435 229
281 102 229
120 278
161 284 175
175 379
488 175 229
324 425 229
380 186
413 502 175
502 420
372 14
299 268 229
447 294 175
467 29
490 261 175
502 357 175
445 39
16 7 175
299 384 229
364 313 229
90 331 229
366 11 175
345 32 229
340 173 229
249 496 229
182 234
335 49
227 158 229
78 149 229
342 138
64 369 229
232 157 175
499 6 175
15 416 229
49 232 175
282 139 175
172 381 229
113 414 175
126 373 175
108 141 175
89 418 229
494 102
150 185 175
255 335
174 146
42 65 175
117 383
446 266
13 51
242 286
311 490 175
165 108 175
383 167
53 442 229
339 83
112 426
57 448 175
106 373 175
465 444 175
489 68 175
188 460
423 386 175
346 196
333 414 229
450 95 229
472 108
63 478 229
16 498
306 447 229
127 500 175
267 357
337 136 175
259 158 229
124 206
65 445
145 411
99 453
149 356 175
167 430 229
326 213 175
88 215 229
11 378 229
292 342
200 360
314 325 229
80 470
349 133
190 107 175
305 238 175
459 67
308 492
502 22
173 402 175
159 210 229
173 188 229
305 56 175
384 497 175
208 379 175
441 472 175
171 328 175
81 354 175
77 440 229
356 376
394 130
222 435 229
484 273 229
341 454 229
158 478
303 117
427 304 175
454 20
492 6
157 290 229
396 114
294 269 175
79 400 175
74 331 175
367 218 175
496 14
50 299 175
427 220 229
156 234
365 232 229
434 465 229
95 333
240 155 229
435 288 175
28 289 229
486 273 229
371 46 229
133 354 175
425 476 229
487 235
192 397 175
433 379
419 67
89 439
298 30
302 494
309 9
215 25
374 42
151 332 229
151 482 175
190 16
246 481 229
13 64 175
373 328 229
370 64
248 232
476 456
396 407 229
212 316
43 64 229
119 477
494 14
211 480 175
66 362
382 97 175
440 184
158 344
412 61 175
196 285 229
284 311 229
20 459 175
214 22
472 233 229
355 71
468 117 229
320 59 229
