102
180 182
172 174
164 166
158 160
136 138
124 126
112 114
108 110
100 102
72 74
50 52
40 42
34 36
22 24
18 20
4 6
184 186
186 188
208 210
214 216
224 226
238 240
248 250
254 256
260 262
272 274
278 280
284 286
286 288
302 304
310 312
318 320
326 328
336 338
344 346
348 350
362 364
372 374
376 378
382 384
392 394
400 402
408 410
418 420
420 422
430 432
442 444
454 456
458 460
466 468
468 470
474 476
488 490
175 177
167 169
161 163
153 155
137 139
127 129
123 125
117 119
113 115
103 105
101 103
97 99
89 91
81 83
57 59
49 51
45 47
41 43
21 23
181 183
203 205
207 209
217 219
227 229
241 243
249 251
257 259
271 273
283 285
293 295
305 307
315 317
331 333
345 347
351 353
359 361
369 371
375 377
385 387
395 397
407 409
411 413
415 417
431 433
439 441
455 457
461 463
473 475
479 481
