360 3761 187 307
265 66 187
95 34 307
57 166 307
105 156 307
45 5
2 181 187
338 269 187
171 312 187
7 5
343 292 187
20 175 187
79 59
337 344 187
187 160 187
265 158 187
38 106
305 291
351 353
271 230 307
118 89 187
127 230 187
89 298 187
172 63 307
204 199 187
75 252 187
321 360 307
278 35 187
92 5 307
306 279 307
281 282 307
215 286 307
345 271
98 55 307
126 124
137 234 307
34 261 187
101 354 307
50 289 187
179 260 307
179 131
231 26 187
213 348 307
55 19
10 355 307
331 106 187
345 268 187
305 223
136 87 307
65 164 187
9 82 187
343 180 187
315 251
327 262 307
77 56 307
66 191 307
225 348 307
244 230
105 340 307
259 229
281 178 307
250 29 307
318 59 307
33 46 307
174 359 187
268 21 307
10 305 187
154 189 307
224 190
226 296
231 212 307
287 186 307
173 262 307
238 192
93 11
267 305
67 100 307
329 166 187
281 62 307
152 279 307
175 326 307
283 231
37 27
172 240
323 258 187
321 128 187
308 1 187
340 113 307
128 341 187
256 95 187
108 355 307
358 99 307
122 301 187
1 14 307
212 63 307
123 306 307
95 164 307
241 304 187
244 212
94 64
108 134
58 22
251 319
205 50 307
79 107
252 277 307
97 114 307
267 262 307
355 124 307
341 288 307
136 295 187
297 325
226 93 187
239 317
205 192 187
265 293
243 78 307
223 284 307
50 5 187
288 67 307
218 268
292 283 307
194 351 307
330 267 187
114 48
1 298 307
338 65 307
58 65 187
207 139
141 260 187
107 57
323 162 187
247 194 187
191 138 187
128 50
347 200 307
163 120 307
148 204
287 156 187
190 207 187
297 249
197 124 307
338 313 307
290 210
171 186 187
8 46
320 61 187
15 10 307
69 112 307
28 111 307
334 149 187
98 211 307
58 313 187
114 163 187
202 123 307
82 299 307
46 86
287 313
348 355 307
224 243 187
294 297 307
43 81
60 195 187
301 314 187
356 348
232 166
38 124
172 180
255 195
152 195 307
86 157 307
142 11 187
125 153
103 145
187 249
254 294
337 72 187
97 112 307
3 192 187
151 216 187
127 149
49 284 307
27 278 307
325 330 307
137 224 187
211 154 307
104 94
267 58 307
58 105 307
187 8 187
305 285
196 295 307
104 28
40 189 307
28 243 307
338 335 187
54 29 307
132 39 187
150 207 307
280 300
26 16
86 289 187
258 279 187
266 212
259 225
277 201
267 316 187
234 300
200 345 307
109 224 187
219 126 307
115 30 187
89 90 187
6 56
47 304 187
201 178 307
144 293 307
318 331 307
305 328 187
144 237 187
113 105
189 298 307
295 297
228 145 187
264 315 307
245 325
76 108
25 95
63 194 307
27 184 307
318 119 187
282 283 307
202 224
30 189 307
195 220 307
306 282
283 357
269 336 307
226 246
304 73 187
83 328 307
73 74 307
60 93 307
272 167 307
252 155 187
153 170 307
58 303 187
222 152
195 204 187
73 136 187
304 317 187
234 349 187
198 311 307
91 256 307
96 126
344 159 187
252 304
215 176 307
246 178
99 12 307
139 77
153 169
108 85 187
56 123 307
297 273
210 249 187
287 275
288 167 187
174 100
301 319
43 248 187
86 91 187
275 50 187
209 62 187
151 217
47 234 187
204 254
341 96 187
71 5
186 71 307
25 174 187
233 152 187
118 96
263 322 307
274 291 187
271 116 307
42 102
162 99 187
325 253
93 290 307
255 224 187
213 203
326 294
266 328
163 86 187
18 353 187
342 119 187
138 150
76 189 187
231 54 307
203 173
190 121 307
6 19 187
70 71 187
118 169 187
336 279 307
247 256 307
288 105 187
24 70
167 340 307
226 237 187
12 337 307
46 38
61 300 187
158 225 187
262 225 307
357 338 187
170 295 307
177 218 307
24 1 307
188 355 187
321 210 307
203 116 187
155 73
210 209 187
274 297 307
30 281 187
353 252 307
213 110 187
235 207
159 166 187
150 131 187
161 237
260 35 187
128 130
102 167 187
132 141 307
40 247 307
223 208 307
332 297 187
69 61
325 38 307
171 130 187
169 135
267 84 307
230 191 307
209 293
337 224 307
232 65 307
158 61 307
156 166
236 97 187
41 86 307
337 319
205 233
213 86 187
260 13 187
71 286 307
295 231
110 164
319 204 187
346 335 307
157 223
209 187
54 275 187
279 30 307
359 338 187
335 168 187
91 266 187
105 332 187
303 92 187
25 158 187
192 47 307
207 192 307
350 163 187
37 282 187
240 198
282 296
183 107
150 43 307
54 104
23 334 307
94 117 307
112 80
261 319
7 284 307
111 214 187
158 37 307
171 108 187
351 156 187
8 109 187
119 189
66 271 187
214 268
240 156
230 282
225 285
121 197
175 12 307
118 162
205 140 187
292 173 187
272 41 307
82 45 307
322 195 307
218 292
338 356
350 149 307
23 60 187
251 317
286 53 307
283 208 187
307 264 307
14 90
246 93 187
165 200 187
294 287 307
183 223
219 205
85 171
357 242 307
347 66 187
186 289 307
35 292 307
77 312 187
33 308 187
93 154 307
137 54 187
180 142
1 26 307
127 87
200 149 187
282 11 187
249 170 187
336 275 307
358 201 307
86 119 187
54 291 307
55 99
328 187 307
142 311 187
246 287 187
128 190
30 68
183 109
296 237 187
311 172 187
58 61 307
58 207 187
320 239 187
212 296
239 68 307
228 148
288 329 187
254 185 307
109 187
124 139 307
273 233
250 238
218 146
338 155 307
213 216 307
297 290 187
144 146
229 192 187
266 95 187
270 3 187
117 4 307
289 218 307
209 276 187
307 238 307
113 57
251 328 187
163 64 187
343 158 187
170 337 307
131 92 187
285 231
40 1 307
190 147 307
145 290 187
355 208 187
261 152 187
123 336 307
334 257 307
73 30 307
94 319 307
290 343 187
137 211
26 95 307
305 277
64 65 187
86 231 307
237 38 307
66 141 307
72 18
49 280 187
117 191
273 321
208 343 307
60 151 187
288 266
213 137
252 309 187
85 204 187
311 84 307
39 76 307
247 258 307
147 205
106 144
150 95 307
95 79
301 84 307
284 165 187
348 354
113 348 307
214 128
173 249
44 275 307
100 11 187
64 139 307
151 356 187
308 258
180 355 187
161 111
276 240
233 276 307
92 53 187
223 265
191 292 307
68 287 187
192 233 187
132 137 187
49 32 187
284 151 187
115 334 187
21 70 307
328 73 187
304 157 307
64 223 187
261 243
15 92 187
356 1 187
277 239
240 297 307
252 254
132 145 307
6 87 187
14 59 187
102 271 187
244 298
150 220
284 127 187
296 224
199 139
241 167
231 222 307
148 331 307
105 151
28 71 187
294 1 187
283 297
303 283
192 67 307
19 140 307
39 126 187
68 95 187
75 290 187
259 217
268 105 307
234 288
328 27 187
289 154 307
67 134 187
335 259
254 269 307
312 255 307
186 185 187
349 190 307
309 140 187
197 306 307
154 109 187
69 180 307
163 16 307
304 242
214 23 187
182 351 307
21 198 307
126 55 307
195 224 187
206 190
129 220 187
43 68 187
64 28
125 330 307
135 264 187
213 156 307
156 87 187
158 148
232 270
357 208 187
5 224 307
265 261
259 304 307
143 133
19 282 307
349 6 187
186 69 307
223 132 307
104 128
162 248
239 272 187
263 290 187
275 219
15 344 307
49 105
67 234 307
328 129 307
214 235 187
21 318 187
25 274 187
249 122 307
130 299 187
195 159
298 264
348 352
183 224 187
294 300
120 291 187
23 234 187
141 150 307
220 255 187
19 202 187
253 241
178 357 187
335 358 307
36 49 187
14 96
164 93 307
175 30 187
214 190
239 231
256 325 187
244 164
282 89 187
89 106 307
132 186
249 284 187
280 302
346 357 307
98 13 307
218 232
27 78 307
6 51 187
50 70
350 183 187
101 226 307
204 281 187
251 218 307
179 354 187
113 164 187
74 275 187
105 146 187
150 84
210 189 307
252 337 307
26 68
12 145 187
162 154
172 309 187
211 152 307
328 291 307
4 133 187
248 190
90 24
265 198 187
172 349 187
26 73 307
100 20
326 273 307
122 92
311 355
191 187
351 4 187
275 315
108 13 307
309 355
69 172 187
332 302
42 263 187
355 303
24 271 307
41 22 307
304 87 307
123 136 307
70 112
104 205 307
78 119 307
92 301 187
127 246 307
141 112 307
188 305 307
51 115
84 37 187
297 267
111 149
285 360 307
62 1 187
81 20 307
138 11 307
100 72
6 82
158 95 187
117 85
121 16 307
151 73
288 286
149 91
207 287
98 185 187
194 329 307
346 332
131 134 187
310 262
70 321 307
44 8
138 117 307
47 142 307
120 19 187
232 67 187
269 4 307
61 19
351 359
238 201 307
217 212 187
19 256 187
103 84 187
56 131 307
293 282 307
1 22 307
321 243
242 141 187
52 103 307
333 283
252 349 187
189 304 187
172 242
61 228 187
210 111 187
16 233 187
305 281
59 82 307
288 304
298 288
288 57 307
199 218 187
103 232 307
142 78
75 188 307
189 18 307
219 273
128 19 307
5 258 187
149 79
52 69 187
224 265 307
233 144 187
105 117
84 207 187
203 265
295 186 187
81 62 187
87 244 187
71 88 187
312 254
142 152
342 225 187
124 261 307
153 216 307
62 207 187
193 246 307
103 120 307
102 39 187
172 163 187
180 212
31 118 307
27 46 187
128 186
311 345
185 334 187
235 22 307
264 332
20 341 187
111 178 307
347 80 187
22 93 187
108 44
69 57
258 237 307
296 259 187
164 119 307
82 48
102 85 187
17 254 187
244 328
129 77
127 354 187
87 172 307
185 276 187
171 235
138 88
157 360 307
154 86
193 156 307
327 352 307
256 280
60 25 307
305 244 307
150 171 187
285 268 307
292 207 187
101 134 187
154 157 307
114 301 307
122 307 307
234 41 187
159 22 307
3 47
52 83 307
75 338 187
173 146 307
14 28
24 187 307
165 223
177 272 307
2 171 307
207 254 307
64 295 187
130 66
259 138 307
146 189 187
161 181
169 184 307
213 258 187
253 332 307
207 263
224 198
320 357 187
141 76 187
341 206 187
3 280 307
321 150 307
161 136 187
140 145 307
43 77
300 237 307
216 157 307
140 233 187
340 5 307
124 108
146 9 187
321 283
32 100
239 140 187
117 350 187
136 127 307
283 36 187
252 241 307
177 130 307
242 217 187
61 230 307
35 85
264 19 187
122 84
198 93 307
107 360 187
115 153
355 250 187
231 281
256 133 187
116 72
98 215 187
275 272 187
325 357
234 294
152 321 307
54 293 187
215 100 187
288 155 307
205 48 187
340 223 187
359 330 187
214 347 307
249 8 187
224 35 187
275 245
315 160 187
213 202 307
23 304 307
281 308 307
246 171 307
45 166 307
186 277 187
52 122
257 283
185 230 187
280 321 307
146 98
137 98 307
69 88 187
299 307
194 122
328 254
74 78
125 95
118 241 187
88 43 307
85 1
113 76 307
122 152
313 74 187
260 71 307
297 218 187
173 224 307
201 302 307
28 161 187
89 92 187
16 109 187
157 20 187
122 148
134 119 187
313 36 187
334 250
89 326 307
53 194 187
112 81 307
224 11 307
276 213 187
92 235 187
10 2
262 300
335 303
262 341 307
320 249 307
43 20 307
210 299 307
273 108 187
316 352
183 336 187
318 87 187
157 52 307
283 92 187
196 172
46 201 187
86 245 187
291 184 187
99 78 187
249 209
20 169 187
60 108
223 228 307
204 275 307
162 5 307
116 37 307
93 160 307
226 87 307
267 322 187
126 188
229 28 187
164 245 307
292 258
80 73 187
169 18 187
235 321
193 188 187
219 268 307
315 253
63 127
288 313 307
67 358 307
130 209 187
143 170 187
135 213
104 48
26 157 187
314 348
187 72 187
100 183 187
144 87 187
342 294
348 327 307
168 90
171 168 307
301 46 187
353 276 187
87 101
26 149 307
227 60 307
318 99 187
90 317 307
44 217 307
34 18
276 239 307
228 185 187
323 286 187
230 69 307
319 356 187
101 316 187
307 62 187
24 20
224 51 307
123 116 187
69 17
233 295
324 263 187
20 251 307
226 159 307
116 45 187
60 157 307
189 166 187
97 113
321 188 187
215 306 187
7 196 187
97 96 187
148 9 187
164 162
113 44 307
134 327 187
200 282
209 221
71 66 187
212 250
43 21
184 137 307
113 111
187 306 187
172 217 307
197 360 307
236 188
302 235 187
292 346
187 152 187
311 178 187
285 290 307
343 267
245 132 307
117 330 307
17 43
205 24 187
200 177 307
46 143 187
160 271 187
56 128
251 62 307
91 54 187
67 170 307
135 352 187
192 268
23 310 307
105 28 307
173 74 187
279 234 187
42 71 307
153 105
73 324 307
301 351
236 168
116 191 307
275 297
314 334
178 242
344 153 307
80 6
126 56
27 84 307
83 294 187
237 218 307
132 277 187
177 239
118 116
97 86 187
115 195
261 156 307
92 32
69 130 187
213 288 307
148 182
235 149
225 256 187
345 290 187
168 92
197 127
128 347 187
33 30 187
174 197 307
248 184
286 105 187
77 119
202 264
181 74 307
113 342 307
185 197
239 220 307
159 225
83 11
107 23
168 225 307
287 331
128 325 307
220 226
225 334 307
30 54
76 261 187
352 223 187
121 199
138 69 307
314 256
137 100 307
288 267 307
293 343
344 229 187
320 353 307
323 292 307
171 129
182 266
276 51 187
162 141 187
118 23 187
223 130 187
182 339 187
285 4 307
148 159 187
34 149 187
315 333
329 332 187
65 272 187
280 249 187
25 226 187
49 25
229 301
318 310
189 134 307
41 148 187
156 91 307
127 250 307
117 109
267 56 307
78 105 307
172 129 187
326 77 187
258 306
54 61 187
207 195
269 247
158 190
25 80 307
46 20
11 45
16 45 307
144 351 187
110 196
264 328
35 290 187
226 245 307
327 116 307
70 127 307
188 297 307
106 285 307
256 180
138 79 307
164 73 187
314 270
207 253
103 152 187
180 53 187
338 211 307
21 300 187
202 210
195 136 307
85 135
295 88 307
155 105
234 153 307
100 285 307
166 111 307
336 251 307
132 64
172 138
217 283
215 177
47 210 307
177 158 187
207 286 307
6 323 187
260 131 307
102 68
18 109 187
53 256 307
198 271 307
99 113
193 70 187
276 220
122 251 307
318 167 307
68 76
223 168 187
291 238 307
136 173 187
353 194 187
17 276 307
310 307 187
187 175
128 140
169 148 187
281 322 307
173 210 307
154 238
47 52 187
294 331 307
271 124 307
334 297 307
68 219 307
133 360 187
283 222 307
32 215 187
162 147 307
145 59
346 147 307
228 310
210 208
27 248 307
178 238
279 249
131 197
86 142
44 79 307
204 126
49 73
7 242 187
150 228
142 219 307
241 146 187
312 125 187
282 225 307
136 15 187
141 324 307
7 75
121 49
83 278 307
138 219 307
290 309 187
312 230
62 171 307
95 332 307
239 180 307
335 24 187
98 345 307
330 316
214 152
26 14
105 134 307
78 40
236 318
37 81
333 164 307
320 253 307
105 338 187
107 51
114 76
219 122 187
313 319
277 354 187
227 276 187
249 298 307
144 23 187
169 68 187
264 238
279 257
133 88 307
331 300 187
114 19 307
7 268 187
182 277 307
47 350 187
264 179 187
61 108 307
58 33 307
144 138
14 209 307
180 299 307
195 141
46 359 307
219 293
312 262
138 208
137 302 187
156 127 307
180 265 307
216 123 307
225 180 307
129 126 187
296 248
78 337 307
345 234 307
314 123 187
43 78 187
191 322 187
247 218 307
13 170 307
310 356
11 68 307
354 5 307
156 337 307
357 343
95 106 307
256 169 307
101 162 307
271 34 187
351 244 187
211 116 187
216 208
128 165 187
354 344
332 183 307
180 275 187
187 263
44 301 307
309 332 307
281 197
236 71 307
70 105 187
279 338 307
198 120
90 283 307
16 165 307
122 112
114 217 187
134 143 307
212 220
335 188 187
279 148 307
26 127 307
86 4
183 119
239 299
312 272
1 350 307
70 303 307
170 349 307
89 204 187
6 209 307
21 116 307
29 118 187
2 303 307
258 181 307
324 337 307
157 232 307
183 330 187
112 139 187
175 114 187
82 134
118 73 187
310 355 307
272 153 187
131 109
305 90 307
85 182 307
253 221
190 227 307
110 134
77 63
206 193 187
184 100
165 330 307
78 124
154 333 187
267 154 307
360 97 187
328 223 307
208 345 187
201 344 307
108 30
74 347 187
139 356 187
34 85 187
75 95
135 195
3 168 307
321 116 187
327 299
125 224 187
240 162
43 10 307
140 200
352 308
335 244 307
73 292 307
260 345 307
64 319 307
356 350
342 179 187
152 153 307
41 117
29 52 307
92 339 187
161 79
240 339 307
123 208 187
219 181
295 294 307
264 282
101 228 307
112 124
243 2 307
129 186 187
357 250 307
284 272
341 313
241 272 307
273 235
31 104 307
179 224 307
52 78
180 331 187
126 92
306 252
100 108
243 350 307
316 324
18 58
10 1 187
15 206 307
36 107 307
83 26 187
298 193 187
195 114 307
163 97
147 159
9 286 307
201 110 307
84 357 307
58 349 307
133 53
65 230 187
6 153 187
164 49 307
32 313 307
75 27
19 242 307
18 45 187
239 84 307
314 325 187
303 264 187
73 149
52 205 307
196 270
135 127
253 266 187
329 316 187
331 154 307
257 177
331 214 307
264 127 307
21 256 307
219 305
109 230 187
358 71 187
2 287 187
126 64
187 102 307
38 155 307
163 34 187
52 126
65 324 187
262 230
226 351 307
58 40
354 261 307
247 219
48 297 187
157 188 187
300 245 187
162 71 187
83 71
175 105
233 258 187
135 130 187
148 285 187
220 216
231 194 307
84 29 307
36 31 187
96 125 187
135 300 187
277 46 307
258 147 307
46 191 187
303 289
301 241
357 314 187
126 148
329 290 307
100 23 307
227 287
156 206
200 265 187
21 46 307
256 324
294 327 307
160 134
237 256 187
165 42 187
98 109 307
30 5 187
103 108 307
125 296 187
330 294
206 178
345 46 187
238 199 307
265 249
238 270
122 53 307
187 316 187
95 132 187
52 117 187
52 165 307
161 140 187
259 230 187
358 143 187
246 230
289 6 187
257 132 187
110 295 307
176 258
135 2 307
146 307 187
134 156
182 150
263 162 187
3 17
145 296 307
21 124 307
197 219
290 266
238 286
307 198 187
45 302 187
130 225 187
360 357 307
104 241 307
69 44 187
72 205 187
303 126 187
342 358
3 61
43 328 307
294 335 307
263 246 187
204 230
183 241
42 339 187
138 51 187
201 275
251 286 187
151 235
303 295
58 359 307
261 254 187
175 166 307
269 347
230 300
338 322
201 240 307
31 5
228 264
274 51 307
11 180 187
237 308 307
321 94 307
274 221 187
296 281 187
339 34 187
329 34 307
206 53 307
77 148 307
276 265 187
223 243
42 323 307
330 302
225 90 187
172 189 187
126 76
233 312 307
337 242 307
307 296 187
127 64 307
217 138 307
105 27
293 295
104 209 187
17 83
177 302 307
52 137 307
89 242 307
102 35 307
18 33 307
210 279 307
117 310 187
35 282 187
13 56 187
295 247
286 183 307
24 71 307
238 61 187
36 15 307
110 150
25 322 307
97 64 307
195 274 187
219 94 307
57 23
358 304
284 340
177 98 307
311 261
279 263
141 203
347 172 307
271 136 307
167 10 187
192 126
194 120
288 270
58 153 307
262 288
14 44
101 117
10 23 307
314 55 307
32 213 307
220 266
281 298 307
306 171 307
45 61
55 272 307
39 53
121 139
293 243
79 338 187
82 47 187
96 116
49 135
69 278 187
356 59 187
46 105 307
343 271
242 261 187
319 134 187
89 48 187
195 211
250 197 187
258 224
14 345 187
340 243 307
146 65 187
218 231 307
155 121
62 115 187
107 77
221 181
236 139 187
101 19
173 140 307
160 86
313 254 307
138 247 187
267 339
73 172 307
234 5 307
171 310 187
180 223 187
225 338 187
324 264
316 236
325 134 307
108 93 307
292 291 307
346 113 307
226 177 187
272 188
227 216 187
309 200 307
128 71 307
174 220
230 123 187
50 99 187
226 27 307
135 121
139 292 307
299 320 307
326 183 307
105 344 187
298 13 187
41 260 307
265 205
193 40 307
314 311 187
255 156 187
7 37
286 252
263 142 187
154 9 307
21 162 307
252 240
130 11 307
340 330
227 30 307
98 117 187
302 309 307
211 90 307
116 243 187
275 352 307
148 55 187
115 160 307
130 134
240 81 307
324 147 307
282 99 307
319 88 307
210 117 307
222 288
186 162
78 72
66 27 187
359 349
223 316 187
93 204 307
302 336
345 248 307
300 316
320 47 187
203 162 307
167 20 307
210 201 187
182 168
203 268 187
297 278 187
61 236 187
253 24 187
218 39 187
104 160
295 283
99 76 307
51 42 307
267 126 307
252 189 187
324 261 187
267 38 307
163 348 307
113 31
243 10 187
335 342 187
71 10 187
182 141 307
357 271
114 151 187
57 36 187
14 119 187
270 199 307
261 270 307
186 148
342 319 187
270 181 307
87 344 187
308 238
170 281 187
198 331 307
180 161 187
28 273 307
285 334 187
342 159 187
244 59 307
119 129
238 316
114 46
324 300
273 355
166 165 307
268 135 307
329 30 307
329 322 187
140 7 187
305 350 187
55 26 187
57 304 307
222 183 187
140 71 187
297 289
74 269 187
120 93 307
156 100
281 301
131 73
91 324 187
301 120 187
25 242 187
251 189
174 127 187
213 251
358 203 307
240 55 307
244 147 307
43 8 307
323 138 307
40 5 187
341 232 307
301 158 187
325 295
143 316 307
197 342 307
343 144 307
188 137 187
22 203 187
201 228 187
276 45 307
113 78 187
54 68
183 243
107 46 307
90 275 187
320 203 307
213 92 307
21 10 187
250 21 307
28 102
293 44 307
270 37 307
111 186 307
34 5 187
37 332 307
219 10 307
117 236 187
312 199 307
69 154 307
148 62
122 221 307
241 186 307
292 311 307
224 59 187
276 3 307
113 210 307
272 185 307
190 289 187
179 312 307
33 176 307
254 299 187
273 209
99 167
184 199 187
56 243 187
116 181 187
147 99
220 323 187
179 189
280 252
279 112 307
360 346
66 343 187
255 309
224 259 187
22 133 187
74 147 187
55 216 187
109 123
178 105 187
323 299
220 127 187
270 260
259 185
318 251 307
142 120
276 345 307
49 102 187
351 272 187
152 124
358 1 187
243 280 187
298 195 187
86 155 187
107 232 187
107 258 187
190 156
191 204 187
325 359
186 159 187
328 357 187
321 126 307
144 98
180 230
67 120 187
109 57
65 22 187
49 127
89 354 187
314 59 187
103 154 187
233 118 307
275 320 307
105 73
175 292 187
274 293 187
9 220 307
287 72 307
144 214
228 246
196 130
347 267
29 94 307
337 178 187
259 106 307
60 85 187
267 226 307
49 128 307
315 20 187
268 157 307
8 25 307
316 83 187
96 86
104 81 187
295 128 307
48 81 187
124 193 307
192 7 187
263 12 187
212 5 307
48 119 307
95 133
312 341 307
132 291 187
347 336 307
321 332 187
12 127 307
287 124 187
315 249
225 269
327 82 307
231 241
105 16 307
262 194
86 165 307
260 327 307
185 239
63 224 307
160 317 307
312 7 307
158 191 187
139 316 307
257 267
282 187 187
96 70
344 189 187
281 233
290 294
149 232 187
183 274 307
80 323 307
344 319 307
2 77 187
192 173 307
43 310 307
123 340 307
265 209
222 166
275 197
326 199 307
165 177
47 158 307
185 14 187
245 332 307
343 341
180 309 307
96 64
313 226 187
254 336
120 110
9 6 187
356 135 187
60 24
333 30 307
166 118
31 51
20 199 307
180 35 187
187 98 307
157 132 307
286 173 307
170 23 187
113 300 187
38 94
303 180 187
343 331
193 243
193 209
135 124 307
4 127 187
288 211 187
83 108 307
287 270 187
105 290 187
328 338
191 115
159 8 307
31 268 187
115 2 187
92 49 187
311 299
250 143 187
219 281
283 94 187
316 235 187
129 158 187
304 347 307
215 225
227 157
43 50 187
127 8 307
65 334 307
343 8 187
318 83 307
354 57 187
311 176 307
352 326
151 85
172 166
147 127
19 284 187
236 355 307
152 98
10 353 187
158 257 307
103 130 187
10 78
273 4 307
314 359 187
93 72 307
310 234
64 66
193 86 307
9 232 307
176 219 307
176 157 187
90 121 187
179 296 307
181 348 187
292 308
264 111 187
132 289 187
204 220
304 327 307
116 19 187
103 26 307
173 22 187
267 295
5 312 187
206 299 307
310 209 187
316 159 187
133 48 307
39 25
235 350 307
263 227
203 257
212 23 307
288 109 187
350 173 187
11 164 307
202 182
237 207
269 329
273 198 187
171 179
355 50 307
60 243 307
236 317 187
241 257
186 198
327 72 307
252 204
47 308 307
59 278 307
43 41
54 92
96 182
220 31 307
353 66 187
188 211 187
224 127 187
343 303
335 267
186 315 307
223 309
58 333 307
192 266
262 165 307
149 122 307
283 301
328 213 307
101 138 307
238 246
300 246
117 184 187
98 103 307
251 60 307
224 248
62 249 187
153 314 187
247 175
111 155
39 204 187
121 59
127 340 307
180 129 187
15 3
279 293
174 111 307
347 285
336 301 307
127 122 307
177 174 307
141 210 187
225 244 187
147 229
95 49
291 158 307
49 358 307
146 92
208 278
235 50 187
231 88 187
122 299 307
79 220 307
160 240
65 125
179 216 187
238 205 307
255 233
244 170
97 230 187
182 231 187
177 135
208 159 307
113 50 187
193 106 187
1 25
326 298
85 94 307
197 324 307
227 314 187
317 46 307
272 231 187
145 282 187
17 294 187
273 132 187
305 256 187
26 23 307
330 248
217 226 307
250 183 187
147 268 187
230 210
9 48 187
89 338 187
332 241 187
212 87 307
112 78
291 332 307
228 51 187
199 188 187
118 75 307
27 82 307
292 324
284 200
27 228 307
94 112
106 161 307
32 118
69 64 307
58 217 307
21 87
161 286 187
114 144
207 188 187
251 293
248 210
186 125 187
16 321 187
114 196
66 261 187
183 182 307
40 197 187
331 10 307
15 93
263 248 187
223 104 307
330 323 187
165 332 307
221 301
125 74 187
10 205 187
194 118
43 40 307
249 80 307
235 304 307
105 81
214 75 307
141 358 187
39 290 307
230 25 187
313 44 187
232 235 307
153 73
225 108 187
109 254 307
241 207
329 68 307
103 346 187
214 133 307
91 268 187
111 24 187
320 347 307
83 208 307
334 298
148 277 307
15 284 187
261 48 307
166 263 187
243 289
149 80 187
20 105 187
124 175 307
223 287
283 315
173 100 307
317 32 187
198 23 307
252 253 307
68 179 187
134 73 307
109 264 307
211 266 307
167 157
5 8 307
310 351 307
97 95
302 97 187
45 115
351 330 307
228 286
272 243 187
296 9 187
41 138 307
187 157
214 127 307
360 273 307
114 353 307
88 12
281 72 307
230 321 307
353 152 307
343 196 307
280 179 187
286 277 307
176 91 187
71 124 307
41 62 187
39 47
114 237 307
220 256
69 40 187
96 82
180 118
54 112
227 214 187
159 126 307
150 243 307
95 115
39 314 307
179 201
63 106 307
246 216
115 206 307
84 249 307
45 64 307
341 291
102 193 187
67 252 187
297 214 307
124 233 307
61 132 187
207 181
185 265
172 124
320 306
171 237
296 304
124 200
103 117
331 342 307
68 31 307
143 158 187
97 171
192 341 307
180 353 307
66 41 187
37 14 307
341 198 187
9 8 307
258 268
159 193
54 8
71 99
165 124 307
199 189
41 97
291 8 187
99 26 307
123 210 187
15 39
193 195
311 166 307
104 267 187
226 251 307
305 40 187
214 53 187
285 215
175 89
327 156 187
38 104
248 229 187
360 263 307
278 346
151 38 187
141 338 307
44 86
75 54 187
292 250
117 131
170 171 307
79 210 187
158 325 187
313 294 187
70 154
357 114 187
231 76 187
350 294
184 191 307
177 348 187
70 295 187
329 86 187
255 216 307
185 245
281 12 187
210 162
172 355 187
162 115 187
100 109 187
64 303 187
237 238 187
204 154
333 170 307
316 282
241 219
248 164
24 319 307
31 63
262 141 307
359 297
74 148
169 314 307
75 284 307
279 166 307
349 20 307
120 130
138 251 187
269 252 307
108 180
106 54
269 271
157 225
359 345
173 89
189 348 307
61 122 307
38 229 307
49 38 187
206 211 307
234 206
268 284
227 300 307
52 33 187
79 69
319 154 187
108 319 187
169 352 307
55 3
62 90
268 224
42 125 187
313 269
45 41
269 188 187
119 203
134 184
322 143 187
116 279 307
8 63 307
84 127 187
81 122 187
223 306 187
236 250
259 275
317 346 307
89 99
125 63
224 274
195 118 187
21 14 307
56 177 307
197 203
221 233
241 317
338 299 307
312 346
121 161
230 143 187
324 274
24 245 187
193 227
173 190 307
250 297 187
189 116 187
178 120
354 303 187
61 186 187
338 350
345 206 187
220 258
28 15 307
160 80
31 288 187
51 288 187
322 315 307
304 89 307
184 77 307
311 200 187
77 48 187
17 7
202 23 307
187 167
65 1
316 331 187
206 133 187
45 48 187
282 95 187
304 119 307
2 59 187
52 70
153 282 187
39 136 307
112 291 187
195 175
3 260 187
92 207 307
185 324 307
12 205 187
29 5
114 39 187
195 94 307
245 66 307
80 57 187
223 54 307
44 157 307
262 37 307
303 82 187
261 275
105 184 307
267 114 307
335 82 187
96 295 307
297 80 307
218 210
65 346 307
286 57 307
136 33 187
61 166 187
320 159 307
199 219
118 187 187
62 73 187
94 158
117 149
117 298 187
193 146 307
30 28
289 124 307
8 87 187
160 309 307
261 203
343 272 187
164 86
261 110 307
157 224 307
85 130 187
50 126
145 173
77 64 187
119 264 187
169 213
146 156
264 123 307
212 165 187
231 300 307
15 250 187
121 218 307
339 82 187
228 282
261 22 307
39 226 187
277 240 187
209 316 187
112 79 307
275 4 187
180 271 307
97 296 187
239 356 307
132 129 307
309 323
345 222 187
220 235 187
177 151
87 218 187
240 309 187
21 101
194 245 307
354 297 307
109 44 307
241 181
151 185
90 47 187
128 123 187
6 183 307
222 335 187
99 81
359 295
50 165 187
242 220
68 132
110 229 307
33 116 187
231 352 307
292 93 187
210 256
334 209 187
10 155 307
35 350 187
181 179
228 304
160 21 307
139 298 307
118 182
231 242 307
83 228 307
186 141 187
270 141 187
330 336
111 133
150 136
100 339 187
129 73
63 266 187
160 197 187
341 350 307
260 180
235 307
327 24 307
241 52 187
155 173
40 317 187
18 103 307
245 243
72 231 307
315 86 187
207 12 187
23 86 187
218 132
251 307
8 217 307
107 214 187
349 120 187
41 150 307
182 15 187
360 207 187
354 51 187
337 148 307
25 302 187
268 297 187
271 304 307
359 158 187
146 162
304 278
113 92 307
4 311 307
149 280 187
135 336 187
74 54
275 354 187
178 73 307
153 139
90 144
55 78 307
97 137
252 266
185 234 187
264 234
231 186 187
113 195
316 213 187
255 206 307
57 62 307
101 81
349 332 307
267 211
18 94
134 62
171 151
192 249 187
348 259 307
214 250
2 209 187
235 311
219 166 187
244 195 307
123 282 187
215 50 307
272 251 307
185 312 307
306 29 307
211 254 307
343 275
194 226
272 211 187
126 122
323 260 307
133 155
112 257 187
95 6 187
218 15 187
7 38 307
117 204 307
184 126
127 44 187
61 80 187
32 43 187
158 55 307
208 238
150 208
305 18 307
331 242 307
265 148 307
341 271
144 190
237 326 187
190 251 307
298 219 187
33 60 307
27 124 307
282 262
129 205
17 71
351 299
237 176 307
241 12 187
11 124 187
193 248 307
113 242 187
253 8 307
233 34 187
224 75 307
192 347 307
258 167 187
184 39 307
98 106
243 161
46 79 307
168 173 307
340 107 307
90 297 307
224 257 187
91 212 307
257 311
197 52 187
5 246 187
240 25 187
86 169 187
295 98 307
148 155 187
10 317 187
49 222 307
352 270
280 15 187
115 316 187
60 303 187
75 292 307
48 13 187
137 119
262 121 187
84 42
219 262 187
2 167 307
256 39 307
180 130
127 107
127 292 187
29 82 307
5 1
77 306 187
289 48 307
238 221 307
94 146
13 308 187
155 163
286 29 187
292 193 187
202 220
261 100 307
10 113 187
255 173
185 124 187
99 332 307
117 230 307
42 78
121 336 187
209 78 187
103 133
104 167 187
190 250
260 291 187
235 210 187
114 47 307
2 29 187
351 208 187
71 55
79 182 187
6 291 307
344 332
97 244 307
60 173 187
110 349 187
183 177
289 40 187
200 243 307
203 40 307
146 72
36 64
97 300 307
164 53 307
283 197
273 313
126 323 187
9 224 307
172 357 187
145 105
45 206 307
221 68 307
43 178 187
156 185 187
219 208 187
209 156 187
100 122
162 87 307
74 127 187
332 286
335 172 187
312 307 187
150 104
249 225
266 33 187
71 184 187
221 300 187
104 61 187
337 16 187
207 129
18 157 187
42 20
233 334 307
79 139
171 120 307
210 199 187
210 15 307
289 334 307
158 17 187
273 70 187
45 270 307
163 300 187
35 77
47 298 187
103 69
235 348 307
79 84 307
151 54 187
357 302 307
329 178 187
108 104
359 114 187
25 93
300 272
123 170 307
227 78 187
251 66 187
89 17
218 261 307
54 102
51 1
137 171
80 257 307
160 102
330 260
31 103
116 329 187
27 196 307
204 91 307
181 292 187
107 240 307
293 340 187
53 67
350 123 187
294 203 187
306 268
131 126 187
266 307 187
104 319 307
40 122
273 308 307
122 142
336 151 307
175 68 307
218 49 307
114 133 187
222 306
239 243
270 233 307
300 35 307
198 291 307
63 100 187
338 253 187
337 354 307
81 134 187
95 118 187
33 232 187
226 337 187
146 160
126 277 307
78 50
202 297 307
190 192
139 185
181 44 187
7 56 307
14 29 187
40 124
107 22 307
307 52 307
96 129 187
270 133 187
242 65 307
47 99
344 285 307
311 130 187
294 296
197 166 187
319 186 187
80 163 187
158 203 307
303 184 307
1 20 187
50 305 187
306 277 307
33 218 187
350 360
285 247
240 225 307
274 352
198 295 307
153 235
53 138 307
344 300
331 112 187
191 70 187
273 190 307
178 149 307
295 272 307
154 142
126 144
328 285 307
295 74 187
224 237 307
83 152 307
22 63 307
250 155 307
9 30 187
11 254 307
131 96 187
240 190
121 67
196 174
104 98
331 186 187
278 23 307
135 77
308 293 307
97 316 307
34 51 187
33 35
254 308
240 187 187
100 163 187
110 66
109 316 307
232 345 307
47 212 187
50 177 307
114 201 187
104 287 307
244 241 187
118 66
299 158 187
197 256 187
267 201
111 91
254 182
24 103 187
208 286
95 54 307
117 143
1 66 307
24 171 187
56 163 307
49 88 307
144 72
188 159 307
289 306 307
88 343 187
339 106 307
214 181 187
161 156 187
322 328
25 43
159 64 187
189 280 187
27 36 307
235 352 187
169 253
357 72 187
320 201 307
64 297 307
53 266 187
289 291
164 125 307
153 292 307
295 358 307
218 197 307
163 20 187
203 200 187
51 106 307
83 142 187
9 79
3 314 187
202 154
277 261
210 124
100 42
7 236 307
84 265 307
337 268 187
307 241
252 264
136 174
121 103
231 312 307
203 191
37 180 307
66 75 307
282 326
59 196 307
200 155 307
223 219
18 243 307
196 227 187
170 84
164 223 187
314 267 307
105 280 187
225 270 187
318 260
254 221 307
225 254 187
258 179 187
292 179 187
28 54
233 42 307
85 126 307
328 356
307 6 307
255 275
273 202 187
259 183
93 35
168 121 187
168 189 307
271 266 187
117 200 187
161 119
333 124 187
291 176 307
262 201 307
173 201
199 62 187
128 74
122 157 187
15 234 307
310 283 307
62 235 307
225 309
7 158 307
37 101
3 68 307
279 196 307
235 38 187
99 116 187
343 200 307
233 242 187
150 97 187
290 87 307
92 96
78 158
117 35
288 107 187
212 141 187
175 258 187
221 250 307
208 280
326 45 187
196 208
288 326
318 360
355 279
106 311 307
323 317
169 104 307
354 113 307
177 153
14 231 187
233 262 187
231 120 307
123 163
151 67
148 23 187
178 345 187
4 205 187
180 196
214 294
250 39 187
235 270 307
275 309
105 140 307
282 163 307
256 57 307
29 300 187
62 130
322 87 307
90 118
133 188 187
225 273
32 165 307
46 24
110 249 187
297 34 307
125 77
337 254 187
199 268 187
154 94
267 92 187
120 47 307
78 159 187
349 345
55 354 307
200 133 187
45 94 187
285 325
212 144
42 301 307
204 287 187
82 166
213 197
48 56
147 338 307
136 134
256 260
276 71 307
360 25 307
146 196
47 73
287 249
295 44 307
85 132 187
302 181 187
137 155
26 70
156 223 187
97 154 187
128 323 187
81 120 187
308 207 187
76 131 307
301 328 187
88 297 307
4 201 187
53 238 307
113 87
173 266 187
98 329 307
28 2
143 201
290 67 307
250 69 187
188 23 187
137 53
144 297 187
28 52
92 116
83 62 307
300 346
132 123 307
341 16 187
193 274 187
33 10 187
96 138
232 113 307
135 178 187
9 60 187
88 152
351 347
331 192 187
134 118
168 53 187
241 179
259 251
147 96 187
215 144 307
31 86 187
14 82
99 97
8 303 187
76 50
305 242 187
152 133 187
18 12
277 207
206 287 187
177 20 187
151 229
51 117
30 31 187
102 30
135 104 187
181 165
146 149 187
205 175
144 102
346 225 187
51 16 187
38 58
113 290 187
35 244 187
45 60 307
227 230 307
108 172
342 360
340 358
33 214 307
202 270
133 149
290 55 187
4 271 307
263 180 307
303 254 307
61 73
263 40 307
2 99 307
160 222
103 308 187
239 14 187
181 227
127 167
88 259 187
348 211 187
239 193
248 109 187
92 37 187
84 99 187
302 243 187
152 126
85 298 187
351 307
178 271 187
52 86
176 130
165 312 187
199 239
129 246 307
82 54
340 233 307
199 176 187
212 142
9 168 307
11 140 187
265 215
7 332 187
304 3 307
95 238 307
162 275 187
314 125 187
58 21 307
5 206 187
101 30 187
166 106
206 295 187
178 35 307
98 229 187
15 106 187
84 137 187
251 177
105 356 187
84 129 187
287 144 307
24 239 307
50 49 307
305 92 307
103 56 307
218 219 307
22 67 307
180 236
276 337 307
332 25 307
264 245 187
164 255 187
126 331 307
292 314
351 334 187
157 50 307
179 202 307
165 239
77 110 307
162 103 187
104 343 307
240 129 307
305 218 187
201 336 187
149 120 307
148 168
233 245
206 61 187
350 151 187
147 84 307
220 169 187
167 90 307
256 326
293 284 307
25 338 307
226 295 307
147 230 307
106 307 187
302 259 307
232 207 307
239 176 187
88 147 187
169 264 187
223 218 307
136 183 187
51 246 307
99 29
43 34 187
339 244 187
245 26 307
320 345 307
254 101 307
234 33 307
155 167
204 243 307
118 305 307
174 33 307
100 92
288 232
346 251 307
339 68 307
260 314
289 262 187
162 309 307
184 140
215 139
43 124 187
5 48 307
143 40 307
76 54
53 188 307
261 28 307
278 287 307
231 16 307
173 236 187
112 225 307
331 253
137 214 307
67 350 307
348 137 187
85 122 307
156 55 187
204 309 307
26 61 307
298 63 187
40 113 187
12 291 187
46 66
163 105
77 157
323 44 307
188 156
222 287 307
186 15 187
161 200 187
61 232 307
1 88 187
124 285 307
136 58
115 66 307
36 95 187
2 163 187
40 28
246 85 307
191 328 187
328 235 187
175 97
228 296
360 1 307
316 175 187
26 349 307
330 197 187
21 280 187
117 344 307
354 115 187
32 54
81 107
194 274
313 328 187
50 159 187
21 260 187
333 196 187
86 20
203 16 187
179 176 187
208 295 307
19 16 307
57 176 187
219 110 187
40 235 307
100 151 187
34 88
201 200 307
311 110 187
21 232 187
62 146
17 302 187
189 312 187
131 210 187
227 165
284 346
204 125 187
209 50 187
21 278 307
190 184
182 160
76 140
159 106 307
48 331 187
11 196 307
82 89 307
325 214 187
15 294 307
102 156
61 119
309 354 307
26 357 187
347 84 307
108 227 307
322 252
26 155 187
92 71 187
96 114
209 206 187
235 116 307
4 48
233 293
20 249 307
270 244
208 236
70 146
218 45 187
356 109 307
272 81 187
143 286 187
143 164 187
170 17 187
35 78 307
247 224 307
2 131 307
209 298 307
257 195
171 173
146 61 307
111 228 307
239 210 307
317 158 307
94 31 187
290 310
311 247
225 222 307
241 160 187
161 280 187
22 125 307
92 19 307
188 317 307
207 135
78 36
346 125 187
166 233 187
162 353 307
260 242
89 8 187
175 135
156 305 187
223 195
224 343 307
111 95
249 202 187
354 345 307
131 50 187
88 122
1 13
308 147 187
44 17 187
353 357
119 49
239 230 307
37 91
176 229 307
174 349 187
325 68 187
225 311
60 32
90 88
192 191 307
123 262 187
107 54 187
124 194
358 41 307
311 290 187
56 32
315 243
104 100
224 77 307
69 6 187
20 60
338 254
84 329 307
191 271
319 146 307
305 48 187
110 54
278 210
153 166 187
202 208
78 291 307
137 270 307
255 315
152 128
13 348 187
242 273 307
1 71
360 294
77 216 307
38 72
311 188 307
107 206 187
164 317 307
317 112 187
136 104
57 342 307
330 299 307
352 145 307
44 359 187
279 247
348 326
242 174
310 129 307
275 218 307
26 265 187
227 156 307
55 324 187
201 72 187
332 223 187
81 72 307
75 294 187
93 132 307
30 323 307
73 84 307
276 61 187
200 168
304 336
189 42 187
139 183
260 326
260 167 187
37 304 187
256 9 307
243 92 307
341 276 307
82 189 307
64 25 187
327 154 307
14 279 307
229 78 307
311 108 307
110 321 307
77 264 187
155 113
328 348
15 66 307
296 173 307
294 301 187
188 359 187
7 144 307
174 118
68 139 307
108 297 307
250 353 187
301 190 187
195 214 187
208 224
9 39
223 193
307 36 307
144 188
13 274 307
146 133 187
344 65 187
184 165 187
160 124
272 69 307
112 108
273 261
126 23 307
39 78 187
281 221
317 279
9 116 187
338 9 187
203 285
110 113 187
225 26 307
347 356 187
165 244 187
282 253 307
264 344
92 76
191 143
275 209
266 184
349 92 187
244 199 307
327 52 187
77 258 187
289 347
227 313
48 153 307
131 198 187
170 351 307
26 66
331 350 307
76 117 307
247 287
103 137
256 310
166 94
320 288
198 136
274 43 187
239 197
5 272 187
125 52 187
236 304
341 84 187
308 330
181 245
200 174
290 232
194 110
310 349 187
346 350
100 209 307
353 50 307
176 161 307
137 141
357 188 187
157 46 307
217 250 307
170 196
43 342 307
137 296 187
211 276 187
316 284
96 99 187
168 249 187
86 132
144 277 187
120 295 187
34 116
223 137
174 279 307
290 275 187
51 8 307
353 290 187
95 294 187
149 193
134 243 187
41 107
358 294
82 116
328 358
289 323
143 42 307
210 212
74 111 187
343 332 307
97 348 187
22 205 307
246 326
166 185 187
351 317
48 315 187
19 48 187
206 260
175 228 187
26 49 187
99 77
34 245 307
94 143 187
35 254 187
230 55 187
80 143 187
188 243 187
353 40 187
132 235 307
44 106
255 183
103 63
263 186 307
118 249 187
324 345 307
333 312 187
201 288 307
121 220 307
14 201 187
88 59 307
41 302 187
320 163 307
292 212
258 63 307
139 58 307
32 72
352 335 307
299 326 307
100 75 307
338 354
182 177 187
311 231
20 16
253 246 187
320 141 307
117 192 187
136 101 187
176 214
334 300
42 281 307
102 97 187
194 151 307
318 327 187
58 307 307
202 7 307
321 2 187
340 258
311 156 307
132 60
102 205 187
293 325
117 244 307
211 106 307
120 113 307
322 276
192 143 307
277 198 187
279 172 187
170 309 187
228 123 307
358 207 187
161 278 307
188 115 187
279 237
140 84
178 71 187
173 119
80 55 187
16 73 307
242 115 187
233 228 187
268 252
50 277 187
60 71 187
233 227
115 118 187
266 335 307
31 39
284 153 307
187 145
206 274
310 348
32 66
130 178
148 179 187
89 79
91 238 187
325 301
295 48 187
220 214
290 236
234 319 307
54 205 307
263 76 187
286 349 187
143 106 187
342 279 307
350 284
