374 465 141 185
220 336
299 361
158 144
170 34
150 206
125 192 185
314 174
222 40
15 350 185
299 149
76 240
336 152
347 251
336 303 141
164 318
181 373
61 183
111 227
230 196
107 15
329 6 185
211 295
233 49
141 326 141
252 200
253 367
82 252
83 11
208 98
106 202
167 11
201 263
332 208
46 225 141
319 147
318 190
131 281
173 71
171 95
17 65
103 134 141
330 292
365 241
61 7
343 207
145 289
312 113 141
88 162
172 132
17 167
161 336 185
132 55 141
358 168
359 185
20 70
83 237
116 294
133 38 141
72 172
64 98
283 127
103 220 141
226 218
155 227
372 204
22 168
374 372
214 15 141
53 200 141
370 310
203 271
339 159
230 48
199 192 141
41 316 141
58 66
235 42 141
99 273
64 150
110 19 185
252 189 185
99 282 141
126 20
48 281 185
138 146
323 257
72 103 141
118 244
358 364
256 70
8 347 185
76 40
83 62 185
188 48
125 270 141
334 326
124 111 185
99 197
228 102
270 369 185
72 248
371 192 185
372 278
192 115 141
161 120 185
46 170
50 309 185
188 108
255 309
50 62
178 316
58 232
19 25
76 1 185
206 145 141
321 352 185
245 343
60 337 185
276 336
275 305
15 278 185
171 251
100 82
356 244
136 55 185
371 275
281 117
50 152
54 156
74 116
173 302 141
208 183 141
238 198
302 148
126 226
152 270
350 135 141
363 257
207 100 141
161 30 185
181 303
33 358 141
302 227 185
206 191 185
288 234
80 182
162 172
228 119 141
249 93
48 327 185
321 191
115 173
253 164 141
329 221
198 26
73 57
147 53
269 149
159 347
233 247
170 228
218 276
255 56 141
119 196 141
201 100 141
106 196
20 148
277 167
130 59 141
192 358
92 225 141
322 200
317 369
307 355
164 12
109 297
24 198
264 115 185
253 126 185
27 193
127 279
284 214
55 141
29 25
12 194
22 99 141
15 191
88 56
74 234
373 233
126 322
263 283
49 153
161 77
144 72
31 151
136 44
110 230
159 351
309 165
321 211
182 29 141
233 271
239 319
78 12
229 116 141
171 255
371 183
357 327
174 319 141
258 126
286 344
240 7 141
110 198
271 263
83 119
297 363
149 263
316 198
244 340
310 268
320 127 141
182 125 141
343 165
134 58
106 102
190 26
42 158
343 233
1 152 185
30 8
368 307 141
250 114
342 181 185
90 54
318 284
166 110
182 14
181 271
124 77 141
82 201 141
180 99 185
230 250
149 257
271 169
363 323
289 147
90 335 141
206 221 141
290 270
224 101 185
21 197
35 197
124 21 141
146 54
221 218 141
242 203 141
251 84 141
150 239 185
10 86
113 267
6 118
53 244 141
227 85
298 217 185
310 266
230 101 185
243 123
141 43
107 95
250 82
151 71
180 282
356 178
3 148 185
246 158
262 128
292 350
27 203
219 367
15 1
269 169
237 157
48 244
145 104 185
73 358 185
228 79 141
168 66
274 130
158 100
207 13
190 147 141
244 88
324 31 185
7 173
177 36 141
184 62
66 213 185
329 309
263 193
41 55
369 70 185
139 129
237 112 185
93 255
327 283
155 283
127 220 185
181 24 185
259 214 185
11 209
301 347
349 118 141
70 200
319 131
206 100
164 290
308 204
169 323
165 337
70 166
192 124
270 351 185
93 64 141
88 194
147 274 185
156 24
347 82 185
190 265 185
117 171
354 169 141
215 299
286 118
278 358
152 316
82 46
167 6 185
215 177
29 286 185
206 110
208 309 141
184 52
280 156
120 274
316 332
199 340 141
339 140 141
185 81
66 247 141
104 274
59 245
14 263 185
135 285
165 181
54 57 141
259 117
83 174 141
232 176
249 357
113 141
196 340
55 171
325 271
270 182
184 344
186 280
248 63 185
290 236
286 152
371 365
289 307
319 8 141
332 138
236 220
56 166
239 143
301 315
349 343
164 274
45 40 185
342 202
194 282
126 203 185
197 175
82 111 141
15 27
361 269
227 293
321 318 185
245 164 141
219 45
41 28 141
317 263
191 132 141
42 45 141
211 121
179 267
323 202 185
194 16
59 189
318 289 185
231 67
282 49 185
104 178
172 156
162 198
202 314
3 37
154 228
40 150
26 109 185
305 46 141
237 291
6 25 185
109 99
344 192
156 190
169 249
108 298
194 6
43 176 141
354 317 141
330 244
279 347
311 84 141
147 368 185
110 302
170 180
69 157
280 277 141
163 188 141
157 287
239 139
368 350
240 324
78 152
105 281
152 90
94 116
135 319
218 94
169 119
25 232 185
133 205
268 178
93 5
61 58 185
149 235
182 118
260 130
125 41
237 185
316 264
217 295
328 11 185
275 46 185
119 117
322 222
235 255
238 374
35 97
289 369
316 186
196 42
56 236
