1077
1076 0
1075 1075
1074 1074
1073 1073
1072 1072
1071 1071
1070 1070
1069 1069
1068 1068
1067 1067
1066 1066
1065 1065
1064 1064
1063 1063
1062 1062
1061 1061
1060 1060
1059 1059
1058 1058
1057 1057
1056 1056
1055 1055
1054 1054
1053 1053
1052 1052
1051 1051
1050 1050
1049 1049
1048 1048
1047 1047
1046 1046
1045 1045
1044 1044
1043 1043
1042 1042
1041 1041
1040 1040
1039 1039
1038 1038
1037 1037
1036 1036
1035 1035
1034 1034
1033 1033
1032 1032
1031 1031
1030 1030
1029 1029
1028 1028
1027 1027
1026 1026
1025 1025
1024 1024
1023 1023
1022 1022
1021 1021
1020 1020
1019 1019
1018 1018
1017 1017
1016 1016
1015 1015
1014 1014
1013 1013
1012 1012
1011 1011
1010 1010
1009 1009
1008 1008
1007 1007
1006 1006
1005 1005
1004 1004
1003 1003
1002 1002
1001 1001
1000 1000
999 999
998 998
997 997
996 996
995 995
994 994
993 993
992 992
991 991
990 990
989 989
988 988
987 987
986 986
985 985
984 984
983 983
982 982
981 981
980 980
979 979
978 978
977 977
976 976
975 975
974 974
973 973
972 972
971 971
970 970
969 969
968 968
967 967
966 966
965 965
964 964
963 963
962 962
961 961
960 960
959 959
958 958
957 957
956 956
955 955
954 954
953 953
952 952
951 951
950 950
949 949
948 948
947 947
946 946
945 945
944 944
943 943
942 942
941 941
940 940
939 939
938 938
937 937
936 936
935 935
934 934
933 933
932 932
931 931
930 930
929 929
928 928
927 927
926 926
925 925
924 924
923 923
922 922
921 921
920 920
919 919
918 918
917 917
916 916
915 915
914 914
913 913
912 912
911 911
910 910
909 909
908 908
907 907
906 906
905 905
904 904
903 903
902 902
901 901
900 900
899 899
898 898
897 897
896 896
895 895
894 894
893 893
892 892
891 891
890 890
889 889
888 888
887 887
886 886
885 885
884 884
883 883
882 882
881 881
880 880
879 879
878 878
877 877
876 876
875 875
874 874
873 873
872 872
871 871
870 870
869 869
868 868
867 867
866 866
865 865
864 864
863 863
862 862
861 861
860 860
859 859
858 858
857 857
856 856
855 855
854 854
853 853
852 852
851 851
850 850
849 849
848 848
847 847
846 846
845 845
844 844
843 843
842 842
841 841
840 840
839 839
838 838
837 837
836 836
835 835
834 834
833 833
832 832
831 831
830 830
829 829
828 828
827 827
826 826
825 825
824 824
823 823
822 822
821 821
820 820
819 819
818 818
817 817
816 816
815 815
814 814
813 813
812 812
811 811
810 810
809 809
808 808
807 807
806 806
805 805
804 804
803 803
802 802
801 801
800 800
799 799
798 798
797 797
796 796
795 795
794 794
793 793
792 792
791 791
790 790
789 789
788 788
787 787
786 786
785 785
784 784
783 783
782 782
781 781
780 780
779 779
778 778
777 777
776 776
775 775
774 774
773 773
772 772
771 771
770 770
769 769
768 768
767 767
766 766
765 765
764 764
763 763
762 762
761 761
760 760
759 759
758 758
757 757
756 756
755 755
754 754
753 753
752 752
751 751
750 750
749 749
748 748
747 747
746 746
745 745
744 744
743 743
742 742
741 741
740 740
739 739
738 738
737 737
736 736
735 735
734 734
733 733
732 732
731 731
730 730
729 729
728 728
727 727
726 726
725 725
724 724
723 723
722 722
721 721
720 720
719 719
718 718
717 717
716 716
715 715
714 714
713 713
712 712
711 711
710 710
709 709
708 708
707 707
706 706
705 705
704 704
703 703
702 702
701 701
700 700
699 699
698 698
697 697
696 696
695 695
694 694
693 693
692 692
691 691
690 690
689 689
688 688
687 687
686 686
685 685
684 684
683 683
682 682
681 681
680 680
679 679
678 678
677 677
676 676
675 675
674 674
673 673
672 672
671 671
670 670
669 669
668 668
667 667
666 666
665 665
664 664
663 663
662 662
661 661
660 660
659 659
658 658
657 657
656 656
655 655
654 654
653 653
652 652
651 651
650 650
649 649
648 648
647 647
646 646
645 645
644 644
643 643
642 642
641 641
640 640
639 639
638 638
637 637
636 636
635 635
634 634
633 633
632 632
631 631
630 630
629 629
628 628
627 627
626 626
625 625
624 624
623 623
622 622
621 621
620 620
619 619
618 618
617 617
616 616
615 615
614 614
613 613
612 612
611 611
610 610
609 609
608 608
607 607
606 606
605 605
604 604
603 603
602 602
601 601
600 600
599 599
598 598
597 597
596 596
595 595
594 594
593 593
592 592
591 591
590 590
589 589
588 588
587 587
586 586
585 585
584 584
583 583
582 582
581 581
580 580
579 579
578 578
577 577
576 576
575 575
574 574
573 573
572 572
571 571
570 570
569 569
568 568
567 567
566 566
565 565
564 564
563 563
562 562
561 561
560 560
559 559
558 558
557 557
556 556
555 555
554 554
553 553
552 552
551 551
550 550
549 549
548 548
547 547
546 546
545 545
544 544
543 543
542 542
541 541
540 540
539 539
538 538
537 537
536 536
535 535
534 534
533 533
532 532
531 531
530 530
529 529
528 528
527 527
526 526
525 525
524 524
523 523
522 522
521 521
520 520
519 519
518 518
517 517
516 516
515 515
514 514
513 513
512 512
511 511
510 510
509 509
508 508
507 507
506 506
505 505
504 504
503 503
502 502
501 501
500 500
499 499
498 498
497 497
496 496
495 495
494 494
493 493
492 492
491 491
490 490
489 489
488 488
487 487
486 486
485 485
484 484
483 483
482 482
481 481
480 480
479 479
478 478
477 477
476 476
475 475
474 474
473 473
472 472
471 471
470 470
469 469
468 468
467 467
466 466
465 465
464 464
463 463
462 462
461 461
460 460
459 459
458 458
457 457
456 456
455 455
454 454
453 453
452 452
451 451
450 450
449 449
448 448
447 447
446 446
445 445
444 444
443 443
442 442
441 441
440 440
439 439
438 438
437 437
436 436
435 435
434 434
433 433
432 432
431 431
430 430
429 429
428 428
427 427
426 426
425 425
424 424
423 423
422 422
421 421
420 420
419 419
418 418
417 417
416 416
415 415
414 414
413 413
412 412
411 411
410 410
409 409
408 408
407 407
406 406
405 405
404 404
403 403
402 402
401 401
400 400
399 399
398 398
397 397
396 396
395 395
394 394
393 393
392 392
391 391
390 390
389 389
388 388
387 387
386 386
385 385
384 384
383 383
382 382
381 381
380 380
379 379
378 378
377 377
376 376
375 375
374 374
373 373
372 372
371 371
370 370
369 369
368 368
367 367
366 366
365 365
364 364
363 363
362 362
361 361
360 360
359 359
358 358
357 357
356 357
355 356
354 355
353 354
352 353
351 352
350 351
349 350
348 349
347 348
346 347
345 346
344 345
343 344
342 343
341 342
340 341
339 340
338 339
337 338
336 337
335 336
334 335
333 334
332 333
331 332
330 331
329 330
328 329
327 328
326 327
325 326
324 325
323 324
322 323
321 322
320 321
319 320
318 319
317 318
316 317
315 316
314 315
313 314
312 313
311 312
310 311
309 310
308 309
307 308
306 307
305 306
304 305
303 304
302 303
301 302
300 301
299 300
298 299
297 298
296 297
295 296
294 295
293 294
292 293
291 292
290 291
289 290
288 289
287 288
286 287
285 286
284 285
283 284
282 283
281 282
280 281
279 280
278 279
277 278
276 277
275 276
274 275
273 274
272 273
271 272
270 271
269 270
268 269
267 268
266 267
265 266
264 265
263 264
262 263
261 262
260 261
259 260
258 259
257 258
256 257
255 256
254 255
253 254
252 253
251 252
250 251
249 250
248 249
247 248
246 247
245 246
244 245
243 244
242 243
241 242
240 241
239 240
238 239
237 238
236 237
235 236
234 235
233 234
232 233
231 232
230 231
229 230
228 229
227 228
226 227
225 226
224 225
223 224
222 223
221 222
220 221
219 220
218 219
217 218
216 217
215 216
214 215
213 214
212 213
211 212
210 211
209 210
208 209
207 208
206 207
205 206
204 205
203 204
202 203
201 202
200 201
199 200
198 199
197 198
196 197
195 196
194 195
193 194
192 193
191 192
190 191
189 190
188 189
187 188
186 187
185 186
184 185
183 184
182 183
181 182
180 181
179 180
178 179
177 178
176 177
175 176
174 175
173 174
172 173
171 172
170 171
169 170
168 169
167 168
166 167
165 166
164 165
163 164
162 163
161 162
160 161
159 160
158 159
157 158
156 157
155 156
154 155
153 154
152 153
151 152
150 151
149 150
148 149
147 148
146 147
145 146
144 145
143 144
142 143
141 142
140 141
139 140
138 139
137 138
136 137
135 136
134 135
133 134
132 133
131 132
130 131
129 130
128 129
127 128
126 127
125 126
124 125
123 124
122 123
121 122
120 121
119 120
118 119
117 118
116 117
115 116
114 115
113 114
112 113
111 112
110 111
109 110
108 109
107 108
106 107
105 106
104 105
103 104
102 103
101 102
100 101
99 100
98 99
97 98
96 97
95 96
94 95
93 94
92 93
91 92
90 91
89 90
88 89
87 88
86 87
85 86
84 85
83 84
82 83
81 82
80 81
79 80
78 79
77 78
76 77
75 76
74 75
73 74
72 73
71 72
70 71
69 70
68 69
67 68
66 67
65 66
64 65
63 64
62 63
61 62
60 61
59 60
58 59
57 58
56 57
55 56
54 55
53 54
52 53
51 52
50 51
49 50
48 49
47 48
46 47
45 46
44 45
43 44
42 43
41 42
40 41
39 40
38 39
37 38
36 37
35 36
34 35
33 34
32 33
31 32
30 31
29 30
28 29
27 28
26 27
25 26
24 25
23 24
22 23
21 22
20 21
19 20
18 19
17 18
16 17
15 16
14 15
13 14
12 13
11 12
10 11
9 10
8 9
7 8
6 7
5 6
4 5
3 4
2 3
1 2
0 1
