100 15 1000 1733 457
1 1
4 1
12 1
20 1
23 1
30 1
36 1
47 1
62 1
63 1
69 1
73 1
85 1
93 1
97 1
0 58 291
0 60 32
0 57 465
0 20 478
0 53 80
0 5 274
0 28 94
0 46 497
0 58 339
0 52 458
0 26 205
0 91 67
0 24 371
0 11 348
0 1 79
0 30 302
0 50 245
0 12 417
0 8 130
0 35 448
0 68 432
0 53 134
0 25 104
0 74 90
0 57 283
0 42 304
1 54 14
1 26 353
1 37 230
1 26 63
1 70 228
1 55 27
1 99 134
1 9 497
1 33 250
1 95 398
1 13 268
1 49 56
1 6 420
1 86 419
1 54 427
1 11 35
1 58 270
1 70 384
1 12 500
1 94 363
2 25 237
2 19 419
2 21 457
2 66 410
2 54 130
2 33 143
2 32 197
2 84 371
2 3 413
2 69 328
2 49 13
2 50 483
2 34 207
2 95 116
2 86 478
2 98 397
3 87 287
3 19 401
3 97 172
3 62 292
3 92 448
3 10 106
3 5 11
3 74 22
3 68 351
3 29 56
3 93 263
3 70 412
3 89 352
3 17 179
3 89 19
3 22 233
3 7 445
3 60 92
3 61 299
3 6 413
4 18 289
4 10 499
4 76 411
4 65 115
4 48 487
4 16 147
4 31 27
4 23 444
4 10 291
4 44 339
4 78 303
4 93 361
5 81 386
5 8 111
5 49 269
5 12 89
5 70 424
5 49 411
5 26 357
5 85 354
5 16 326
5 27 418
5 38 180
5 34 95
5 59 332
5 12 324
5 8 168
5 25 338
5 22 220
5 51 93
5 41 314
6 39 10
6 63 299
6 39 181
6 74 52
6 62 315
6 78 316
6 52 454
6 70 443
6 43 371
6 98 307
6 16 422
6 31 483
6 7 189
6 98 253
6 12 311
6 24 455
6 28 478
6 38 22
6 40 118
6 54 321
6 68 292
6 25 3
6 77 313
7 86 36
7 16 291
7 27 388
7 17 343
7 84 175
7 33 464
7 95 466
7 29 329
7 95 346
7 28 457
7 45 31
7 86 228
7 10 242
7 66 390
7 67 333
7 58 414
7 34 440
7 60 372
7 24 4
7 91 350
8 63 377
8 90 47
8 44 386
8 47 468
8 65 432
8 38 388
8 32 373
8 28 466
8 33 13
8 40 153
8 33 303
8 21 141
8 83 158
8 58 373
8 54 198
8 66 205
8 80 463
8 63 420
9 63 149
9 83 110
9 73 11
9 82 211
9 79 265
9 22 28
9 51 193
9 92 104
9 58 495
9 28 129
9 97 148
9 93 499
9 54 391
9 81 157
9 95 373
9 63 371
10 77 3
10 63 469
10 39 254
10 83 116
10 50 347
10 87 113
10 77 426
10 41 106
10 22 493
10 46 364
10 75 156
10 87 86
10 66 340
10 86 278
11 54 388
11 37 318
11 51 152
11 22 491
11 74 14
11 79 209
11 94 86
11 17 4
11 75 476
11 62 147
11 94 344
11 15 107
11 89 462
11 19 465
11 72 82
11 30 368
11 54 145
11 45 121
11 17 417
11 15 447
11 94 428
11 59 391
11 18 239
12 81 149
12 81 350
12 94 383
12 20 306
12 92 56
12 89 448
12 29 157
12 19 220
12 19 213
12 51 444
12 18 343
12 69 363
12 42 175
12 92 222
12 42 26
12 26 170
12 38 161
12 53 275
13 98 148
13 61 258
13 97 286
13 19 169
13 96 189
13 23 311
13 61 99
13 26 251
13 64 495
13 79 447
13 74 111
13 19 338
13 96 22
13 92 358
13 34 159
13 53 311
13 16 5
13 52 215
13 19 144
13 32 463
13 24 11
13 47 55
14 91 246
14 20 189
14 87 253
14 42 229
14 96 201
14 57 51
14 76 425
14 60 425
14 51 307
14 24 133
14 40 358
14 94 400
14 91 258
14 52 42
14 99 399
14 94 72
14 51 124
14 89 105
15 45 383
15 59 478
15 37 2
15 80 162
15 61 315
15 35 400
15 49 346
15 19 477
15 56 404
15 91 457
15 77 391
15 57 468
15 40 143
15 76 229
15 77 235
15 72 220
15 69 236
15 60 191
15 32 272
15 93 336
15 39 495
16 67 204
16 18 60
16 40 261
16 72 69
16 93 390
16 55 131
16 74 241
16 29 406
16 25 111
16 70 62
16 73 433
16 55 51
16 25 239
16 32 353
16 57 21
16 83 4
16 67 107
16 50 45
16 60 301
16 32 471
16 84 317
17 63 92
17 62 382
17 78 480
17 68 403
17 58 219
17 91 51
17 68 9
17 71 58
17 45 363
17 64 422
17 28 260
17 92 423
17 65 377
17 52 43
18 45 241
18 74 22
18 44 72
18 58 132
18 70 229
18 69 207
18 77 240
18 30 290
18 54 293
18 89 399
18 52 446
18 37 296
18 27 298
18 71 239
18 46 356
18 65 25
19 45 272
19 20 396
19 28 152
19 78 451
19 22 493
19 98 180
19 61 136
19 61 142
19 41 419
19 60 227
19 27 115
19 50 203
19 99 500
19 45 53
19 31 30
19 59 80
19 32 432
19 57 295
19 86 64
19 81 344
20 39 349
20 84 460
20 58 449
20 82 219
20 98 166
20 45 26
20 98 74
20 82 298
20 62 379
20 84 410
20 88 85
20 86 416
20 68 16
20 42 266
20 70 217
20 92 187
20 24 224
20 79 142
20 56 55
21 52 226
21 94 100
21 34 229
21 94 129
21 40 286
21 24 94
21 42 256
21 78 249
21 98 300
21 84 469
21 65 497
21 60 249
21 87 160
21 25 465
21 97 176
21 66 308
22 97 17
22 86 221
22 38 3
22 78 472
22 50 500
22 83 216
22 77 446
22 73 279
22 92 481
22 76 468
22 96 183
22 91 127
22 72 495
22 71 365
22 33 372
22 57 28
23 81 19
23 66 278
23 24 322
23 32 70
23 97 51
23 76 126
23 33 11
23 98 181
23 71 213
23 47 101
23 96 162
23 82 475
23 44 234
23 51 275
23 97 76
23 56 288
24 79 38
24 46 145
24 36 427
24 32 257
24 28 50
24 62 476
24 47 257
24 64 396
24 78 489
24 67 430
24 96 158
24 39 73
24 59 5
24 97 331
24 57 285
24 26 44
24 82 275
24 97 421
24 45 399
25 41 28
25 84 81
25 39 325
25 39 40
25 31 194
25 26 490
25 40 280
25 33 118
25 81 117
26 85 454
26 83 119
26 38 172
26 56 436
26 98 68
26 84 225
26 47 322
26 53 196
26 80 13
26 64 262
26 43 349
26 77 83
26 52 272
26 82 299
26 34 241
26 38 136
26 81 34
26 46 72
26 50 400
26 89 205
27 50 144
27 67 369
27 28 473
27 41 300
27 41 105
27 90 94
27 68 488
27 75 393
27 83 464
27 65 459
27 85 404
27 93 243
27 82 74
27 49 477
28 44 410
28 48 211
28 40 145
28 89 213
28 65 446
28 90 206
28 86 189
28 47 447
28 75 214
28 68 412
28 51 50
28 30 367
28 66 476
28 79 117
28 75 9
28 69 390
28 35 135
28 30 114
28 95 56
28 71 210
28 58 93
28 46 319
28 54 463
29 41 363
29 78 25
29 51 247
29 81 466
29 77 413
29 52 100
29 76 21
29 76 219
29 68 69
29 57 140
29 33 106
30 37 208
30 68 89
30 94 129
30 93 383
30 37 360
30 48 472
30 83 186
30 76 494
30 82 438
30 65 207
30 67 474
30 79 17
30 94 276
31 83 451
31 66 136
31 57 136
31 55 408
31 72 362
31 34 273
31 90 24
31 65 235
31 61 308
31 39 31
31 87 304
31 93 110
32 63 156
32 96 216
32 62 171
32 48 80
32 58 411
32 96 92
32 52 483
32 80 335
32 98 56
32 66 156
32 56 39
32 85 437
32 99 348
32 67 137
32 81 95
32 53 96
32 61 303
33 62 463
33 94 335
33 47 191
33 55 330
33 74 281
33 89 200
33 38 332
33 50 497
33 83 233
33 57 373
33 42 488
33 87 443
33 84 240
33 55 49
33 54 331
34 88 212
34 45 160
34 66 300
34 77 69
34 37 430
34 65 257
34 65 19
34 53 244
34 68 177
34 46 282
34 49 347
35 51 447
35 64 478
35 39 334
35 40 149
35 79 232
35 48 173
35 69 343
35 60 52
35 40 345
35 74 345
35 38 343
35 74 181
35 60 489
35 39 56
35 71 101
36 72 46
36 71 87
36 51 189
36 96 76
36 51 396
36 98 460
36 87 180
36 91 237
36 58 275
36 60 158
37 54 335
37 58 428
37 91 347
37 91 86
37 93 208
37 48 328
37 89 72
37 50 93
37 77 107
38 94 399
38 52 10
38 49 71
38 96 189
38 95 241
38 63 434
38 96 467
38 95 59
38 94 180
38 51 3
38 67 210
38 59 222
38 84 451
38 71 171
38 77 81
39 96 448
39 51 157
39 41 441
39 58 81
39 62 381
39 42 282
39 84 295
39 58 179
39 60 397
39 79 239
39 68 404
39 86 226
39 46 230
39 50 427
39 42 23
39 69 484
40 47 475
40 70 153
40 56 458
40 76 61
40 72 482
40 86 271
40 89 57
40 89 418
40 44 138
40 52 203
40 82 251
40 79 442
40 90 57
40 94 420
41 67 359
41 70 190
41 92 153
41 67 56
41 75 427
41 44 484
41 66 231
41 83 62
41 80 24
42 92 158
42 96 471
42 59 432
42 82 89
42 95 424
42 72 414
42 87 461
42 73 168
42 49 318
42 90 386
42 95 76
42 54 82
42 56 390
42 75 326
42 56 404
42 80 486
42 60 448
43 45 498
43 81 51
43 52 164
43 63 217
44 76 371
44 77 264
44 89 120
44 78 408
45 80 380
45 65 491
45 52 308
45 94 123
45 86 283
45 56 459
45 84 500
46 60 448
46 50 27
46 99 463
46 93 169
46 70 379
46 74 366
46 70 91
46 94 80
46 66 64
46 53 482
46 73 385
46 51 106
47 80 387
47 75 417
47 70 7
47 76 231
47 91 383
47 99 443
47 53 495
47 49 225
47 53 13
47 58 299
47 61 359
47 65 379
47 80 111
47 95 495
47 79 167
47 94 300
47 62 90
48 78 364
48 56 278
48 85 250
48 88 477
48 83 218
48 79 229
48 75 111
48 98 121
48 49 11
48 64 396
48 94 445
48 77 190
49 96 258
49 75 85
49 59 107
49 63 97
49 93 101
49 59 274
49 80 130
49 86 455
50 58 169
50 59 397
50 92 486
50 88 252
50 86 258
50 53 298
50 59 137
50 95 334
50 72 446
50 65 391
50 54 360
50 73 10
50 79 183
50 56 372
50 69 382
51 80 475
51 68 251
51 71 196
51 59 52
51 66 55
51 87 100
51 83 477
51 77 262
51 93 271
51 99 166
51 56 91
52 60 325
52 65 468
52 95 467
52 62 283
52 59 488
52 66 497
52 72 350
52 74 282
53 82 401
53 62 161
53 64 27
53 71 66
53 81 223
53 58 332
53 63 371
54 94 135
54 69 468
54 99 59
54 75 354
54 68 299
54 83 332
54 88 346
54 59 256
55 89 115
55 91 193
55 71 377
55 67 161
55 95 19
55 91 469
55 60 99
55 79 23
55 82 474
55 92 169
56 67 66
56 80 54
56 61 460
56 76 317
57 83 15
57 94 214
57 69 95
57 76 292
57 88 342
57 62 28
57 76 334
58 73 249
58 71 107
58 73 314
58 83 307
58 75 79
58 72 362
58 77 411
58 85 395
58 98 443
59 76 29
59 62 136
59 76 153
59 78 478
59 74 235
59 89 61
59 85 377
59 87 486
60 96 15
60 66 156
60 67 17
60 95 99
60 79 51
60 83 199
60 80 76
61 67 304
61 64 39
61 95 303
61 68 298
61 93 491
61 92 139
61 84 305
61 64 7
61 66 345
61 93 10
62 74 335
62 68 127
62 72 482
62 92 137
63 82 318
63 99 104
63 85 304
63 91 52
63 67 468
63 66 474
64 67 46
64 95 177
64 92 238
64 86 182
64 72 341
64 77 485
64 96 458
64 80 47
64 67 67
64 97 253
64 85 281
64 74 48
64 88 424
64 80 456
65 99 314
65 75 385
66 89 43
66 83 284
66 68 145
66 72 273
67 74 484
67 98 122
67 85 361
67 88 25
67 85 351
67 93 369
68 79 200
68 94 396
68 86 47
68 94 53
68 83 53
68 70 98
69 82 385
69 79 337
70 89 293
70 85 385
71 77 382
71 84 352
72 83 78
72 92 49
72 97 390
72 80 54
72 84 192
72 88 467
73 93 231
73 77 47
73 99 167
73 75 399
73 85 118
74 85 213
74 99 32
74 77 260
74 99 409
74 89 193
75 95 257
75 85 326
75 99 130
75 84 409
75 94 203
75 78 51
76 84 381
76 92 138
76 90 275
76 88 323
76 81 156
77 99 205
77 98 375
77 94 319
78 82 275
78 99 174
79 88 319
79 93 85
79 95 459
80 99 274
80 94 340
80 83 329
80 95 336
81 88 389
81 98 29
82 85 69
82 94 137
82 93 99
84 90 468
84 97 280
84 99 234
85 92 500
85 90 409
85 97 433
87 91 283
87 99 258
88 96 326
88 89 416
88 91 1
88 95 52
88 91 52
89 96 273
89 96 172
89 90 168
91 98 479
92 93 173
92 94 357
92 93 319
92 97 432
92 96 197
92 94 426
93 98 32
94 96 312
96 99 24
97 99 163
