100 15 1000 1263 116
8 1
11 1
12 1
16 1
32 1
33 1
44 1
61 1
64 1
69 1
81 1
84 1
89 1
95 1
96 1
0 93 107
0 65 453
0 1 65
0 36 151
0 22 349
0 97 160
0 5 492
0 23 153
0 19 116
0 54 249
0 70 103
0 94 59
0 15 496
0 87 151
0 69 73
0 78 180
0 6 53
0 33 97
0 9 257
0 52 32
0 62 396
0 19 269
0 66 423
1 34 124
1 83 235
1 68 195
1 18 93
1 78 356
1 92 422
1 59 167
1 19 306
1 62 199
1 14 276
1 60 494
1 68 417
1 24 137
1 18 402
1 26 429
1 29 282
1 55 186
1 60 168
1 68 131
1 89 206
1 20 421
1 74 106
1 76 229
1 22 98
1 97 26
2 21 30
2 69 209
2 78 90
2 59 15
2 29 345
2 87 488
2 48 189
2 46 302
2 52 100
2 50 74
2 35 326
2 16 461
2 27 394
2 34 478
2 11 476
2 95 489
2 20 424
2 69 310
3 79 151
3 65 126
3 90 394
3 12 104
3 49 43
3 63 462
3 25 482
3 61 401
3 87 89
3 6 256
3 8 101
3 74 450
3 43 417
3 47 136
3 62 17
3 72 235
3 83 382
3 73 400
4 88 438
4 92 280
4 91 128
4 82 61
4 87 288
4 8 60
4 91 123
4 12 376
4 47 371
4 38 148
4 86 25
4 64 341
4 36 413
4 42 96
4 55 16
4 63 391
4 9 475
4 53 88
4 92 240
4 16 158
5 25 427
5 27 203
5 26 473
5 46 452
5 44 189
5 93 130
5 87 411
5 80 386
5 33 222
5 56 439
5 98 116
5 39 114
5 34 83
5 59 486
5 35 158
5 65 397
5 60 190
5 21 319
5 76 158
5 61 402
5 32 113
5 85 375
5 96 52
6 54 184
6 66 157
6 25 92
6 47 409
6 10 371
6 53 460
6 62 186
6 23 7
6 70 354
6 92 29
6 33 208
6 60 5
6 42 77
6 50 105
7 75 428
7 92 496
7 97 118
7 28 454
7 45 423
7 61 193
7 16 242
7 40 142
7 13 15
7 36 217
7 97 208
7 39 467
7 80 482
7 18 407
7 29 27
7 20 396
7 84 26
7 48 72
7 27 182
7 69 92
7 52 477
7 37 397
7 42 266
7 97 78
8 81 131
8 62 389
8 95 343
8 66 369
8 24 383
8 44 301
8 77 499
8 25 341
8 85 41
8 44 92
8 16 324
8 50 486
8 89 194
8 82 413
8 58 343
8 11 213
8 27 6
8 70 91
9 30 91
9 51 139
9 14 481
9 85 150
9 11 260
9 59 493
9 59 136
9 15 188
9 27 74
9 21 457
9 61 478
9 35 184
9 88 112
9 21 1
9 82 122
9 92 137
9 47 30
9 57 439
9 93 49
9 66 487
9 88 150
9 98 339
10 82 456
10 14 190
10 82 288
10 75 454
10 23 109
10 94 441
10 51 497
10 21 429
10 32 78
10 52 124
10 26 285
10 59 236
10 78 499
10 69 252
10 71 432
10 58 183
10 76 342
10 96 445
11 41 485
11 47 324
11 98 245
11 27 400
11 63 406
11 74 35
11 93 75
11 99 475
11 90 131
11 66 350
11 42 212
11 96 254
11 83 402
11 12 123
11 59 447
11 48 353
12 66 243
12 33 283
12 98 145
12 53 15
12 80 174
12 22 231
12 16 113
12 37 284
12 37 266
12 39 241
12 78 308
12 44 245
12 32 347
12 91 88
12 95 436
12 51 61
12 56 172
12 49 457
12 59 333
13 46 416
13 71 267
13 15 243
13 34 460
13 76 15
13 27 434
13 36 467
13 33 233
13 79 187
13 65 455
13 46 43
13 43 223
13 22 131
13 74 78
13 49 198
13 25 283
13 98 369
13 67 471
13 78 81
14 20 157
14 68 377
14 93 54
14 84 237
14 17 69
14 67 199
14 67 79
14 82 179
14 37 146
14 97 220
14 63 6
14 15 8
14 82 472
14 70 254
14 32 169
15 42 11
15 17 441
15 36 466
15 90 468
15 28 316
15 83 187
15 65 192
15 29 145
15 83 374
15 39 399
15 51 207
15 68 312
15 68 309
15 16 209
15 41 439
16 21 174
16 82 348
16 58 148
16 34 171
16 87 70
16 68 183
16 61 127
16 45 87
16 54 336
16 73 407
16 94 296
16 83 26
16 89 139
16 57 142
16 47 479
16 30 37
17 57 179
17 78 22
17 21 382
17 98 238
17 28 95
17 68 375
17 50 470
17 39 221
17 52 327
17 20 315
17 41 24
17 72 146
17 31 339
17 56 69
18 75 205
18 87 20
18 42 461
18 96 92
18 29 231
18 92 119
18 50 254
18 40 495
18 72 101
18 47 284
18 21 146
18 39 79
18 53 411
19 65 338
19 85 182
19 54 241
19 49 275
19 95 8
19 61 258
19 46 265
19 77 204
19 20 10
19 73 244
19 67 258
19 53 73
20 54 401
20 40 282
20 49 218
20 87 366
20 68 339
20 70 380
20 32 459
20 21 36
20 94 208
20 65 483
20 33 160
20 77 176
20 75 135
20 52 60
20 44 27
20 67 55
20 53 231
20 79 66
21 92 353
21 69 450
21 95 376
21 70 65
21 36 346
21 61 177
21 64 170
21 67 15
21 51 322
21 43 86
21 33 386
21 29 139
21 92 472
21 40 448
21 25 366
21 92 272
21 68 412
21 29 219
21 65 169
22 33 37
22 66 192
22 77 115
22 47 249
22 82 51
22 63 227
22 69 455
22 50 329
22 64 476
22 90 479
22 24 4
22 90 78
22 25 196
23 46 83
23 75 411
23 78 276
23 52 386
23 85 105
23 98 145
23 40 115
23 90 391
23 55 439
23 40 437
23 62 489
23 64 241
23 82 4
24 70 125
24 92 86
24 87 195
24 64 468
24 73 199
24 85 265
24 46 58
24 36 319
24 84 447
24 39 456
24 42 266
24 65 417
25 55 126
25 89 380
25 38 316
25 63 22
25 28 318
25 57 31
25 42 222
26 57 372
26 78 253
26 89 163
26 71 359
26 51 13
26 68 344
26 27 210
26 69 366
26 31 293
26 85 55
26 63 400
26 91 349
27 74 418
27 50 17
27 28 259
27 37 376
27 71 181
27 91 308
27 45 202
27 84 152
27 73 487
27 39 390
27 99 252
27 38 58
27 36 489
27 48 471
27 41 199
28 33 430
28 42 69
28 52 358
28 86 378
28 88 208
28 71 347
28 50 370
28 97 361
28 45 308
28 77 316
28 95 436
28 47 349
28 37 385
28 69 22
28 59 435
28 76 319
29 92 377
29 74 347
29 88 182
29 57 119
29 92 205
29 78 167
29 83 485
29 73 320
29 66 50
29 49 364
29 67 358
29 50 37
29 34 123
29 75 242
30 91 422
30 85 98
30 75 356
30 32 87
30 32 286
30 74 440
30 44 150
30 59 228
30 35 421
30 39 133
30 74 221
30 59 451
31 79 352
31 44 424
31 92 146
31 69 451
31 69 333
31 46 138
31 37 127
31 53 437
31 33 346
32 44 487
32 69 226
32 71 45
32 37 382
32 70 214
32 81 143
32 84 128
32 67 65
32 65 463
32 54 141
32 77 119
32 96 250
33 71 43
33 92 290
33 50 261
33 98 157
33 91 115
33 83 354
33 55 344
33 88 199
33 98 172
33 40 65
33 44 353
33 34 395
33 61 453
33 53 204
33 97 204
33 49 1
33 89 28
33 59 115
33 37 348
34 72 401
34 47 318
34 75 399
34 95 293
34 42 230
34 53 418
34 75 418
34 46 178
34 99 268
34 56 208
34 85 286
34 87 130
34 87 287
35 91 238
35 77 124
35 95 311
35 59 3
35 48 63
35 45 305
35 97 379
35 87 61
35 45 379
35 44 179
36 50 36
36 42 415
36 96 124
36 43 278
36 82 129
36 93 145
36 55 210
36 68 230
36 70 205
36 43 101
36 39 434
36 93 387
37 64 346
37 38 277
37 82 320
37 49 108
37 39 200
37 41 63
37 40 451
37 64 472
37 72 422
37 88 370
37 98 105
37 80 299
38 71 203
38 66 156
38 62 446
38 95 360
38 71 212
38 67 205
38 40 283
38 47 227
38 65 187
38 73 227
38 76 56
38 89 468
39 72 109
39 99 251
39 77 109
39 79 108
39 68 440
39 47 256
39 70 304
39 68 366
39 47 326
39 52 403
39 90 91
39 51 19
39 82 151
39 58 197
39 84 135
39 58 354
39 61 74
39 98 289
39 85 259
40 45 373
40 66 2
40 45 275
40 64 22
40 72 19
40 99 14
40 46 434
40 80 448
40 74 143
40 44 274
40 81 26
40 50 142
40 51 239
40 78 341
40 42 30
40 69 293
40 44 179
40 99 105
40 84 185
40 70 150
41 56 266
41 92 76
41 70 222
41 69 447
41 90 377
41 64 95
41 75 341
41 80 454
41 93 121
42 79 1
42 66 166
42 63 209
42 57 174
42 65 165
42 92 196
42 50 193
42 78 284
42 78 2
42 88 438
42 61 386
42 66 348
42 83 278
42 45 173
42 59 460
42 56 279
43 45 174
43 86 140
43 70 6
43 62 500
43 97 88
43 85 470
44 62 251
44 87 45
44 56 317
44 95 54
44 88 459
44 56 434
44 81 71
44 58 141
44 65 389
44 86 235
44 61 433
44 68 178
44 58 34
44 62 258
44 68 16
44 84 168
44 97 104
45 85 97
45 91 250
45 73 276
45 87 345
45 58 382
45 61 127
45 82 496
45 98 88
45 69 289
45 76 209
45 47 217
45 97 399
46 95 405
46 48 254
46 51 31
46 77 22
46 94 329
46 60 443
46 69 24
46 92 246
46 60 169
46 64 459
47 51 15
47 92 429
47 94 256
47 70 436
47 94 181
47 64 340
47 67 141
47 65 264
47 73 361
47 60 57
47 71 126
47 74 57
47 58 206
47 82 141
48 78 358
48 94 209
48 51 256
48 85 58
48 98 494
48 98 169
48 75 253
48 62 259
49 69 288
49 93 380
49 90 437
49 74 487
49 89 149
49 81 66
49 72 157
49 82 42
49 84 355
49 88 246
50 74 74
50 81 291
50 53 50
50 56 479
50 52 68
50 62 166
50 88 392
50 67 270
50 92 236
50 53 170
50 57 243
50 86 216
50 67 276
51 69 148
51 68 409
51 76 370
51 80 282
51 61 221
51 73 263
51 86 457
51 71 414
51 98 385
52 60 34
52 56 396
52 80 38
52 98 408
52 72 336
52 62 178
52 84 166
52 58 451
53 97 17
53 82 459
53 86 370
53 59 111
53 64 184
53 54 251
53 81 135
53 78 101
53 57 413
53 88 308
53 89 102
53 71 58
53 70 471
53 57 255
54 65 406
54 56 400
54 60 19
54 92 385
54 72 446
54 75 291
54 86 50
54 93 100
54 65 359
54 82 350
54 96 20
54 66 484
54 55 79
55 84 203
55 65 177
55 58 133
55 96 341
55 98 193
55 84 479
55 87 434
55 97 141
55 57 414
56 75 75
56 69 413
56 76 496
56 67 240
56 97 428
56 91 290
56 86 87
57 97 393
57 59 168
58 70 325
58 70 310
58 83 199
58 62 236
58 91 299
58 99 385
58 62 496
58 66 195
58 92 52
58 72 96
59 65 261
59 70 244
59 90 344
59 61 377
59 93 366
59 81 147
59 83 461
60 83 399
60 98 258
60 99 475
60 80 361
60 96 86
60 88 156
60 64 431
60 82 23
61 92 55
61 65 413
61 86 53
61 97 26
61 98 400
61 80 10
61 76 58
61 64 472
61 87 54
61 94 411
61 86 485
62 97 108
62 89 269
62 76 304
63 98 263
63 91 467
63 64 160
63 97 198
63 81 323
63 85 232
64 83 496
64 73 404
64 76 342
64 97 414
64 82 436
64 83 216
65 74 189
65 89 393
65 96 273
65 92 265
65 96 309
65 94 128
65 94 29
65 78 179
65 94 448
66 84 57
66 70 137
66 72 22
66 98 492
66 99 259
66 97 123
66 88 163
66 94 463
66 98 135
67 86 326
67 91 222
67 70 479
67 99 478
67 75 467
67 71 469
67 92 224
67 74 149
68 98 366
68 88 263
68 93 136
68 92 51
68 99 253
68 91 483
68 96 229
69 75 416
69 87 58
69 76 100
69 86 466
69 99 454
69 74 208
69 83 207
69 87 298
70 78 347
70 96 42
70 98 138
70 77 283
70 86 358
71 90 59
71 76 62
71 98 121
71 87 207
71 80 490
71 99 303
71 89 270
72 75 182
72 85 77
72 74 323
72 95 240
72 75 57
72 78 15
72 82 207
73 74 147
73 75 389
73 77 185
73 92 217
73 82 43
74 87 471
74 92 422
74 96 361
75 96 112
75 90 332
75 86 210
76 77 205
76 79 464
76 83 238
76 85 476
77 97 228
77 89 216
77 83 474
77 92 137
77 78 356
77 80 198
77 82 456
78 93 470
78 97 103
78 82 481
79 86 365
79 98 275
79 93 462
80 95 50
80 84 464
80 94 260
80 96 2
80 93 149
80 87 44
81 92 228
82 95 159
84 96 244
84 96 265
84 85 236
84 88 348
84 96 348
85 94 86
85 99 303
85 97 34
86 93 431
86 96 419
87 92 273
87 99 479
89 90 338
89 98 496
89 95 143
90 92 256
91 97 410
91 94 462
92 97 70
92 93 108
92 93 453
94 96 317
95 97 216
96 98 432
96 99 67
