100 15 1000 1364 277
0 1
5 1
6 1
7 1
9 1
21 1
54 1
55 1
56 1
57 1
69 1
75 1
80 1
82 1
84 1
0 91 110
0 42 9
0 84 62
0 36 343
0 29 197
0 70 315
0 66 452
0 28 74
0 15 218
0 38 5
0 41 380
0 29 310
0 61 480
0 24 479
0 26 478
0 25 441
0 76 394
0 86 45
0 54 53
0 36 266
0 51 75
1 81 460
1 42 74
1 41 144
1 39 481
1 45 372
1 54 457
1 65 460
1 46 329
1 83 316
1 29 50
1 72 62
1 70 102
1 37 304
1 84 210
1 84 314
1 68 436
1 15 126
2 49 20
2 30 52
2 38 348
2 30 201
2 95 52
2 34 88
2 98 190
2 16 42
2 48 69
2 42 474
2 38 71
2 33 119
2 12 435
2 90 70
2 43 369
2 78 407
2 37 152
2 76 492
2 76 211
2 65 126
2 34 160
2 10 500
2 32 72
2 83 244
3 94 455
3 19 229
3 41 390
3 22 308
3 7 370
3 17 133
3 53 70
3 99 293
3 79 313
3 85 3
3 99 308
3 68 498
3 69 6
3 18 10
3 29 31
3 14 315
3 61 429
3 71 127
3 88 162
3 68 241
4 61 448
4 28 435
4 53 396
4 80 282
4 63 381
4 97 251
4 20 326
4 19 228
4 13 360
4 51 198
4 88 113
4 33 231
4 71 481
4 82 186
4 22 492
4 7 242
4 20 283
4 33 446
4 95 170
5 63 462
5 55 461
5 35 266
5 9 89
5 63 21
5 57 21
5 11 391
5 88 492
6 82 283
6 93 356
6 44 46
6 39 190
6 53 56
6 22 51
6 54 73
6 92 349
6 35 116
6 42 157
6 61 486
6 59 90
6 37 460
6 58 136
6 52 419
6 16 340
6 38 193
6 22 220
6 45 480
6 71 56
7 68 406
7 50 192
7 61 43
7 29 257
7 96 407
7 97 423
7 44 55
7 20 144
7 26 94
7 82 346
7 25 156
7 55 194
7 8 322
7 84 457
7 32 234
7 76 296
7 45 85
7 97 273
7 19 162
8 31 197
8 89 297
8 66 133
8 42 186
8 38 80
8 49 350
8 76 368
8 79 70
8 62 400
8 26 264
8 65 194
8 73 272
8 75 228
8 64 380
9 61 246
9 93 209
9 25 231
9 94 327
9 47 246
9 94 75
9 98 160
9 35 117
9 35 333
9 44 317
9 66 62
9 48 222
9 77 257
9 67 411
9 52 313
10 57 278
10 57 322
10 62 427
10 75 391
10 96 299
10 32 6
10 96 410
10 16 450
10 26 233
10 57 449
10 75 446
10 78 445
10 17 12
10 90 435
10 14 468
10 17 119
10 67 225
10 98 429
11 93 170
11 77 409
11 38 380
11 12 321
11 70 425
11 51 73
11 77 392
11 33 378
11 34 46
11 98 18
11 63 148
11 95 330
11 57 281
11 97 366
11 52 30
11 97 288
11 58 295
11 88 327
11 73 236
12 46 273
12 17 409
12 46 192
12 39 357
12 32 430
12 43 138
12 86 486
12 61 312
12 41 249
12 20 232
12 65 435
12 54 181
12 96 294
12 72 464
13 30 384
13 38 119
13 47 128
13 29 73
13 16 450
13 15 75
13 33 477
13 27 431
13 19 440
13 93 482
13 34 301
13 49 193
13 96 15
13 59 157
13 90 107
13 71 133
13 96 447
13 18 153
13 57 57
13 64 362
13 42 29
13 74 227
14 35 428
14 36 76
14 50 348
14 63 204
14 25 150
14 15 329
14 68 95
14 39 44
14 68 155
14 83 6
14 68 12
14 63 84
14 70 460
14 69 349
14 27 140
14 98 77
14 62 30
14 52 283
14 30 223
14 50 108
14 64 350
14 96 129
14 56 330
15 88 58
15 65 428
15 83 238
15 35 314
15 20 85
15 61 417
15 25 376
15 35 482
15 67 55
15 41 379
15 46 368
15 75 258
15 42 77
15 72 277
16 21 118
16 97 426
16 89 437
16 69 466
16 78 151
16 89 10
16 28 490
16 46 176
16 53 261
16 38 16
16 41 500
17 60 135
17 20 216
17 49 482
17 86 399
17 90 159
17 90 49
17 31 1
17 22 95
17 63 230
17 57 54
17 77 395
17 71 239
17 27 382
17 33 291
17 40 215
18 99 126
18 37 453
18 99 73
18 77 106
18 45 253
18 20 35
18 34 11
18 97 179
18 72 341
18 94 351
18 19 272
18 29 261
18 21 181
18 90 457
18 32 33
18 28 256
18 50 416
18 63 72
18 59 237
19 21 356
19 51 128
19 72 385
19 67 377
19 21 153
19 84 307
19 90 172
19 42 160
19 72 83
19 55 46
19 67 149
19 65 126
19 40 144
19 67 247
19 68 310
19 81 435
20 74 84
20 47 307
20 79 48
20 33 429
20 75 22
20 62 131
20 63 209
20 95 129
20 26 300
20 98 258
20 99 357
20 71 7
20 74 136
20 71 95
20 54 13
21 23 117
21 59 477
21 30 278
21 71 240
21 40 43
21 86 456
21 84 174
21 28 352
21 42 196
21 29 313
21 41 182
21 52 434
21 88 228
21 45 232
21 62 315
21 58 235
21 63 338
21 95 462
21 39 347
21 67 367
21 96 480
22 89 213
22 35 59
22 30 500
22 40 19
22 51 209
22 98 374
22 85 3
22 91 103
22 91 452
22 76 232
22 85 151
22 85 494
22 40 409
22 44 468
22 29 426
22 76 102
22 96 253
22 38 260
23 27 287
23 89 200
23 85 136
23 74 228
23 89 428
23 46 500
23 81 425
23 71 160
23 56 448
23 61 165
23 93 191
23 72 66
23 98 412
23 30 435
23 28 70
23 89 48
23 30 158
24 76 425
24 32 108
24 45 308
24 40 300
24 82 205
24 31 468
24 85 447
24 30 256
24 57 351
24 41 161
24 72 391
25 73 418
25 84 267
25 60 88
25 36 332
25 32 457
25 81 122
25 78 151
25 85 16
25 66 312
25 71 220
25 49 230
25 91 45
25 48 313
25 26 177
25 30 289
25 89 59
25 93 202
26 67 371
26 46 11
26 35 463
26 86 156
26 47 264
26 29 299
26 29 264
26 65 113
26 51 364
26 93 214
27 88 457
27 42 363
27 46 116
27 95 276
27 44 406
27 91 107
27 29 364
27 53 196
27 50 213
27 42 54
27 45 286
27 82 377
27 46 147
27 61 377
27 35 73
27 40 464
27 83 398
28 73 340
28 40 207
28 46 2
28 87 271
28 65 243
28 51 11
28 39 440
28 29 415
28 46 368
28 37 103
28 29 413
28 82 211
28 90 16
28 92 468
28 51 440
28 33 336
29 30 244
29 71 254
29 81 395
29 97 263
29 75 176
29 43 149
29 61 233
29 46 456
29 42 138
29 32 112
29 34 257
29 67 30
29 65 360
29 97 89
29 45 22
29 43 374
29 99 192
29 95 392
30 74 447
30 38 190
30 86 251
30 88 450
30 51 144
30 62 156
30 55 457
30 77 359
30 61 247
30 72 457
30 65 335
30 83 304
30 65 291
31 38 154
31 47 162
31 48 391
31 54 155
31 52 141
31 81 457
31 40 281
31 72 303
31 98 231
31 86 54
31 42 114
31 89 68
31 83 167
31 58 222
32 53 26
32 94 255
32 95 97
32 70 204
32 80 165
32 52 252
32 34 207
32 35 194
32 80 427
32 92 250
32 49 1
33 50 78
33 82 302
33 34 119
33 86 286
33 47 12
33 70 249
33 50 141
33 88 283
33 77 476
33 74 11
33 67 379
33 38 370
33 35 355
33 57 394
34 47 394
34 40 124
34 57 95
34 75 250
34 51 484
34 53 307
34 77 357
34 63 188
34 84 379
34 84 200
34 97 89
34 51 341
34 53 269
34 94 245
34 89 298
34 97 122
35 98 140
35 78 227
35 87 182
35 36 167
35 66 375
35 88 268
35 82 82
35 76 6
36 91 213
36 86 82
36 47 494
36 87 433
36 39 103
36 63 209
36 90 57
36 39 257
36 42 438
36 40 478
36 89 203
36 47 252
36 85 435
36 53 217
36 99 286
36 96 432
36 44 408
37 74 117
37 82 199
37 77 312
37 48 365
37 78 87
37 86 442
37 99 195
37 95 212
37 89 81
37 48 170
37 95 7
37 66 87
37 84 217
37 50 56
37 80 366
38 41 77
38 92 339
38 61 366
38 49 68
38 90 310
38 87 455
38 92 455
38 83 156
38 40 64
39 78 94
39 97 498
39 76 440
39 88 406
39 60 252
39 62 74
39 69 124
39 86 438
39 87 112
39 57 402
39 75 158
39 40 474
40 60 487
40 43 83
40 56 179
40 96 24
40 80 82
40 76 430
40 48 494
40 90 263
40 71 387
40 74 484
40 64 130
40 86 9
40 83 262
41 42 338
41 44 178
41 52 424
41 90 54
41 84 64
41 49 189
41 83 253
41 97 251
41 90 317
41 67 148
42 78 499
42 77 324
42 52 488
42 78 77
42 50 269
42 43 44
42 53 484
42 54 417
42 58 299
42 94 310
42 78 467
42 67 297
42 67 121
42 79 86
42 45 128
42 91 321
43 54 152
43 96 92
43 70 177
43 59 90
43 92 154
43 83 132
43 44 182
43 87 475
43 55 299
43 53 96
43 44 243
44 62 298
44 88 37
44 91 19
44 86 297
44 81 320
44 60 151
44 92 466
44 72 57
45 53 404
45 59 423
45 70 55
45 50 426
45 48 16
45 97 357
45 76 303
45 63 420
45 77 448
45 96 287
45 71 169
45 59 313
45 85 208
45 67 248
46 96 366
46 75 242
46 80 394
46 71 362
46 67 137
46 78 321
46 87 312
46 83 372
46 86 72
47 77 182
47 71 221
47 99 461
47 92 85
47 59 415
47 55 381
47 61 81
47 59 417
47 83 190
47 99 170
47 99 269
47 48 198
48 51 305
48 97 262
48 92 161
48 68 55
48 66 103
48 74 444
48 50 40
48 61 194
48 53 252
48 93 479
48 58 277
48 75 183
48 95 179
48 55 38
48 52 422
49 81 14
49 86 251
49 52 323
49 81 235
49 61 482
49 97 249
49 86 324
49 81 439
49 83 134
49 86 216
49 58 149
49 93 237
49 93 212
49 93 380
49 97 355
50 76 497
50 97 4
50 76 214
50 68 431
50 82 209
50 96 347
51 92 234
51 54 222
51 57 38
51 66 235
51 85 88
51 64 57
51 86 365
51 92 26
52 63 268
52 79 409
52 98 347
52 95 73
52 93 483
52 81 338
52 82 156
52 59 272
52 87 132
53 56 372
53 93 180
53 87 202
53 88 178
53 85 428
53 66 322
53 93 65
53 88 232
53 76 35
53 80 250
53 54 20
54 63 243
54 70 405
54 73 337
54 59 118
54 81 316
54 91 53
54 63 199
54 80 179
54 63 142
54 89 235
54 99 58
54 74 292
54 65 282
54 55 129
54 68 321
55 80 273
55 98 44
55 87 49
55 57 226
55 78 88
56 62 52
56 86 233
56 73 326
56 63 372
56 98 156
56 57 313
57 84 420
57 63 295
57 93 459
57 88 251
57 69 251
57 99 467
57 73 140
57 59 101
58 88 105
58 95 317
58 59 252
58 98 156
58 69 269
58 69 498
58 64 32
58 93 189
58 80 451
58 70 367
58 99 409
59 93 425
59 79 388
59 71 36
59 89 421
59 67 111
59 95 204
59 60 426
59 61 333
59 90 280
59 91 161
60 81 347
60 87 498
60 86 172
60 95 450
60 95 207
60 68 151
60 85 295
60 85 437
60 68 401
61 69 465
61 87 438
61 83 324
61 99 31
61 94 22
61 93 233
61 92 286
61 91 496
61 86 23
61 83 89
61 72 296
61 67 309
62 68 67
62 96 256
62 78 187
62 96 233
62 75 232
62 94 489
62 96 9
62 63 494
62 72 371
62 71 127
62 80 5
63 93 391
63 90 353
63 95 29
63 75 325
63 90 133
63 99 255
63 98 248
63 91 123
63 64 379
63 80 15
63 92 149
63 98 264
64 99 17
64 78 100
64 91 156
64 67 281
64 97 53
64 92 292
64 91 337
64 71 277
64 79 311
64 69 263
65 95 95
65 88 189
66 72 34
66 93 446
66 71 176
67 70 21
67 99 472
67 79 348
67 71 158
67 80 40
67 80 168
67 93 86
67 71 499
68 85 467
68 88 13
68 76 248
68 86 248
68 77 399
68 89 462
68 86 476
68 85 71
68 93 324
68 91 361
69 86 293
69 73 74
69 90 214
69 88 4
69 72 136
70 95 374
70 75 17
70 80 126
70 84 228
70 72 361
70 87 238
70 87 336
70 93 259
70 77 397
70 76 159
70 84 270
71 82 77
71 88 84
72 91 85
72 93 379
72 79 75
73 78 451
73 90 227
73 80 240
74 86 178
74 87 186
74 95 192
74 78 328
75 78 68
75 95 198
75 89 139
75 86 462
76 98 36
76 89 426
76 93 164
76 81 72
77 89 305
77 87 171
77 79 458
77 84 234
77 97 488
78 98 362
78 85 112
78 81 48
78 79 185
79 89 83
79 84 311
79 93 307
79 99 93
79 83 492
79 83 463
80 81 255
80 83 131
80 83 479
80 81 174
81 86 86
81 99 123
82 97 430
82 91 321
83 85 195
84 92 428
85 99 125
85 89 346
87 88 127
87 96 340
87 96 69
87 93 229
88 91 465
88 91 301
89 91 222
92 93 352
92 93 416
92 94 413
97 99 112
