100 15 1000 1472 436
24 1
37 1
44 1
49 1
51 1
54 1
55 1
59 1
60 1
71 1
75 1
77 1
80 1
83 1
95 1
0 17 293
0 10 127
0 74 259
0 64 413
0 85 324
0 70 179
0 76 219
0 64 229
0 86 402
0 24 42
0 62 119
0 64 41
0 50 411
0 77 389
0 27 159
0 68 238
0 41 442
0 44 320
1 18 290
1 49 56
1 53 1
1 61 431
1 58 329
1 71 177
1 61 438
1 84 477
1 12 218
1 64 288
1 14 304
1 82 29
1 14 22
1 66 56
1 92 123
1 97 467
1 64 28
2 54 483
2 45 158
2 26 234
2 94 186
2 86 218
2 50 178
2 24 165
2 64 17
2 76 225
2 45 302
2 61 412
2 44 108
2 74 436
3 62 168
3 7 442
3 45 78
3 39 169
3 55 215
3 49 284
3 54 485
3 74 150
3 27 449
3 58 18
3 39 322
3 78 283
3 37 210
3 11 169
3 27 295
3 80 256
3 48 355
3 5 347
3 4 388
3 23 425
3 39 125
3 85 97
3 23 397
3 6 248
4 17 422
4 75 255
4 37 89
4 88 245
4 30 227
4 45 123
4 87 115
4 9 232
4 73 255
4 11 260
4 16 289
4 16 69
4 47 362
4 36 440
4 31 302
4 48 180
4 25 63
4 47 455
4 78 192
4 32 141
4 57 201
4 22 252
4 57 365
5 37 65
5 20 145
5 76 61
5 23 379
5 85 406
5 65 488
5 83 207
5 76 404
5 76 158
5 45 199
5 27 36
5 77 65
5 62 411
5 20 364
5 62 126
5 65 101
5 25 316
5 74 424
5 15 127
5 99 426
5 85 153
5 66 138
5 35 204
6 94 186
6 51 13
6 21 277
6 65 281
6 50 197
6 40 466
6 18 107
6 24 270
6 59 416
6 79 454
6 50 281
6 88 57
6 57 246
6 80 285
6 51 375
6 93 150
6 32 421
7 43 171
7 93 271
7 63 416
7 17 97
7 50 349
7 77 140
7 31 187
7 23 486
7 98 407
7 51 29
7 49 248
7 45 498
7 19 96
7 99 155
7 88 318
7 44 76
7 70 60
7 26 327
7 15 88
7 69 214
8 60 408
8 85 50
8 18 133
8 47 171
8 42 319
8 37 6
8 57 95
8 95 253
8 44 90
8 87 20
8 41 136
8 37 96
8 57 244
8 18 385
8 42 2
8 24 300
9 39 355
9 44 278
9 95 484
9 67 46
9 18 223
9 54 154
9 65 440
9 16 325
9 80 77
9 20 444
9 71 315
9 24 354
10 46 170
10 77 458
10 66 105
10 59 277
10 57 397
10 68 324
10 38 446
10 51 348
10 53 266
10 95 429
10 75 145
10 68 89
10 42 290
10 81 215
10 23 442
10 36 393
10 89 371
10 17 66
10 50 471
10 12 375
11 47 399
11 35 5
11 20 400
11 23 494
11 17 86
11 62 462
11 86 329
11 38 46
11 57 70
11 17 68
11 53 196
12 39 120
12 56 1
12 47 408
12 96 369
12 45 336
12 31 240
12 78 304
12 84 220
12 75 97
12 75 68
12 83 132
12 51 256
12 93 20
12 37 193
12 58 439
12 43 406
12 77 190
12 28 238
12 18 160
12 23 204
12 21 231
12 32 408
13 77 7
13 99 370
13 54 88
13 74 307
13 55 72
13 79 490
13 60 197
13 17 123
13 23 319
13 61 71
13 50 336
13 98 395
13 51 358
13 63 291
13 16 475
13 16 400
13 75 179
14 69 160
14 24 137
14 44 274
14 96 466
14 67 264
14 32 213
14 53 209
14 28 257
14 97 100
14 40 170
15 80 166
15 18 239
15 67 233
15 36 13
15 73 232
15 70 67
15 75 311
15 21 112
15 50 332
15 86 341
15 27 395
15 78 117
15 67 162
15 57 476
15 81 234
15 45 163
15 50 37
15 23 472
15 47 118
15 71 453
15 74 137
15 89 394
15 22 328
15 79 255
16 60 220
16 32 222
16 55 435
16 47 266
16 49 361
16 46 60
16 97 284
16 71 435
16 76 449
16 48 211
16 33 273
16 83 118
16 96 174
16 79 235
16 62 81
16 69 131
16 80 260
17 36 299
17 77 278
17 94 204
17 47 458
17 63 462
17 97 215
17 74 261
17 90 406
17 30 130
17 75 202
17 39 311
17 53 57
17 91 435
17 73 229
17 61 354
17 35 342
17 37 262
17 25 261
17 85 347
17 98 163
17 48 93
17 66 164
17 98 281
17 89 40
17 81 133
17 37 236
17 73 258
17 28 353
18 76 174
18 90 271
18 83 255
18 23 330
18 62 104
18 47 10
18 23 27
18 20 338
18 34 81
18 67 86
18 56 50
18 43 87
18 87 21
18 74 403
18 39 346
18 52 129
18 19 363
18 80 117
18 95 77
18 69 427
18 35 222
18 69 360
18 79 205
19 35 432
19 32 179
19 70 160
19 76 173
19 81 233
19 38 139
19 70 244
19 62 47
19 38 475
19 42 187
19 56 167
19 23 219
19 82 459
19 82 55
19 60 466
19 48 93
20 46 279
20 59 13
20 51 159
20 88 465
20 64 301
20 89 90
20 37 284
20 52 367
20 94 244
20 60 84
20 88 302
20 39 416
21 67 462
21 68 230
21 87 114
21 41 191
21 23 358
21 37 399
21 37 104
21 40 218
21 69 307
21 58 387
21 44 245
21 57 18
21 58 186
21 23 392
21 28 326
21 50 272
22 48 228
22 89 72
22 28 480
22 56 38
22 48 457
22 79 83
22 34 456
22 82 468
22 51 92
22 77 140
22 61 257
22 97 138
22 94 251
23 30 312
23 83 385
23 92 454
23 24 328
23 64 340
23 73 305
23 53 254
23 40 260
23 63 480
23 56 238
23 74 148
23 93 45
23 71 89
23 94 236
23 97 216
23 97 159
23 68 208
23 64 63
23 43 183
23 62 52
23 31 269
23 51 464
24 65 397
24 37 307
24 29 189
24 70 222
24 55 260
24 71 97
24 90 334
24 74 485
24 27 421
24 94 255
24 46 335
24 51 165
24 71 357
24 64 215
24 55 127
24 28 357
24 41 159
24 83 171
24 46 448
25 70 322
25 64 350
25 99 278
25 36 454
25 36 177
25 99 4
25 45 495
25 64 42
25 65 214
25 74 428
25 95 85
26 91 396
26 78 152
26 50 311
26 81 378
26 80 10
26 91 178
26 52 354
26 47 385
26 35 121
26 81 204
26 73 133
26 32 321
26 70 248
26 61 169
26 78 376
26 80 178
26 78 371
27 94 309
27 41 378
27 32 285
27 33 318
27 73 40
27 99 337
27 65 110
27 80 441
27 46 415
27 73 369
27 77 332
27 33 461
27 99 230
28 64 55
28 95 290
28 57 89
28 48 275
28 66 341
28 76 190
28 56 256
28 83 114
28 33 9
28 97 3
28 66 12
28 68 116
28 32 43
29 84 221
29 80 303
29 51 207
29 91 283
29 57 281
29 60 48
29 77 433
29 44 42
29 86 111
29 87 473
30 64 35
30 61 355
30 81 404
30 94 417
30 85 398
30 94 153
30 62 482
30 66 307
30 52 343
31 55 18
31 69 38
31 71 275
31 40 357
31 42 17
31 37 115
31 36 137
31 57 460
31 53 210
31 95 127
32 94 347
32 68 44
32 73 376
32 51 338
32 74 219
32 58 134
32 77 193
32 81 426
32 87 114
32 58 33
32 96 413
32 44 296
32 44 29
32 61 92
32 59 157
32 56 109
32 83 392
32 61 279
33 57 77
33 88 23
33 54 321
33 34 406
33 95 258
33 60 174
33 76 344
33 59 245
33 36 185
33 67 445
33 57 57
33 59 229
33 57 195
33 79 176
33 53 464
34 54 491
34 65 437
34 76 285
34 40 494
34 64 299
34 65 185
34 49 196
34 45 68
34 95 355
34 41 500
35 42 397
35 92 91
35 36 144
35 82 47
35 49 255
35 94 270
35 40 113
35 67 242
35 47 431
35 84 18
35 97 122
35 77 11
35 48 449
35 95 71
35 68 397
35 83 106
35 82 468
35 43 98
35 43 471
35 53 316
35 94 407
35 85 373
35 54 354
36 99 28
36 43 236
36 85 244
36 98 259
36 88 435
36 79 422
36 96 455
36 37 281
36 58 474
36 55 12
36 56 441
36 60 482
37 98 148
37 52 270
37 89 343
37 79 331
37 45 262
37 97 49
37 86 347
37 46 125
37 44 136
37 74 124
37 70 286
37 69 106
37 53 84
37 65 77
38 99 228
38 82 411
38 76 281
38 75 284
38 75 86
38 50 277
38 51 136
39 76 77
39 95 383
39 97 61
39 47 207
39 75 380
39 42 358
39 73 322
39 66 338
39 67 432
40 67 428
40 53 394
40 58 189
40 55 167
40 77 186
40 66 166
40 60 22
40 61 371
40 69 304
40 98 327
40 56 120
40 87 190
41 42 122
41 82 195
41 76 384
41 61 112
41 76 192
41 64 51
41 84 313
41 60 159
41 91 361
41 58 33
41 87 382
41 98 258
41 60 254
42 69 110
42 57 375
42 88 33
42 92 389
42 44 295
42 55 153
42 59 271
42 62 100
42 99 270
43 65 487
43 61 272
43 51 104
43 86 213
43 88 294
43 52 415
43 57 376
43 62 217
44 88 338
44 96 202
44 85 277
44 89 399
44 93 443
44 50 154
44 53 312
44 95 470
44 60 207
44 71 213
44 98 181
45 72 488
45 67 127
45 50 418
45 86 409
45 58 446
45 86 159
45 61 329
45 53 374
45 46 219
45 89 79
45 73 122
45 98 471
46 86 436
46 74 78
46 91 86
46 73 119
46 79 171
46 81 155
46 91 281
46 65 157
47 95 236
47 86 342
47 63 276
47 56 252
47 77 256
47 76 42
47 87 334
47 90 256
47 81 32
47 83 455
47 86 368
47 54 447
47 59 409
47 64 173
48 81 313
48 78 475
48 94 359
48 52 487
48 54 303
48 90 63
48 64 172
49 92 41
49 58 324
49 76 278
49 74 351
49 54 235
49 51 353
49 99 196
49 92 431
49 71 95
49 58 472
49 62 424
50 65 497
50 70 426
50 86 112
50 76 481
50 67 204
50 84 320
50 88 190
50 54 317
50 61 344
50 77 491
51 69 367
51 95 120
51 71 367
51 67 263
51 65 460
51 78 268
52 88 54
52 62 74
52 94 111
52 93 411
52 97 416
52 68 243
52 78 339
52 82 484
52 76 452
52 60 309
52 99 67
52 91 287
52 86 357
52 73 77
52 53 4
53 86 475
53 54 175
53 56 298
53 87 424
53 90 386
53 54 380
53 70 180
53 74 472
53 74 63
53 94 347
53 60 233
53 54 37
53 72 7
54 81 473
54 95 397
54 76 452
54 84 484
54 85 329
54 57 321
54 67 124
54 72 90
55 68 135
55 92 342
55 83 354
55 86 282
55 77 472
55 79 38
55 64 118
55 93 352
55 95 217
56 58 144
56 83 343
56 90 437
56 62 381
56 81 461
56 80 448
56 65 492
56 61 392
56 61 203
56 58 483
56 71 41
56 63 376
57 94 375
57 76 394
57 95 363
57 79 83
57 97 199
57 67 468
58 75 36
58 88 275
58 59 200
58 88 92
59 86 188
59 63 376
59 63 458
59 82 283
59 96 32
59 68 82
59 79 403
60 68 57
60 94 75
60 78 281
60 86 101
60 72 365
60 93 207
61 71 481
61 82 345
61 93 238
61 89 373
61 63 110
61 64 444
61 83 437
62 95 259
62 69 408
62 76 200
62 72 239
62 91 107
62 87 345
62 91 471
62 95 153
62 77 145
63 83 337
63 95 450
63 70 479
63 92 90
63 81 428
63 85 124
63 97 158
63 75 288
63 70 31
63 92 426
64 98 44
64 65 341
64 77 276
64 95 421
64 82 177
64 79 49
64 80 460
64 88 404
64 79 132
65 97 11
65 67 417
65 73 258
65 71 54
65 91 233
65 93 152
65 87 256
65 71 128
66 73 263
66 85 125
66 92 140
66 91 245
66 89 109
66 94 407
67 85 378
67 74 204
67 88 277
68 81 468
68 99 278
68 89 159
69 95 299
69 94 217
69 80 78
69 80 439
69 71 267
69 99 163
69 75 177
69 84 189
70 81 183
70 83 276
70 79 337
70 83 301
70 85 106
70 92 360
70 80 398
71 87 92
71 86 101
71 99 49
71 92 272
71 80 19
71 83 57
71 97 129
71 85 119
71 85 16
72 90 415
72 86 217
72 81 147
72 91 47
73 83 163
73 89 342
73 94 206
74 88 169
74 87 124
74 75 3
74 89 221
74 85 286
75 86 314
75 77 391
75 80 424
75 90 446
75 87 406
75 83 435
75 77 143
76 97 400
76 93 14
76 82 360
76 93 243
76 88 101
77 78 252
77 82 167
77 92 261
77 93 434
78 86 373
78 79 389
78 80 197
79 86 116
79 95 269
80 83 434
80 81 458
80 87 403
80 99 327
80 81 233
80 91 11
81 88 228
81 95 431
81 88 322
82 84 196
82 87 134
82 86 456
83 94 332
83 88 352
83 85 289
83 99 214
83 87 271
84 85 200
84 95 296
85 96 309
85 95 57
85 91 375
86 93 479
86 97 6
86 94 5
86 89 443
86 89 425
87 99 149
88 97 125
88 96 459
88 91 378
89 99 166
89 96 439
89 90 67
90 95 385
90 91 438
90 94 391
90 99 44
91 93 357
93 98 170
96 98 94
96 98 37
97 98 429
