100 15 1000 1261 207
16 1
21 1
26 1
36 1
38 1
40 1
48 1
51 1
54 1
59 1
64 1
68 1
73 1
79 1
86 1
0 4 73
0 28 312
0 33 221
0 67 151
0 67 299
0 59 480
0 7 209
0 72 291
0 34 79
0 48 295
0 74 349
0 54 266
0 27 147
0 10 203
0 23 280
0 11 51
0 73 217
1 5 84
1 95 429
1 46 237
1 55 72
1 20 427
1 63 185
1 43 166
1 28 231
1 73 380
1 68 155
1 81 411
1 87 118
1 95 254
1 31 466
1 89 434
1 25 74
1 48 472
1 74 176
2 83 270
2 80 259
2 83 382
2 13 191
2 40 469
2 63 296
2 26 105
2 62 260
2 38 460
2 14 192
2 83 421
2 31 263
2 18 327
2 26 489
2 78 330
2 89 210
2 30 160
2 89 332
2 30 378
2 14 215
2 11 140
2 67 292
3 89 262
3 56 400
3 99 441
3 72 415
3 10 174
3 30 110
3 4 113
3 30 102
3 43 195
3 78 460
3 70 486
3 8 207
3 65 476
3 46 456
3 5 186
3 13 492
3 82 308
3 7 275
3 87 114
3 90 315
3 41 15
3 92 70
3 7 273
3 88 439
3 22 89
4 28 8
4 98 276
4 90 456
4 81 249
4 17 475
4 42 322
4 81 393
4 75 279
4 84 372
4 94 267
4 96 329
4 46 386
4 41 163
4 88 154
4 13 311
4 83 219
4 33 38
4 22 425
4 56 144
4 74 131
4 12 336
4 27 490
4 8 54
5 26 369
5 57 11
5 46 437
5 91 135
5 48 109
5 35 21
5 17 272
5 26 244
5 62 266
5 73 411
5 50 274
5 94 19
5 79 265
5 95 195
5 29 350
5 92 308
5 35 109
5 17 370
5 10 241
5 72 264
5 84 295
5 13 346
5 46 476
5 68 210
5 31 308
5 47 357
5 64 300
6 33 264
6 94 179
6 86 87
6 56 146
6 59 171
6 82 195
6 48 362
6 52 307
6 45 202
6 15 183
6 12 251
6 64 342
6 31 477
6 59 84
6 24 499
6 89 193
6 57 121
6 74 491
7 41 97
7 24 192
7 64 341
7 52 83
7 40 356
7 88 481
7 43 129
7 39 159
7 29 73
7 93 394
7 14 86
7 94 109
7 77 343
7 36 45
7 52 22
7 40 334
7 56 34
7 66 484
7 88 194
7 94 18
7 99 366
7 25 469
8 30 473
8 84 497
8 59 195
8 23 122
8 85 113
8 51 37
8 51 415
8 20 124
8 82 310
8 97 434
8 42 171
8 24 104
8 87 256
8 70 103
8 21 38
8 94 175
8 54 257
8 87 198
9 93 479
9 52 313
9 20 493
9 65 384
9 71 456
9 80 108
9 94 364
9 34 61
9 18 480
9 58 466
9 38 397
9 78 25
9 12 32
9 43 411
9 74 35
9 47 280
9 41 88
9 48 207
9 16 38
9 24 368
9 84 319
9 19 237
9 15 201
9 77 375
9 92 103
9 14 384
9 47 373
9 94 345
10 50 433
10 56 375
10 21 361
10 30 197
10 87 293
10 26 103
10 50 440
10 60 451
10 84 464
10 19 425
10 95 291
10 45 229
10 11 343
10 12 60
11 61 189
11 69 161
11 59 456
11 44 380
11 87 275
11 77 268
11 30 87
11 34 388
11 18 493
11 71 268
11 91 239
11 58 172
11 18 389
11 47 432
11 94 478
11 77 195
11 64 350
12 72 77
12 53 323
12 85 175
12 23 399
12 89 406
12 75 424
12 37 137
12 84 19
12 20 469
12 44 101
12 44 223
12 63 105
12 93 341
12 36 322
12 16 117
12 59 371
12 29 135
13 29 299
13 63 110
13 33 13
13 70 437
13 32 443
13 90 354
13 46 186
13 44 306
13 63 350
13 38 364
13 92 324
13 78 411
13 92 444
13 29 463
13 98 239
13 40 472
13 48 125
13 22 332
14 97 375
14 33 381
14 71 429
14 18 479
14 36 62
14 90 321
14 60 364
14 81 269
14 20 230
14 52 266
14 84 6
14 75 281
14 91 27
14 95 215
14 27 387
14 53 195
15 84 315
15 32 210
15 69 159
15 77 253
15 93 32
15 63 59
15 70 36
15 63 401
15 56 286
15 95 76
15 69 268
15 61 328
15 76 144
15 93 312
16 69 96
16 73 350
16 58 173
16 23 208
16 77 73
16 31 344
16 99 7
16 76 56
16 63 168
16 49 62
16 44 110
16 90 75
16 34 36
16 59 140
16 58 179
16 48 194
16 53 175
16 57 24
17 51 475
17 48 208
17 87 439
17 46 1
17 88 494
17 64 400
17 31 100
17 20 11
17 87 27
17 48 343
17 24 20
17 46 56
17 34 220
18 80 322
18 99 355
18 64 17
18 96 415
18 67 438
18 27 261
18 98 18
18 98 436
18 69 275
18 53 113
18 42 80
18 43 453
19 97 366
19 92 137
19 55 197
19 91 249
19 57 16
19 66 170
19 61 370
19 26 109
19 66 76
19 93 202
19 57 115
19 87 179
19 89 269
19 51 60
19 33 414
19 84 65
19 33 110
19 65 170
19 28 369
20 64 324
20 55 130
20 74 186
20 50 327
20 42 59
20 62 189
20 86 383
20 51 469
20 58 269
20 45 199
20 65 359
20 43 108
20 36 241
20 94 414
20 91 135
20 79 328
20 93 256
20 67 476
20 99 282
20 75 151
21 25 401
21 53 22
21 25 323
21 67 385
21 56 279
21 48 382
21 72 407
21 32 331
21 64 419
21 57 121
21 25 391
21 28 412
21 60 236
21 70 20
21 52 228
22 95 434
22 28 141
22 75 481
22 77 148
22 70 145
22 61 213
22 29 114
22 92 284
22 84 11
22 27 140
22 32 477
22 57 265
22 76 313
22 82 56
22 43 316
22 58 415
23 38 416
23 76 409
23 59 330
23 81 399
23 77 78
23 37 374
23 30 410
23 76 137
23 31 398
23 39 285
23 87 383
23 69 365
23 89 43
23 27 397
23 78 345
23 49 369
23 41 286
24 42 325
24 48 453
24 58 391
24 25 225
24 39 165
24 46 192
24 57 29
24 55 24
24 49 132
24 98 376
24 52 472
24 57 48
24 98 401
24 56 420
24 36 76
25 46 294
25 72 153
25 28 387
25 48 286
25 59 112
25 78 260
25 63 190
25 51 13
25 67 438
25 39 155
25 40 288
25 37 47
25 74 330
25 75 140
25 79 245
26 72 22
26 87 75
26 99 428
26 39 323
26 88 31
26 80 313
26 99 480
26 40 432
26 78 333
26 42 365
26 41 453
26 65 203
26 84 377
26 54 205
26 80 346
26 90 422
26 50 120
26 39 52
26 71 424
27 86 94
27 53 309
27 62 293
27 82 320
27 95 392
27 46 48
27 34 325
27 58 468
27 75 197
27 54 196
27 73 52
27 59 118
27 84 99
27 68 208
27 74 447
27 63 194
27 37 286
27 99 329
28 90 440
28 86 328
28 51 483
28 46 375
28 99 86
28 73 192
28 41 8
28 59 266
28 62 469
28 33 30
28 68 75
28 31 167
28 29 30
28 53 151
29 91 77
29 39 463
29 51 213
29 35 209
29 37 419
29 88 433
29 79 468
29 87 207
29 30 329
29 33 23
29 34 47
29 95 423
29 54 40
30 31 98
30 68 202
30 35 451
30 84 356
30 84 48
30 66 435
30 53 220
30 95 375
30 56 419
30 89 103
30 85 183
30 94 228
31 36 237
31 77 464
31 94 134
31 62 204
31 33 326
31 99 201
31 46 175
31 90 257
31 71 390
31 39 425
31 79 37
32 67 36
32 40 339
32 50 384
32 83 83
32 52 189
32 95 19
32 86 382
32 93 175
32 70 315
32 95 123
33 82 147
33 71 474
33 88 420
33 57 407
33 91 85
33 59 101
33 93 385
33 95 74
33 83 166
33 36 170
33 59 154
33 87 28
33 51 499
34 45 466
34 91 130
34 61 477
34 65 129
34 67 401
34 49 301
35 73 80
35 56 320
35 40 138
35 95 319
35 97 30
35 85 58
35 79 2
35 74 143
35 91 174
35 41 491
35 62 248
35 58 430
35 75 349
35 87 421
35 94 149
35 44 344
35 82 445
36 93 488
36 99 1
36 72 18
36 38 33
36 97 264
36 66 77
36 39 136
36 47 13
36 87 437
36 96 148
36 66 478
36 65 45
36 90 99
36 77 253
36 94 462
36 60 152
36 76 280
36 44 132
37 92 22
37 71 112
37 70 166
37 94 411
37 67 352
37 47 299
37 54 112
37 94 484
37 67 134
37 42 395
37 58 245
38 86 89
38 61 195
38 68 237
38 63 392
38 53 214
38 91 247
38 67 182
38 98 171
38 77 314
38 84 143
38 48 372
38 51 81
38 84 494
39 41 83
39 80 6
39 88 133
39 40 429
39 51 138
39 88 382
39 41 9
39 69 354
39 81 162
39 92 439
39 89 315
39 86 48
39 94 391
39 54 15
39 80 454
40 60 332
40 83 483
40 46 124
40 85 384
40 54 128
40 71 137
40 90 103
40 43 313
40 64 19
40 80 91
40 59 481
40 49 77
41 45 221
41 44 211
41 83 417
41 98 279
41 45 353
41 77 346
41 89 364
41 67 407
41 52 80
41 80 110
41 87 168
41 63 455
41 54 186
41 71 108
41 53 228
42 97 424
42 81 44
42 72 109
42 77 251
42 90 118
42 47 271
42 96 452
43 94 321
43 47 341
43 79 396
43 51 62
43 65 235
43 62 399
43 62 22
43 77 287
43 76 343
43 64 235
43 64 141
43 65 152
44 81 275
44 56 366
44 65 114
44 52 68
44 77 194
44 83 36
44 76 474
44 79 419
44 74 387
44 99 104
44 71 388
44 56 470
44 76 176
44 72 138
44 82 78
45 92 1
45 74 304
45 48 478
45 72 356
45 60 69
45 83 227
45 64 72
45 63 211
45 80 275
45 74 425
45 87 305
46 74 420
46 90 212
46 98 133
46 57 437
46 91 89
46 58 406
46 90 47
46 56 36
46 71 36
46 70 222
46 53 143
47 68 388
47 96 280
47 54 333
47 77 106
47 51 437
47 85 451
47 73 216
47 75 254
47 69 79
47 95 60
48 61 284
48 96 494
48 56 320
48 49 13
48 67 247
48 75 319
48 52 310
48 73 44
48 76 166
48 91 69
48 86 48
49 72 68
49 55 455
49 82 423
49 67 379
49 82 27
49 56 302
50 59 56
50 91 277
50 57 178
50 69 381
50 63 355
51 86 479
51 52 229
51 94 153
51 96 408
52 96 213
52 81 231
52 99 371
52 53 120
52 71 338
52 70 82
52 72 8
52 76 219
52 70 87
52 78 399
53 84 207
53 89 313
53 73 409
53 62 9
53 94 434
53 97 264
53 91 105
53 68 498
54 92 223
54 82 166
54 60 341
54 95 494
54 66 432
54 63 50
54 70 161
55 82 291
55 75 248
55 74 16
56 85 179
56 87 469
56 72 481
56 83 169
56 64 117
56 80 282
56 57 184
56 60 34
56 96 356
56 77 149
56 64 151
56 79 471
56 67 100
56 71 22
57 79 1
57 60 43
57 77 283
57 95 59
58 76 486
58 70 81
58 75 276
58 80 36
58 65 147
58 92 43
58 74 211
58 67 219
59 74 422
59 83 285
59 82 251
59 70 396
59 79 448
59 82 21
59 87 475
59 88 96
59 64 413
59 74 263
60 62 227
60 90 310
60 88 405
60 68 184
60 95 405
60 79 85
60 90 187
60 96 441
60 95 111
61 84 68
61 63 248
61 78 486
61 88 241
61 97 223
61 73 171
61 85 369
61 89 303
62 99 180
62 75 356
62 74 71
62 68 121
62 72 292
62 73 119
63 69 483
63 91 128
63 93 217
64 83 261
64 91 389
64 76 466
64 81 497
64 77 264
65 96 213
65 66 116
65 99 127
65 82 94
65 68 361
65 72 54
65 74 206
65 84 149
66 82 217
66 88 451
66 91 15
66 95 344
66 67 100
66 86 140
66 88 106
66 88 78
67 76 321
67 75 137
67 79 135
67 93 33
67 96 50
68 70 168
69 82 378
69 79 217
69 82 30
69 82 199
69 82 334
69 84 279
69 99 11
69 88 178
70 93 323
70 72 246
70 87 25
70 99 113
70 81 317
70 93 157
70 95 476
70 74 387
70 78 340
70 95 444
70 76 489
71 72 290
71 72 454
71 88 414
71 85 287
72 98 228
73 90 277
73 88 73
73 88 440
73 77 93
73 86 450
73 81 445
74 86 101
74 91 217
74 93 280
74 92 175
74 99 321
75 88 213
75 84 242
75 86 83
76 81 304
76 89 251
76 94 163
76 98 206
76 90 473
76 90 397
76 91 143
76 77 119
77 97 467
77 91 6
77 82 180
77 83 204
77 86 262
78 87 183
78 88 66
78 82 494
78 83 420
79 92 368
79 96 37
79 83 234
79 98 341
80 86 31
80 83 3
81 86 171
81 83 491
81 84 167
82 96 466
83 92 378
83 85 240
83 88 162
83 89 440
83 84 82
83 99 41
84 97 375
84 95 178
84 97 153
85 91 199
85 93 272
85 93 111
85 92 2
86 88 264
86 90 420
86 99 301
87 96 398
87 91 214
87 95 59
87 96 67
88 99 168
88 97 61
89 92 254
90 93 403
90 97 38
90 91 381
90 93 268
91 92 74
91 97 197
91 99 430
92 97 216
92 99 299
92 98 357
96 99 198
97 98 275
