100 15 1000 1425 347
2 1
15 1
26 1
29 1
31 1
34 1
37 1
38 1
63 1
70 1
74 1
88 1
91 1
92 1
93 1
0 88 491
0 50 284
0 85 204
0 69 106
0 79 404
0 58 257
0 79 174
0 65 2
0 5 384
0 63 192
0 95 274
0 9 138
0 27 282
0 91 383
0 74 379
0 99 51
0 44 447
0 4 404
0 31 357
0 72 277
0 92 261
0 10 57
0 34 185
0 64 390
0 9 28
0 51 15
1 17 69
1 48 212
1 33 96
1 40 229
1 73 396
1 25 385
1 51 37
1 62 398
1 58 91
1 85 315
1 84 465
1 24 340
1 73 386
1 82 446
1 92 142
1 93 210
1 4 402
1 8 254
1 80 122
1 27 47
1 85 305
2 15 21
2 12 389
2 73 54
2 44 499
2 45 355
2 52 299
2 53 496
2 62 133
2 21 259
2 33 107
2 11 106
2 71 224
2 20 312
2 99 186
2 50 477
2 76 112
2 58 224
2 61 118
2 45 95
2 19 36
2 86 437
2 46 85
3 83 182
3 51 480
3 57 10
3 62 399
3 21 212
3 17 118
3 9 356
3 91 323
3 90 362
3 41 482
3 42 226
3 51 302
3 69 397
3 99 195
3 68 390
3 14 255
3 10 67
3 98 419
4 32 331
4 18 291
4 38 143
4 54 487
4 92 175
4 63 195
4 11 485
4 5 439
4 62 178
4 5 317
4 97 128
4 64 29
4 60 67
4 85 301
4 95 204
4 59 323
4 26 48
4 35 216
4 58 254
4 63 375
4 34 71
4 39 126
4 31 396
4 92 442
4 46 313
4 27 48
4 71 430
4 88 122
4 65 430
4 86 166
5 55 303
5 13 421
5 71 466
5 78 400
5 83 374
5 49 47
5 14 233
5 48 300
5 50 249
5 75 476
5 25 165
5 38 182
5 48 494
5 19 339
5 80 206
5 19 189
5 69 227
5 93 134
5 20 427
6 46 59
6 17 132
6 63 424
6 49 244
6 92 385
6 25 145
6 9 277
6 28 332
6 70 465
6 52 76
6 80 6
6 56 245
6 45 421
6 36 90
6 9 430
6 73 148
6 55 316
6 31 150
6 54 141
6 66 96
6 83 95
6 74 174
6 63 36
6 34 414
6 11 81
6 33 17
6 39 227
6 79 3
6 90 211
7 15 399
7 75 355
7 84 304
7 50 326
7 63 260
7 87 197
7 28 457
7 9 386
7 77 303
7 14 408
7 79 216
7 87 284
7 36 441
8 44 154
8 23 144
8 26 297
8 64 95
8 73 224
8 21 498
8 61 250
8 70 445
8 29 66
8 46 66
8 16 235
8 59 218
8 33 114
8 49 128
8 56 355
8 23 342
8 86 463
8 20 493
8 92 162
8 98 4
8 53 281
9 45 347
9 97 3
9 78 131
9 20 316
9 68 338
9 85 460
9 35 39
9 93 48
9 91 328
9 29 96
9 43 87
9 75 44
9 91 84
9 81 4
9 39 66
9 31 155
10 94 127
10 86 38
10 93 340
10 13 85
10 34 81
10 39 460
10 60 474
10 45 47
10 96 1
10 23 453
10 97 373
10 53 367
10 86 226
10 74 306
10 60 161
10 39 223
10 39 381
10 27 115
10 42 360
10 82 271
10 96 232
11 34 422
11 23 334
11 51 79
11 35 54
11 81 298
11 62 311
11 16 18
11 33 401
11 30 26
11 64 432
11 75 162
11 17 432
11 55 373
11 27 478
11 93 407
11 32 401
11 33 15
11 12 215
11 56 71
11 71 308
11 27 401
11 55 407
11 81 52
11 50 99
11 88 91
12 14 245
12 34 361
12 97 281
12 27 287
12 22 459
12 45 452
12 57 303
12 87 467
12 41 129
12 55 24
12 58 120
12 61 138
12 76 360
12 85 398
12 44 129
12 66 378
12 46 51
12 95 258
12 89 112
12 39 488
12 95 397
12 45 175
12 41 19
12 13 7
13 84 117
13 62 196
13 28 326
13 57 403
13 18 291
13 26 36
13 62 425
13 32 140
13 30 129
13 41 100
13 72 262
14 39 149
14 41 432
14 15 92
14 88 468
14 45 489
14 41 469
14 15 215
14 93 161
14 36 161
14 56 284
14 74 361
14 99 96
14 61 475
15 35 464
15 59 486
15 34 496
15 30 189
15 96 96
15 62 200
15 26 153
15 64 59
15 28 354
15 59 148
15 46 200
15 72 387
16 57 110
16 43 93
16 32 25
16 89 68
16 59 128
16 23 249
16 95 402
16 77 27
16 28 476
16 94 361
16 27 499
16 56 111
16 82 233
16 35 258
16 37 287
16 69 495
16 76 185
16 29 130
16 71 420
16 59 417
17 78 147
17 71 444
17 78 494
17 82 61
17 78 151
17 94 447
18 29 245
18 30 287
18 55 74
18 57 423
18 64 399
18 71 315
18 20 229
18 42 350
18 50 314
18 25 198
18 56 5
18 67 242
18 89 98
18 49 243
18 89 381
18 85 322
18 96 117
18 77 349
18 61 170
18 97 335
19 72 328
19 20 418
19 23 232
19 46 393
19 40 414
19 89 483
19 23 88
19 77 321
19 30 393
19 22 6
19 37 97
19 65 438
19 99 106
19 97 136
19 61 220
19 80 353
20 70 410
20 21 24
20 48 3
20 69 303
20 93 211
20 99 331
20 36 60
20 81 71
20 60 261
20 49 454
20 74 85
20 40 211
20 39 256
21 39 415
21 32 297
21 67 269
21 35 265
21 39 464
21 68 468
21 68 253
21 40 173
21 89 326
21 78 19
22 23 443
22 28 303
22 46 471
22 40 314
22 46 467
22 90 414
22 76 33
22 92 348
22 94 71
22 88 147
22 56 309
22 44 458
22 48 100
22 30 159
22 48 207
22 58 97
22 83 71
22 30 457
23 81 454
23 25 159
23 30 31
23 28 189
23 26 118
23 59 4
23 52 119
23 62 44
23 66 195
23 48 319
24 77 95
24 78 128
24 69 105
24 64 35
24 97 76
24 79 244
24 85 240
24 71 213
24 63 268
24 71 412
24 39 102
24 81 170
24 60 211
25 60 36
25 46 208
25 99 251
25 93 233
25 36 422
25 90 329
25 33 380
25 36 376
25 37 136
25 27 491
25 49 92
25 58 383
25 60 58
25 60 352
25 94 186
25 35 447
25 35 425
26 41 232
26 70 104
26 71 357
26 85 487
26 90 350
26 46 441
26 97 305
26 73 22
26 86 44
26 80 244
26 46 87
26 80 489
26 51 498
26 53 469
26 67 108
26 47 13
27 54 91
27 58 197
27 32 81
27 51 107
27 45 201
27 32 138
27 75 4
27 79 101
27 78 228
27 72 466
27 96 25
28 51 278
28 80 146
28 40 455
28 97 73
28 47 197
28 58 441
28 74 302
28 89 152
28 53 231
28 77 40
28 63 184
28 65 308
28 82 219
28 79 489
28 84 292
28 83 189
28 33 472
28 41 432
29 93 414
29 86 249
29 35 407
29 48 234
29 49 110
29 87 331
29 44 139
29 69 321
29 68 107
29 49 339
29 46 127
29 68 110
29 94 104
29 69 150
29 92 109
29 32 10
29 32 129
30 88 116
30 85 144
30 67 212
30 47 336
30 73 285
30 87 405
30 53 342
30 80 106
30 76 495
30 84 351
30 41 1
30 85 438
30 67 210
30 64 151
30 34 193
30 45 163
30 81 40
30 37 469
30 42 332
31 68 451
31 76 373
31 61 113
31 62 234
31 95 481
31 97 31
31 69 54
31 42 436
31 43 238
31 91 218
32 65 199
32 61 345
32 82 387
32 79 15
32 96 73
32 91 33
32 94 301
32 65 107
32 69 102
32 84 297
32 87 177
32 44 12
33 42 67
33 99 287
33 92 21
33 44 27
33 77 395
33 53 499
33 69 398
33 96 29
33 95 185
33 99 404
34 87 257
34 52 150
34 95 227
34 83 220
34 38 257
34 93 300
34 96 483
34 72 135
34 90 253
34 82 5
34 49 291
35 37 372
35 91 154
35 77 444
35 53 382
35 55 244
35 76 20
35 41 87
35 90 135
35 38 485
35 92 211
35 69 47
35 59 265
36 56 372
36 96 383
36 38 58
36 99 72
36 53 498
36 50 106
36 67 188
36 44 240
36 55 57
36 42 257
36 45 177
36 70 106
36 70 180
36 68 23
36 78 381
37 73 472
37 94 407
37 82 13
37 64 274
37 60 460
37 92 424
37 94 498
37 49 404
37 65 89
37 96 456
37 42 467
37 98 455
37 50 433
37 65 207
37 63 494
37 50 226
37 95 231
37 94 65
38 71 471
38 83 235
38 45 216
38 96 44
38 52 316
38 47 259
39 50 422
39 79 105
39 44 68
39 62 409
39 83 254
39 90 42
39 82 441
39 85 305
39 45 147
39 72 196
39 94 228
39 81 102
39 96 100
40 83 311
40 75 266
40 75 93
40 88 224
40 53 267
40 73 425
40 54 114
40 68 318
40 79 316
40 63 109
40 47 40
40 64 337
40 54 297
41 65 160
41 77 118
41 55 485
41 80 431
41 86 96
41 82 232
41 50 94
41 69 224
41 79 352
41 93 387
42 85 388
42 67 176
42 65 21
42 76 384
42 95 475
42 43 380
42 75 32
43 62 193
43 91 410
43 53 350
43 92 398
43 44 412
43 63 91
43 71 479
44 64 206
44 53 500
44 57 109
44 55 418
44 85 476
44 94 124
44 85 410
44 45 29
44 61 65
44 95 364
45 76 387
45 88 201
45 50 12
45 87 487
45 57 323
45 82 189
45 61 292
45 86 484
45 94 195
46 55 148
46 82 388
46 54 357
46 65 229
46 79 488
46 86 138
46 96 2
46 70 85
46 64 339
46 80 243
46 55 188
46 59 141
46 57 448
46 96 155
46 58 275
47 58 283
47 83 310
47 84 139
47 92 60
47 84 285
47 85 424
47 82 376
47 55 67
47 55 393
47 77 41
47 83 427
47 90 205
47 83 302
47 48 118
47 49 370
47 98 354
48 66 305
48 97 174
48 59 59
48 83 30
48 90 416
48 90 11
49 93 20
49 72 495
49 69 115
49 60 485
49 96 358
49 77 210
49 62 223
50 91 465
50 63 191
50 62 440
50 89 333
50 94 418
50 67 190
50 69 486
50 57 267
50 80 476
51 57 59
51 57 229
51 92 349
51 58 244
51 89 116
51 81 3
51 95 127
51 54 126
51 69 110
51 66 167
51 97 346
51 67 344
51 98 460
51 95 390
51 95 16
52 66 383
52 82 338
52 89 403
52 64 267
52 77 440
52 68 128
52 72 427
52 96 197
52 67 492
52 57 457
53 57 476
53 80 428
53 97 480
53 91 480
53 73 338
53 94 443
53 78 91
53 66 11
53 95 348
53 62 179
53 61 81
53 68 86
53 63 70
53 92 203
53 87 384
53 77 331
53 82 10
53 76 460
54 98 222
54 66 326
54 76 358
54 93 424
54 81 186
54 95 128
54 85 338
54 58 42
54 68 449
55 76 3
55 70 227
55 64 291
55 68 101
55 65 399
55 94 196
55 66 487
55 78 380
55 87 106
56 80 136
56 89 176
56 84 43
56 77 412
56 73 297
56 81 460
56 67 10
56 69 43
56 89 93
56 68 316
57 78 245
57 61 194
57 97 280
57 90 111
57 89 433
57 87 332
57 87 141
57 80 190
57 98 384
58 96 409
58 78 433
58 92 85
58 97 58
58 61 397
58 61 260
59 84 322
59 80 336
59 63 262
59 80 24
59 99 415
59 64 302
59 82 350
59 61 355
60 75 425
60 75 196
60 84 322
60 67 108
60 79 28
60 96 408
61 69 454
61 79 475
61 86 209
61 87 81
61 83 492
62 88 335
62 92 12
62 87 402
62 88 113
62 66 491
62 90 479
62 93 242
62 80 306
62 83 350
63 93 21
63 79 35
63 82 359
63 89 246
63 88 441
63 87 390
64 74 314
64 86 361
64 68 62
65 94 332
65 82 246
65 81 394
65 95 299
66 72 172
66 74 97
66 99 35
66 90 268
66 99 53
67 83 281
67 92 188
67 81 254
67 69 45
67 87 139
67 78 272
67 75 252
68 78 40
68 75 491
68 86 26
68 99 95
68 96 291
68 70 395
68 74 427
68 85 446
69 91 379
69 87 272
69 71 194
69 80 135
69 80 314
70 73 242
70 71 241
70 81 69
71 78 267
71 99 431
71 91 461
71 98 260
72 74 479
72 83 240
72 77 99
72 79 485
72 83 232
73 92 154
73 90 172
73 84 409
73 83 327
73 86 102
73 99 6
74 86 452
74 87 165
74 77 200
74 80 127
74 90 425
74 85 123
74 84 408
74 78 288
74 76 260
75 96 409
75 87 162
75 81 268
75 84 35
75 79 145
75 96 101
76 79 345
76 78 441
76 88 481
77 79 379
77 99 131
77 80 410
77 78 66
77 91 375
78 99 173
78 84 295
78 99 10
78 99 496
79 90 334
79 98 178
79 88 238
79 89 68
80 96 304
80 81 30
80 95 152
80 82 167
81 99 129
81 95 215
81 92 217
81 98 99
81 85 357
82 93 247
82 96 155
82 93 270
82 88 327
82 90 487
82 95 225
83 85 489
83 99 165
83 91 360
84 92 164
84 86 237
84 97 20
85 97 421
85 87 293
85 99 92
86 97 315
86 92 304
86 89 267
87 90 363
87 88 232
89 90 153
90 97 89
90 98 347
90 99 340
90 98 341
92 93 463
93 95 251
97 98 469
98 99 361
