100 15 1000 1621 213
2 1
9 1
11 1
14 1
23 1
28 1
35 1
46 1
50 1
59 1
68 1
69 1
84 1
90 1
99 1
0 28 128
0 1 139
0 14 121
0 55 390
0 5 18
0 32 394
0 49 433
0 55 327
0 62 264
0 27 450
0 7 279
0 13 355
0 84 231
0 83 17
0 4 267
0 80 317
0 47 366
0 84 244
0 78 221
0 11 190
0 85 279
0 65 265
0 27 414
1 50 37
1 51 251
1 42 377
1 67 29
1 49 478
1 38 200
1 72 35
1 43 237
1 85 405
1 14 235
1 94 400
1 72 371
1 56 190
1 31 450
1 71 411
1 35 202
1 5 46
1 81 446
1 66 493
1 11 317
1 14 17
1 91 222
2 7 229
2 54 30
2 65 243
2 85 427
2 27 55
2 91 227
2 53 367
2 22 23
2 72 481
2 21 159
2 47 417
2 85 401
2 68 256
2 42 22
2 92 376
2 31 495
2 74 24
2 56 67
2 20 108
2 36 133
2 37 470
2 20 464
2 99 317
3 9 365
3 55 380
3 68 40
3 47 181
3 93 301
3 14 309
3 85 294
3 10 320
3 61 200
3 41 414
3 22 269
3 53 443
3 47 77
3 75 83
3 56 412
3 96 368
3 42 253
3 66 153
3 49 360
3 72 442
3 4 463
3 76 425
3 15 122
3 16 36
4 25 261
4 39 462
4 93 89
4 87 148
4 84 295
4 98 291
4 27 461
4 30 353
4 19 115
4 41 97
4 33 295
4 14 252
4 52 465
4 74 1
4 32 373
4 96 143
4 96 344
4 44 191
4 75 283
4 90 384
4 16 271
4 25 406
4 63 486
5 7 472
5 7 39
5 57 45
5 46 492
5 53 276
5 51 410
5 60 457
5 30 73
5 42 169
5 27 359
5 70 181
5 42 85
5 23 500
5 53 446
5 54 426
5 41 397
5 65 247
5 50 92
5 92 191
5 26 349
5 42 164
5 66 139
6 32 150
6 32 469
6 38 91
6 70 379
6 32 295
6 81 123
6 37 451
6 57 364
6 36 335
6 10 11
6 20 361
6 94 492
6 50 328
6 64 148
7 60 403
7 67 422
7 27 125
7 22 443
7 12 326
7 13 262
7 10 296
7 55 436
7 36 230
7 80 462
7 75 179
7 8 177
7 68 420
7 75 324
8 10 301
8 68 360
8 28 257
8 74 274
8 82 158
8 40 50
8 80 400
8 26 442
8 49 25
8 98 474
8 79 66
8 97 11
8 86 455
8 71 139
9 93 333
9 66 438
9 42 418
9 16 282
9 63 21
9 67 497
9 35 282
9 48 459
9 47 470
9 19 414
9 85 449
10 75 500
10 59 231
10 77 160
10 48 462
10 88 130
10 39 113
10 70 469
10 36 280
10 23 107
10 80 127
10 73 240
10 72 491
10 98 376
10 83 42
10 31 97
10 68 323
10 80 304
10 65 424
10 19 286
10 57 104
10 94 235
10 52 88
10 13 178
10 53 75
10 64 115
10 60 176
10 63 39
10 80 101
10 21 221
10 30 288
10 77 30
10 75 424
11 55 33
11 42 463
11 53 229
11 29 206
11 49 174
11 16 252
11 13 289
11 15 50
11 33 369
11 92 163
11 89 363
11 52 497
11 28 90
11 93 63
12 35 88
12 22 493
12 41 409
12 22 184
12 23 212
12 60 293
12 91 378
12 77 433
12 59 477
12 49 271
12 48 28
12 25 39
12 18 389
12 89 334
12 53 369
12 53 331
12 34 135
12 86 270
12 43 43
12 21 56
12 40 243
13 78 252
13 93 381
13 96 399
13 61 262
13 81 235
13 36 241
13 64 187
13 49 155
13 87 174
13 47 56
13 68 471
13 90 110
13 17 254
13 74 226
13 31 352
13 27 367
13 31 485
14 81 304
14 25 54
14 84 482
14 18 171
14 67 259
14 33 484
14 87 317
14 83 447
14 89 41
14 68 334
14 44 56
14 76 268
14 79 386
14 66 454
14 73 494
14 46 77
14 25 211
14 85 452
14 83 487
14 75 19
14 81 471
15 87 99
15 82 170
15 32 126
15 97 3
15 69 334
15 38 388
15 66 6
15 21 232
15 45 481
15 63 252
15 30 125
15 80 143
15 45 445
15 44 404
15 71 497
15 75 287
16 60 438
16 56 357
16 57 64
16 54 351
16 87 357
16 21 139
16 23 164
16 17 427
16 91 496
16 70 487
17 56 49
17 54 142
17 81 317
17 20 223
17 93 17
17 47 298
17 64 414
17 30 146
17 24 323
17 51 393
17 68 183
17 19 257
17 78 487
17 22 145
17 26 107
17 40 181
17 32 147
17 65 18
17 33 459
17 61 133
17 63 421
17 93 312
18 55 171
18 43 424
18 97 86
18 81 452
18 41 136
18 68 208
18 62 98
18 89 301
18 39 132
18 91 366
18 48 197
18 68 380
18 59 390
19 63 403
19 24 104
19 94 85
19 72 449
19 51 103
19 74 135
19 24 344
19 55 29
19 21 391
19 78 217
19 23 191
19 26 17
19 60 30
19 41 406
19 59 273
19 55 237
19 73 63
20 90 247
20 66 345
20 52 82
20 25 336
20 27 386
20 24 496
20 54 308
20 61 314
20 53 301
20 25 479
20 90 61
20 69 84
20 75 28
20 26 382
20 50 197
20 57 154
21 28 483
21 82 240
21 50 384
21 80 386
21 49 404
21 89 63
21 47 397
21 77 294
21 64 29
21 96 308
21 53 241
21 69 115
21 60 155
21 49 177
21 58 85
22 25 102
22 33 282
22 69 126
22 47 222
22 68 270
22 96 152
22 86 74
22 88 281
22 98 303
22 60 91
22 33 228
22 23 281
22 97 255
22 65 170
22 45 141
22 35 80
22 66 250
22 47 196
22 70 125
23 80 363
23 44 82
23 44 275
23 28 422
23 58 161
23 29 34
23 76 416
23 62 345
23 31 139
23 26 467
23 91 264
23 63 442
23 56 229
23 78 96
23 34 88
23 79 143
23 39 461
23 85 442
23 73 492
23 77 302
23 70 236
23 82 73
23 52 480
24 52 443
24 89 24
24 53 111
24 86 372
24 90 29
24 29 58
24 74 374
24 37 402
24 52 10
24 69 349
24 50 213
24 74 433
24 90 57
24 76 216
24 39 142
24 63 74
25 69 387
25 35 276
25 60 411
25 50 373
25 53 375
25 98 27
25 35 448
25 74 135
25 86 465
25 77 66
25 88 448
25 34 260
25 27 344
25 92 36
25 66 162
25 88 330
25 71 404
25 62 447
25 76 39
25 85 497
25 80 351
25 98 172
25 28 244
26 83 241
26 59 425
26 60 226
26 69 479
26 91 415
26 99 455
26 52 178
26 47 421
26 58 183
26 66 171
26 74 218
26 59 347
26 49 414
26 47 495
27 83 252
27 76 318
27 88 36
27 90 445
27 40 319
27 29 410
27 64 56
27 75 27
27 36 212
27 97 394
27 87 63
27 90 275
27 52 282
27 93 321
27 46 137
27 65 456
27 70 471
27 35 243
28 75 174
28 79 93
28 83 345
28 73 398
28 35 133
28 48 199
28 98 402
28 34 367
29 57 292
29 95 48
29 52 128
29 35 357
29 51 54
29 36 430
29 96 132
29 62 425
29 61 384
29 65 318
29 64 391
29 93 179
29 50 25
30 78 294
30 75 10
30 96 319
30 99 383
30 61 180
30 80 403
30 79 324
30 97 441
30 36 382
30 94 429
30 48 61
30 32 104
30 64 392
30 84 140
31 97 427
31 96 91
31 94 189
31 80 491
31 45 60
31 99 343
31 80 475
31 89 495
31 51 199
31 45 14
31 90 52
31 62 226
31 62 220
31 49 336
31 92 96
31 41 265
31 58 215
31 48 171
31 39 479
31 90 466
32 54 407
32 49 45
32 56 52
32 78 278
32 96 482
32 78 379
32 34 13
32 97 3
32 76 168
32 35 419
32 80 24
32 80 133
32 46 179
32 77 440
32 44 139
33 85 356
33 38 278
33 55 336
33 96 116
33 71 109
33 81 294
33 35 7
33 38 174
33 39 154
33 53 329
33 54 489
33 94 163
33 42 481
34 36 275
34 42 267
34 63 428
34 42 138
34 66 446
34 41 405
34 65 364
34 68 148
35 98 121
35 89 269
35 88 253
35 82 64
35 76 110
35 48 165
35 52 137
35 36 99
35 38 29
35 62 122
35 65 435
35 90 268
36 50 7
36 91 305
36 96 8
36 61 32
36 52 473
36 41 298
36 47 134
36 97 209
37 80 449
37 44 397
37 48 308
37 51 396
37 76 351
37 72 54
37 38 21
37 98 364
37 69 8
38 64 205
38 45 232
38 60 495
38 90 175
38 73 382
38 58 6
38 52 311
38 80 215
38 89 43
38 51 240
38 83 498
38 46 263
39 99 478
39 63 74
39 56 409
39 50 151
39 61 114
39 81 408
39 62 360
39 80 99
39 80 106
39 46 40
39 85 56
39 51 265
40 71 456
40 64 240
40 66 457
40 78 284
40 96 82
40 71 7
40 76 371
40 66 402
40 70 213
40 91 232
41 42 487
41 80 497
41 72 287
41 67 475
41 77 497
41 84 162
41 71 232
41 69 426
41 75 388
41 96 354
41 45 141
42 75 380
42 94 418
42 76 453
42 51 337
42 50 485
42 82 113
42 88 446
42 52 74
43 69 383
43 82 231
43 86 197
43 74 492
43 87 413
43 99 338
43 93 198
43 86 366
43 88 290
43 85 83
43 51 482
43 84 131
43 68 202
43 46 364
44 67 27
44 85 496
44 80 58
44 69 364
44 95 243
44 96 427
44 75 47
44 98 473
44 76 139
44 45 23
44 51 38
44 86 371
44 78 72
45 80 394
45 57 477
45 51 183
45 83 25
45 53 285
45 60 153
45 74 241
45 75 190
45 96 332
45 52 373
45 87 5
46 98 336
46 96 469
46 86 224
46 74 317
47 62 253
47 89 252
47 93 157
47 93 19
47 48 85
47 69 40
47 89 344
47 95 96
47 91 436
47 56 156
47 48 206
47 48 63
48 70 287
48 74 268
48 57 369
48 69 282
48 60 463
48 66 65
48 80 5
48 87 68
48 79 138
48 72 372
48 49 377
49 78 236
49 85 464
49 71 148
49 65 94
49 83 232
49 61 274
49 50 482
49 66 169
49 81 457
50 61 133
50 97 255
50 53 394
50 87 156
50 84 107
50 94 162
50 78 11
50 74 278
50 77 217
50 61 64
51 54 339
51 99 294
51 79 411
51 80 275
51 59 456
51 95 116
51 93 472
51 68 392
51 67 190
51 98 379
51 61 254
52 59 443
52 53 292
52 81 412
52 93 273
52 65 145
52 87 332
52 75 158
52 59 219
53 87 12
53 80 480
53 91 391
53 90 437
53 62 287
53 60 21
53 67 339
53 66 211
54 98 212
54 96 148
54 80 29
54 71 374
54 85 486
54 78 450
54 89 182
55 70 303
55 84 220
55 56 51
55 94 191
55 64 127
55 84 402
55 90 122
56 60 286
56 88 141
56 88 416
56 62 492
56 94 361
56 75 178
56 89 383
56 77 100
56 86 479
57 67 187
57 78 114
57 80 385
57 98 420
57 91 361
58 68 239
58 81 140
58 67 39
58 79 236
58 99 7
59 62 5
59 85 239
59 60 53
59 66 483
59 81 63
59 86 192
59 70 166
60 65 495
60 84 489
60 69 467
60 67 289
60 89 448
60 91 465
60 95 337
61 87 51
61 77 371
61 89 442
61 88 219
61 79 322
61 94 94
61 86 469
61 66 369
61 92 474
62 66 345
62 63 77
62 63 72
62 91 135
62 76 1
62 98 225
62 90 306
62 94 64
62 72 248
62 69 139
63 95 360
63 81 388
63 68 108
63 99 374
63 65 115
63 88 435
63 72 295
63 74 29
63 77 4
63 72 340
63 81 279
63 99 317
63 65 404
63 69 82
64 78 152
64 87 301
64 99 225
64 94 491
64 88 113
64 79 303
64 75 377
64 84 226
65 77 395
65 73 294
65 71 472
65 99 158
65 75 380
65 96 169
66 69 206
66 98 63
66 91 242
66 72 88
66 93 196
66 69 431
66 67 149
66 98 13
66 95 115
67 79 357
67 90 68
67 97 264
67 73 246
68 92 296
68 71 234
68 80 153
68 77 207
68 75 493
68 76 286
68 69 483
68 77 262
69 95 383
69 82 67
70 75 178
70 89 214
70 78 157
70 74 385
70 73 303
70 75 316
70 82 93
70 73 292
70 94 43
70 98 26
70 86 473
70 72 480
70 90 275
71 89 361
71 94 304
71 98 275
71 93 33
71 86 76
72 91 162
72 76 37
72 79 108
72 95 49
72 78 364
72 97 35
73 87 455
73 93 58
73 79 158
73 95 75
73 96 299
73 98 298
74 84 125
74 81 92
74 88 64
74 90 98
74 96 94
74 96 286
75 86 216
75 97 270
75 91 318
75 99 34
76 91 267
76 97 278
76 93 257
76 93 419
77 92 376
77 94 206
77 80 304
78 82 391
78 86 66
78 87 63
78 99 300
79 91 103
79 86 122
79 85 387
79 83 207
80 94 273
81 97 96
81 84 179
82 94 74
82 91 300
83 96 366
84 87 60
85 93 384
86 91 248
86 96 195
86 93 243
86 99 223
87 91 460
87 90 390
88 90 452
88 95 270
89 93 313
89 99 239
89 95 285
90 95 309
90 92 316
91 95 447
91 92 383
93 98 178
94 99 260
94 99 477
97 99 193
