100 15 1000 1204 110
2 1
3 1
12 1
14 1
23 1
32 1
36 1
51 1
54 1
58 1
72 1
76 1
78 1
92 1
97 1
0 47 61
0 71 7
0 67 223
0 38 261
0 6 292
0 19 458
0 63 310
0 93 48
0 46 6
0 86 41
0 76 81
0 65 490
0 78 478
0 2 373
0 39 105
0 51 460
0 43 182
0 52 91
0 35 351
0 18 13
0 1 324
0 81 389
1 27 268
1 98 4
1 74 158
1 97 119
1 68 175
1 45 178
1 4 214
1 44 4
1 31 425
1 87 250
1 98 463
1 56 228
1 54 348
2 19 290
2 71 25
2 75 74
2 75 153
2 45 279
2 74 168
2 36 76
2 41 413
2 3 459
2 83 149
2 42 232
2 75 82
2 37 500
2 15 127
2 40 395
2 91 93
2 50 197
2 34 30
2 41 363
3 97 436
3 50 442
3 57 7
3 17 79
3 4 334
3 21 359
3 51 412
3 76 217
3 46 390
3 19 266
3 23 275
3 24 26
3 77 416
3 20 32
4 25 221
4 10 368
4 65 357
4 36 304
4 72 368
4 26 21
4 68 9
4 21 107
4 31 19
4 50 207
4 90 217
4 64 61
4 9 71
4 25 122
4 98 244
4 65 407
4 86 481
4 45 301
4 15 61
4 50 334
4 10 71
5 40 120
5 19 79
5 60 277
5 48 490
5 62 389
5 25 159
5 36 428
5 11 385
5 42 79
5 72 26
5 24 343
5 47 450
5 50 179
5 12 217
5 36 367
5 72 404
5 14 206
5 24 422
5 86 342
5 57 329
5 30 484
5 14 183
5 62 421
5 27 278
5 45 457
6 63 313
6 40 355
6 20 392
6 23 470
6 24 464
6 44 451
6 43 445
6 98 418
6 47 122
6 38 278
6 63 479
6 9 88
6 48 487
6 62 473
6 69 324
7 36 140
7 16 29
7 31 233
7 22 420
7 37 122
7 70 424
7 68 401
7 98 149
7 74 346
7 24 138
7 38 416
7 95 127
7 56 243
7 89 304
7 54 236
7 69 320
7 24 147
7 64 32
7 33 402
7 61 31
7 82 307
7 91 327
7 76 73
7 32 476
7 46 471
7 96 430
7 55 331
8 42 231
8 15 258
8 73 474
8 59 318
8 24 495
8 42 5
8 55 77
8 78 353
8 21 20
8 28 394
8 35 228
8 14 492
8 96 324
8 16 1
8 82 145
8 9 61
8 18 231
9 68 299
9 96 344
9 32 180
9 23 43
9 58 76
9 85 338
9 94 111
9 77 388
9 79 329
9 12 407
9 54 90
9 44 112
9 96 108
9 42 289
9 99 6
9 20 393
9 88 244
9 89 372
9 99 175
9 52 398
9 43 134
9 98 62
9 34 310
9 19 80
9 83 436
9 57 426
9 66 189
9 53 76
9 51 424
10 38 455
10 46 113
10 92 412
10 51 487
10 12 242
10 37 66
10 99 131
10 22 102
10 12 187
10 44 333
10 85 193
10 78 403
10 58 70
10 85 22
10 42 475
10 46 77
10 75 1
11 55 106
11 48 265
11 97 23
11 23 47
11 68 253
11 53 358
11 17 108
11 23 408
11 52 450
11 71 317
11 15 412
11 95 489
11 52 425
11 34 24
11 75 474
11 43 445
11 13 468
12 52 165
12 73 247
12 55 56
12 34 358
12 67 346
12 49 337
12 65 281
12 83 207
12 68 147
12 58 480
12 85 348
12 32 481
12 64 296
12 22 281
12 65 436
13 62 138
13 48 226
13 38 444
13 22 460
13 86 474
13 38 494
13 43 107
13 98 254
13 60 285
13 72 310
13 57 234
13 15 151
13 84 423
13 77 298
14 68 375
14 98 274
14 54 283
14 64 322
14 74 433
14 91 356
14 48 408
14 92 25
14 46 375
14 99 443
14 88 222
14 52 314
14 82 372
14 78 200
14 48 77
14 98 225
14 63 183
14 33 210
15 85 320
15 81 462
15 31 200
15 95 328
15 96 123
15 76 162
15 53 286
15 29 260
15 63 461
15 60 150
15 62 206
15 81 58
15 82 210
15 80 369
15 61 213
15 43 207
15 17 322
15 54 463
15 22 14
15 41 235
16 30 238
16 17 19
16 71 152
16 98 177
16 18 313
16 41 249
16 39 264
16 84 358
16 19 308
16 73 182
16 17 448
16 48 348
17 95 377
17 35 478
17 92 354
17 63 251
17 96 448
17 27 369
17 71 69
17 80 360
17 89 2
17 47 42
17 93 363
17 48 436
18 97 293
18 71 378
18 79 277
18 65 36
18 25 293
18 23 2
18 27 166
18 74 252
18 44 99
18 68 156
18 40 115
18 44 96
18 59 307
18 83 470
18 41 435
18 24 87
18 93 217
18 52 212
18 27 140
18 89 477
18 62 232
18 66 267
19 98 116
19 65 7
19 51 1
19 88 1
19 37 351
19 32 212
19 32 417
19 85 285
19 28 59
19 42 151
19 57 354
19 58 483
19 48 408
19 21 442
20 54 84
20 26 111
20 69 194
20 72 494
20 52 278
20 96 441
20 75 336
20 46 276
20 47 159
20 28 333
20 96 137
20 56 414
20 67 19
20 73 132
20 81 249
20 72 490
21 89 480
21 45 458
21 37 494
21 83 448
21 78 174
21 36 459
21 49 66
21 30 248
21 52 362
21 44 164
21 50 456
21 91 361
21 51 44
21 89 193
22 44 300
22 99 474
22 83 71
22 40 200
22 27 43
22 99 42
22 27 427
22 52 319
22 95 151
22 86 309
23 59 245
23 70 226
23 53 189
23 37 21
23 45 284
23 61 481
23 93 126
23 81 192
23 99 136
23 33 62
23 54 433
23 45 424
23 28 141
23 34 413
23 64 136
23 87 273
23 97 106
23 86 379
23 87 26
23 27 162
24 73 283
24 29 42
24 99 213
24 47 257
24 34 201
24 79 241
24 39 53
24 37 69
24 40 485
24 44 348
24 62 218
25 40 148
25 38 310
25 41 10
25 94 416
25 32 86
25 84 403
25 29 398
25 79 208
25 47 408
25 60 442
25 63 264
25 33 160
25 60 297
25 84 5
26 79 253
26 36 346
26 80 210
26 37 4
26 61 259
26 82 55
26 76 235
26 48 53
26 47 302
26 44 485
26 33 142
26 54 248
27 35 273
27 78 435
27 30 270
27 86 183
27 83 61
27 52 405
27 48 438
27 85 156
27 73 487
27 74 261
27 33 169
27 87 261
27 88 275
28 79 146
28 74 315
28 46 135
28 33 192
28 75 191
28 41 141
28 77 1
28 82 405
28 95 121
28 69 492
29 60 271
29 50 92
29 34 272
29 68 87
29 88 82
29 33 458
29 95 209
29 87 233
29 36 419
29 57 29
29 91 483
29 81 45
29 72 161
29 97 207
30 62 339
30 66 210
30 47 406
30 81 68
30 73 34
30 83 359
30 89 316
30 77 371
30 66 33
30 84 171
30 93 338
30 87 36
30 61 65
30 42 488
31 37 462
31 74 280
31 52 3
31 94 364
31 58 452
31 35 373
31 98 87
31 92 491
31 78 19
31 78 107
31 73 200
31 62 198
31 76 129
31 38 103
31 88 207
31 99 221
31 85 380
32 38 30
32 36 415
32 54 416
32 98 19
32 46 432
32 67 338
32 49 126
32 51 59
32 74 48
32 47 43
32 66 242
32 45 373
32 51 487
32 56 343
32 76 210
32 88 228
32 56 413
32 88 287
33 48 477
33 98 117
33 72 296
33 87 260
33 93 491
33 62 83
33 50 154
33 49 402
33 42 326
33 66 38
33 92 1
33 44 226
33 55 163
33 39 223
33 82 401
33 96 303
33 66 105
34 62 132
34 63 239
34 42 487
34 75 244
34 66 268
34 77 480
34 93 77
34 74 209
34 64 241
34 68 351
34 50 343
34 78 124
34 79 188
34 60 80
34 93 468
34 77 341
35 81 289
35 97 81
35 84 143
35 41 403
35 68 85
35 60 165
35 74 424
35 55 78
35 43 416
35 79 203
35 74 398
35 45 261
35 51 70
35 63 334
35 78 237
35 63 498
35 54 247
36 82 376
36 72 403
36 74 265
36 63 486
36 92 289
36 75 250
36 47 258
36 61 307
36 80 272
36 44 78
36 65 50
36 64 296
36 56 239
36 86 53
36 82 227
36 50 34
36 75 486
37 62 218
37 88 398
37 50 464
37 85 494
37 69 27
37 79 75
37 50 284
37 41 70
38 53 202
38 78 53
38 68 236
38 75 234
38 92 293
38 39 107
38 82 270
38 43 276
38 47 191
38 71 219
38 85 55
38 93 402
38 47 1
38 62 216
39 48 56
39 85 241
39 48 498
39 90 189
39 98 353
39 64 451
39 95 363
39 77 392
39 74 489
39 40 479
39 83 282
39 66 66
39 91 481
39 54 157
39 45 6
40 52 144
40 84 401
40 73 84
40 49 161
40 47 298
40 71 232
40 51 400
40 90 92
40 62 58
40 92 46
40 92 9
40 80 226
41 80 227
41 47 374
41 69 497
41 95 81
41 85 466
41 78 379
41 74 315
41 81 420
41 97 382
41 66 354
41 70 357
42 63 334
42 50 20
42 71 237
42 61 425
42 51 441
42 53 386
42 93 40
42 44 208
42 96 392
42 84 318
42 66 25
42 51 494
42 95 141
42 92 217
43 59 482
43 80 468
43 80 238
43 92 375
43 65 383
43 81 421
43 56 185
43 74 477
44 92 116
44 62 160
44 94 480
44 52 275
44 81 66
44 77 485
44 89 31
44 76 120
44 92 253
44 98 61
45 60 118
45 92 432
45 53 432
45 81 15
45 53 170
45 98 154
45 72 436
45 89 156
45 68 217
45 63 26
45 65 230
45 54 377
46 61 107
46 93 7
46 57 7
46 80 358
46 48 46
46 74 471
46 94 300
46 67 386
46 95 260
47 72 144
47 52 164
47 99 231
47 73 310
48 51 271
48 50 128
48 89 246
48 63 225
48 76 297
48 82 254
48 74 394
48 56 185
48 66 279
49 55 34
49 95 495
49 54 352
49 75 21
49 51 229
49 82 20
49 95 433
49 67 314
49 80 14
49 72 352
49 91 331
50 95 318
50 75 183
50 91 412
50 76 220
50 59 334
50 75 378
50 91 41
50 78 451
50 95 262
50 87 292
51 73 103
51 95 215
51 89 389
51 81 422
51 77 317
51 98 476
51 89 372
51 92 147
52 95 249
52 93 240
52 84 353
52 82 180
52 65 19
52 80 378
52 59 425
52 75 401
52 78 225
52 97 229
52 82 301
52 58 298
52 62 430
52 95 377
52 61 352
53 81 250
53 90 127
53 78 161
53 55 218
53 95 215
53 79 202
53 65 374
53 85 261
53 97 279
53 80 294
53 58 392
53 95 23
54 73 160
54 60 64
54 84 463
55 88 445
55 74 150
55 85 274
55 56 169
55 62 3
55 61 8
56 65 116
56 74 223
56 85 180
56 94 489
56 90 386
56 98 354
56 91 320
57 98 174
57 73 112
57 93 422
57 88 233
57 82 480
57 74 88
57 83 434
57 97 157
57 96 29
57 99 118
57 76 187
57 66 143
57 92 109
57 79 374
57 66 224
58 73 117
58 75 95
58 67 84
58 87 340
58 92 271
58 71 487
58 80 86
58 76 405
58 73 135
59 88 212
59 71 318
59 79 205
59 80 360
59 99 287
59 90 247
59 85 219
60 73 1
60 61 254
60 88 406
60 71 414
60 85 53
60 81 434
60 90 267
60 90 452
61 89 121
61 73 316
61 62 75
61 95 239
61 65 13
61 96 158
62 87 403
62 65 137
62 81 397
62 93 491
62 67 416
62 74 344
62 80 399
63 64 346
63 92 368
63 78 263
63 73 272
63 88 340
64 69 472
64 95 327
64 87 13
64 95 431
64 77 259
64 79 217
64 76 325
65 78 204
65 76 328
65 89 287
65 93 28
65 97 232
66 98 41
66 69 209
66 84 387
66 93 465
66 84 17
66 82 384
66 94 287
66 93 376
67 81 9
67 96 378
67 82 456
67 71 416
67 70 386
67 75 170
67 87 458
67 70 474
67 80 250
68 81 128
68 99 74
69 80 440
69 81 23
69 72 226
69 85 383
70 94 168
70 98 280
70 76 198
70 72 83
70 96 472
70 95 7
70 74 69
70 84 164
70 73 378
70 88 139
71 77 499
71 77 252
71 86 124
71 99 283
71 88 275
71 84 487
71 86 173
71 79 270
71 77 148
72 74 147
72 88 62
72 91 187
72 74 68
73 87 260
73 83 215
73 92 118
73 81 34
73 82 50
74 77 228
74 83 57
74 78 43
74 99 219
74 84 404
74 97 11
74 84 165
75 81 322
75 81 193
75 86 184
75 88 178
75 82 428
75 93 494
76 81 107
76 82 152
76 88 23
76 88 249
76 92 5
76 93 40
76 88 389
76 91 145
76 84 351
77 81 252
77 92 185
77 88 234
77 98 454
78 98 274
79 97 30
79 92 441
79 98 87
80 84 415
80 99 275
80 87 139
80 85 233
80 93 377
81 82 223
81 88 453
81 88 411
82 95 464
82 96 83
82 95 243
82 83 264
83 85 259
83 88 111
83 87 408
85 95 312
85 88 499
85 93 288
86 96 409
86 98 180
87 98 330
87 97 74
88 92 203
88 89 215
89 90 397
89 91 9
89 95 429
89 98 141
89 90 39
90 99 487
90 91 430
91 98 270
91 99 6
91 95 81
91 92 71
92 97 92
94 97 69
95 97 241
97 99 75
