100 15 1000 1452 430
19 1
20 1
28 1
30 1
31 1
37 1
41 1
49 1
61 1
63 1
64 1
73 1
81 1
83 1
98 1
0 13 455
0 75 184
0 31 237
0 69 6
0 97 387
0 12 361
0 78 176
0 67 168
0 43 188
0 29 351
0 42 110
0 70 180
0 95 154
0 21 495
0 31 141
0 21 264
1 4 430
1 89 16
1 40 138
1 30 49
1 33 485
1 85 412
1 97 49
1 2 127
1 18 422
1 28 472
1 28 243
1 76 406
1 93 45
1 99 205
1 62 495
1 26 222
1 8 252
2 71 306
2 26 444
2 61 52
2 56 258
2 54 300
2 37 345
2 56 272
2 51 39
2 18 156
2 28 75
2 26 152
2 77 482
2 24 302
2 82 6
2 27 160
2 72 404
3 13 76
3 95 136
3 28 207
3 92 318
3 96 148
3 50 46
3 10 260
3 74 207
3 10 200
3 59 351
3 61 91
3 64 141
3 99 438
3 83 4
3 21 86
3 29 8
3 96 37
3 55 431
3 42 318
3 56 436
3 21 333
3 74 309
3 86 446
3 57 173
3 61 54
3 32 8
3 5 484
3 90 433
3 36 74
3 84 320
4 48 190
4 83 175
4 78 68
4 35 240
4 66 116
4 56 226
4 50 117
4 28 489
4 95 464
4 78 326
4 7 488
4 85 87
4 82 174
4 50 24
4 12 357
4 6 490
5 80 124
5 21 385
5 74 69
5 6 398
5 29 412
5 63 272
5 17 237
5 63 478
5 8 163
5 67 288
5 94 457
5 38 476
5 15 187
5 47 233
5 55 20
5 91 127
6 32 359
6 15 487
6 42 335
6 8 54
6 95 353
6 83 440
6 32 116
6 84 94
6 62 9
6 45 396
6 45 238
6 56 118
6 17 5
6 81 263
6 29 181
6 28 109
6 38 474
6 98 120
6 68 488
7 16 416
7 96 346
7 73 488
7 91 240
7 65 308
7 31 315
7 93 499
7 36 158
7 50 299
7 89 145
7 98 22
7 56 415
7 37 340
7 17 185
7 43 204
7 95 374
7 12 132
7 23 435
7 8 386
7 79 275
7 97 64
7 37 218
7 64 74
7 70 225
7 34 258
7 87 427
8 64 320
8 15 28
8 85 311
8 40 191
8 63 224
8 85 17
8 29 113
8 64 318
8 43 379
8 67 202
8 46 268
8 69 168
8 92 79
8 14 1
8 46 245
8 28 39
9 40 294
9 91 17
9 42 172
9 29 75
9 26 486
9 23 342
9 61 297
9 99 25
9 35 47
9 28 187
9 84 273
9 93 477
9 32 388
9 10 422
9 58 252
9 81 137
9 26 354
9 61 426
9 20 355
9 95 413
9 61 199
9 68 216
9 51 186
9 55 156
9 92 314
9 11 354
10 33 356
10 66 57
10 18 414
10 62 12
10 85 447
10 94 86
10 69 181
10 43 342
10 52 234
10 33 298
10 92 458
10 79 90
10 91 376
10 48 69
10 32 464
10 24 119
10 18 174
10 49 466
11 93 500
11 71 132
11 69 350
11 62 225
11 58 228
11 26 406
11 44 305
11 39 305
11 34 392
11 29 452
11 38 416
11 52 407
11 68 236
11 90 296
11 61 282
11 98 340
11 49 66
11 25 392
12 96 230
12 66 466
12 75 467
12 73 381
12 58 293
12 55 446
12 24 240
12 48 408
12 29 68
12 65 34
12 29 397
12 15 456
12 83 399
12 68 440
12 26 218
12 90 125
12 64 32
12 64 494
13 41 142
13 96 211
13 14 442
13 29 33
13 25 52
13 20 151
13 41 281
13 84 38
13 98 277
13 62 448
13 57 109
13 46 452
13 79 186
13 41 400
13 27 158
14 72 37
14 84 498
14 73 8
14 88 390
14 34 217
14 25 244
14 59 53
14 30 235
14 57 144
14 41 473
14 83 283
14 91 335
14 38 365
14 19 58
14 62 163
14 50 334
15 38 368
15 72 434
15 48 107
15 79 189
15 72 373
15 88 259
15 79 311
15 60 345
15 29 33
15 50 59
15 28 382
15 93 463
15 40 376
15 80 282
15 35 338
15 91 255
15 89 467
15 55 125
15 63 285
16 63 182
16 18 301
16 86 325
16 63 224
16 40 9
16 68 194
16 17 203
16 88 152
16 46 22
16 27 167
16 32 482
16 26 176
16 84 337
16 73 97
16 96 33
16 50 30
16 45 409
16 18 110
17 89 314
17 95 326
17 68 446
17 55 468
17 85 402
17 40 74
17 96 91
17 92 497
17 74 156
17 19 401
17 24 186
17 69 42
17 20 365
17 91 255
17 70 119
18 88 325
18 45 106
18 94 97
18 25 82
18 21 429
18 24 235
18 51 446
18 24 414
18 36 277
18 84 308
18 32 232
18 65 309
18 74 144
18 98 482
18 62 458
18 77 46
18 24 329
18 22 42
19 85 246
19 72 7
19 26 46
19 20 298
19 46 248
19 49 154
19 54 255
19 38 51
19 75 283
19 23 480
19 94 404
19 53 28
19 89 253
19 57 338
19 33 478
19 63 289
19 33 325
20 49 127
20 34 407
20 67 162
20 49 222
20 88 256
20 21 62
20 77 264
20 50 368
20 95 20
20 68 340
20 63 125
20 26 398
20 21 105
21 53 423
21 55 3
21 63 390
21 76 217
21 70 467
21 86 54
21 88 62
21 58 409
21 63 354
21 93 317
21 50 371
21 38 216
21 58 447
22 62 458
22 66 453
22 55 398
22 49 364
22 55 132
22 83 448
22 67 129
22 89 368
22 40 133
22 71 210
22 94 472
22 69 364
22 70 288
22 38 490
22 37 463
22 74 252
23 93 302
23 83 118
23 28 127
23 98 206
23 66 398
23 67 499
23 25 103
23 85 44
23 38 497
23 45 3
23 63 87
23 54 197
23 34 414
24 38 109
24 55 199
24 94 343
24 80 323
24 66 79
24 72 134
24 97 16
24 91 390
24 56 323
24 32 451
24 92 366
24 66 472
25 31 287
25 59 397
25 84 87
25 57 129
25 59 57
25 40 241
25 51 134
25 31 148
25 66 453
25 66 357
25 34 497
25 32 378
25 29 148
25 57 222
25 72 54
25 67 5
26 42 135
26 48 357
26 77 203
26 43 54
26 51 472
26 53 297
26 90 339
26 88 223
26 28 308
26 79 127
26 56 331
26 28 156
26 92 58
26 87 6
26 39 230
26 68 93
26 41 451
27 85 263
27 75 12
27 48 105
27 48 172
27 69 258
27 35 366
27 58 168
27 36 355
27 73 372
27 52 207
27 48 386
27 89 316
27 73 375
27 57 165
27 99 29
27 54 172
27 38 41
28 73 370
28 82 410
28 33 10
28 78 167
28 53 3
28 92 186
28 99 319
28 66 142
28 50 222
28 33 208
28 96 173
28 51 71
28 89 463
28 32 137
29 92 43
29 57 148
29 79 268
29 83 62
29 80 476
29 45 300
29 57 323
29 33 405
29 47 35
29 46 64
29 75 221
29 64 38
29 76 174
29 98 360
29 96 109
29 45 351
29 43 32
30 75 334
30 65 481
30 90 340
30 74 56
30 52 166
30 56 246
30 85 436
30 36 220
30 77 343
30 48 240
30 92 89
30 49 6
30 58 421
30 33 215
30 87 490
30 72 139
30 66 427
31 36 242
31 88 112
31 76 261
31 92 173
31 74 163
31 63 227
31 63 300
31 61 205
32 36 233
32 80 101
32 57 495
32 71 334
32 43 416
32 97 91
32 69 325
32 89 38
32 90 250
32 98 222
33 53 388
33 42 25
33 96 378
33 84 163
33 99 214
33 56 271
33 59 7
33 35 340
33 55 275
34 95 152
34 59 363
34 52 143
34 73 333
34 41 429
34 44 309
34 75 17
34 69 475
34 54 329
34 47 403
34 87 326
34 40 323
34 56 26
34 43 475
34 61 404
35 98 77
35 62 406
35 87 246
35 49 81
35 68 121
35 45 144
35 44 108
35 40 16
35 73 333
35 76 440
35 63 311
35 84 470
35 99 382
35 76 200
36 69 278
36 71 185
36 98 351
36 46 412
36 62 318
36 90 365
36 96 301
36 72 171
36 83 174
36 84 289
36 63 452
36 55 202
36 88 193
37 41 203
37 54 150
37 69 413
37 42 270
37 66 186
37 38 99
37 62 85
37 73 402
37 39 99
37 52 118
37 49 39
37 55 79
37 38 126
37 42 436
37 42 33
37 80 292
38 94 99
38 86 116
38 84 55
38 59 424
38 79 370
38 49 312
38 90 380
38 71 20
39 99 130
39 54 322
39 46 479
39 55 391
39 98 487
39 48 188
39 88 152
39 55 425
39 93 300
39 52 462
39 59 203
39 56 309
39 98 385
39 94 477
39 93 438
39 93 8
39 79 482
39 54 323
39 40 85
40 74 416
40 74 3
40 64 45
40 67 198
40 83 305
40 54 287
40 41 340
40 58 133
40 52 282
40 62 264
40 95 397
40 77 212
41 93 86
41 82 36
41 43 91
41 98 228
41 96 326
41 90 358
41 77 33
41 73 438
42 45 426
42 84 460
42 85 70
42 54 353
42 96 478
42 67 262
42 68 129
42 74 431
42 50 74
42 68 73
42 65 76
42 43 244
42 74 332
43 61 286
43 74 359
43 78 111
43 50 395
43 51 255
43 66 134
43 88 55
43 97 35
43 54 160
43 52 178
43 79 488
43 76 396
43 91 280
43 83 23
44 94 365
44 95 473
44 45 95
44 99 41
44 80 479
44 52 489
44 92 123
45 70 34
45 62 383
45 84 391
45 98 239
45 86 135
45 65 396
45 80 350
45 78 355
45 58 430
45 57 394
45 92 114
45 58 57
45 73 382
45 68 193
46 94 191
46 68 388
46 53 382
46 78 387
46 92 244
46 51 418
46 87 205
46 60 440
46 65 284
46 71 48
46 84 207
46 96 6
46 99 235
46 93 165
47 94 163
47 93 480
47 52 364
47 64 328
47 99 179
47 54 56
47 85 302
47 98 441
47 89 95
47 93 449
47 50 78
48 91 154
48 70 175
48 62 97
48 53 300
48 68 341
48 65 259
48 52 42
48 64 345
48 91 28
48 91 54
48 58 336
49 94 148
49 71 274
49 80 111
49 82 313
49 88 270
49 57 246
49 58 127
49 99 17
50 97 8
50 69 179
50 61 449
50 88 381
50 84 182
50 98 284
50 66 357
51 97 348
51 69 50
51 77 195
51 62 317
51 95 94
51 68 5
51 63 433
51 60 46
51 99 491
52 73 439
52 61 152
52 90 465
52 66 272
52 83 32
52 90 338
52 80 315
52 97 151
53 91 325
53 74 1
53 98 498
53 57 481
53 79 27
53 63 41
54 66 76
54 81 247
54 78 441
54 82 409
54 59 363
54 57 381
54 82 20
54 67 206
54 58 77
54 90 154
54 59 182
55 86 345
55 90 29
55 64 365
55 90 95
55 60 101
55 66 315
55 65 120
56 64 295
56 69 332
56 66 336
56 61 369
56 98 497
56 72 88
56 75 202
56 60 137
56 73 325
56 87 174
56 89 436
57 59 485
57 94 226
57 65 458
57 96 183
57 68 237
57 83 360
57 80 328
57 65 265
57 85 245
57 59 3
58 99 303
58 94 189
58 74 8
58 65 155
58 75 170
58 66 358
58 77 179
58 70 305
58 66 335
58 98 440
58 74 235
59 77 292
59 93 405
59 62 426
59 74 33
59 96 130
59 89 497
60 85 361
60 80 275
60 83 457
60 62 374
60 84 2
60 98 197
60 96 413
60 76 276
60 74 66
60 90 8
60 73 105
60 66 429
61 79 322
61 78 1
61 92 218
61 74 369
61 64 396
61 91 237
62 73 348
62 63 441
62 81 360
62 79 366
62 74 273
62 70 18
62 82 270
63 75 85
63 87 168
63 80 361
63 68 267
64 65 77
64 70 228
64 96 410
64 70 356
64 68 373
64 85 56
64 85 96
65 91 82
65 93 36
65 74 325
65 97 363
65 92 410
66 73 392
66 91 441
66 89 313
66 76 418
66 78 264
66 70 394
66 84 367
66 70 184
67 74 89
67 77 58
67 85 496
67 71 257
67 75 206
67 82 479
67 92 133
67 71 290
67 90 84
67 87 401
67 77 454
67 96 261
67 87 89
67 78 356
68 93 464
68 92 433
68 73 492
68 88 230
68 72 218
68 94 66
68 98 276
69 98 226
69 70 258
69 99 407
69 81 84
69 99 5
69 77 243
70 92 79
70 79 24
70 79 389
70 82 61
70 88 490
71 87 153
71 99 133
71 99 267
71 82 137
71 75 390
71 93 196
71 83 384
72 77 495
72 82 50
72 75 499
72 77 468
73 83 486
73 82 468
74 93 316
74 76 335
75 88 387
75 79 134
75 81 62
75 84 137
76 88 80
76 84 500
76 97 436
76 95 241
76 99 456
77 94 191
77 81 415
77 85 373
78 86 310
78 95 90
78 89 206
78 80 448
79 93 86
79 96 79
79 95 333
79 81 323
80 81 278
80 99 161
80 94 83
80 92 147
80 92 319
81 95 269
81 93 340
81 94 63
82 84 497
82 85 231
83 86 26
83 92 205
83 88 206
83 86 202
83 87 338
84 85 265
85 98 256
85 87 194
85 93 55
85 88 108
86 99 239
86 96 156
87 98 421
87 92 289
87 91 14
87 98 166
88 90 22
89 99 333
89 97 451
89 96 432
89 92 13
90 96 422
91 93 159
94 97 444
94 99 475
94 95 416
95 98 421
95 98 369
95 97 255
