100 15 1000 1397 171
3 1
14 1
18 1
28 1
33 1
42 1
46 1
57 1
58 1
79 1
83 1
84 1
93 1
94 1
98 1
0 34 5
0 76 198
0 13 487
0 42 14
0 40 84
0 65 220
0 55 357
0 68 89
0 33 166
0 82 409
0 50 179
0 29 198
0 20 223
0 36 264
0 45 500
0 18 187
0 79 258
0 74 41
0 44 93
0 85 354
0 12 56
0 99 59
0 65 397
0 34 428
0 84 488
0 11 164
0 51 21
1 5 146
1 64 260
1 43 296
1 14 101
1 77 68
1 3 162
1 44 350
1 88 179
1 48 245
1 86 21
1 26 460
1 77 448
1 4 19
2 93 81
2 23 240
2 37 439
2 91 352
2 37 130
2 40 220
2 81 182
2 32 275
2 26 238
2 50 95
2 22 370
2 35 205
2 20 238
2 33 259
2 30 138
2 22 304
2 35 306
2 31 193
2 42 394
2 99 262
2 57 439
2 28 284
2 74 270
2 77 69
3 40 446
3 84 353
3 29 233
3 36 263
3 13 123
3 95 262
3 74 494
3 23 30
3 27 457
3 98 162
3 83 474
3 51 116
3 95 284
3 89 318
3 38 18
3 4 387
3 66 91
3 15 386
3 55 479
3 24 51
3 48 352
3 94 56
3 92 294
4 65 287
4 67 250
4 34 477
4 92 318
4 68 228
4 75 19
4 71 231
4 56 252
4 15 411
4 33 269
4 54 391
4 75 301
4 95 273
4 44 282
4 15 417
4 36 54
4 69 434
4 49 353
4 66 357
5 15 485
5 24 286
5 38 134
5 83 31
5 46 340
5 48 324
5 26 448
5 31 143
5 25 383
5 47 103
5 79 176
5 41 271
5 94 455
5 97 213
5 27 471
5 85 11
5 56 15
6 56 359
6 27 324
6 34 429
6 99 354
6 93 9
6 57 141
6 75 439
6 18 206
6 15 273
6 72 332
6 98 27
6 35 91
6 57 318
6 56 404
6 74 219
6 26 362
6 99 331
7 81 107
7 98 15
7 77 244
7 15 287
7 48 89
7 74 321
7 84 112
7 99 32
7 70 187
7 46 168
7 41 272
7 87 452
7 27 307
7 40 322
7 55 201
7 98 191
7 82 203
7 96 177
7 12 377
7 81 139
7 87 340
7 42 257
7 56 315
7 22 226
7 83 90
7 18 471
7 53 14
7 60 121
7 58 386
7 64 260
7 45 313
8 10 26
8 66 240
8 89 48
8 76 101
8 24 375
8 29 445
8 77 491
8 68 123
8 90 428
8 47 121
8 92 373
8 55 381
8 96 448
8 64 419
8 47 225
8 57 44
8 32 142
8 19 273
9 77 414
9 24 156
9 50 404
9 35 208
9 21 348
9 54 139
9 44 78
9 62 240
9 42 124
9 33 309
9 69 307
10 21 331
10 97 478
10 30 192
10 83 290
10 51 331
10 52 47
10 88 397
10 61 324
10 79 224
10 90 229
10 80 107
10 47 78
10 73 483
10 58 119
11 71 119
11 82 25
11 94 370
11 22 359
11 38 317
11 17 77
11 73 274
11 61 60
11 19 159
11 47 166
12 63 84
12 42 12
12 57 293
12 20 331
12 87 188
12 34 472
12 72 84
12 31 165
12 74 96
12 49 174
12 58 72
12 46 256
13 69 206
13 21 152
13 38 162
13 80 3
13 52 440
13 54 240
13 92 177
13 74 218
13 80 295
13 20 201
13 87 197
13 33 415
14 73 235
14 27 410
14 67 237
14 39 407
14 41 374
14 60 58
14 40 23
14 32 483
14 81 372
14 30 435
14 64 115
14 71 498
14 35 18
15 31 23
15 53 134
15 40 158
15 77 5
15 95 414
15 38 143
15 21 271
15 73 426
15 99 91
15 31 438
15 25 325
15 23 496
15 99 466
15 69 277
15 92 330
15 36 153
15 98 111
15 94 324
15 17 148
16 63 276
16 41 347
16 21 276
16 93 400
16 53 326
16 23 134
16 96 350
16 26 421
16 85 232
16 58 145
16 31 85
16 20 344
16 90 290
16 91 95
16 39 50
16 79 232
16 66 318
16 29 360
16 73 455
16 77 166
17 33 225
17 50 338
17 66 466
17 55 436
17 67 117
17 82 177
17 74 481
17 89 235
17 29 157
17 38 212
17 40 427
17 73 160
17 47 98
17 45 216
17 99 305
17 90 317
17 97 415
17 87 131
18 82 269
18 70 43
18 36 311
18 33 414
18 80 385
18 99 263
18 63 127
18 22 20
18 49 1
18 76 46
18 33 466
18 61 249
18 91 58
18 68 45
18 63 461
18 21 173
18 68 181
18 48 495
18 52 472
18 35 170
18 34 350
19 80 231
19 60 357
19 28 290
19 57 497
19 91 496
19 67 69
19 24 410
19 63 480
19 71 488
19 36 37
19 63 32
19 30 500
19 47 296
19 60 130
19 88 458
19 73 361
20 25 419
20 74 447
20 54 294
20 28 276
20 60 443
20 76 278
20 32 385
20 75 325
20 71 265
20 58 275
20 57 406
20 54 79
20 70 337
20 69 221
20 38 472
20 68 415
20 88 428
20 34 33
21 24 290
21 31 51
21 65 284
21 55 279
21 44 200
21 89 344
21 70 378
21 76 362
21 99 188
21 53 213
21 91 268
21 50 117
22 95 376
22 90 328
22 58 80
22 75 184
22 28 83
22 57 65
22 63 235
22 96 111
22 91 356
22 81 28
23 42 160
23 53 244
23 68 383
23 91 343
23 30 394
23 72 403
23 79 142
23 30 312
23 57 448
23 41 345
23 29 314
23 97 144
23 72 242
23 46 77
23 68 92
24 34 187
24 81 316
24 66 414
24 34 55
24 73 34
24 56 364
24 73 363
24 56 406
24 90 458
24 64 387
24 47 137
25 78 16
25 42 187
25 81 436
25 84 123
25 29 312
25 43 294
25 85 20
25 62 146
25 65 26
25 45 313
25 76 367
25 59 388
25 55 142
25 59 443
25 81 93
25 63 496
25 72 422
26 77 104
26 88 298
26 43 438
26 42 41
26 39 221
26 71 259
26 44 293
26 83 5
26 71 152
26 93 423
26 72 383
26 78 120
26 39 9
26 58 403
26 43 30
26 65 19
27 99 320
27 30 385
27 74 186
27 66 320
27 72 116
27 94 237
27 48 390
27 44 235
27 98 63
27 34 218
27 52 403
27 66 487
27 33 124
27 50 278
27 46 30
27 94 104
27 55 381
27 42 426
28 94 366
28 43 108
28 78 341
28 44 302
28 59 63
28 81 182
28 84 334
28 69 127
28 82 341
28 52 347
28 37 76
28 29 345
29 45 108
29 59 390
29 36 138
29 80 190
29 33 471
29 30 366
29 91 203
29 52 497
29 85 435
29 87 93
29 81 359
29 95 170
29 66 212
29 76 139
29 46 440
30 88 281
30 83 277
30 38 118
30 41 307
30 62 107
30 85 443
30 96 473
30 69 40
30 66 288
30 85 78
30 64 314
30 62 22
30 90 389
30 52 330
31 90 156
31 72 357
31 74 188
31 44 155
31 47 307
31 59 38
31 67 449
31 40 304
31 36 23
31 44 97
31 84 398
31 44 17
31 36 292
32 40 69
32 86 146
32 79 145
32 93 457
32 65 198
32 62 292
32 71 465
32 35 159
32 71 354
32 80 96
32 68 36
32 86 188
32 69 285
32 79 357
32 76 337
32 87 476
32 53 217
32 85 186
32 94 312
32 88 402
33 43 447
33 96 121
33 82 396
33 57 362
33 88 149
33 82 325
33 70 76
33 46 145
34 91 92
34 82 55
34 65 53
34 67 191
34 42 158
34 85 498
34 51 182
34 84 43
34 51 317
34 57 313
34 59 228
34 84 186
34 73 444
34 64 490
34 50 404
35 78 271
35 52 364
35 83 315
35 50 139
35 69 343
35 57 253
35 47 136
35 63 167
35 51 377
35 37 58
35 59 25
35 71 314
35 36 306
35 67 350
35 76 162
36 38 297
36 63 442
36 50 424
36 38 2
36 49 183
36 75 491
36 99 430
36 46 60
36 57 324
36 82 171
36 97 407
36 58 82
36 42 128
36 72 14
36 65 421
36 82 145
36 66 52
36 72 295
37 66 228
37 71 273
37 44 112
37 75 363
37 98 468
37 71 463
37 68 393
37 38 72
37 83 378
37 68 122
37 59 420
38 71 362
38 89 487
38 91 325
38 99 339
38 72 453
38 91 269
38 42 42
38 74 136
38 82 26
38 98 159
38 57 126
38 85 408
38 84 447
38 99 43
38 66 73
39 72 219
39 51 466
39 97 107
39 47 246
39 66 127
39 79 199
39 88 346
39 66 237
39 86 402
39 59 414
39 76 279
39 52 124
39 40 470
39 55 375
40 45 65
40 52 433
40 89 496
40 88 99
40 43 132
40 90 465
40 42 426
40 74 178
40 42 350
40 61 178
40 52 344
40 85 223
40 91 3
40 60 387
41 61 455
41 97 334
42 56 239
42 56 489
42 75 246
42 73 38
42 75 181
42 47 407
42 43 326
42 47 324
42 80 78
42 90 380
42 50 264
42 79 140
43 57 389
43 74 348
43 60 298
43 69 446
43 84 130
43 86 223
43 77 201
43 47 494
43 72 365
44 82 494
44 54 457
44 98 113
44 48 274
44 86 133
44 66 378
44 61 430
44 90 216
44 94 363
44 80 409
44 87 54
44 73 473
44 50 34
44 93 343
45 50 205
45 85 206
45 46 198
45 53 289
45 68 285
45 91 195
45 84 425
45 86 488
45 54 136
45 98 161
45 99 402
46 92 204
46 79 451
46 75 264
46 75 48
46 66 466
46 63 436
46 72 375
46 72 107
46 84 67
46 81 45
46 65 146
46 98 457
46 88 441
46 73 170
47 85 291
47 99 469
47 60 382
47 66 298
47 59 104
47 75 228
47 95 176
47 93 449
47 55 103
47 51 386
47 83 314
48 60 85
48 56 182
48 89 459
48 95 351
48 49 61
48 74 233
48 73 106
48 82 106
48 54 500
48 92 137
48 55 129
48 53 294
48 84 267
48 60 78
48 98 222
48 50 66
48 50 352
48 55 5
48 49 291
49 83 423
49 79 173
49 94 368
49 77 199
49 93 2
49 76 240
49 93 374
49 71 161
49 68 230
49 81 365
50 75 68
50 92 417
50 84 255
50 80 17
50 63 35
50 70 412
50 99 273
50 82 399
50 68 7
50 76 491
50 54 50
50 96 252
50 78 270
50 90 16
50 64 417
51 58 146
51 68 426
51 93 153
51 53 347
51 74 399
51 92 269
51 60 228
51 68 252
51 90 486
51 94 456
51 80 293
51 71 188
51 92 353
51 96 94
52 98 304
52 73 348
52 78 327
52 85 420
53 85 193
53 95 272
53 78 6
53 56 392
53 81 286
53 97 216
53 73 29
53 95 260
53 97 235
53 71 398
53 69 245
53 57 410
53 57 371
54 57 231
54 67 94
54 62 32
54 91 467
54 74 350
54 89 450
54 82 367
54 96 8
54 73 121
54 77 323
54 87 247
54 62 133
54 70 459
54 98 19
55 92 303
55 95 488
55 59 270
55 64 375
55 59 453
56 68 453
56 57 495
56 60 69
56 87 297
56 86 292
56 99 8
56 67 250
56 63 19
56 59 136
57 69 292
57 83 36
57 81 26
57 97 379
57 65 435
57 91 370
57 95 468
57 98 398
57 91 491
57 71 234
57 82 153
58 91 127
58 95 285
58 70 189
58 89 174
58 81 82
59 75 378
59 73 92
59 83 391
59 60 162
59 66 426
59 87 74
59 84 457
60 72 482
60 88 244
60 63 251
60 94 128
60 74 489
61 65 228
61 84 115
61 74 459
61 78 335
61 65 110
61 99 344
61 81 163
61 70 373
61 84 231
62 68 219
62 83 274
62 98 476
63 81 349
63 71 454
63 66 273
63 79 344
64 97 491
64 71 480
64 75 213
64 98 284
64 73 61
65 74 226
65 87 405
65 67 328
65 93 202
66 83 31
66 90 305
66 99 427
66 78 143
66 89 74
66 72 102
66 74 447
66 74 482
66 78 254
67 76 79
67 96 38
67 90 194
67 73 7
68 78 48
68 75 161
68 84 26
68 98 133
68 97 205
68 72 118
69 75 311
69 89 436
69 90 325
69 93 147
69 93 50
69 86 262
70 88 169
70 82 232
70 87 2
70 91 205
70 83 162
70 75 407
70 82 9
71 80 24
71 92 230
71 82 132
72 84 204
72 75 364
72 88 454
72 90 331
72 75 213
72 75 58
72 93 169
72 78 153
72 92 234
73 76 158
73 93 253
73 77 289
73 86 224
73 93 262
73 95 278
73 97 154
73 99 85
73 89 451
73 98 235
73 92 351
74 84 125
74 99 444
74 95 403
74 94 327
75 85 327
75 93 370
75 76 80
76 95 457
76 90 381
76 79 205
76 98 233
76 83 498
76 94 466
76 82 221
76 84 219
77 92 19
77 86 182
78 90 446
78 97 464
78 96 457
78 87 163
78 82 384
78 81 375
79 99 261
79 97 309
79 86 189
79 85 385
80 84 207
80 88 487
80 89 116
80 83 56
81 88 3
81 99 47
81 83 220
82 94 297
82 86 213
83 98 212
83 86 102
83 89 150
83 85 378
83 98 205
83 97 188
84 88 148
84 93 117
85 97 361
85 99 217
85 97 315
86 90 86
86 91 190
86 90 35
86 94 248
87 93 293
87 90 75
87 89 280
88 95 486
90 91 427
90 96 56
91 97 497
92 93 203
95 99 395
