100 15 1000 1795 105
0 1
3 1
4 1
16 1
19 1
24 1
28 1
49 1
70 1
71 1
72 1
78 1
83 1
87 1
89 1
0 88 116
0 45 206
0 50 358
0 49 301
0 80 76
0 69 466
0 65 30
0 34 366
0 47 475
0 79 270
0 81 83
0 61 264
0 22 125
0 45 128
0 92 109
0 87 344
1 75 306
1 22 181
1 79 479
1 26 235
1 92 372
1 20 149
1 19 301
1 19 71
1 61 419
1 41 244
1 87 397
1 44 468
1 66 257
1 11 244
1 56 321
1 84 355
1 83 271
2 61 20
2 83 476
2 77 331
2 83 326
2 43 467
2 42 99
2 37 486
2 53 176
2 4 51
2 40 231
2 96 367
2 77 256
2 26 206
2 45 206
2 51 74
2 55 213
2 7 465
2 8 371
2 31 182
2 70 50
3 53 192
3 37 286
3 65 480
3 42 415
3 16 327
3 24 292
3 61 261
3 19 145
3 82 428
3 35 208
3 68 128
3 94 451
3 40 105
3 39 190
3 75 245
3 11 359
3 20 93
4 53 407
4 80 305
4 71 355
4 47 188
4 69 319
4 99 9
4 9 245
4 18 333
4 99 62
4 73 338
4 29 149
4 52 489
4 22 6
4 94 408
4 49 22
4 57 276
4 83 391
4 93 361
4 38 399
4 39 250
4 94 341
4 86 3
5 36 316
5 32 27
5 75 377
5 18 256
5 97 379
5 9 458
5 88 493
5 26 384
5 8 486
5 75 339
6 83 404
6 82 457
6 32 301
6 68 321
6 51 91
6 58 385
6 74 88
6 61 437
6 59 458
6 59 18
6 59 411
6 89 18
6 89 175
6 44 47
6 39 284
6 47 44
6 39 281
6 95 470
6 73 309
6 89 407
6 66 298
6 10 221
6 88 393
6 49 107
7 31 149
7 80 408
7 32 465
7 79 443
7 21 198
7 27 207
7 36 8
7 73 289
7 91 48
7 45 409
7 36 396
7 88 454
7 66 99
7 76 149
7 46 337
8 64 310
8 66 280
8 18 457
8 81 310
8 24 328
8 76 239
8 20 25
8 66 455
8 90 75
8 17 307
8 25 340
8 66 29
8 38 455
8 42 328
8 58 120
8 14 374
8 55 140
8 74 189
8 15 275
8 27 78
8 46 450
8 80 169
8 12 313
8 92 159
9 66 339
9 47 170
9 91 190
9 66 154
9 59 186
9 28 395
9 96 292
9 82 340
9 69 287
9 83 249
9 86 258
9 59 167
9 48 56
9 13 318
9 31 104
9 14 183
9 57 343
9 32 256
9 47 206
9 85 115
9 59 324
10 32 350
10 11 322
10 21 311
10 35 331
10 40 234
10 36 291
10 19 66
10 15 434
10 57 66
10 14 439
10 56 99
10 45 70
10 70 69
10 99 480
10 12 196
10 49 255
10 73 309
10 37 498
10 92 472
11 16 138
11 83 474
11 24 149
11 62 157
11 63 179
11 65 163
11 34 88
11 25 193
11 98 423
11 30 214
11 62 49
11 39 336
11 56 441
11 63 37
11 24 443
11 12 82
11 34 96
11 73 334
11 88 66
11 49 426
12 59 101
12 37 493
12 68 35
12 48 363
12 78 80
12 55 290
12 67 429
12 52 357
12 21 110
12 39 373
12 45 52
12 65 336
12 84 40
12 64 457
12 87 151
12 62 345
13 82 188
13 16 56
13 19 83
13 35 16
13 95 217
13 42 74
13 21 110
13 57 269
13 73 266
13 58 475
13 24 184
13 62 151
13 32 411
13 38 363
13 74 228
13 15 170
13 84 63
14 22 5
14 38 289
14 57 419
14 86 269
14 19 453
14 95 312
14 36 446
14 54 271
14 18 315
14 87 252
14 93 383
14 92 188
14 32 11
15 88 112
15 49 149
15 86 248
15 26 480
15 84 292
15 20 317
15 85 248
15 36 72
15 45 204
15 65 171
15 88 251
15 35 474
15 64 188
15 72 290
15 21 65
15 27 369
15 49 116
16 88 462
16 54 293
16 36 260
16 35 355
16 40 402
16 97 238
16 34 191
16 34 228
16 78 355
16 55 410
16 67 209
16 54 407
16 33 177
16 88 79
16 87 453
16 69 142
17 90 249
17 41 489
17 69 403
17 80 317
17 52 439
17 45 108
17 42 1
17 65 321
17 77 405
17 78 130
17 33 90
17 87 326
17 26 324
17 67 60
17 22 227
17 65 202
17 60 143
17 20 187
17 57 53
18 75 85
18 70 153
18 51 424
18 31 224
18 80 5
18 63 342
18 71 463
18 55 271
18 57 207
18 29 252
18 41 477
18 75 345
18 44 273
19 97 420
19 53 5
19 96 350
19 60 210
19 24 257
19 38 225
19 82 336
19 57 60
19 27 139
19 65 109
19 90 420
19 32 499
19 34 456
20 49 231
20 64 412
20 97 167
20 46 329
20 78 128
20 60 30
20 46 181
20 49 179
20 89 49
21 47 23
21 73 235
21 80 114
21 25 92
21 34 363
21 29 346
21 65 232
21 22 338
21 70 146
21 56 422
22 37 483
22 69 362
22 97 374
22 56 433
22 26 221
22 85 484
22 89 163
22 78 201
22 66 220
22 44 159
22 90 123
23 39 414
23 26 76
23 95 293
23 51 226
23 36 391
23 41 377
23 27 145
23 62 278
23 41 84
23 92 124
23 77 360
23 82 162
23 99 309
23 59 425
23 24 298
24 47 369
24 88 445
24 30 29
24 51 197
24 41 413
24 46 451
24 93 242
24 43 57
24 61 70
24 55 84
24 48 335
25 99 169
25 45 336
25 36 223
25 42 319
25 68 67
25 84 490
25 98 219
25 37 458
25 77 163
25 44 166
25 64 202
25 56 433
25 89 353
25 67 305
25 54 63
25 45 385
26 87 103
26 28 250
26 95 471
26 50 151
26 62 321
26 47 321
26 50 299
26 72 385
26 45 282
26 87 458
26 44 307
27 84 77
27 71 145
27 43 440
27 45 128
27 39 284
27 67 278
27 46 3
27 41 344
27 49 10
27 49 267
27 82 159
27 80 179
27 88 4
27 92 249
27 28 95
27 88 210
27 76 147
28 45 384
28 62 200
28 60 97
28 41 144
28 64 346
28 65 383
28 96 110
28 34 245
28 54 331
28 40 331
28 59 496
28 51 325
28 32 460
28 75 497
28 49 162
29 73 397
29 75 91
29 35 278
29 99 185
29 97 209
29 61 82
29 51 224
29 45 291
29 60 140
29 72 465
29 46 418
29 96 194
29 81 295
29 42 59
29 46 19
29 73 260
29 90 56
29 56 96
29 43 205
30 46 41
30 95 389
30 89 219
30 70 78
30 52 167
30 85 13
30 56 193
30 63 234
30 73 311
30 82 211
30 84 448
30 50 359
30 50 171
30 98 193
30 96 475
30 92 181
30 93 3
30 78 287
30 88 41
30 33 80
30 96 161
31 41 361
31 57 93
31 93 120
31 45 119
31 60 109
31 44 252
31 49 308
31 58 416
31 47 191
31 71 406
31 63 399
31 35 155
31 46 24
31 56 438
31 88 485
32 97 10
32 67 431
32 83 89
32 47 483
32 69 215
32 35 462
32 83 219
32 95 164
32 95 134
32 50 271
32 56 267
32 97 450
32 64 32
32 40 105
32 87 283
32 61 465
33 46 147
33 94 125
33 93 294
33 77 476
33 77 8
33 93 386
33 63 279
33 76 43
33 35 139
33 74 107
33 35 126
33 48 244
33 87 319
33 77 44
33 72 412
33 77 360
34 63 364
34 45 27
34 78 122
34 44 313
34 89 401
34 50 118
34 54 9
34 49 82
34 79 466
34 94 46
34 82 418
34 98 177
34 40 240
34 51 39
34 53 456
34 99 46
34 96 125
35 62 480
35 80 5
35 54 123
35 39 284
35 63 453
35 87 198
35 68 242
35 67 118
35 57 126
35 77 375
36 43 64
36 59 383
36 48 371
36 86 17
36 57 368
36 94 198
36 77 18
36 47 327
36 95 259
36 81 168
36 58 307
37 82 455
37 59 216
37 76 252
37 81 44
37 84 269
37 77 459
37 59 327
37 45 60
37 66 315
37 48 139
37 94 259
37 93 382
37 88 21
37 70 333
37 74 467
37 80 369
37 67 378
37 91 182
37 51 269
37 96 358
37 41 277
38 88 52
38 80 150
38 89 178
38 41 453
38 93 402
38 97 94
38 61 201
38 74 93
38 61 326
38 51 59
38 40 482
39 73 58
39 69 144
39 63 361
39 73 438
39 86 436
39 58 33
39 83 86
39 41 204
40 92 422
40 99 52
40 86 57
40 72 294
40 63 298
40 44 40
40 99 50
40 81 233
40 49 408
40 83 186
40 94 112
40 97 217
40 46 23
41 47 417
41 82 367
41 49 308
41 94 70
41 86 116
41 47 54
41 90 308
41 94 287
41 99 255
41 93 159
41 68 43
42 58 215
42 88 296
42 96 5
42 61 271
42 88 14
42 81 253
42 77 85
42 79 392
42 56 462
42 78 133
42 44 318
42 87 474
42 92 159
43 98 152
43 86 52
43 96 271
43 47 85
43 61 496
43 79 446
43 76 197
43 84 175
43 89 165
43 49 275
43 60 306
43 48 196
43 94 285
43 94 217
43 73 497
43 65 275
43 84 199
44 87 102
44 66 71
44 80 269
44 76 224
44 90 186
44 80 194
44 71 323
44 89 403
44 87 184
44 69 388
44 97 211
44 78 250
45 49 157
45 75 481
45 86 126
45 67 393
45 89 208
45 52 388
45 78 312
45 85 292
45 63 15
45 52 336
45 64 2
45 83 12
45 61 489
45 63 56
45 78 410
45 89 328
46 71 459
46 69 15
46 85 273
46 63 24
46 76 165
46 54 298
46 75 214
46 76 131
46 62 270
46 67 450
46 79 203
46 69 89
46 84 413
46 93 287
46 56 105
47 66 317
47 83 473
47 54 264
47 83 263
47 74 33
47 91 450
47 73 164
48 72 168
48 63 171
48 83 44
48 98 327
48 69 249
48 56 328
48 68 205
48 97 461
48 72 317
48 54 222
48 62 128
48 68 201
49 94 464
49 90 145
49 76 225
49 97 248
49 95 271
49 69 143
49 66 310
50 97 145
50 81 121
50 75 55
50 62 162
50 52 82
50 67 158
50 58 328
50 98 113
50 94 6
51 56 430
51 82 171
51 55 97
51 95 343
51 55 247
51 76 29
51 61 66
51 78 126
51 79 308
52 60 422
52 99 462
52 87 114
52 88 453
52 81 16
52 67 460
52 61 171
52 57 369
52 57 189
52 74 66
52 62 92
52 69 346
52 59 150
52 61 354
52 54 446
53 61 124
53 93 131
53 83 4
53 67 259
53 57 199
53 69 438
53 73 193
53 61 471
53 71 261
53 78 82
53 60 210
53 65 417
53 56 376
54 61 203
54 87 344
54 88 114
54 56 215
54 85 251
54 71 32
54 74 450
54 92 261
54 92 123
54 76 381
55 68 276
55 87 356
55 85 357
55 68 471
55 93 334
55 60 483
55 77 134
56 78 126
56 67 72
56 89 462
56 95 383
56 68 370
56 62 381
56 80 481
57 83 152
57 87 154
57 85 270
57 96 488
57 60 309
57 58 358
57 95 154
58 91 353
58 95 224
58 82 386
58 87 297
59 83 218
59 86 224
59 79 309
59 80 215
59 86 377
60 70 192
60 88 58
60 99 426
60 64 41
60 93 424
60 80 440
61 75 481
61 81 208
61 95 118
61 71 336
61 82 283
61 66 185
61 98 363
62 84 186
62 72 178
62 93 124
62 82 403
62 69 481
62 91 440
62 81 421
63 93 2
63 72 473
63 73 39
63 95 358
63 64 200
63 97 302
64 65 131
64 82 95
64 88 430
64 80 48
64 68 31
64 94 491
64 77 17
64 91 463
65 90 71
65 70 190
65 66 212
65 79 118
65 70 108
65 80 498
66 83 495
66 82 414
66 79 34
66 89 408
66 89 459
66 82 57
66 92 392
66 83 351
66 96 157
66 73 364
66 88 58
67 75 319
67 81 268
67 80 304
67 77 34
67 71 387
67 78 142
67 91 57
67 82 53
67 88 390
67 74 3
67 80 457
68 76 443
68 92 263
69 93 308
69 96 184
69 94 449
69 90 37
69 76 155
69 76 500
69 96 124
69 97 204
69 72 186
70 91 490
70 91 493
70 91 366
70 94 413
70 89 465
70 75 15
70 86 250
70 87 76
70 99 139
70 86 5
70 85 86
70 88 209
71 97 23
71 89 47
71 98 418
72 91 308
72 79 234
72 86 264
73 74 276
73 85 259
73 85 130
73 85 323
73 76 387
74 96 216
74 88 346
75 86 305
75 91 248
75 87 276
75 87 363
76 90 178
76 83 498
76 80 461
76 86 487
76 78 182
76 80 483
76 85 70
77 86 496
77 99 33
77 95 227
77 98 343
77 81 222
78 95 141
78 80 290
79 91 308
79 85 376
79 92 88
80 93 23
80 88 463
81 83 403
81 95 273
81 87 360
81 90 288
81 83 244
82 84 334
82 94 167
82 94 23
82 91 86
82 97 325
83 93 24
83 96 436
83 98 355
83 96 79
84 98 59
84 95 262
84 93 409
84 98 209
84 98 53
85 93 454
85 89 328
86 93 416
86 92 332
86 87 308
87 91 193
87 97 477
87 91 359
87 88 483
88 93 470
88 95 243
89 99 255
90 96 468
90 97 76
91 92 128
92 95 486
92 95 334
93 95 378
93 98 190
93 98 67
96 97 410
98 99 491
