100 15 1000 1661 138
3 1
13 1
19 1
23 1
29 1
38 1
43 1
55 1
56 1
57 1
60 1
80 1
81 1
85 1
87 1
0 11 288
0 9 352
0 93 307
0 27 198
0 73 55
0 47 61
0 93 124
0 63 212
0 39 250
0 25 214
0 26 395
0 22 401
0 5 204
0 85 196
0 82 457
0 29 94
0 10 477
0 11 185
1 93 17
1 29 12
1 65 296
1 65 459
1 29 372
1 77 169
1 17 448
1 52 451
1 66 290
1 47 114
1 33 62
1 73 120
1 20 2
1 96 285
1 70 259
1 45 268
1 52 200
1 52 325
1 96 212
1 59 203
1 2 107
1 57 331
2 71 128
2 98 215
2 63 147
2 20 461
2 95 311
2 25 102
2 55 79
2 62 461
2 8 396
2 92 143
2 83 476
2 83 162
2 88 122
2 81 132
2 62 498
2 81 14
2 36 394
2 62 474
2 98 243
2 66 360
2 72 350
2 25 399
2 71 365
2 81 18
3 93 199
3 76 291
3 44 255
3 50 352
3 40 262
3 67 103
3 77 181
3 55 283
3 29 426
3 76 60
3 83 257
3 54 480
3 58 366
3 70 168
3 71 143
3 33 348
3 26 178
3 40 31
3 76 42
3 32 197
3 76 256
3 49 374
3 48 470
3 92 346
3 38 408
3 11 441
3 86 398
4 80 417
4 27 463
4 59 341
4 19 425
4 28 93
4 31 45
4 93 470
4 78 456
4 68 96
4 29 401
4 22 414
4 55 461
4 56 376
4 66 133
4 11 365
4 38 45
4 58 69
4 60 463
4 61 266
4 61 389
4 71 211
4 26 160
4 69 38
4 10 33
5 29 427
5 69 226
5 53 418
5 98 225
5 54 154
5 23 57
5 80 493
5 53 412
5 8 465
5 79 196
5 90 131
5 41 245
5 45 142
5 32 478
5 91 260
5 52 487
5 42 317
5 81 42
5 25 499
6 59 362
6 91 382
6 92 154
6 78 227
6 78 223
6 16 323
6 11 256
6 10 404
6 29 262
6 72 263
6 76 194
6 60 500
6 31 84
6 76 105
7 59 221
7 87 379
7 56 252
7 82 30
7 12 301
7 12 275
7 86 173
7 47 492
7 86 39
7 16 138
7 22 241
7 34 85
7 24 258
7 60 121
7 36 317
7 88 370
7 72 179
8 94 151
8 96 477
8 74 69
8 30 446
8 9 183
8 70 236
8 31 236
8 88 111
8 88 268
8 87 409
8 41 360
8 86 370
8 25 279
8 21 327
8 51 451
8 92 259
8 20 338
9 78 260
9 55 158
9 43 34
9 70 473
9 97 15
9 20 226
9 73 399
9 19 267
9 49 79
9 88 155
9 88 84
9 31 136
9 52 262
9 43 494
9 33 49
9 67 207
9 73 95
10 96 275
10 43 221
10 65 348
10 74 188
10 62 101
10 42 424
10 30 274
10 60 248
10 23 181
10 30 378
10 13 182
10 54 323
10 53 365
10 11 32
10 42 379
10 23 88
10 22 251
10 43 179
10 38 121
10 86 317
10 83 181
10 56 40
11 58 129
11 24 500
11 69 3
11 56 229
11 80 132
11 97 245
11 72 374
11 53 109
11 58 36
11 56 485
11 15 419
11 67 483
11 35 3
11 59 411
11 45 5
11 60 35
11 83 183
11 15 75
11 27 4
12 25 434
12 42 239
12 20 429
12 91 442
12 70 293
12 98 20
12 19 291
12 22 96
12 60 140
12 59 27
12 64 19
12 87 149
12 29 195
12 50 304
12 55 175
13 75 327
13 30 70
13 33 286
13 71 301
13 77 284
13 97 29
13 17 44
13 59 419
13 20 347
13 86 411
13 87 197
13 95 141
13 76 489
13 91 472
13 84 478
13 28 119
13 18 272
13 68 269
13 16 99
13 72 269
13 33 370
13 90 471
13 37 361
14 49 78
14 67 87
14 74 69
14 96 312
14 20 376
14 35 499
14 55 91
14 30 165
14 56 458
14 88 111
14 97 438
14 30 295
14 87 311
14 90 447
14 36 474
14 46 364
14 81 76
14 62 258
14 18 362
14 47 331
15 38 490
15 89 193
15 48 487
15 77 410
15 29 371
15 21 398
15 29 79
15 22 291
15 18 263
15 74 390
15 71 397
15 47 365
15 94 132
15 20 310
15 94 41
16 89 418
16 88 414
16 78 439
16 18 473
16 84 266
16 41 286
16 80 199
16 89 461
16 62 150
16 79 237
16 58 466
16 17 265
16 46 94
16 50 80
17 46 64
17 29 45
17 34 331
17 27 205
17 56 382
17 23 132
17 47 230
17 93 104
17 54 441
17 52 337
17 46 148
17 29 159
17 81 285
17 73 293
17 93 80
18 20 131
18 26 181
18 60 282
18 54 114
18 42 186
18 94 468
18 41 477
18 72 108
18 73 449
18 33 302
18 76 331
18 56 134
18 95 367
18 36 432
18 66 123
18 19 58
18 82 74
18 68 428
18 38 9
18 70 22
18 42 220
18 83 164
19 67 221
19 67 254
19 32 487
19 41 77
19 75 396
19 52 189
19 56 315
19 69 43
19 97 422
19 85 152
19 53 173
19 54 313
19 57 187
19 53 406
19 92 450
19 46 395
19 58 7
19 97 2
20 95 109
20 72 165
20 92 36
20 85 430
20 92 479
20 36 13
20 59 466
20 48 67
20 74 94
20 54 329
20 37 242
20 54 24
20 67 126
20 66 498
20 58 25
20 50 69
20 78 431
21 46 407
21 80 388
21 93 361
21 68 478
21 60 37
21 98 168
21 36 26
21 86 59
21 61 460
21 53 394
21 92 1
21 61 322
21 80 138
21 94 161
22 73 362
22 56 462
22 49 477
22 62 23
22 48 393
22 76 298
22 57 480
22 72 254
22 52 211
22 52 268
23 33 77
23 77 281
23 60 251
23 47 488
23 84 315
23 99 456
23 32 343
24 80 30
24 61 377
24 55 469
24 26 225
24 70 88
24 76 327
24 63 482
24 74 192
24 88 106
24 34 75
24 36 315
24 91 143
24 67 91
24 60 12
25 93 256
25 51 134
25 59 202
25 97 142
25 32 261
25 46 74
25 40 449
25 63 103
25 41 334
25 87 3
25 62 283
25 54 209
25 82 164
25 68 95
26 35 249
26 58 140
26 81 192
26 46 14
26 39 382
26 52 453
26 89 147
26 86 164
26 46 112
26 93 251
26 94 11
26 42 176
26 77 176
26 62 479
26 32 395
27 39 334
27 91 272
27 87 69
27 60 21
27 71 241
27 40 319
27 88 269
27 58 369
27 66 467
27 49 386
27 86 170
28 84 50
28 46 270
28 81 27
28 93 316
28 93 148
28 60 107
28 59 443
28 66 181
28 65 94
28 93 194
28 70 232
28 62 57
28 68 382
28 46 346
28 68 251
28 51 12
28 57 298
28 80 19
28 31 449
29 74 87
29 88 369
29 30 106
29 46 5
29 70 246
29 75 199
29 62 365
29 77 418
29 39 447
29 64 368
29 86 404
29 92 128
30 68 235
30 66 160
30 95 339
30 64 308
30 46 379
30 31 122
30 65 40
30 86 94
30 66 357
30 51 253
30 65 437
30 51 80
30 49 285
30 92 264
30 54 301
30 32 208
30 36 92
31 83 113
31 64 274
31 79 173
31 98 7
31 41 11
31 69 207
31 46 15
31 98 258
31 68 417
31 55 227
31 55 196
31 60 73
31 94 218
31 75 422
31 84 80
31 33 46
31 51 146
31 70 169
31 40 219
32 91 408
32 93 148
32 45 469
32 92 231
32 69 153
32 83 203
32 75 76
32 68 258
32 33 27
32 41 121
32 44 413
32 72 235
32 78 34
32 69 151
32 43 434
32 78 344
32 62 285
32 43 264
33 82 214
33 37 9
33 60 196
33 48 429
33 58 274
33 72 245
33 63 91
33 68 142
33 88 61
33 58 100
33 38 437
33 75 18
34 71 6
34 81 387
34 71 217
34 87 424
34 86 218
34 88 357
34 75 18
34 91 171
34 93 321
34 63 121
34 99 291
34 58 476
34 67 431
34 58 361
34 96 214
34 88 480
34 47 388
34 87 162
34 49 130
34 43 131
35 58 491
35 87 416
35 90 197
35 69 37
35 46 345
35 83 224
35 75 245
35 95 126
35 77 359
35 92 193
35 97 274
36 89 181
36 97 360
36 73 292
36 73 298
36 74 132
36 67 23
36 37 15
37 77 160
37 99 401
37 70 157
37 39 144
37 92 237
37 42 195
37 86 342
37 81 440
37 63 72
37 71 362
37 94 350
37 59 356
37 69 168
38 62 11
38 63 136
38 99 334
38 54 485
38 48 22
38 51 225
38 50 366
38 64 285
38 97 72
38 59 344
38 90 403
38 42 265
38 86 153
38 41 35
39 66 355
39 71 246
39 90 145
39 45 430
39 60 224
39 62 62
39 86 127
39 57 288
39 90 246
39 91 292
39 81 308
40 57 130
40 64 120
40 73 202
40 60 445
40 68 421
40 49 468
40 50 352
40 62 96
40 75 75
41 48 340
41 91 64
41 57 217
41 94 292
41 67 177
41 81 410
41 80 365
41 67 43
41 86 75
41 67 314
41 89 236
42 46 299
42 87 204
42 50 167
42 66 368
42 91 335
42 70 58
42 71 387
42 78 360
42 79 158
42 44 39
42 71 448
42 73 90
42 67 186
43 70 286
43 95 179
43 53 287
43 74 285
43 52 285
43 95 47
43 59 111
43 68 271
43 57 432
43 50 321
43 99 215
43 94 431
44 68 220
44 48 378
44 95 374
44 51 247
44 64 246
44 76 409
44 93 75
44 71 281
44 64 149
44 52 191
44 58 22
45 91 82
45 72 465
45 59 330
45 97 167
45 85 481
45 89 245
45 46 295
45 91 226
45 68 301
45 98 119
46 69 474
46 96 385
46 93 460
47 79 160
47 73 47
47 95 205
47 52 227
47 88 290
47 92 155
47 84 40
47 78 192
47 86 99
47 89 22
48 65 112
48 63 288
48 90 180
48 67 167
48 96 478
48 86 461
48 72 216
48 64 471
48 55 107
48 71 156
48 81 144
49 82 86
49 86 106
49 52 16
49 87 457
49 50 491
49 94 140
49 82 124
49 65 204
49 96 437
49 52 278
50 96 246
50 85 401
50 67 67
50 80 470
50 55 202
50 70 20
51 81 394
51 80 337
51 70 263
51 87 69
51 61 84
51 57 92
51 72 468
51 55 198
52 57 448
52 78 33
52 76 230
52 70 184
52 73 77
52 97 363
52 95 337
52 55 131
52 81 166
53 92 346
53 64 225
53 74 90
53 96 403
53 66 481
53 85 275
54 82 192
54 82 465
54 92 147
54 83 239
54 68 313
54 82 187
55 77 466
55 59 110
55 60 121
55 59 90
55 99 331
55 60 145
55 88 406
55 56 216
56 95 437
56 93 358
56 91 402
56 97 301
56 86 399
56 81 232
56 70 26
57 88 487
57 75 403
57 93 320
57 60 403
57 59 81
57 76 449
57 64 302
57 74 219
57 67 131
57 69 217
58 70 156
58 80 79
58 73 366
58 68 447
58 97 404
58 71 376
58 78 488
58 62 341
58 84 219
59 78 71
59 98 180
59 90 214
59 73 423
59 77 442
59 67 431
59 87 212
59 84 458
59 63 59
59 96 464
60 95 376
60 78 217
60 76 229
60 76 453
60 89 186
60 63 396
60 88 308
60 81 113
60 76 116
60 78 397
61 65 195
61 82 308
62 83 241
62 87 148
62 75 49
62 98 335
62 83 333
62 70 481
63 90 360
63 65 362
63 97 173
63 83 360
63 91 220
63 89 176
63 84 219
63 70 198
63 72 352
63 93 244
63 68 446
64 82 82
64 87 173
64 67 499
65 93 254
65 72 55
65 92 480
65 67 300
65 95 18
65 82 181
65 82 402
65 68 364
65 75 205
65 74 332
65 86 339
65 77 378
65 67 87
65 90 201
66 98 395
66 69 184
66 89 163
66 81 6
66 96 15
66 91 228
67 92 31
67 81 148
67 91 282
67 77 18
67 85 485
67 78 159
67 68 309
67 95 50
67 88 77
67 84 335
67 88 433
67 80 211
68 92 83
68 82 244
68 84 48
68 70 164
69 74 266
69 98 330
69 73 227
69 92 478
69 95 394
69 77 37
69 71 167
69 71 416
70 88 236
70 87 129
70 89 181
70 78 306
70 91 220
70 96 468
70 71 455
71 75 76
71 89 403
71 78 461
71 95 58
71 89 145
71 96 121
72 73 380
72 89 142
72 95 401
72 77 183
72 79 171
73 99 316
73 99 248
73 89 148
74 93 383
74 95 18
74 91 441
74 84 70
74 99 476
74 78 239
74 87 405
74 79 472
75 85 382
75 97 408
75 97 110
76 99 307
76 86 34
76 80 490
76 93 385
76 87 203
76 84 199
76 92 205
77 98 387
77 97 395
77 85 200
77 84 375
78 82 392
78 87 19
78 83 253
78 95 123
78 89 251
79 95 360
79 82 487
79 82 483
79 95 23
79 90 51
79 82 39
80 91 328
80 82 382
81 92 281
81 84 166
81 89 444
82 92 10
82 87 476
82 89 269
83 84 110
83 89 17
83 95 14
83 95 294
84 85 466
84 94 83
84 87 163
84 92 69
85 86 420
85 94 360
85 95 131
86 87 129
88 90 441
89 90 273
90 93 74
90 98 137
92 93 189
92 98 186
92 98 214
93 97 377
93 96 422
94 98 460
94 99 457
95 98 444
96 98 132
97 98 265
