100 15 1000 1347 159
5 1
8 1
10 1
24 1
26 1
51 1
60 1
61 1
62 1
63 1
74 1
78 1
79 1
84 1
99 1
0 10 2
0 43 97
0 62 197
0 77 9
0 11 149
0 5 276
0 35 156
0 16 283
0 71 396
0 27 388
0 34 73
0 2 384
0 9 203
0 66 438
0 81 406
0 46 90
0 92 21
0 10 402
0 44 240
1 97 197
1 6 168
1 8 67
1 9 254
1 7 281
1 98 117
1 7 492
1 85 346
1 8 74
1 5 451
1 83 129
1 42 68
1 86 214
1 78 96
1 2 233
1 15 77
1 63 365
1 24 152
1 57 35
1 32 276
1 30 420
2 37 461
2 98 264
2 35 156
2 23 301
2 29 295
2 29 371
2 97 284
2 21 249
2 72 445
2 33 171
2 40 125
2 77 24
2 14 239
2 23 27
2 76 303
2 49 483
2 70 280
2 61 402
2 59 422
2 15 232
3 71 475
3 63 17
3 83 106
3 85 350
3 76 122
3 46 97
3 4 487
3 31 54
3 59 154
3 83 266
3 92 386
3 50 84
3 74 115
3 51 239
3 67 298
3 68 368
3 73 485
3 75 423
3 52 392
4 75 270
4 80 399
4 7 42
4 47 239
4 79 374
4 73 16
4 63 402
4 59 395
4 40 420
4 23 74
4 55 107
4 56 40
4 63 75
4 81 343
4 86 293
5 55 143
5 97 322
5 7 368
5 85 279
5 56 377
5 60 489
5 20 252
5 47 103
5 50 470
5 52 161
5 81 299
5 95 258
5 44 454
5 22 499
5 16 25
5 70 478
5 76 251
5 98 390
5 12 426
5 56 358
5 14 416
5 47 121
5 39 312
5 69 277
5 42 92
5 11 182
6 85 78
6 14 111
6 49 223
6 57 172
6 62 230
6 34 169
6 52 214
6 68 188
6 72 238
6 54 304
6 38 67
6 19 117
6 29 43
7 40 2
7 29 441
7 13 63
7 8 434
7 36 366
7 36 483
7 65 51
7 17 330
7 76 328
7 97 93
7 66 376
7 84 149
7 85 255
7 12 342
7 96 487
7 41 19
7 11 75
8 12 371
8 92 21
8 26 224
8 95 183
8 78 256
8 65 302
8 96 167
8 17 211
8 40 335
8 76 294
8 58 151
8 43 119
8 17 138
8 74 276
8 82 494
8 17 230
8 36 101
9 40 157
9 27 74
9 90 80
9 41 408
9 33 217
9 52 429
9 85 398
9 35 307
9 22 431
9 75 185
9 91 56
9 89 260
9 62 37
9 90 353
10 73 214
10 41 467
10 11 204
10 56 377
10 80 207
10 86 215
10 63 268
10 84 423
10 22 167
10 66 52
10 39 483
10 58 187
10 37 220
10 99 390
10 80 281
10 78 260
10 99 112
10 48 93
10 94 426
10 14 251
11 76 350
11 77 329
11 21 275
11 79 37
11 88 421
11 65 6
11 95 138
11 77 161
11 77 362
11 66 325
11 49 449
11 19 85
11 26 339
11 35 361
11 33 106
11 43 357
11 24 310
11 44 193
11 39 497
11 99 230
11 77 321
12 28 215
12 74 99
12 95 186
12 56 64
12 57 114
12 15 238
12 19 33
12 82 445
12 78 489
12 92 129
12 76 470
12 82 247
12 60 56
12 71 488
12 13 319
12 42 389
12 53 282
12 42 400
12 84 217
12 32 205
12 17 452
13 14 49
13 85 116
13 50 237
13 21 495
13 85 44
13 35 9
13 54 446
13 30 248
13 86 446
13 78 168
13 59 301
14 17 441
14 88 339
14 18 472
14 85 436
14 58 288
14 87 303
14 65 42
15 47 356
15 23 133
15 39 216
15 57 280
15 41 75
15 84 147
15 52 255
15 31 340
15 33 363
15 65 354
15 84 480
15 71 313
15 90 459
15 29 318
15 59 349
15 33 260
15 93 64
15 97 235
15 88 101
15 97 362
15 84 36
15 27 251
15 42 395
16 39 102
16 29 230
16 48 139
16 26 255
16 44 117
16 84 406
16 92 400
16 88 365
16 72 47
16 34 242
16 92 104
16 72 494
17 35 267
17 28 101
17 27 44
17 26 316
17 25 276
17 49 332
17 28 179
17 40 10
17 67 268
17 82 42
17 26 405
17 70 162
17 81 94
17 63 159
17 77 167
17 69 491
17 35 50
17 66 404
17 62 388
17 71 323
18 57 176
18 45 91
18 87 96
18 37 391
18 43 366
18 38 111
18 28 48
18 21 36
18 44 275
18 21 300
19 43 442
19 28 172
19 51 479
19 58 446
19 40 355
19 94 43
19 55 450
19 26 320
19 42 99
19 55 48
19 66 368
19 85 492
19 27 23
19 70 319
19 46 101
19 24 441
19 48 99
19 29 377
19 23 376
19 40 143
19 94 329
20 52 464
20 31 87
20 97 436
20 72 9
20 99 307
20 50 479
20 85 465
20 91 463
20 89 211
20 69 206
20 76 445
20 77 472
20 50 72
21 74 414
21 80 270
21 34 305
21 29 482
21 43 340
21 36 67
21 58 412
21 59 147
21 51 427
21 57 350
21 60 220
21 79 35
21 69 471
21 77 486
21 67 253
22 66 238
22 64 92
22 55 84
22 31 198
22 59 244
22 39 347
22 85 471
22 94 489
22 33 330
22 40 60
22 34 336
22 57 150
22 73 30
22 54 278
22 24 170
22 68 319
22 31 286
22 56 288
22 34 318
23 93 449
23 89 66
23 79 202
23 81 400
23 76 355
23 46 235
23 72 251
23 74 378
23 76 286
23 98 39
23 92 375
23 64 244
23 91 65
23 45 8
24 90 475
24 89 418
24 39 166
24 61 418
24 42 41
24 84 84
24 59 482
24 60 146
24 34 24
24 69 2
24 74 363
25 94 286
25 83 308
25 35 290
25 63 435
25 46 479
25 68 21
25 41 445
25 42 152
25 29 172
25 44 186
25 80 206
25 32 152
25 78 65
25 71 179
26 45 155
26 47 420
26 29 355
26 40 125
26 54 440
26 97 338
26 37 284
26 45 9
26 31 114
26 79 246
26 73 139
26 57 215
26 79 153
26 63 424
26 50 165
26 43 398
26 65 12
26 63 409
27 86 391
27 50 118
27 50 479
27 44 25
27 43 307
27 98 196
27 31 169
27 48 420
27 98 167
27 68 419
28 99 196
28 50 268
28 34 294
28 37 46
28 67 245
28 77 285
28 98 190
28 39 22
28 39 125
29 52 68
29 31 441
29 94 145
29 99 96
29 93 262
29 73 91
29 68 198
29 92 195
29 67 200
29 62 487
29 43 64
29 44 357
29 83 341
29 58 466
29 90 230
29 57 329
29 55 89
29 77 24
30 91 158
30 81 162
30 90 292
30 92 28
30 56 27
30 84 280
30 53 493
30 38 192
30 41 256
30 50 293
30 92 101
30 82 437
30 45 87
30 66 10
30 64 215
31 37 145
31 60 285
31 82 102
31 99 112
31 98 312
31 61 241
31 95 489
31 85 149
31 39 472
31 54 461
31 77 159
31 97 203
31 95 289
31 78 19
31 54 56
31 35 137
31 50 446
32 80 5
32 59 490
32 55 398
32 48 234
32 80 229
32 66 346
32 43 22
32 96 199
32 52 498
32 60 364
32 94 242
32 88 118
32 49 324
32 41 259
32 36 157
32 55 481
33 77 444
33 56 250
33 58 4
33 52 406
33 48 446
33 73 459
33 54 65
33 75 97
33 77 473
33 64 176
33 88 318
34 83 392
34 81 162
34 69 39
34 85 41
34 42 408
34 83 163
34 97 196
34 84 23
34 50 393
34 64 189
35 47 98
35 86 253
35 77 242
35 41 420
35 87 381
35 94 498
35 65 342
35 73 267
35 82 134
35 52 107
35 72 430
35 59 235
35 48 30
35 61 130
35 74 217
35 55 74
36 78 270
36 93 25
36 98 243
36 92 36
36 75 89
36 88 251
36 46 157
36 91 177
36 99 237
36 45 315
36 89 259
37 85 51
37 67 3
37 93 186
37 65 350
37 76 94
37 71 412
37 54 174
37 90 366
37 93 361
38 81 489
38 82 289
38 86 371
38 77 73
38 60 431
38 53 457
38 80 273
38 84 412
38 94 226
38 48 412
38 39 28
38 93 374
38 44 128
38 46 50
38 73 398
38 60 201
38 71 448
38 78 356
38 81 85
39 50 45
39 86 300
39 57 4
39 99 369
39 64 471
39 99 273
39 80 212
39 45 410
40 92 494
40 98 237
40 45 157
40 55 432
40 59 247
40 59 54
40 78 250
40 58 224
40 64 475
41 86 279
41 89 389
41 74 294
41 71 94
41 72 227
41 89 53
41 70 340
41 61 465
41 43 102
41 70 421
41 90 157
41 98 409
41 86 319
41 47 128
41 50 118
42 74 2
42 71 21
42 69 84
42 93 350
42 87 202
42 78 150
42 46 402
42 50 16
42 75 110
42 91 394
42 52 347
42 53 166
42 76 126
43 82 104
43 92 221
43 70 229
43 59 58
43 83 438
43 96 418
43 95 473
43 94 103
43 44 110
43 81 154
43 67 408
43 48 305
43 91 205
44 72 237
44 79 356
44 67 400
44 81 460
44 66 33
44 72 409
44 64 414
44 96 21
44 49 98
44 75 447
44 84 120
44 53 474
44 88 33
44 68 266
44 73 146
44 60 436
44 60 124
44 55 103
45 50 334
45 70 239
45 60 450
45 51 490
45 75 227
45 83 153
45 58 319
45 99 418
45 86 446
45 95 375
45 95 22
45 77 58
45 91 114
45 96 240
46 81 200
46 66 435
46 75 360
46 53 368
46 85 357
46 48 250
46 71 348
46 89 229
46 75 314
46 90 177
46 56 453
46 78 195
46 53 369
46 68 213
46 48 28
46 94 125
47 94 17
47 62 297
47 72 491
47 55 290
47 87 173
47 77 404
47 64 391
47 74 315
47 58 293
47 55 244
47 50 110
48 96 95
48 80 420
48 60 395
48 82 473
48 59 430
48 56 63
48 61 452
48 76 324
48 50 344
48 70 412
49 67 364
49 51 51
49 97 357
49 54 6
49 66 83
49 97 446
49 54 320
49 75 411
49 75 443
49 81 180
50 78 27
50 64 36
50 85 482
50 53 488
50 91 100
50 81 15
51 81 460
51 57 431
51 82 214
51 68 120
51 89 354
51 74 458
51 77 174
52 60 13
52 54 375
52 79 422
52 68 127
52 79 213
52 66 289
52 97 165
52 89 156
52 68 126
52 80 491
53 70 26
53 62 188
53 66 242
53 99 241
53 60 351
53 65 87
53 85 280
53 56 66
53 71 418
54 72 153
54 82 361
54 76 171
54 86 240
54 65 170
54 68 62
54 84 293
54 93 492
54 90 107
55 80 262
55 97 232
55 56 458
55 73 449
55 95 89
55 99 116
55 58 351
55 97 325
55 76 147
56 77 68
56 59 259
56 91 92
56 61 396
56 72 248
56 84 41
56 95 273
56 73 269
56 71 41
57 79 362
57 68 105
57 75 336
57 78 484
57 90 29
57 60 249
57 70 291
57 87 292
58 62 342
58 72 240
58 80 184
58 59 394
58 91 461
58 74 394
59 82 124
59 84 316
59 78 32
59 73 301
59 84 162
59 76 148
59 75 471
59 77 470
59 76 157
60 73 429
60 78 196
60 92 405
60 79 186
60 93 168
60 67 5
60 69 77
60 96 236
60 63 257
60 70 250
61 64 457
61 91 408
61 93 39
61 87 409
61 96 424
61 63 179
62 80 54
62 94 356
62 65 216
62 75 134
62 86 267
62 83 398
62 72 18
62 83 406
63 89 422
63 96 464
63 70 497
63 67 415
63 82 81
64 90 438
64 97 475
64 65 362
64 72 423
64 89 199
64 77 230
64 82 482
65 85 69
65 95 79
65 89 99
65 79 218
65 76 482
65 84 397
65 67 391
65 84 309
65 68 372
66 80 195
66 85 204
66 70 373
66 88 423
66 68 383
66 86 46
66 68 177
67 84 410
67 97 388
67 79 434
67 79 16
67 72 330
67 75 391
68 78 253
68 77 377
68 77 284
68 97 46
69 75 212
69 84 319
69 77 327
69 85 319
69 78 236
69 92 15
69 84 282
69 70 185
69 90 249
69 87 70
69 70 297
70 74 320
70 83 490
70 92 331
70 82 493
70 81 242
70 98 121
70 89 18
70 95 108
70 72 99
70 94 328
71 72 83
71 74 255
71 86 210
71 97 97
71 81 263
71 77 96
71 87 242
71 85 495
71 87 97
71 78 323
71 90 432
71 91 441
72 92 410
72 82 113
72 86 455
73 99 263
73 76 178
73 96 280
73 90 140
73 97 227
74 77 220
74 93 401
74 89 232
74 97 300
74 95 407
75 78 258
75 83 171
75 91 456
75 98 301
75 96 448
75 80 500
75 99 380
75 88 430
76 95 178
76 78 39
76 98 438
76 79 193
76 83 44
77 85 76
77 86 451
77 86 323
78 89 174
78 97 487
78 98 434
79 99 3
79 87 280
79 88 163
80 86 172
80 91 480
80 95 422
80 96 35
81 92 272
81 88 45
81 83 13
81 82 69
81 97 308
82 87 227
82 99 410
83 99 223
83 91 480
84 93 464
84 91 204
84 88 14
84 88 105
85 94 231
85 98 475
86 97 111
86 93 482
86 95 253
87 88 92
87 95 169
87 94 14
87 88 238
88 90 363
88 97 67
88 96 407
89 93 196
89 95 195
90 91 226
90 99 416
91 94 409
92 97 472
93 96 471
93 96 204
94 96 315
95 97 428
