100 15 1000 1133 310
12 1
16 1
24 1
25 1
26 1
45 1
50 1
58 1
60 1
66 1
68 1
70 1
74 1
89 1
92 1
0 37 362
0 38 454
0 49 23
0 16 354
0 49 251
0 56 18
0 11 442
0 37 205
0 2 422
0 12 367
0 66 56
0 53 410
0 14 471
0 61 90
0 53 355
0 89 24
0 45 16
0 67 334
0 99 131
0 40 73
0 70 362
0 31 438
1 33 386
1 59 24
1 32 374
1 39 342
1 90 302
1 98 128
1 53 299
1 11 250
1 11 294
1 24 147
1 61 114
1 35 216
1 82 296
1 42 390
1 78 434
1 23 284
1 47 200
1 96 173
1 92 411
2 14 280
2 24 233
2 68 500
2 94 113
2 45 8
2 76 257
2 39 46
2 64 399
2 37 331
2 56 87
2 62 319
2 7 235
2 32 423
2 51 460
2 69 69
2 47 322
2 96 126
2 10 237
3 17 231
3 20 190
3 30 384
3 97 343
3 51 292
3 90 484
3 55 153
3 50 244
3 77 234
3 19 254
3 85 172
3 72 293
3 9 364
3 39 493
3 11 211
3 16 480
3 31 223
3 27 412
3 39 188
3 22 365
3 10 360
3 92 464
3 93 323
3 58 374
3 62 209
3 74 81
3 49 58
3 33 72
3 86 372
4 89 419
4 96 138
4 7 431
4 21 77
4 83 390
4 33 469
4 9 124
4 11 59
4 7 283
4 52 29
4 30 478
4 15 369
4 14 207
4 72 317
4 82 144
4 17 172
4 96 289
4 7 315
4 52 438
4 47 271
4 66 371
5 70 325
5 25 460
5 33 210
5 58 337
5 55 259
5 52 410
5 39 81
5 97 462
5 65 136
5 59 453
5 19 154
5 58 360
5 59 25
5 36 149
5 18 361
5 31 275
5 64 481
5 51 192
5 64 79
5 80 405
5 22 480
5 44 233
5 9 174
5 87 344
5 92 379
5 68 4
5 55 275
5 6 313
5 16 51
5 96 363
6 50 73
6 28 3
6 42 68
6 28 384
6 15 296
6 51 457
6 68 444
6 98 395
6 55 449
6 72 109
6 23 170
6 19 446
6 72 187
6 57 134
6 76 290
6 32 262
6 63 75
6 24 87
6 84 326
7 56 355
7 46 297
7 73 330
7 50 246
7 10 181
7 39 17
7 87 413
7 55 458
7 45 73
7 98 463
7 64 187
7 50 16
7 26 385
7 53 353
7 73 463
7 30 251
7 67 230
8 99 50
8 91 368
8 41 441
8 63 425
8 23 469
8 71 118
8 80 494
8 73 89
8 73 373
8 71 82
8 26 189
8 14 238
9 53 426
9 92 140
9 98 78
9 98 96
9 26 94
9 74 216
9 42 171
9 40 353
9 28 287
9 43 237
9 21 266
9 60 172
9 32 348
9 48 68
9 11 149
9 67 116
9 31 290
9 71 92
9 39 457
9 41 59
9 70 454
9 11 390
10 82 460
10 15 93
10 35 39
10 77 104
10 96 460
10 26 55
10 51 458
10 67 29
10 21 69
10 29 89
10 25 242
10 52 26
10 26 293
10 68 161
10 78 430
10 98 248
10 40 84
10 41 81
10 22 198
10 17 100
10 40 370
11 82 453
11 57 129
11 14 108
11 62 455
11 48 264
11 18 117
11 22 246
11 41 263
11 39 391
11 60 454
11 28 160
11 99 317
11 73 115
11 39 316
11 23 55
11 30 323
11 95 32
11 84 489
12 70 216
12 65 48
12 60 216
12 96 482
12 52 164
12 77 461
12 47 60
12 83 66
12 88 163
12 13 361
12 94 69
12 46 437
12 24 190
12 78 336
12 22 440
12 65 440
12 30 348
12 17 321
12 87 141
12 48 163
12 84 20
12 45 176
13 28 427
13 72 63
13 65 302
13 27 228
13 72 444
13 81 333
13 92 386
13 61 200
13 80 75
13 75 438
13 69 268
13 94 179
13 77 342
13 29 348
14 19 421
14 69 323
14 29 33
14 96 114
14 16 214
14 21 331
14 77 71
14 58 86
14 53 391
14 86 496
14 20 141
15 79 399
15 18 42
15 99 269
15 70 273
15 71 128
15 57 176
15 46 408
15 31 208
15 72 293
15 97 492
15 88 459
15 31 215
15 65 158
15 87 106
15 63 379
16 64 487
16 43 142
16 22 207
16 78 72
16 49 469
16 59 27
16 85 468
16 20 251
16 96 16
16 86 416
16 43 490
16 42 156
16 30 236
16 63 226
16 82 378
16 98 60
17 74 105
17 60 21
17 69 151
17 86 207
17 92 170
17 54 114
17 88 173
17 58 18
17 19 210
17 36 270
17 45 103
17 80 166
17 58 245
17 89 187
17 78 295
17 85 301
17 88 441
17 62 247
17 86 26
18 78 186
18 62 93
18 46 67
18 23 344
18 97 274
18 26 372
18 59 52
18 48 353
18 29 466
18 76 369
18 22 58
18 21 468
18 30 476
18 55 161
18 36 116
18 23 28
19 78 422
19 41 349
19 87 490
19 49 448
19 81 411
19 95 148
19 57 357
19 68 431
19 37 333
19 21 27
19 65 418
19 95 345
19 88 279
19 77 306
20 37 276
20 73 311
20 92 130
20 74 116
20 99 95
20 64 317
20 75 189
20 85 192
20 89 235
20 74 184
20 52 295
20 29 500
20 49 233
20 53 316
20 63 259
20 55 465
20 67 26
20 21 188
21 79 391
21 43 405
21 82 15
21 87 53
21 67 396
21 66 34
21 27 212
21 96 341
21 84 153
21 82 40
21 52 406
21 32 329
21 62 208
21 63 261
21 32 220
21 89 197
21 70 68
21 92 153
21 56 341
22 35 95
22 89 57
22 53 399
22 86 111
22 35 144
22 60 293
22 39 136
22 47 298
22 34 272
22 54 451
22 71 132
22 55 265
22 30 108
22 55 278
22 63 345
22 89 462
22 78 129
23 81 241
23 46 446
23 80 32
23 52 328
23 46 189
23 67 85
23 43 33
23 25 372
23 33 367
23 98 201
23 97 298
23 38 352
24 76 71
24 96 245
24 61 282
24 49 429
24 88 214
24 47 371
24 68 384
24 27 434
24 71 285
24 53 98
24 33 397
24 50 453
24 42 302
24 29 17
24 88 221
24 87 251
25 95 148
25 44 218
25 51 281
25 48 317
25 46 365
25 71 89
25 85 142
25 72 184
25 94 52
25 69 435
25 84 50
25 55 132
25 33 440
25 49 121
25 38 67
26 75 431
26 31 455
26 78 135
26 92 391
26 78 447
26 34 463
26 54 395
26 86 17
26 31 111
26 82 363
26 95 31
26 35 486
26 41 210
26 68 415
26 84 179
26 98 174
26 89 12
27 33 307
27 57 383
27 34 339
27 93 116
27 50 199
27 56 325
27 67 228
27 63 463
27 86 440
27 86 298
28 61 427
28 86 14
28 55 242
28 40 179
28 66 386
28 61 99
28 43 239
28 99 461
29 80 253
29 69 162
29 54 357
29 95 463
29 87 306
29 69 329
29 39 179
29 98 338
29 87 16
29 92 51
29 52 74
29 44 388
29 94 328
29 86 458
29 69 365
29 86 237
29 84 450
30 90 179
30 84 346
30 40 210
30 71 212
30 61 93
30 49 354
30 95 227
30 46 267
30 97 99
30 32 121
30 70 31
31 98 117
31 54 264
31 50 135
31 73 305
31 65 425
31 52 374
31 96 99
31 85 71
31 79 83
32 65 322
32 48 190
32 95 24
32 89 122
32 82 364
32 72 160
32 44 78
32 96 174
32 63 239
32 84 84
32 66 312
32 52 388
32 63 142
32 52 292
32 57 486
32 94 11
33 79 323
33 38 17
33 94 388
33 76 243
33 46 172
33 70 94
33 63 96
33 97 413
33 82 330
33 39 23
33 45 198
33 47 305
33 37 179
33 69 423
33 44 261
33 49 297
33 54 168
33 59 164
34 53 341
34 49 30
34 98 241
34 63 272
34 71 284
34 50 438
34 74 182
34 57 17
34 76 102
35 94 38
35 96 71
35 77 368
35 72 422
35 72 142
35 58 233
35 54 364
35 83 52
35 50 128
35 56 291
35 98 320
35 96 265
35 88 98
36 49 261
36 82 189
36 48 301
36 78 70
36 75 318
36 65 66
36 81 59
36 87 202
36 72 1
36 69 316
36 77 484
36 38 201
36 65 403
36 46 150
37 87 406
37 42 392
37 44 316
37 87 101
37 63 137
37 92 289
37 76 284
37 98 227
37 84 62
37 65 251
37 53 237
37 97 57
37 62 227
37 75 468
37 77 474
37 71 215
37 65 206
38 43 355
38 51 67
38 42 394
38 48 255
38 58 83
38 71 451
38 87 440
38 62 219
38 97 471
38 39 72
38 91 483
38 50 457
38 44 166
39 77 403
39 80 259
39 78 340
39 41 404
39 92 26
39 84 231
39 69 280
39 80 328
40 53 195
40 42 366
40 83 486
40 83 326
40 82 2
40 70 440
40 67 249
40 77 384
40 64 58
40 97 335
40 82 115
40 70 292
41 55 484
41 79 266
41 93 94
41 46 482
41 85 84
41 87 221
41 81 299
41 75 270
41 73 130
41 76 411
41 49 217
41 90 300
41 62 162
41 75 386
42 90 481
42 90 371
42 82 452
42 63 485
42 94 241
42 49 421
42 66 234
42 62 5
42 85 356
43 83 212
43 52 220
43 86 382
43 70 453
43 65 354
43 98 78
43 58 440
43 86 421
43 68 193
43 90 378
44 51 30
44 90 301
44 71 1
44 78 44
44 95 286
44 91 373
44 64 473
44 88 270
44 99 18
44 45 194
45 46 444
45 64 344
45 92 500
45 75 17
45 65 67
45 49 169
45 68 217
45 74 90
45 84 439
45 85 173
45 51 210
45 75 151
45 86 221
45 53 446
46 67 449
46 71 335
46 51 393
46 61 342
46 63 89
46 88 355
46 77 361
46 64 484
47 87 275
47 86 378
47 49 101
47 69 352
47 51 451
47 88 51
47 57 333
48 66 420
48 96 280
48 88 181
48 84 180
48 64 264
48 63 164
48 70 475
48 76 473
48 90 487
49 82 279
49 70 234
49 79 144
49 85 277
49 78 11
49 87 472
49 77 260
49 88 289
49 61 492
49 77 230
49 60 238
50 91 341
50 77 387
50 65 279
50 60 266
50 91 88
50 58 264
50 87 353
50 91 18
50 71 296
50 90 118
50 64 126
50 95 286
50 79 204
50 83 65
50 94 243
50 83 92
51 96 399
51 52 54
51 65 488
51 58 240
51 67 234
51 52 377
51 91 54
52 83 118
52 90 291
52 96 133
52 69 225
52 57 366
52 66 157
52 78 102
53 56 464
53 77 129
53 68 44
53 90 115
53 73 346
53 61 207
53 85 58
54 82 336
54 89 254
54 90 247
54 65 205
54 86 175
54 62 14
54 95 402
54 65 54
54 73 88
55 85 166
55 83 121
55 86 472
55 93 106
55 82 13
55 74 441
55 84 104
55 70 112
55 64 326
55 56 445
56 86 331
56 71 356
56 82 482
56 74 275
56 76 149
56 89 89
56 75 35
56 97 84
56 99 232
56 69 87
56 59 397
57 68 367
57 61 235
57 89 181
57 70 172
57 75 199
57 92 344
57 95 291
57 58 234
57 93 434
57 98 258
57 66 198
57 58 317
58 61 281
58 83 470
58 89 342
58 70 341
58 67 344
58 77 229
58 93 483
59 76 269
59 75 315
59 81 138
59 77 167
59 89 167
60 85 209
60 71 45
60 89 128
60 80 359
60 83 118
60 96 47
61 73 444
61 62 360
61 95 300
62 87 258
62 97 239
62 75 63
62 79 205
62 69 241
62 73 341
63 98 129
63 86 76
63 78 108
63 68 226
63 82 284
63 94 177
64 93 458
64 75 145
64 70 499
64 94 64
64 65 242
64 97 5
64 99 158
65 80 164
65 79 416
65 71 446
65 84 331
65 83 234
65 87 431
65 96 45
65 71 69
65 93 262
65 88 454
65 95 326
65 79 44
65 96 78
66 78 358
66 81 489
66 71 153
66 74 145
66 68 392
66 79 203
67 79 278
67 83 171
67 74 77
67 91 449
67 68 54
67 71 357
67 94 387
68 79 272
68 77 51
69 94 165
69 85 349
69 92 343
69 71 279
69 71 99
70 85 147
70 85 188
70 94 337
70 75 115
70 79 71
70 93 312
71 90 266
71 72 424
71 84 196
71 78 163
71 93 375
72 80 318
72 92 425
72 80 205
73 93 236
73 92 245
73 96 466
73 83 167
73 97 74
74 75 134
74 92 52
74 98 229
74 75 296
74 83 53
74 82 233
74 86 150
74 89 70
74 77 147
74 83 87
75 93 183
75 96 182
76 95 18
76 91 53
76 82 339
76 77 55
77 94 15
77 99 12
77 79 433
77 86 482
78 84 206
78 83 61
78 86 490
78 91 383
79 86 201
79 80 376
79 99 157
79 99 300
79 85 147
79 91 31
80 81 375
81 89 340
81 95 40
81 90 393
81 82 63
81 89 150
81 87 246
82 85 103
82 92 115
82 87 314
82 93 189
82 85 317
82 94 484
84 92 239
84 92 171
84 94 237
84 88 276
84 97 224
85 88 135
85 92 55
85 87 12
86 92 444
86 92 368
86 94 499
87 99 290
87 96 480
87 89 431
88 97 416
88 93 384
88 98 217
88 90 124
88 96 142
90 99 319
90 94 317
90 97 266
91 99 223
91 96 33
91 94 108
92 99 107
93 97 475
94 99 4
95 98 359
96 99 358
