100 15 1000 1393 392
3 1
8 1
9 1
17 1
26 1
31 1
38 1
43 1
59 1
62 1
66 1
67 1
72 1
90 1
98 1
0 43 428
0 69 235
0 6 229
0 28 173
0 40 33
0 75 466
0 84 438
0 86 187
0 14 336
0 46 207
0 51 401
0 3 277
0 41 109
0 99 479
0 4 198
0 59 336
0 68 175
0 9 104
0 28 427
0 12 12
0 30 42
0 72 296
0 81 380
0 45 410
0 77 114
1 46 452
1 66 285
1 92 124
1 26 399
1 80 304
1 99 22
1 68 433
1 77 435
1 4 359
1 37 129
1 86 97
1 33 148
1 94 260
1 52 283
1 26 246
1 98 30
1 72 473
1 55 234
1 16 28
1 14 139
1 54 75
2 75 123
2 53 395
2 95 341
2 76 286
2 19 371
2 32 183
2 82 444
2 18 395
2 17 67
2 27 106
2 20 423
2 40 106
2 75 35
2 52 136
2 46 264
2 98 65
2 69 396
2 12 336
2 93 463
2 63 426
2 77 308
2 3 63
2 62 167
2 61 449
2 29 229
2 94 309
2 37 215
2 78 201
2 5 402
2 76 305
2 90 248
2 98 141
3 24 450
3 61 363
3 5 66
3 80 191
3 95 199
3 68 232
3 64 326
3 59 222
3 88 396
3 85 256
3 22 13
3 49 366
3 25 288
3 55 257
3 81 422
3 74 113
3 7 255
3 39 12
3 37 142
3 83 332
3 52 459
3 96 314
4 50 351
4 29 364
4 61 405
4 43 322
4 22 197
4 64 486
4 87 374
4 17 136
4 80 153
4 26 341
4 14 32
4 75 405
4 93 47
4 95 38
4 46 314
4 33 193
4 99 435
4 55 163
4 64 484
4 87 330
4 81 306
4 15 103
4 21 361
5 26 332
5 73 242
5 53 43
5 27 23
5 28 140
5 24 75
5 26 486
5 19 76
5 19 151
5 54 342
5 83 353
5 13 22
5 15 171
5 97 450
5 54 399
5 72 326
6 47 354
6 27 100
6 94 490
6 28 474
6 75 330
6 92 347
6 14 95
6 89 21
6 24 272
6 79 5
6 35 351
6 45 19
6 48 105
6 54 354
6 8 498
6 39 174
6 61 418
6 73 428
6 59 62
7 85 97
7 45 334
7 18 297
7 52 291
7 32 223
7 49 150
7 53 346
7 54 201
7 58 190
7 21 129
7 17 253
7 97 79
7 94 494
7 42 358
7 40 190
7 85 409
7 98 460
7 8 50
7 37 379
7 12 61
8 26 470
8 86 333
8 98 140
8 95 305
8 19 168
8 82 208
8 42 194
8 13 36
8 44 142
8 50 306
8 16 398
8 34 362
8 88 105
8 54 164
8 94 292
8 66 110
8 96 222
8 38 226
8 62 25
8 9 464
9 24 379
9 45 429
9 82 132
9 54 30
9 71 165
9 43 433
9 65 95
9 21 218
9 33 363
9 48 409
9 85 207
10 65 249
10 30 31
10 51 20
10 50 254
10 17 154
10 26 339
10 12 99
10 12 132
10 79 177
10 80 147
10 45 40
10 47 366
10 15 4
10 79 93
10 93 362
10 11 158
10 62 117
11 85 271
11 27 173
11 14 3
11 29 342
11 69 419
11 97 188
11 60 427
11 40 383
11 16 148
11 30 327
11 63 424
11 75 393
11 50 92
11 76 204
11 43 470
11 24 349
11 83 200
11 54 19
11 61 1
11 85 327
12 55 294
12 61 51
12 74 228
12 73 38
12 57 78
12 27 482
12 27 492
12 86 422
12 30 264
12 33 308
12 97 307
12 24 80
12 92 228
12 78 117
13 57 110
13 16 444
13 83 110
13 94 102
13 19 324
13 28 248
13 60 162
13 25 281
13 49 160
13 90 61
13 99 174
13 62 495
13 22 260
13 81 344
13 36 265
13 78 304
13 76 452
13 23 45
14 94 78
14 57 146
14 48 145
14 43 203
14 24 65
14 68 301
14 24 385
14 71 498
14 71 434
14 92 445
14 27 190
14 62 250
14 36 474
14 51 394
14 27 75
14 54 66
14 84 369
14 86 41
15 46 458
15 93 318
15 59 253
15 55 129
15 46 1
15 74 307
15 53 450
15 95 498
15 50 219
15 51 459
15 52 196
16 35 206
16 34 292
16 35 268
16 58 328
16 52 253
16 20 262
16 96 311
16 89 15
16 17 191
16 31 407
16 74 280
16 38 191
16 97 455
16 25 171
17 99 76
17 98 129
17 38 464
17 96 304
17 89 287
17 93 299
17 95 365
17 96 199
17 73 138
17 98 211
17 24 148
17 52 430
17 70 263
17 81 91
17 82 85
17 73 227
17 92 463
18 32 256
18 72 343
18 70 326
18 90 347
18 87 311
18 91 397
18 28 148
18 32 189
18 33 60
18 92 266
18 47 496
18 90 361
18 81 358
18 65 490
18 30 345
19 98 217
19 85 347
19 34 103
19 96 255
19 91 496
19 73 338
19 96 257
19 62 230
19 55 474
19 59 340
19 97 276
19 30 272
19 31 253
19 68 301
19 33 465
19 98 169
19 48 96
20 57 228
20 66 330
20 67 494
20 73 61
20 71 357
20 34 436
20 76 189
20 96 323
20 65 285
20 39 309
20 31 42
20 78 440
21 51 86
21 33 440
21 42 48
21 83 415
21 45 92
21 25 85
21 42 293
21 82 126
21 97 404
21 85 195
21 99 165
21 92 388
21 28 217
21 51 111
21 47 114
22 27 312
22 37 107
22 77 129
22 62 122
22 79 42
22 29 144
22 26 78
22 92 399
22 60 266
22 95 92
22 32 28
22 84 364
22 26 494
23 70 287
23 85 461
23 76 196
23 97 151
23 49 96
23 92 492
23 68 126
23 63 480
23 28 256
23 82 339
23 89 11
23 30 499
23 57 314
23 61 124
23 32 91
23 84 37
23 41 121
23 43 94
23 76 152
23 56 51
23 44 385
24 76 272
24 82 188
24 81 491
24 25 4
24 51 285
24 82 168
24 31 39
24 62 151
24 35 485
24 95 280
24 53 334
24 68 323
24 80 98
25 71 4
25 91 212
25 56 130
25 73 257
25 41 147
25 48 40
25 70 413
25 92 285
25 32 90
25 30 203
25 75 381
25 53 285
26 58 397
26 70 51
26 44 70
26 89 290
26 40 375
26 58 328
26 62 456
26 52 23
26 51 149
26 72 370
26 83 474
26 59 83
26 53 428
26 76 78
26 94 142
26 65 436
26 45 82
26 64 144
26 65 309
26 97 67
26 45 142
26 49 157
27 87 6
27 50 412
27 79 7
27 76 256
27 66 41
27 34 423
27 37 70
27 38 201
27 50 168
27 53 357
27 35 417
27 42 225
27 60 365
28 37 430
28 39 107
28 39 7
28 34 436
28 57 340
28 54 474
28 83 119
28 85 65
28 56 143
28 71 230
28 93 465
28 58 338
28 55 280
28 97 459
29 42 90
29 61 123
29 90 153
29 63 403
29 90 175
29 65 104
29 32 307
29 43 1
29 74 346
29 56 30
29 74 1
30 75 205
30 99 339
30 82 145
30 69 200
30 67 120
30 60 212
30 60 165
31 78 260
31 65 447
31 89 361
31 64 376
31 73 281
31 45 487
31 92 156
31 52 169
31 60 355
31 77 480
31 86 16
31 71 492
31 80 34
31 50 446
31 71 124
31 72 364
31 85 274
31 45 7
31 45 500
31 48 242
31 45 133
32 93 178
32 51 320
32 97 277
32 84 279
32 90 217
32 48 118
32 69 244
32 92 235
32 82 82
32 73 89
32 94 407
32 37 407
32 98 407
33 63 285
33 72 292
33 74 125
33 67 473
33 36 311
33 74 355
33 77 335
33 52 298
33 52 404
33 73 496
34 38 139
34 85 247
34 41 390
34 56 12
34 55 290
34 63 175
34 35 477
34 90 4
34 39 176
34 59 143
34 86 400
34 88 175
34 79 373
34 88 428
35 83 468
35 78 48
35 86 411
35 70 350
35 89 449
35 78 439
35 93 74
35 92 68
35 98 427
35 69 431
35 77 239
36 80 98
36 75 415
36 59 492
36 48 179
36 78 425
36 96 478
36 91 62
36 43 487
37 79 129
37 98 6
37 51 440
37 93 250
37 67 295
37 44 319
37 88 417
37 69 101
38 51 26
38 86 407
38 51 55
38 73 116
38 68 50
38 78 118
38 42 465
38 95 38
38 85 241
38 50 487
39 96 43
39 47 111
39 77 146
39 41 452
39 84 385
39 52 358
39 75 79
39 93 93
39 97 57
39 64 71
39 98 397
39 44 1
39 49 79
39 46 126
39 99 110
39 52 255
39 95 490
39 59 81
39 67 13
39 82 287
40 44 42
40 90 499
40 85 420
40 72 114
40 96 69
40 64 320
40 99 1
40 69 404
40 74 339
40 52 263
40 77 402
41 53 284
41 79 122
41 48 387
41 61 201
41 73 27
41 78 81
41 67 361
41 61 360
41 63 359
41 84 381
41 80 476
42 45 478
42 93 267
42 75 378
42 64 475
42 95 154
43 55 354
43 99 404
43 99 40
43 63 274
43 47 310
43 80 35
43 98 426
43 82 113
43 50 370
43 52 487
43 79 83
43 85 268
43 72 434
44 73 141
44 55 413
44 50 103
44 67 370
44 77 74
44 80 300
44 48 115
44 81 197
44 89 224
44 59 300
44 64 445
44 94 182
45 97 384
45 50 68
45 55 354
45 47 200
45 48 92
45 58 397
45 77 284
45 90 450
45 80 263
45 52 427
45 48 106
45 91 53
45 59 90
46 63 308
46 99 238
46 74 286
46 63 332
46 77 328
46 82 88
46 83 119
46 75 359
46 96 447
46 61 330
46 81 406
46 50 248
46 50 244
47 60 209
47 71 374
47 70 494
47 83 442
47 48 278
47 84 339
47 68 245
47 75 333
47 60 87
47 54 207
48 75 50
48 66 91
48 62 495
48 88 460
48 93 372
48 70 176
48 54 128
48 60 30
48 85 477
48 90 494
48 55 126
49 88 389
49 51 498
49 69 115
49 51 344
50 64 327
50 99 337
50 72 104
50 93 459
50 97 227
50 95 329
50 88 162
51 88 127
51 61 283
51 78 419
51 63 297
51 53 163
51 55 51
51 90 467
51 81 9
51 66 175
51 97 499
51 87 59
52 60 455
52 98 301
52 95 123
52 64 162
52 90 227
52 76 156
52 53 123
52 56 112
52 69 164
53 87 84
53 77 387
53 56 415
53 71 59
53 89 186
53 98 34
54 68 92
54 93 356
54 70 413
54 82 104
54 61 431
54 65 271
54 59 19
54 71 299
54 72 416
54 94 237
54 75 92
54 91 331
54 86 201
54 81 289
55 67 394
55 71 426
55 74 15
55 57 4
55 91 275
55 70 339
56 65 43
56 96 97
56 91 99
56 82 372
56 73 222
56 60 97
56 81 145
56 90 113
56 71 452
56 71 323
56 92 246
56 94 453
57 80 23
57 74 392
57 69 141
57 86 161
57 86 392
57 88 437
57 98 258
57 79 410
58 94 409
58 62 375
58 73 384
58 73 423
58 86 447
58 89 264
58 92 417
58 93 330
58 80 437
58 97 359
58 95 175
58 91 243
58 65 110
58 75 189
59 75 220
59 89 188
59 72 313
59 75 292
59 94 26
60 93 468
60 63 438
60 84 358
60 62 303
60 87 54
60 88 46
61 88 395
61 87 325
61 94 305
61 82 168
61 95 454
62 80 424
62 83 234
62 75 411
62 67 404
63 96 318
63 90 491
63 72 436
63 82 154
63 74 362
63 65 274
64 74 1
64 76 95
64 90 61
64 68 171
64 98 221
64 70 356
64 94 40
64 68 77
64 98 252
64 86 4
64 96 465
65 79 18
65 90 225
65 70 364
65 90 82
65 73 46
66 70 326
66 93 319
66 96 273
66 85 153
66 84 277
66 76 167
66 72 158
66 97 220
67 94 393
67 97 317
67 71 168
67 70 101
67 88 188
67 74 449
67 96 350
67 98 100
67 77 416
67 95 323
67 99 318
68 98 37
68 75 372
68 87 13
68 87 7
69 76 417
69 77 216
69 92 270
69 73 197
69 92 277
69 82 468
70 83 375
70 92 494
70 98 162
70 97 427
70 73 68
70 76 474
70 88 217
70 75 465
70 98 94
70 79 266
70 81 273
70 80 17
71 85 87
71 76 468
71 96 74
71 90 257
71 80 79
71 81 351
72 73 421
72 86 200
72 94 103
72 97 303
72 90 252
72 99 472
72 92 375
72 88 253
73 83 113
73 90 441
73 97 323
73 82 281
74 84 48
74 93 435
74 75 489
74 93 202
75 88 323
75 92 117
75 93 76
75 94 168
75 76 470
75 79 179
75 88 152
75 84 329
76 82 284
76 97 395
76 93 51
76 86 396
77 80 197
77 92 365
77 80 89
78 94 281
78 83 462
78 89 254
78 87 158
78 79 455
78 88 482
78 87 307
79 82 178
79 83 87
79 92 40
79 86 79
79 80 361
79 99 194
79 80 365
79 89 378
80 86 187
80 88 7
80 97 22
80 92 220
80 81 1
81 83 500
81 96 38
82 87 379
82 84 179
82 93 323
83 87 171
83 94 320
83 97 21
83 96 247
84 97 3
84 98 378
85 96 402
85 98 135
85 91 490
86 98 102
86 91 289
87 96 140
87 93 21
88 94 143
88 98 53
88 91 209
88 90 157
88 96 336
89 97 6
89 92 349
90 97 276
90 98 433
90 98 364
91 99 25
92 96 77
95 96 175
95 97 379
