100 15 1000 969 137
4 1
20 1
32 1
33 1
34 1
43 1
47 1
62 1
63 1
65 1
66 1
69 1
70 1
74 1
99 1
0 41 113
0 9 35
0 77 186
0 64 197
0 71 94
0 85 289
0 89 279
0 21 425
0 12 453
0 4 289
0 86 457
0 60 169
0 98 192
0 40 388
0 52 95
0 27 238
0 88 11
0 49 262
0 81 470
0 49 325
0 54 203
0 18 432
0 16 418
1 12 316
1 74 289
1 42 322
1 81 83
1 51 302
1 87 92
1 28 326
1 28 280
1 91 422
1 20 473
1 58 429
1 64 147
1 38 199
1 91 298
2 56 233
2 38 462
2 16 455
2 39 249
2 82 103
2 29 386
2 85 274
2 93 304
2 96 331
2 77 236
2 42 401
2 22 190
2 88 31
2 45 175
2 55 337
3 78 310
3 49 81
3 34 383
3 23 325
3 64 315
3 81 42
3 47 494
3 33 42
3 77 243
3 72 446
3 59 38
3 38 402
3 81 52
3 94 417
3 55 397
3 43 346
3 14 86
3 32 496
3 50 471
3 8 184
3 16 234
3 53 434
3 33 402
4 27 59
4 78 226
4 68 9
4 96 7
4 93 392
4 8 97
4 93 248
4 36 121
4 29 161
4 60 172
4 26 317
4 23 464
4 69 49
4 83 111
4 57 73
4 82 29
4 67 43
4 14 167
4 52 208
4 72 139
4 54 67
4 68 192
4 71 129
4 36 440
4 93 481
5 47 176
5 51 386
5 93 405
5 68 483
5 94 159
5 8 462
5 62 484
5 69 371
5 81 243
5 24 217
5 75 80
5 42 368
5 14 415
5 76 416
5 94 474
5 14 170
5 96 273
5 50 89
5 50 265
5 66 165
6 82 278
6 8 269
6 10 225
6 44 405
6 30 18
6 31 36
6 54 129
6 41 7
6 73 287
6 92 377
6 88 197
6 90 39
6 11 58
6 21 242
6 22 291
7 25 397
7 84 456
7 56 112
7 52 208
7 28 300
7 14 156
7 43 293
7 33 95
7 76 10
7 41 221
7 77 153
7 17 231
7 96 284
7 34 208
7 71 245
7 48 277
7 11 224
7 18 429
7 14 468
7 95 434
7 17 416
7 77 349
7 94 361
7 10 55
8 78 45
8 69 286
8 73 207
8 48 225
8 63 458
8 15 100
8 97 146
8 82 461
8 94 169
8 18 9
8 83 462
8 26 190
8 78 316
8 63 408
8 18 114
8 67 456
8 46 45
8 35 167
8 94 188
8 92 370
8 19 216
8 30 424
8 31 308
9 60 483
9 98 36
9 62 91
9 87 48
9 98 134
9 67 230
9 75 425
9 73 357
9 25 195
9 20 456
9 18 106
9 75 388
9 37 84
9 78 130
9 77 436
9 33 216
9 10 72
9 24 228
9 33 475
9 36 30
9 93 424
9 78 328
9 23 87
9 99 2
10 35 497
10 42 178
10 52 351
10 91 117
10 42 365
10 40 216
10 64 459
10 19 282
10 58 250
10 39 227
10 66 344
10 20 94
10 44 240
10 90 236
10 46 243
10 54 422
10 64 225
10 34 4
11 41 449
11 47 481
11 26 404
11 63 292
11 65 202
11 56 236
11 63 286
11 52 264
11 12 472
11 96 224
11 21 47
11 25 232
11 70 157
11 52 357
11 61 310
11 14 423
11 30 171
11 17 212
11 20 31
11 81 353
11 93 379
11 91 83
11 74 103
12 93 404
12 96 172
12 15 83
12 38 6
12 99 245
12 75 425
12 15 444
12 94 383
12 81 214
12 48 40
12 42 399
12 51 51
12 62 301
12 13 63
12 46 258
12 26 143
12 54 128
12 28 420
12 64 4
12 58 320
12 75 238
13 92 159
13 49 158
13 58 36
13 49 373
13 64 7
13 16 500
13 90 305
13 51 402
13 37 167
13 73 43
13 60 113
13 80 305
13 64 223
13 16 130
13 50 121
13 79 290
13 17 337
13 65 299
13 31 41
13 19 490
13 45 499
13 57 236
14 42 55
14 63 68
14 24 229
14 39 10
14 93 2
14 24 167
14 69 416
14 69 39
14 17 127
14 75 181
14 55 394
14 60 420
14 94 172
14 73 120
14 71 82
14 93 407
14 81 417
14 25 108
14 47 252
15 88 344
15 88 194
15 83 449
15 84 258
15 52 227
15 84 40
15 90 227
15 30 34
15 20 491
15 87 228
15 78 476
15 63 190
15 82 30
15 40 306
15 88 342
15 54 472
15 72 31
15 63 429
15 72 35
15 50 274
15 76 400
16 81 14
16 20 274
16 94 178
16 96 188
16 82 163
16 73 491
16 24 306
16 42 300
16 35 31
16 89 224
16 85 249
16 94 331
16 75 215
16 75 163
16 31 287
16 43 258
16 59 177
16 89 61
17 99 213
17 46 80
17 79 409
17 59 399
17 69 289
17 68 87
17 54 409
17 62 14
17 66 202
17 38 115
17 83 482
17 55 20
17 26 397
17 23 335
17 86 474
17 33 437
18 32 188
18 45 275
18 21 129
18 88 446
18 81 343
18 21 373
18 50 107
18 73 157
18 87 461
18 60 143
18 87 125
18 50 168
18 47 385
18 61 186
19 29 15
19 41 16
19 33 444
19 69 430
19 55 400
19 49 410
19 97 444
19 33 91
19 87 226
20 75 37
20 80 339
20 27 302
20 24 468
20 99 198
20 92 16
20 30 318
20 92 156
20 65 197
21 38 169
21 76 409
21 60 486
21 92 190
21 67 48
21 83 355
21 42 87
21 75 279
21 74 351
21 59 397
21 51 382
21 72 356
21 49 351
21 36 293
21 25 306
21 24 148
21 22 449
21 57 397
22 33 184
22 74 269
22 90 335
22 69 193
22 24 346
22 70 289
22 81 165
22 30 409
22 87 257
22 79 363
22 59 455
22 72 408
22 45 319
22 76 82
22 23 281
23 50 53
23 70 380
23 39 196
23 50 389
23 82 396
23 30 300
23 39 392
23 96 119
23 42 71
23 51 360
23 92 298
23 34 216
23 61 291
23 46 435
23 52 367
24 32 434
24 41 456
24 31 145
24 71 370
24 62 76
24 59 386
24 67 63
24 66 436
24 75 263
24 77 113
25 63 384
25 53 316
25 78 126
25 90 119
25 65 152
25 79 315
25 74 492
25 73 348
25 66 368
25 91 181
25 90 487
25 51 76
25 63 159
26 72 437
26 41 407
26 71 379
26 81 449
26 65 318
26 92 497
26 41 201
26 77 451
26 92 251
26 48 314
26 44 275
26 59 460
26 87 401
26 43 178
26 27 105
26 31 313
26 68 139
26 90 114
27 63 237
27 66 415
27 58 157
27 35 150
27 71 324
27 67 127
27 69 443
27 84 330
27 73 105
27 47 267
27 90 207
27 74 102
27 98 393
27 36 381
27 57 203
27 36 361
27 49 45
27 98 141
27 77 194
28 70 197
28 43 153
28 30 495
28 90 232
28 47 205
28 98 472
28 32 462
29 33 382
29 54 320
29 76 135
29 56 59
29 99 434
29 79 303
29 82 433
29 75 80
29 43 2
29 65 164
29 89 229
29 48 347
29 91 402
30 67 267
30 94 133
30 41 16
30 59 344
30 77 71
30 98 122
30 72 310
30 43 271
30 85 435
30 33 207
30 60 344
30 83 194
30 96 389
30 79 60
31 80 1
31 38 221
31 95 311
31 88 38
31 46 266
31 77 487
31 37 299
31 35 142
31 85 273
31 43 438
31 33 48
31 61 1
31 81 74
31 92 65
31 57 407
31 32 315
31 68 58
32 89 155
32 89 406
32 80 480
32 84 103
32 81 40
32 40 229
32 82 102
32 90 468
32 48 434
32 91 37
32 58 169
32 33 418
32 93 310
32 88 378
33 66 44
33 68 93
33 92 245
33 57 463
33 92 170
33 78 419
33 90 230
33 47 365
33 81 400
33 98 164
33 90 56
34 65 352
34 82 94
34 35 181
34 71 214
34 69 390
34 47 25
34 38 495
34 98 133
34 49 206
34 58 121
35 50 8
35 76 51
35 60 412
35 87 36
35 97 429
35 77 34
35 75 300
35 79 207
35 68 274
35 82 373
36 79 392
36 95 154
36 97 325
36 60 253
36 82 70
36 53 295
36 96 470
36 39 477
36 69 204
36 85 302
36 47 185
36 44 282
36 98 239
36 98 121
36 57 222
36 73 96
37 97 426
37 57 458
37 75 407
37 42 497
37 67 403
37 99 267
37 78 31
37 78 476
37 49 292
37 94 340
37 81 98
37 61 262
37 86 202
37 71 69
38 88 143
38 82 211
38 80 500
38 50 75
38 96 423
38 47 245
38 82 319
38 65 173
38 67 73
38 82 438
38 49 471
38 40 145
39 57 193
39 60 2
39 77 469
39 65 349
39 78 49
39 86 64
39 51 115
39 94 70
40 96 353
40 46 76
40 52 42
40 84 226
40 83 393
40 65 76
40 82 59
40 69 35
40 48 444
40 55 125
40 66 376
40 63 468
40 47 18
40 43 29
40 59 59
41 49 358
41 48 245
41 58 334
41 72 259
41 85 252
41 50 239
41 65 457
41 66 350
41 59 470
41 86 108
41 49 110
41 92 6
41 92 443
42 91 50
42 48 225
42 92 98
42 87 490
42 49 156
42 62 167
42 91 79
42 71 116
42 83 194
42 82 471
43 57 205
43 67 216
43 88 263
43 52 81
43 61 430
43 98 300
43 63 279
44 74 57
44 55 467
44 92 495
44 57 223
44 89 240
44 46 392
44 46 337
44 82 190
44 62 419
44 54 485
44 97 244
44 97 14
44 74 8
44 87 342
45 71 372
45 66 422
45 76 400
45 98 200
45 51 70
45 65 182
46 53 415
46 81 346
46 89 432
46 86 389
46 73 224
46 98 235
46 82 328
46 83 493
46 97 473
46 92 283
46 58 219
46 69 189
46 51 415
46 74 297
46 71 34
46 58 419
46 90 21
47 60 212
47 84 45
47 89 105
47 85 229
47 97 185
47 99 90
47 95 248
47 66 226
47 78 57
48 58 454
48 97 435
48 64 434
48 89 28
48 58 210
48 63 177
48 82 363
48 94 360
48 96 295
48 73 129
48 91 271
49 93 373
49 53 129
49 67 467
49 60 32
49 68 475
50 55 432
50 80 33
50 99 24
50 86 167
50 88 363
50 81 209
50 52 427
51 87 307
51 67 352
51 62 467
51 79 392
51 56 476
51 79 154
51 81 448
51 78 271
51 77 406
52 90 44
52 72 230
52 59 478
52 77 138
52 61 275
52 65 239
52 67 174
52 85 375
52 61 58
53 55 133
53 68 447
53 93 273
53 73 310
53 76 17
53 86 39
53 73 399
53 64 377
54 73 454
54 88 488
54 70 466
54 85 301
54 86 49
55 82 426
55 70 20
55 75 441
55 88 351
55 98 132
55 64 43
55 69 282
55 59 328
55 98 462
55 71 310
56 65 38
56 62 11
56 85 207
56 80 287
56 76 178
57 77 189
57 65 23
57 59 90
57 75 113
57 67 52
57 62 247
57 99 183
57 83 272
57 77 338
57 63 168
57 99 247
58 71 266
58 75 241
58 75 467
58 60 337
58 72 310
58 86 357
58 87 325
58 62 367
58 62 204
58 74 483
59 93 304
59 77 275
59 91 367
59 69 346
59 73 94
59 94 336
59 61 279
59 87 457
59 72 17
59 80 88
59 61 203
59 62 438
59 85 334
59 81 435
59 78 237
60 68 467
60 73 136
60 96 264
61 70 176
61 99 189
61 73 414
61 64 285
61 71 39
62 71 427
62 68 500
62 63 368
62 88 379
62 75 248
62 66 338
63 89 413
63 88 488
63 68 153
63 80 111
63 76 348
63 81 18
63 75 129
63 71 79
63 77 465
64 70 348
64 89 44
64 82 449
64 99 29
64 80 102
64 66 98
64 96 46
64 70 328
64 68 408
65 85 256
65 83 339
65 72 147
65 72 250
65 92 9
65 95 414
65 79 36
66 74 333
66 86 168
66 82 404
66 95 78
66 75 118
66 68 292
66 69 24
67 87 294
67 75 4
67 91 102
67 99 57
67 70 261
67 68 154
67 88 149
67 80 417
67 91 137
68 89 428
68 75 83
68 72 142
68 79 337
69 70 434
69 98 239
69 91 59
70 86 153
70 96 210
70 86 268
70 88 165
70 89 369
70 94 303
70 86 58
70 97 329
71 73 126
71 91 106
71 77 421
71 84 178
71 91 446
72 92 474
72 75 327
72 82 18
72 73 253
72 75 300
72 73 189
73 77 79
73 97 175
73 88 306
73 99 121
73 93 436
73 82 375
73 80 26
73 77 367
74 84 479
74 77 285
74 82 177
74 79 28
75 83 79
75 77 404
75 97 351
75 80 10
75 82 208
76 93 78
76 78 295
76 86 195
77 96 497
77 92 311
78 92 104
78 99 321
78 80 496
78 92 376
78 87 56
79 81 13
79 88 110
80 93 134
80 94 333
80 84 322
80 98 236
80 99 374
80 90 428
81 94 250
81 88 143
81 91 281
82 84 99
82 95 474
82 86 407
83 86 424
83 88 211
84 86 434
84 97 178
84 92 103
84 93 26
84 85 9
84 96 136
85 96 392
85 97 322
85 97 82
86 96 292
86 95 73
86 94 155
86 95 112
88 93 11
88 94 357
89 97 1
89 98 301
89 94 164
90 95 374
90 93 176
90 97 291
90 92 244
91 92 219
94 96 372
94 97 496
94 99 209
95 97 376
96 99 393
96 98 110
97 99 261
