100 15 1000 1429 320
12 1
14 1
20 1
21 1
33 1
34 1
35 1
46 1
50 1
52 1
61 1
67 1
75 1
93 1
99 1
0 77 363
0 61 67
0 87 492
0 20 302
0 91 417
0 75 38
0 43 490
0 25 384
0 88 236
0 27 210
0 1 21
0 90 226
0 63 24
0 73 464
0 91 447
0 34 436
0 33 110
0 46 313
0 52 272
0 39 361
0 78 83
1 18 364
1 7 291
1 31 422
1 83 302
1 32 311
1 91 111
1 30 127
1 11 41
1 24 250
1 83 105
1 21 261
1 41 237
1 26 150
2 24 312
2 27 207
2 67 325
2 56 404
2 42 19
2 48 415
2 99 430
2 84 2
2 97 207
2 21 430
2 80 2
2 83 323
3 95 360
3 54 330
3 82 187
3 21 437
3 77 105
3 38 211
3 11 131
3 54 4
3 58 139
3 68 406
3 59 1
3 78 186
3 55 240
3 8 258
3 52 397
3 21 210
3 64 149
3 49 177
4 18 343
4 71 39
4 45 395
4 60 490
4 17 94
4 94 362
4 9 154
4 15 178
4 70 72
4 22 323
4 67 186
4 19 419
4 85 437
4 86 178
4 87 102
4 40 450
4 35 289
4 68 475
4 79 320
5 41 342
5 59 215
5 30 379
5 55 473
5 60 62
5 95 300
5 6 110
5 98 272
5 18 239
5 57 391
5 86 403
5 31 354
5 91 336
5 33 328
5 73 461
5 77 207
5 28 242
5 55 249
5 96 261
5 39 293
5 17 153
5 45 239
6 17 457
6 11 213
6 43 193
6 35 400
6 50 12
6 55 477
6 20 366
6 83 368
6 22 114
6 20 244
6 86 332
6 27 143
6 70 221
6 96 52
7 91 479
7 20 376
7 44 401
7 71 208
7 58 4
7 35 285
7 67 66
7 58 154
7 63 311
7 85 135
7 70 230
7 66 117
7 80 194
7 89 383
7 80 281
7 81 258
7 75 287
8 21 341
8 23 40
8 30 58
8 97 240
8 42 180
8 28 92
8 30 371
8 67 88
8 37 16
8 61 204
8 99 194
8 33 164
8 49 82
8 39 297
8 50 198
8 42 459
8 74 336
8 86 498
8 44 284
9 28 309
9 19 133
9 74 429
9 74 221
9 68 197
9 64 47
9 97 261
9 74 99
9 52 380
9 39 58
9 91 54
9 19 277
9 63 355
10 86 16
10 77 369
10 76 278
10 68 390
10 79 282
10 55 99
10 84 462
10 48 426
10 84 186
10 22 500
10 87 227
10 84 293
10 94 276
10 31 21
10 49 493
10 34 141
10 34 326
10 35 121
10 35 430
10 56 361
11 88 420
11 74 492
11 44 336
11 58 257
11 80 124
11 57 76
11 71 433
11 38 303
11 21 208
11 87 18
11 45 4
11 26 13
11 18 379
11 46 139
11 67 352
11 20 371
12 86 345
12 75 137
12 24 115
12 97 259
12 35 186
12 42 171
12 33 197
12 65 476
12 82 185
12 76 466
12 75 494
12 28 96
12 68 260
12 46 440
12 88 92
12 57 182
12 92 395
12 25 160
12 63 407
12 45 112
12 68 127
12 43 338
13 18 339
13 80 391
13 23 25
13 72 442
13 17 321
13 51 83
13 78 252
13 38 367
13 28 480
13 16 211
13 47 88
13 66 217
13 40 285
13 53 221
13 89 119
13 76 136
13 89 204
13 46 329
13 53 325
13 96 225
14 33 485
14 73 461
14 84 224
14 84 166
14 71 333
14 45 162
14 77 330
14 93 413
14 24 88
14 22 324
14 29 315
14 18 288
14 51 246
14 41 130
14 73 34
14 81 472
14 79 168
14 62 268
14 68 131
14 56 394
14 29 462
15 18 36
15 43 109
15 70 101
15 54 57
15 68 70
15 49 15
15 40 408
15 30 124
15 77 389
15 72 29
15 19 402
15 21 42
15 84 243
15 29 279
15 22 436
15 64 265
15 91 122
15 57 6
15 55 230
15 54 390
15 25 325
15 56 217
15 71 299
16 33 80
16 80 107
16 97 195
16 19 306
16 66 398
16 29 30
16 58 357
16 82 115
16 56 145
16 82 365
16 63 375
16 94 292
16 31 244
16 96 84
17 69 452
17 46 119
17 19 489
17 89 307
17 80 379
17 97 290
17 29 65
17 18 223
17 41 391
17 44 137
17 67 143
17 62 358
17 87 320
17 82 116
17 70 77
18 20 319
18 42 65
18 64 166
18 95 452
18 26 148
18 71 290
18 65 229
18 59 57
18 31 40
18 56 200
18 71 195
18 43 26
18 66 171
18 60 173
18 57 71
19 68 135
19 65 319
19 45 230
19 53 319
19 82 441
19 66 480
19 42 48
19 22 3
19 55 229
20 59 481
20 83 356
20 54 253
20 81 233
20 77 380
20 25 239
20 46 376
20 21 441
20 63 55
20 87 214
20 88 102
20 37 199
20 53 429
20 86 423
20 50 152
20 42 381
20 94 335
20 98 108
20 70 78
20 99 129
20 97 56
21 26 436
21 27 459
21 99 136
21 29 146
21 29 11
21 40 410
21 65 155
21 86 346
21 67 329
21 81 342
21 27 358
21 24 5
21 69 270
21 24 87
21 60 344
21 57 219
22 34 211
22 59 3
22 80 222
22 87 264
22 90 228
22 34 471
22 59 402
22 93 329
22 79 313
22 55 299
22 74 479
22 53 156
22 90 153
22 53 60
22 66 357
22 87 280
22 58 28
22 92 163
22 78 352
22 48 16
22 91 154
22 27 205
22 54 58
22 51 324
23 53 255
23 50 446
23 76 438
23 93 381
23 77 184
23 68 123
23 47 233
23 99 120
23 79 476
23 25 85
23 53 13
23 64 477
23 57 375
23 77 351
23 65 305
23 97 69
23 34 94
23 57 299
23 93 164
23 60 299
23 49 135
24 77 402
24 45 458
24 64 353
24 97 137
24 36 45
24 84 276
24 93 416
24 89 286
24 83 110
24 50 438
24 27 378
24 68 256
24 71 143
24 56 216
24 83 451
25 73 211
25 93 364
25 85 307
25 91 362
25 49 185
25 63 176
25 30 150
25 85 129
25 49 71
25 84 390
25 61 140
25 71 325
25 67 105
25 72 78
26 51 353
26 51 203
26 92 31
26 67 241
26 83 177
26 47 107
26 42 52
26 75 477
26 71 192
26 90 277
26 84 396
26 49 333
26 62 213
27 31 201
27 31 71
27 72 488
27 70 254
27 33 354
27 70 194
27 48 424
27 31 162
27 76 161
27 63 176
27 66 81
27 63 309
27 69 64
28 86 102
28 86 237
28 47 219
28 57 241
28 89 133
28 31 441
29 32 248
29 59 227
29 82 357
29 63 277
29 94 224
29 52 87
29 62 155
29 34 320
29 45 109
29 32 165
29 82 342
29 63 335
29 76 452
29 90 65
29 79 275
29 43 444
29 37 438
29 32 316
30 47 390
30 53 426
30 89 128
30 77 145
30 51 134
30 88 237
30 67 280
30 57 308
30 33 137
30 91 103
31 62 249
31 80 237
31 51 255
31 50 345
31 92 195
31 39 274
31 62 157
31 95 109
31 82 496
31 58 3
31 32 352
31 36 419
31 67 210
31 75 421
32 74 90
32 57 205
32 69 72
32 44 303
32 36 487
32 86 143
32 45 249
32 87 75
32 85 452
32 43 93
32 97 167
32 90 170
32 40 87
32 95 61
32 84 415
32 54 1
32 90 293
32 38 112
32 79 439
32 68 385
32 81 359
32 96 185
32 64 271
32 45 179
32 77 71
33 89 18
33 35 453
33 75 252
33 76 396
33 68 72
33 50 460
33 77 187
33 42 468
33 67 427
33 52 276
34 49 137
34 78 344
34 74 95
34 93 187
34 81 365
34 68 484
34 43 85
34 68 158
34 35 57
34 86 483
34 78 338
34 73 287
35 44 466
35 78 471
35 68 218
35 39 403
35 54 52
35 79 252
35 76 6
35 58 151
35 58 13
35 52 139
35 82 246
35 52 450
35 36 171
35 69 368
35 95 468
35 74 401
35 67 220
35 49 231
35 83 125
36 56 91
36 93 309
36 42 37
36 90 144
36 41 183
36 71 190
36 38 172
36 58 231
36 72 287
36 99 498
37 54 188
37 96 236
37 56 417
37 90 314
37 82 126
37 79 332
37 52 212
37 91 222
37 83 390
37 86 168
37 94 11
37 82 446
37 42 194
38 98 88
38 41 240
38 69 28
38 41 122
38 67 350
38 51 58
38 86 387
38 61 449
38 50 470
38 93 249
38 47 196
38 89 27
38 74 358
39 88 444
39 96 344
39 42 434
39 52 346
39 88 348
39 48 421
39 63 74
40 81 429
40 64 288
40 73 240
40 67 373
40 63 47
40 86 10
40 75 153
40 84 226
40 44 7
40 76 103
40 49 358
40 64 376
40 68 351
41 89 219
41 95 181
41 55 212
41 61 125
41 90 128
41 68 125
41 78 130
41 93 30
42 94 384
42 72 417
42 84 191
42 49 318
42 47 152
42 91 146
42 43 468
42 79 164
42 45 363
42 90 168
42 69 269
42 89 36
42 49 118
42 78 255
42 83 232
42 70 267
42 45 368
42 84 440
42 56 192
43 97 238
43 87 125
43 80 312
43 88 241
43 51 298
43 73 7
43 87 426
43 77 222
43 61 410
43 77 100
44 81 203
44 51 74
44 76 126
44 73 288
44 50 291
44 64 83
44 71 90
44 67 271
44 95 390
44 81 390
45 93 351
45 60 221
45 96 240
45 84 126
45 58 312
45 92 364
45 53 237
45 62 213
46 75 61
46 74 137
46 80 424
46 67 217
46 92 440
46 87 52
46 70 463
46 52 3
46 90 403
47 57 132
47 57 256
47 68 400
47 77 452
47 65 207
47 92 87
47 49 171
47 67 189
47 78 108
47 80 446
47 52 105
48 83 366
48 77 201
48 95 468
48 60 268
49 94 384
49 88 179
49 84 436
49 81 454
49 97 318
49 92 294
49 96 455
49 94 289
50 91 28
50 98 464
50 78 198
50 65 3
50 58 28
50 68 50
50 62 209
50 61 234
50 96 317
50 86 495
51 60 499
51 87 206
51 77 366
51 55 323
51 96 336
51 73 364
51 68 290
51 57 153
51 93 38
51 66 429
51 90 237
51 65 98
52 59 121
52 64 213
52 78 323
52 67 211
52 89 394
52 58 241
52 92 388
53 80 109
53 82 243
53 90 346
53 83 350
53 92 223
53 79 206
53 86 343
53 60 65
53 97 313
53 85 307
54 66 307
54 77 155
54 58 490
54 90 283
54 79 32
54 86 202
54 71 131
55 85 422
55 77 460
55 75 68
55 85 313
55 77 333
55 89 376
55 72 217
55 92 364
55 92 61
55 86 472
55 93 483
55 67 377
56 73 476
56 59 205
56 59 231
56 73 256
56 73 157
56 84 131
56 91 359
56 96 272
56 59 226
56 81 178
57 80 371
57 70 59
57 97 441
57 70 142
57 83 193
57 98 90
57 61 188
58 83 498
58 73 350
58 98 292
58 63 43
58 75 301
59 89 387
59 88 286
59 61 10
59 87 242
59 62 288
59 81 214
59 75 283
59 68 204
60 90 441
60 78 316
60 71 4
60 64 221
60 78 495
60 83 6
60 97 231
60 85 405
60 79 5
60 68 466
60 67 340
60 87 286
61 76 496
61 70 434
61 93 294
61 79 332
61 66 435
61 74 461
62 70 344
62 88 365
62 71 494
62 63 301
62 70 233
62 68 375
62 85 231
62 85 261
62 96 339
62 82 43
62 72 395
62 69 299
63 65 95
63 90 206
63 64 406
63 76 339
63 67 424
63 95 135
64 69 94
64 70 252
64 81 92
64 98 118
64 71 265
64 78 125
64 86 322
64 82 436
64 81 58
65 69 379
65 67 456
65 76 345
66 81 475
66 71 432
66 96 121
66 90 367
66 68 406
67 80 402
67 86 81
67 68 61
67 83 450
67 72 290
67 85 367
67 95 119
67 83 193
67 94 99
68 99 58
68 96 496
68 89 494
68 74 336
68 69 179
68 77 321
68 90 362
69 90 129
69 81 40
69 78 329
69 80 321
69 70 491
69 90 427
69 91 257
69 83 103
69 75 304
70 81 485
70 71 40
70 73 441
70 78 480
70 78 279
70 82 328
70 98 113
70 87 89
70 77 345
71 78 397
71 88 248
71 99 367
71 79 22
71 83 187
71 75 114
71 92 391
71 87 153
71 85 289
72 90 92
72 75 492
72 84 421
72 75 33
72 80 386
73 85 58
73 87 248
73 77 263
74 95 30
74 75 151
74 85 413
74 88 366
74 78 427
74 76 419
75 80 485
75 99 128
75 95 402
75 88 65
75 99 195
75 94 145
75 77 296
75 89 251
76 87 453
76 94 246
76 89 16
76 81 56
77 97 147
77 81 362
77 92 149
78 79 310
78 88 422
79 87 479
79 88 91
79 82 339
79 86 224
80 86 110
80 99 240
81 89 500
81 86 444
81 82 321
81 84 36
81 86 219
82 97 35
82 90 262
82 95 422
82 93 22
82 96 499
83 92 167
83 95 366
83 89 150
83 93 489
83 92 176
84 94 3
84 97 255
84 88 206
85 87 23
85 87 107
85 87 367
85 97 20
85 95 349
86 99 126
87 98 42
87 90 36
88 99 97
88 96 22
89 94 487
89 97 124
89 97 17
89 98 229
90 91 174
91 92 459
92 98 130
92 93 129
93 97 82
95 98 487
96 98 241
97 99 434
97 98 287
97 98 445
