1000
747 966
416 548
315 882
117 681
281 686
455 328
61 407
78 524
163 777
882 940
405 849
588 521
3 33
938 621
790 148
191 962
76 678
803 557
594 797
355 744
769 726
172 969
126 426
294 710
791 501
305 972
855 567
435 574
133 497
762 765
380 183
184 710
366 158
281 709
550 695
443 114
490 951
350 363
311 567
377 795
845 766
514 877
83 87
48 12
983 509
975 146
189 931
434 297
20 122
167 227
257 802
726 359
623 157
816 861
633 969
852 377
676 255
901 505
225 879
804 889
134 912
52 524
193 494
901 171
210 448
584 253
937 85
399 463
989 887
832 412
105 730
113 692
768 681
698 639
407 987
619 632
551 956
445 879
654 135
387 601
712 342
533 679
352 530
114 173
857 195
386 439
369 705
840 126
378 334
293 306
450 291
94 476
57 808
935 744
245 426
779 238
664 189
497 549
697 652
657 73
219 100
557 152
622 181
838 214
654 644
97 416
338 425
818 914
334 69
406 179
693 317
219 561
260 856
573 983
431 800
347 869
191 338
74 328
458 966
665 999
795 33
536 198
989 680
383 992
636 214
282 431
574 237
718 44
464 804
811 627
160 213
770 655
149 563
523 424
974 454
205 755
612 772
610 556
942 370
17 782
512 15
659 385
854 75
217 215
18 383
567 735
926 432
183 753
687 405
217 352
291 338
652 780
459 583
236 55
945 49
891 335
174 549
805 451
0 876
684 385
908 132
539 153
124 910
935 253
864 72
384 635
334 630
142 114
715 713
930 66
381 589
390 745
328 289
984 511
658 882
785 226
449 107
927 842
248 128
761 741
569 697
646 747
703 164
830 576
288 154
718 570
946 347
977 639
595 850
768 345
900 47
103 57
291 782
925 488
419 288
442 445
174 696
686 104
311 381
982 785
119 376
724 18
661 555
248 830
767 787
423 996
787 822
476 542
556 793
389 999
200 46
464 275
537 71
723 365
790 548
721 208
792 596
607 496
934 572
106 444
851 785
864 126
332 433
953 567
254 836
481 642
492 301
945 910
328 120
760 633
9 590
54 127
918 574
80 354
704 321
550 337
166 299
352 161
828 101
358 289
618 75
120 218
148 920
571 151
145 650
54 491
983 71
782 147
628 126
956 368
3 870
991 275
50 430
857 989
603 640
220 35
676 364
87 136
79 615
904 801
553 195
473 136
758 500
40 129
912 966
306 414
648 82
175 568
892 983
942 199
715 191
917 396
636 153
450 555
876 34
779 823
243 624
70 9
439 942
260 196
894 579
989 688
352 458
320 551
721 22
210 501
657 49
554 384
97 165
372 289
249 458
203 323
421 173
303 98
772 213
563 171
281 279
986 279
338 633
552 595
857 487
819 687
713 596
448 952
912 119
500 148
72 635
944 18
732 926
198 527
349 360
547 782
961 236
26 112
122 412
498 778
921 378
51 436
109 123
557 958
74 332
771 64
368 435
76 865
631 900
701 563
87 182
165 165
79 972
321 664
704 590
882 763
177 257
308 923
198 521
762 720
300 136
419 104
21 592
981 247
866 639
87 663
23 442
424 355
423 877
505 529
442 914
185 316
425 900
630 692
683 349
740 250
43 970
338 888
991 295
774 127
231 104
813 759
50 468
347 871
639 441
724 51
580 645
601 411
388 537
451 834
116 792
77 740
103 415
735 671
57 224
75 169
910 233
2 151
156 497
596 306
763 110
854 268
25 805
723 262
670 960
802 889
876 955
291 673
838 356
582 24
423 259
575 702
349 952
142 758
39 455
185 807
70 87
172 36
706 678
786 391
732 369
843 913
683 863
268 564
544 721
738 738
145 960
453 412
459 832
971 975
497 500
505 480
50 321
780 869
484 137
560 37
201 312
966 149
364 626
963 312
978 533
484 327
373 226
479 232
330 29
258 405
783 630
63 48
474 669
104 307
100 766
707 820
849 51
10 92
761 840
482 837
194 220
688 972
92 762
77 575
305 238
251 49
311 712
824 961
109 255
858 550
185 70
311 531
439 526
674 600
939 588
399 363
903 489
701 864
671 889
732 678
488 592
312 214
479 770
752 629
275 155
568 637
1000 432
152 562
317 649
720 851
955 266
805 545
45 34
572 982
659 987
765 188
714 437
342 746
470 273
110 877
764 790
95 293
410 380
724 935
343 317
707 999
293 447
114 975
134 138
73 171
445 907
832 350
657 302
674 503
402 931
545 788
108 900
852 159
676 935
599 121
205 753
390 697
703 382
154 293
262 701
240 335
364 395
516 515
706 494
182 864
25 252
179 472
869 409
910 273
104 732
647 307
989 995
217 473
883 526
27 136
451 240
332 621
52 495
204 102
27 130
613 899
451 862
277 601
943 983
690 800
86 338
564 206
729 992
296 785
43 408
162 979
67 810
999 963
314 607
101 763
984 462
22 29
682 354
375 674
467 319
147 597
47 690
814 625
44 890
378 7
950 578
101 155
47 100
585 211
64 98
573 383
30 646
529 576
974 797
109 390
511 661
763 860
30 537
9 400
24 808
640 776
169 712
870 2
127 870
789 72
31 670
352 499
724 813
525 266
535 156
477 69
248 168
61 968
623 248
294 506
231 45
667 618
680 549
233 688
469 483
567 419
8 817
586 475
689 593
336 895
643 871
978 869
447 435
433 422
815 364
357 458
733 124
928 53
294 370
883 110
938 196
23 622
504 419
465 198
850 986
412 758
340 66
227 623
155 929
403 906
79 949
426 306
225 784
698 789
606 962
194 334
792 521
395 371
579 752
981 192
267 5
636 140
713 675
583 978
131 84
129 681
401 651
576 550
186 863
630 33
680 439
779 325
729 805
641 768
470 808
116 659
448 70
95 24
255 290
382 22
878 200
516 617
982 32
773 972
295 34
159 175
853 307
432 991
5 64
715 480
483 442
40 484
234 52
896 422
783 818
57 77
143 906
172 740
696 701
62 609
546 417
770 592
532 438
736 809
279 708
543 314
934 885
78 13
860 374
587 756
934 949
703 811
814 765
196 8
630 26
372 898
877 52
489 217
363 626
815 804
25 15
334 51
983 496
321 690
11 507
397 111
796 748
901 460
108 916
712 155
640 269
119 655
838 4
713 377
282 113
484 145
645 852
825 289
611 803
953 556
82 889
325 565
835 955
312 863
853 392
170 452
418 346
337 79
949 934
276 157
78 515
682 349
42 600
971 181
785 297
903 13
284 153
51 875
552 425
465 945
262 154
4 128
386 335
609 515
507 325
471 404
36 139
428 329
323 158
100 196
84 740
615 226
222 914
723 239
239 834
749 554
815 452
863 58
754 106
161 126
289 537
661 422
283 750
614 142
324 261
704 338
738 271
944 119
79 123
961 541
515 694
731 765
687 669
657 390
3 590
517 616
462 449
271 555
0 603
348 452
904 520
238 755
305 84
721 753
762 267
791 549
474 163
312 779
582 493
855 570
518 872
22 970
20 931
582 975
721 416
260 407
35 645
377 573
35 117
497 539
535 224
744 535
593 935
190 758
321 927
379 958
23 122
878 459
853 989
594 214
687 467
64 973
811 796
122 822
237 747
2 64
471 444
607 102
650 324
214 944
248 614
322 517
293 879
901 547
34 802
367 226
318 358
172 114
508 80
553 799
102 884
234 293
640 189
867 736
0 124
908 52
625 592
861 161
169 968
698 416
940 248
652 782
263 302
668 986
336 230
819 707
584 718
874 666
991 510
240 942
42 937
335 182
969 756
679 961
469 675
753 792
368 134
351 424
738 458
836 271
255 168
547 705
223 422
312 285
546 535
265 4
218 904
256 813
970 664
884 642
365 89
255 24
432 913
361 192
406 88
319 394
208 40
317 670
666 728
229 640
184 876
727 514
251 495
532 394
192 381
389 988
590 628
993 54
99 428
746 492
243 436
318 67
7 961
493 250
625 459
144 980
68 430
436 137
565 284
104 566
539 86
856 742
766 834
676 101
966 505
663 540
530 74
660 921
688 602
612 426
765 875
766 188
757 485
874 12
252 764
347 988
881 253
523 932
816 906
192 41
162 537
289 294
707 250
536 846
678 871
424 302
359 151
469 746
411 232
282 298
302 696
35 818
413 710
563 465
130 343
338 610
274 371
215 395
130 634
564 533
106 231
178 354
229 902
867 860
186 27
977 956
767 795
510 846
750 96
145 678
91 371
256 585
995 166
835 685
647 17
376 54
12 479
183 922
330 129
33 705
812 518
408 432
536 878
838 906
296 583
137 193
115 656
443 405
209 546
801 952
127 428
684 647
138 357
974 45
978 88
22 913
27 940
604 424
600 456
625 671
640 434
967 539
251 901
55 826
257 645
499 534
646 657
457 118
413 913
532 342
922 830
588 57
179 984
664 189
999 47
966 677
197 607
588 183
988 33
794 985
479 152
602 391
471 609
328 57
391 752
355 640
591 793
516 759
555 836
74 698
864 163
533 395
57 384
968 952
173 408
946 157
339 182
25 474
572 265
887 553
194 833
238 929
901 359
870 544
294 876
728 775
46 450
963 617
500
13 212 4
101 758 29
18 954 100
813 415 59
36 160 58
94 913 17
63 142 97
396 13 87
779 726 11
765 308 23
324 782 47
912 382 89
640 345 16
872 570 89
540 566 91
243 120 94
280 277 4
542 5 80
50 934 9
426 36 68
16 722 61
827 450 95
186 21 18
609 231 62
532 550 56
688 209 2
124 546 90
387 236 98
318 122 98
88 546 17
47 865 51
650 194 26
365 633 35
809 3 31
440 864 68
371 363 78
107 698 35
194 791 73
267 898 10
89 145 77
524 861 7
464 690 69
709 119 23
440 831 83
579 128 69
623 915 89
366 454 44
483 201 44
714 327 99
677 579 36
979 813 39
713 883 17
82 533 100
383 440 41
1000 882 39
475 893 99
779 626 98
243 827 8
19 772 54
785 1000 80
893 132 38
639 427 30
703 170 48
266 57 43
243 311 48
595 775 42
185 495 85
887 337 80
644 103 17
275 510 35
976 771 66
38 754 100
205 412 74
594 475 58
447 536 78
815 526 35
769 925 19
635 501 6
822 72 72
764 477 84
392 736 19
24 851 21
861 217 45
899 311 32
34 522 48
473 35 22
723 566 4
756 712 59
589 817 65
336 253 64
426 757 76
158 685 65
461 632 55
971 687 56
540 800 72
74 694 41
620 404 61
47 116 21
569 167 75
378 572 97
671 402 14
860 344 59
729 186 82
671 114 42
459 367 94
748 987 86
531 342 78
490 121 65
361 896 39
469 872 26
229 589 100
456 767 72
809 819 100
559 513 54
266 17 20
284 386 81
877 510 40
730 590 13
318 162 98
247 658 59
731 460 39
171 619 89
303 732 70
894 841 9
75 410 16
451 470 32
533 710 3
692 245 92
143 166 96
288 910 53
414 772 20
449 457 2
276 104 49
974 730 11
249 173 45
433 953 56
753 706 33
422 911 94
15 452 45
1 656 90
20 422 15
749 560 46
141 429 13
587 663 71
81 828 51
952 166 30
868 10 69
737 728 84
27 11 55
833 645 88
690 414 24
725 793 19
324 405 21
509 951 49
11 540 35
706 119 43
916 78 33
165 728 62
784 955 24
952 548 7
990 964 90
739 55 18
401 665 54
862 850 13
221 483 21
6 803 88
687 762 84
761 822 90
72 159 18
137 902 29
29 187 29
645 879 36
37 509 19
139 178 7
899 809 35
676 352 41
482 439 34
621 455 55
983 446 97
79 389 62
134 934 18
22 994 69
260 585 57
737 688 100
86 940 27
821 654 95
224 284 21
902 881 83
911 292 51
992 553 70
747 453 94
62 107 15
606 599 99
374 9 15
512 551 97
223 869 66
741 731 17
559 654 38
65 551 88
16 598 7
555 968 29
122 463 86
876 114 88
333 591 78
107 480 42
662 873 88
269 460 66
488 620 72
511 479 39
536 133 3
762 187 73
224 509 49
10 749 83
534 319 47
658 591 76
692 2 89
51 89 99
552 831 2
684 958 32
436 734 76
214 361 73
732 329 45
249 787 4
893 503 68
190 751 76
61 66 58
867 317 13
435 120 49
170 71 86
395 329 18
169 4 15
79 465 54
310 42 26
674 98 64
208 883 40
420 4 79
830 747 39
247 903 28
423 527 80
726 643 13
339 766 10
818 505 33
260 64 24
186 859 91
384 858 37
343 782 38
778 348 15
189 917 84
833 204 24
299 84 7
537 325 90
247 143 31
239 691 15
729 990 23
158 863 42
131 499 29
85 54 60
437 94 71
545 491 36
566 467 6
778 873 74
106 21 19
299 128 17
720 829 21
214 188 74
47 837 87
396 649 95
790 978 15
690 673 29
305 907 17
624 656 6
251 252 70
186 265 21
945 642 80
187 692 28
835 618 19
588 716 44
567 671 80
351 281 19
934 246 79
465 998 7
746 731 67
172 549 64
684 848 64
178 969 28
135 327 50
576 760 58
21 858 79
707 983 82
768 369 97
360 211 61
931 279 31
912 428 52
498 362 2
722 885 22
723 625 54
715 640 50
366 491 24
714 209 23
159 2 36
458 259 15
155 878 61
383 653 16
398 748 58
383 438 14
770 14 50
803 273 54
370 238 35
781 952 32
646 709 6
258 76 60
387 713 49
290 788 22
928 192 92
882 916 45
980 475 51
56 381 61
91 938 38
195 655 91
559 514 65
122 258 45
268 39 60
988 320 11
815 733 22
338 755 81
705 128 34
806 149 15
321 339 80
654 378 76
415 544 55
60 781 71
845 727 60
158 476 95
306 283 8
472 636 22
45 766 50
220 394 40
529 975 64
289 434 35
625 762 72
578 252 1
720 109 69
649 711 100
160 274 89
256 181 98
545 562 42
845 405 33
302 761 89
872 802 15
498 50 100
161 994 60
274 255 93
969 273 95
823 518 73
210 965 23
880 46 26
361 722 41
996 979 21
635 216 70
814 290 60
678 566 31
964 120 33
464 468 30
56 176 14
73 905 59
870 513 27
31 857 8
608 593 68
164 345 9
784 953 7
850 585 56
745 873 21
962 975 94
248 670 8
621 655 64
193 519 42
501 97 15
244 660 98
909 236 78
464 587 42
928 849 68
468 885 77
53 393 84
739 374 31
900 587 55
899 673 54
231 14 35
945 348 98
868 804 2
565 190 29
292 697 40
784 387 93
87 209 23
407 310 57
140 896 36
123 590 51
675 112 54
110 982 45
334 300 68
775 967 15
883 929 18
466 86 1
569 214 36
539 571 4
128 266 62
867 59 1
29 4 15
261 840 52
705 520 29
203 843 70
35 349 89
993 671 58
715 464 23
835 668 17
732 900 13
1000 871 92
511 478 89
87 614 94
401 400 47
735 1 14
151 808 63
526 930 30
989 275 97
615 560 91
814 879 53
894 375 14
413 16 39
262 240 66
748 129 100
784 76 16
672 266 95
542 535 10
36 569 77
137 129 45
974 321 18
139 919 43
342 227 70
782 290 12
785 412 7
831 147 90
875 605 27
617 795 84
505 584 61
81 71 28
294 840 29
14 213 77
510 150 88
39 349 88
756 939 74
470 481 68
740 524 95
597 936 41
246 778 47
23 692 32
587 323 45
403 801 65
325 151 63
149 815 39
200 89 2
495 264 96
263 753 93
999 175 38
945 491 82
350 704 66
574 918 95
974 812 36
785 611 85
238 587 31
715 410 26
580 458 80
963 348 40
496 916 86
691 305 88
645 249 64
391 597 66
228 860 99
771 962 29
109 464 25
217 342 21
333 216 36
957 225 54
75 119 32
605 865 54
378 449 8
406 634 13
580 147 33
617 544 46
458 561 12
142 125 78
611 816 79
538 165 29
229 56 45
14 114 69
88 483 85
833 719 76
39 76 89
886 223 3
250 559 28
921 77 22
375 837 94
