1000
549 340
949 478
60 731
879 508
551 508
249 856
66 165
110 340
184 986
463 589
574 891
717 618
409 705
461 14
460 505
175 276
421 34
697 407
599 925
69 960
809 805
415 937
279 92
991 331
224 243
129 234
300 858
975 906
409 208
88 618
558 371
199 471
76 345
168 967
552 743
412 216
784 416
520 823
785 686
640 739
522 249
709 377
764 190
736 435
686 937
501 97
402 513
160 881
514 332
52 48
821 232
70 882
652 554
732 58
818 486
200 730
46 98
143 519
694 606
899 996
952 257
207 932
739 500
395 887
983 702
879 856
917 78
860 934
389 571
452 536
490 234
913 941
131 488
552 556
112 135
355 777
396 851
821 543
777 424
1 566
224 779
463 678
114 6
366 180
934 193
500 883
243 463
155 283
77 381
602 415
999 739
604 924
60 289
564 511
43 458
205 590
604 340
926 481
890 806
548 534
730 592
643 149
511 134
541 807
846 840
199 581
879 720
943 67
788 678
356 34
6 850
51 318
616 700
567 148
224 708
643 43
177 474
989 275
451 393
543 210
546 108
299 456
322 839
15 439
780 979
899 4
982 943
405 327
490 595
21 913
42 121
565 887
769 354
993 684
767 236
380 296
409 305
78 432
240 674
31 674
116 943
667 651
46 512
515 69
709 26
86 6
601 499
59 904
730 233
345 786
373 944
567 311
566 416
451 523
579 489
869 1000
945 583
461 76
0 159
429 314
657 483
658 780
213 243
402 629
204 721
790 348
251 188
348 666
230 480
619 64
903 327
97 210
183 677
919 100
361 859
112 413
500 861
975 537
295 809
500 371
790 210
100 290
771 474
287 247
77 900
91 383
282 521
601 118
41 217
482 815
687 943
642 977
709 619
678 874
226 412
756 749
425 793
104 902
697 33
709 596
540 610
161 476
605 203
621 424
12 112
183 928
132 417
48 625
960 856
634 702
911 914
990 930
273 989
226 874
496 878
346 582
159 245
499 231
786 303
927 790
471 978
52 446
319 221
475 463
353 951
21 994
583 889
665 206
736 640
75 409
608 589
412 482
75 225
380 914
550 410
111 141
749 712
44 655
255 216
801 965
750 780
610 159
557 929
51 187
376 730
530 711
59 549
845 632
490 313
664 664
784 475
842 73
645 237
382 941
911 680
368 667
749 877
721 467
464 809
628 390
985 500
520 247
933 753
283 974
495 755
904 58
121 487
344 900
265 758
818 201
842 847
509 592
332 190
317 665
607 797
618 869
922 268
301 103
433 263
702 891
406 577
6 33
243 878
765 835
393 618
561 312
957 509
430 922
427 504
273 313
241 505
971 599
803 254
873 475
897 274
116 382
498 363
389 132
597 698
596 810
633 308
43 531
942 635
297 1000
225 239
959 993
553 438
183 151
966 765
680 130
452 280
614 856
979 284
335 639
207 945
699 468
700 892
405 195
285 375
624 295
398 957
773 636
747 731
594 626
763 988
121 856
649 967
709 738
759 19
112 577
264 103
531 851
943 661
797 618
764 851
349 368
27 767
996 330
773 119
701 892
942 757
616 975
101 271
946 478
583 808
705 554
618 697
206 938
500 795
968 877
632 554
745 830
3 823
684 791
288 441
310 255
600 974
604 603
30 259
840 750
645 420
151 56
840 228
327 265
224 934
291 146
494 994
122 835
398 303
82 539
258 537
950 627
1 644
297 339
489 95
265 214
552 221
407 522
370 102
475 699
661 607
447 858
997 306
439 463
958 264
155 408
77 635
603 570
342 688
558 287
9 362
120 669
723 670
744 260
671 91
163 237
195 11
157 373
126 849
953 393
191 52
635 967
783 167
265 891
728 551
825 65
849 28
549 816
842 548
9 109
883 382
401 252
810 845
706 869
679 303
905 531
306 771
288 974
584 889
828 981
677 987
342 972
759 685
108 278
864 118
74 2
777 676
889 40
464 859
453 952
318 945
394 279
480 649
221 408
722 585
613 704
165 282
501 293
205 569
559 258
414 869
348 594
193 305
959 679
197 600
961 569
400 69
433 396
914 463
693 349
279 575
475 956
81 599
608 345
342 189
51 661
352 490
219 151
689 16
210 770
643 398
110 633
789 14
581 202
497 988
516 784
890 393
728 522
41 869
988 744
351 499
128 16
163 236
877 237
523 651
658 760
332 69
932 195
497 29
528 567
26 689
342 566
425 766
33 944
384 643
793 231
786 39
86 921
221 397
854 453
960 970
592 87
819 859
503 751
133 911
372 46
830 323
693 478
120 258
551 189
393 631
953 697
129 693
946 644
208 646
925 500
415 493
112 581
585 238
719 851
196 383
249 990
801 334
961 669
518 702
756 27
133 163
805 950
634 473
841 711
837 148
987 797
43 891
348 423
627 891
159 713
221 536
970 527
75 905
940 828
225 56
746 199
284 362
983 157
849 346
529 851
202 538
574 168
307 268
427 872
485 215
148 547
490 800
320 440
392 646
724 479
74 127
335 478
925 795
924 824
472 318
28 946
879 643
284 244
531 640
963 690
406 542
449 413
149 770
677 132
160 968
213 822
319 536
520 909
499 30
867 460
756 970
705 818
761 534
703 807
988 731
542 334
702 222
646 979
193 51
911 132
404 830
279 647
491 487
767 230
282 859
440 422
185 200
183 157
181 272
204 438
738 232
520 148
118 959
669 688
120 38
601 388
237 15
571 430
862 643
153 906
132 45
215 212
471 715
87 47
14 362
365 868
772 805
362 217
449 55
152 253
216 245
113 131
4 26
659 627
649 632
809 186
867 486
858 144
4 675
180 719
548 273
726 748
838 438
690 954
621 574
143 354
512 57
537 593
971 255
675 347
458 353
374 318
0 610
576 789
806 137
928 320
528 284
19 259
451 31
448 824
754 465
993 956
974 931
16 775
61 999
81 978
164 507
364 261
212 163
1 930
291 936
235 125
14 651
963 366
788 628
145 288
369 437
331 788
949 244
753 694
343 234
786 553
706 762
854 177
196 550
439 944
899 865
237 98
429 692
521 656
430 627
38 106
663 740
766 112
855 306
163 8
33 510
27 679
362 177
37 812
344 731
964 529
378 411
166 923
77 354
734 406
616 31
904 887
489 242
383 946
734 347
298 786
123 729
310 968
871 110
337 958
975 775
405 831
529 168
6 987
892 675
246 800
955 574
296 360
597 786
356 671
972 128
752 539
702 86
120 853
209 52
50 153
315 767
686 658
823 444
352 778
491 104
157 694
843 517
446 374
447 249
315 787
723 227
988 153
317 163
978 335
997 155
42 539
37 424
254 145
861 427
414 801
804 430
729 437
451 497
750 677
765 417
432 737
592 216
327 810
486 17
12 680
763 616
152 121
883 834
178 851
177 418
257 889
702 468
903 506
785 46
837 806
483 477
169 965
253 525
917 637
793 428
190 137
954 685
326 673
513 112
368 615
236 364
134 801
423 752
406 39
68 169
479 751
487 354
959 854
243 370
663 60
336 294
57 470
866 301
774 23
872 592
486 602
339 119
280 53
311 61
941 416
213 700
801 680
945 478
695 875
331 557
725 988
70 815
520 962
534 203
93 207
694 320
824 801
205 987
704 465
670 12
947 411
943 551
763 142
492 984
67 81
652 423
169 657
40 247
940 103
450 36
526 5
605 400
307 100
103 95
498 435
970 112
906 732
510 53
565 692
679 593
134 361
951 877
813 147
361 857
108 262
937 934
843 471
970 825
928 476
96 902
554 591
91 245
849 739
92 563
668 346
985 225
209 515
88 591
436 316
845 493
8 833
91 571
710 585
657 399
844 55
230 565
686 534
844 546
245 765
669 619
907 241
384 96
645 952
891 843
781 708
605 490
327 344
668 153
58 889
160 574
119 818
971 366
920 308
644 878
210 7
216 350
803 909
175 878
344 926
484 308
508 123
568 927
325 101
346 527
643 990
82 353
102 36
496 959
531 493
50 561
104 489
976 248
669 115
590 373
861 612
383 954
521 768
355 576
665 680
921 681
252 465
666 5
683 788
708 447
670 783
546 241
587 377
155 692
93 28
901 419
870 71
642 236
767 560
139 236
256 129
975 836
998 369
884 758
2 758
539 61
743 449
682 242
426 902
999 664
984 971
874 249
443 956
327 146
831 564
521 163
718 354
942 728
117 225
982 470
259 992
160 893
236 422
780 213
970 9
453 237
309 970
309 490
382 273
309 449
857 21
78 89
219 647
766 706
167 194
680 605
390 718
132 390
926 147
441 455
311 460
321 86
177 575
65 793
71 944
761 334
51 238
700 959
663 132
729 274
788 953
467 507
740 843
432 527
1000 423
601 88
454 300
580 756
313 793
79 715
893 459
239 469
650 822
488 3
124 736
352 804
948 241
982 418
267 587
317 72
121 74
643 260
577 250
956 329
144 697
257 601
790 704
646 57
932 841
143 420
682 414
799 184
65 511
886 92
827 912
593 310
739 636
442 428
650 391
102 671
444 228
705 981
790 112
693 418
937 946
573 141
1 961
952 218
180 848
876 463
401 147
846 717
203 484
500
34 247 23
785 552 89
368 892 23
481 541 77
831 293 19
629 784 64
992 711 46
633 693 14
423 187 75
175 977 86
241 473 61
736 156 62
382 30 89
522 258 32
49 868 9
663 233 84
564 469 61
63 672 56
573 873 47
459 172 19
553 680 8
678 550 57
839 490 90
753 33 37
296 266 70
992 534 96
821 651 66
250 41 96
801 6 22
43 988 41
67 17 3
212 560 35
849 76 94
631 952 61
997 17 13
942 410 96
415 8 24
196 387 19
395 209 77
317 677 39
107 891 74
119 672 74
891 561 23
943 285 42
583 411 13
226 389 52
678 348 5
136 939 85
116 289 94
752 69 68
695 712 25
925 382 96
498 103 95
526 956 59
218 601 37
191 189 48
668 109 57
999 685 45
98 322 45
514 163 47
458 949 79
315 1 79
864 383 87
125 834 9
877 436 46
840 446 25
326 500 68
19 208 52
773 972 30
22 256 68
188 604 24
182 412 83
155 198 75
567 353 76
855 961 50
569 780 1
889 480 73
355 64 13
933 1000 9
430 999 28
842 974 55
335 189 9
463 814 94
119 885 25
468 77 61
451 669 65
89 318 16
361 939 70
188 692 52
455 0 36
329 161 86
924 634 78
52 43 65
252 18 72
953 44 71
136 851 66
883 412 13
412 408 34
54 268 47
864 610 60
968 20 95
962 735 100
62 829 78
257 949 98
567 611 76
24 837 6
747 763 48
984 534 94
681 639 55
301 676 16
486 258 40
720 354 11
1000 242 45
941 325 38
685 280 70
681 321 43
175 228 72
556 745 53
67 503 46
572 574 27
848 474 2
917 803 25
293 17 92
638 763 44
220 630 89
292 940 47
348 911 60
848 568 97
422 838 96
308 194 65
610 923 1
166 222 39
3 119 18
549 344 16
763 531 70
381 175 42
46 573 15
469 552 70
127 572 69
53 786 11
766 366 19
468 32 12
642 1 32
519 490 37
93 390 22
209 606 60
839 945 10
270 874 25
501 886 99
45 137 75
23 590 54
264 544 89
308 827 20
17 951 5
517 534 38
336 446 27
233 988 29
693 966 88
98 986 6
954 235 54
21 756 14
296 648 74
146 538 77
740 505 19
889 806 52
825 882 59
1 61 41
220 457 50
108 363 93
427 143 25
973 625 6
912 824 38
792 111 16
555 872 92
173 876 71
644 57 69
526 90 68
443 510 90
918 660 31
811 201 26
0 660 37
13 983 68
593 587 2
599 832 14
619 160 90
745 196 96
317 874 88
926 361 88
124 130 13
481 536 48
450 764 24
210 992 13
529 829 17
801 303 51
841 530 33
793 907 58
980 253 68
625 33 76
387 58 14
349 281 45
659 598 79
566 824 82
690 625 23
180 352 11
126 434 48
866 447 98
132 457 61
739 85 1
20 984 55
288 519 62
660 261 96
504 596 2
440 179 15
562 912 89
929 389 32
289 525 95
144 89 30
534 914 14
332 693 75
578 901 69
727 60 83
128 453 83
543 951 87
889 211 85
407 374 89
787 253 82
117 817 9
179 100 11
708 111 59
838 925 60
622 61 67
790 532 12
504 545 58
976 267 68
477 850 60
506 330 34
703 317 44
141 893 9
928 490 50
693 284 75
704 550 81
183 473 11
30 58 77
402 686 45
331 669 95
20 804 52
100 92 47
455 253 39
915 593 55
778 554 17
648 230 15
928 577 97
997 417 91
853 291 93
444 847 35
898 399 26
317 114 61
760 561 1
855 36 11
44 751 48
198 757 64
858 44 16
772 49 57
804 588 41
193 490 69
416 272 75
623 250 41
444 510 97
162 160 54
626 419 61
97 98 72
232 844 6
199 442 10
202 42 34
570 812 55
887 919 16
497 5 27
166 700 22
137 469 55
66 154 37
613 460 24
511 503 96
957 518 3
238 19 41
44 273 27
32 183 92
597 446 87
58 578 62
605 999 72
843 615 88
184 945 50
977 515 24
470 173 23
510 835 62
176 812 28
45 364 30
462 309 11
731 553 7
621 220 81
951 160 41
537 779 84
219 945 92
180 954 33
658 957 28
808 844 22
502 749 71
403 362 76
490 280 14
411 391 65
929 211 32
176 149 30
894 620 89
920 74 16
422 917 38
92 496 61
714 713 26
567 239 2
498 863 18
837 802 83
879 775 52
175 192 82
751 946 27
684 732 24
296 448 13
823 696 55
168 298 50
345 998 13
883 899 42
582 381 69
717 542 19
181 113 8
787 345 16
729 91 20
238 86 70
371 404 62
99 502 77
461 322 70
20 419 42
887 43 7
256 166 87
266 694 80
959 68 6
492 802 88
787 261 67
61 948 63
788 95 39
59 785 98
620 291 75
401 957 30
105 851 69
536 769 82
635 908 50
497 968 7
979 392 86
150 759 25
893 852 47
433 363 6
701 974 2
21 150 36
969 83 35
520 76 94
76 123 64
849 430 83
260 882 1
39 311 86
232 324 6
841 290 66
948 498 62
429 241 89
212 252 28
735 577 27
746 680 75
543 472 4
548 0 3
646 905 11
271 718 90
177 468 96
97 847 6
516 945 75
410 38 5
938 413 65
615 664 40
576 735 27
56 756 52
902 906 96
158 421 52
179 492 1
505 838 70
285 985 81
526 515 2
394 763 76
627 22 41
180 97 91
374 500 59
728 918 34
376 225 30
810 922 26
98 220 37
552 382 84
492 17 98
935 751 19
310 567 91
860 251 48
266 1000 88
345 836 85
685 197 95
762 555 57
612 195 10
990 646 82
991 63 51
373 736 65
60 454 28
657 76 24
108 416 3
711 821 55
622 277 99
368 633 37
704 882 18
976 295 37
1 291 39
83 207 53
653 705 1
769 891 27
772 910 23
580 383 39
645 292 6
237 900 51
125 795 41
724 419 10
308 492 50
249 513 84
119 178 80
827 759 13
924 41 78
26 592 4
705 620 59
690 316 65
550 56 75
740 223 20
550 747 96
281 812 56
914 652 15
470 721 55
45 365 99
361 15 19
13 90 35
611 359 37
154 647 45
343 26 1
420 3 44
519 951 92
642 200 29
729 176 17
582 783 84
261 226 60
376 30 40
561 568 37
373 189 33
802 507 36
987 707 50
330 530 6
385 153 18
101 992 25
787 201 100
577 991 1
785 871 32
843 486 38
367 59 14
893 577 11
254 82 4
319 268 88
805 739 26
889 657 22
597 414 82
668 644 19
957 94 60
86 266 30
945 42 2
580 787 92
268 752 51
133 32 87
947 671 72
900 842 90
438 348 35
67 73 82
631 843 78
528 788 30
946 878 68
641 174 16
836 474 8
332 635 20
210 722 27
535 348 91
239 618 49
208 542 61
723 766 95
752 447 42
139 422 27
984 283 74
909 853 78
