100
1 18
19 8
1 6
5 22
17 4
11 3
14 1
19 7
0 15
2 21
19 19
11 1
12 2
16 23
5 3
13 3
4 2
11 2
17 21
9 1
15 3
12 24
20 15
5 23
7 3
4 23
13 24
14 3
17 5
2 20
3 4
15 2
6 3
8 24
8 23
8 1
6 2
16 22
15 4
20 14
15 22
10 24
15 23
7 24
4 4
10 25
16 4
9 2
2 4
11 24
9 24
18 5
13 23
10 2
20 12
6 1
1 7
14 2
5 4
10 1
6 23
14 24
1 8
12 23
3 3
3 21
6 24
19 18
0 14
2 6
3 22
20 11
18 21
7 23
5 2
2 5
11 23
16 3
9 3
12 1
13 1
0 10
4 22
4 3
7 1
13 2
8 3
18 6
10 0
0 12
7 2
1 19
17 22
8 2
9 23
0 11
14 23
18 20
12 3
3 5
121
15 18 10
14 18 10
15 17 10
15 19 10
16 18 10
14 17 10
14 19 10
16 17 10
16 19 10
13 18 10
15 16 10
15 20 10
17 18 10
13 17 10
13 19 10
14 16 10
14 20 10
16 16 10
16 20 10
17 17 10
17 19 10
13 16 10
13 20 10
17 16 10
17 20 10
12 18 10
15 15 10
15 21 10
18 18 10
12 17 10
12 19 10
14 15 10
14 21 10
16 15 10
16 21 10
18 17 10
18 19 10
12 16 10
12 20 10
13 15 10
13 21 10
17 15 10
17 21 10
18 16 10
18 20 10
11 18 10
15 14 10
15 22 10
19 18 10
11 17 10
11 19 10
14 14 10
14 22 10
16 14 10
16 22 10
19 17 10
19 19 10
12 15 10
12 21 10
18 15 10
18 21 10
11 16 10
11 20 10
13 14 10
13 22 10
17 14 10
17 22 10
19 16 10
19 20 10
10 18 10
11 15 10
11 21 10
12 14 10
12 22 10
15 13 10
15 23 10
18 14 10
18 22 10
19 15 10
19 21 10
20 18 10
10 17 10
10 19 10
14 13 10
14 23 10
16 13 10
16 23 10
20 17 10
20 19 10
10 16 10
10 20 10
13 13 10
13 23 10
17 13 10
17 23 10
20 16 10
20 20 10
11 14 10
11 22 10
19 14 10
19 22 10
10 15 10
10 21 10
12 13 10
12 23 10
18 13 10
18 23 10
20 15 10
20 21 10
10 14 10
10 22 10
11 13 10
11 23 10
19 13 10
19 23 10
20 14 10
20 22 10
10 13 10
10 23 10
20 13 10
20 23 10
