1000
2 1 2
2 3 4
2 5 6
2 7 8
2 9 10
2 11 12
2 13 14
2 15 16
2 17 18
2 19 20
2 21 22
2 23 24
2 25 26
2 27 28
2 29 30
2 31 32
2 33 34
2 35 36
2 37 38
2 39 40
2 41 42
2 43 44
2 45 46
2 47 48
2 49 50
2 51 52
2 53 54
2 55 56
2 57 58
2 59 60
2 61 62
2 63 64
2 65 66
2 67 68
2 69 70
2 71 72
2 73 74
2 75 76
2 77 78
2 79 80
2 81 82
2 83 84
2 85 86
2 87 88
2 89 90
2 91 92
2 93 94
2 95 96
2 97 98
2 99 100
2 101 102
2 103 104
2 105 106
2 107 108
2 109 110
2 111 112
2 113 114
2 115 116
2 117 118
2 119 120
2 121 122
2 123 124
2 125 126
2 127 128
2 129 130
2 131 132
2 133 134
2 135 136
2 137 138
2 139 140
2 141 142
2 143 144
2 145 146
2 147 148
2 149 150
2 151 152
2 153 154
2 155 156
2 157 158
2 159 160
2 161 162
2 163 164
2 165 166
2 167 168
2 169 170
2 171 172
2 173 174
2 175 176
2 177 178
2 179 180
2 181 182
2 183 184
2 185 186
2 187 188
2 189 190
2 191 192
2 193 194
2 195 196
2 197 198
2 199 200
2 201 202
2 203 204
2 205 206
2 207 208
2 209 210
2 211 212
2 213 214
2 215 216
2 217 218
2 219 220
2 221 222
2 223 224
2 225 226
2 227 228
2 229 230
2 231 232
2 233 234
2 235 236
2 237 238
2 239 240
2 241 242
2 243 244
2 245 246
2 247 248
2 249 250
2 251 252
2 253 254
2 255 256
2 257 258
2 259 260
2 261 262
2 263 264
2 265 266
2 267 268
2 269 270
2 271 272
2 273 274
2 275 276
2 277 278
2 279 280
2 281 282
2 283 284
2 285 286
2 287 288
2 289 290
2 291 292
2 293 294
2 295 296
2 297 298
2 299 300
2 301 302
2 303 304
2 305 306
2 307 308
2 309 310
2 311 312
2 313 314
2 315 316
2 317 318
2 319 320
2 321 322
2 323 324
2 325 326
2 327 328
2 329 330
2 331 332
2 333 334
2 335 336
2 337 338
2 339 340
2 341 342
2 343 344
2 345 346
2 347 348
2 349 350
2 351 352
2 353 354
2 355 356
2 357 358
2 359 360
2 361 362
2 363 364
2 365 366
2 367 368
2 369 370
2 371 372
2 373 374
2 375 376
2 377 378
2 379 380
2 381 382
2 383 384
2 385 386
2 387 388
2 389 390
2 391 392
2 393 394
2 395 396
2 397 398
2 399 400
2 401 402
2 403 404
2 405 406
2 407 408
2 409 410
2 411 412
2 413 414
2 415 416
2 417 418
2 419 420
2 421 422
2 423 424
2 425 426
2 427 428
2 429 430
2 431 432
2 433 434
2 435 436
2 437 438
2 439 440
2 441 442
2 443 444
2 445 446
2 447 448
2 449 450
2 451 452
2 453 454
2 455 456
2 457 458
2 459 460
2 461 462
2 463 464
2 465 466
2 467 468
2 469 470
2 471 472
2 473 474
2 475 476
2 477 478
2 479 480
2 481 482
2 483 484
2 485 486
2 487 488
2 489 490
2 491 492
2 493 494
2 495 496
2 497 498
2 499 500
2 501 502
2 503 504
2 505 506
2 507 508
2 509 510
2 511 512
2 513 514
2 515 516
2 517 518
2 519 520
2 521 522
2 523 524
2 525 526
2 527 528
2 529 530
2 531 532
2 533 534
2 535 536
2 537 538
2 539 540
2 541 542
2 543 544
2 545 546
2 547 548
2 549 550
2 551 552
2 553 554
2 555 556
2 557 558
2 559 560
2 561 562
2 563 564
2 565 566
2 567 568
2 569 570
2 571 572
2 573 574
2 575 576
2 577 578
2 579 580
2 581 582
2 583 584
2 585 586
2 587 588
2 589 590
2 591 592
2 593 594
2 595 596
2 597 598
2 599 600
2 601 602
2 603 604
2 605 606
2 607 608
2 609 610
2 611 612
2 613 614
2 615 616
2 617 618
2 619 620
2 621 622
2 623 624
2 625 626
2 627 628
2 629 630
2 631 632
2 633 634
2 635 636
2 637 638
2 639 640
2 641 642
2 643 644
2 645 646
2 647 648
2 649 650
2 651 652
2 653 654
2 655 656
2 657 658
2 659 660
2 661 662
2 663 664
2 665 666
2 667 668
2 669 670
2 671 672
2 673 674
2 675 676
2 677 678
2 679 680
2 681 682
2 683 684
2 685 686
2 687 688
2 689 690
2 691 692
2 693 694
2 695 696
2 697 698
2 699 700
2 701 702
2 703 704
2 705 706
2 707 708
2 709 710
2 711 712
2 713 714
2 715 716
2 717 718
2 719 720
2 721 722
2 723 724
2 725 726
2 727 728
2 729 730
2 731 732
2 733 734
2 735 736
2 737 738
2 739 740
2 741 742
2 743 744
2 745 746
2 747 748
2 749 750
2 751 752
2 753 754
2 755 756
2 757 758
2 759 760
2 761 762
2 763 764
2 765 766
2 767 768
2 769 770
2 771 772
2 773 774
2 775 776
2 777 778
2 779 780
2 781 782
2 783 784
2 785 786
2 787 788
2 789 790
2 791 792
2 793 794
2 795 796
2 797 798
2 799 800
2 801 802
2 803 804
2 805 806
2 807 808
2 809 810
2 811 812
2 813 814
2 815 816
2 817 818
2 819 820
2 821 822
2 823 824
2 825 826
2 827 828
2 829 830
2 831 832
2 833 834
2 835 836
2 837 838
2 839 840
2 841 842
2 843 844
2 845 846
2 847 848
2 849 850
2 851 852
2 853 854
2 855 856
2 857 858
2 859 860
2 861 862
2 863 864
2 865 866
2 867 868
2 869 870
2 871 872
2 873 874
2 875 876
2 877 878
2 879 880
2 881 882
2 883 884
2 885 886
2 887 888
2 889 890
2 891 892
2 893 894
2 895 896
2 897 898
2 899 900
2 901 902
2 903 904
2 905 906
2 907 908
2 909 910
2 911 912
2 913 914
2 915 916
2 917 918
2 919 920
2 921 922
2 923 924
2 925 926
2 927 928
2 929 930
2 931 932
2 933 934
2 935 936
2 937 938
2 939 940
2 941 942
2 943 944
2 945 946
2 947 948
2 949 950
2 951 952
2 953 954
2 955 956
2 957 958
2 959 960
2 961 962
2 963 964
2 965 966
2 967 968
2 969 970
2 971 972
2 973 974
2 975 976
2 977 978
2 979 980
2 981 982
2 983 984
2 985 986
2 987 988
2 989 990
2 991 992
2 993 994
2 995 996
2 997 998
1 999
0
0
0
0
0
0
0
0
0
0
0
0
0
0
0
0
0
0
0
0
0
0
0
0
0
0
0
0
0
0
0
0
0
0
0
0
0
0
0
0
0
0
0
0
0
0
0
0
0
0
0
0
0
0
0
0
0
0
0
0
0
0
0
0
0
0
0
0
0
0
0
0
0
0
0
0
0
0
0
0
0
0
0
0
0
0
0
0
0
0
0
0
0
0
0
0
0
0
0
0
0
0
0
0
0
0
0
0
0
0
0
0
0
0
0
0
0
0
0
0
0
0
0
0
0
0
0
0
0
0
0
0
0
0
0
0
0
0
0
0
0
0
0
0
0
0
0
0
0
0
0
0
0
0
0
0
0
0
0
0
0
0
0
0
0
0
0
0
0
0
0
0
0
0
0
0
0
0
0
0
0
0
0
0
0
0
0
0
0
0
0
0
0
0
0
0
0
0
0
0
0
0
0
0
0
0
0
0
0
0
0
0
0
0
0
0
0
0
0
0
0
0
0
0
0
0
0
0
0
0
0
0
0
0
0
0
0
0
0
0
0
0
0
0
0
0
0
0
0
0
0
0
0
0
0
0
0
0
0
0
0
0
0
0
0
0
0
0
0
0
0
0
0
0
0
0
0
0
0
0
0
0
0
0
0
0
0
0
0
0
0
0
0
0
0
0
0
0
0
0
0
0
0
0
0
0
0
0
0
0
0
0
0
0
0
0
0
0
0
0
0
0
0
0
0
0
0
0
0
0
0
0
0
0
0
0
0
0
0
0
0
0
0
0
0
0
0
0
0
0
0
0
0
0
0
0
0
0
0
0
0
0
0
0
0
0
0
0
0
0
0
0
0
0
0
0
0
0
0
0
0
0
0
0
0
0
0
0
0
0
0
0
0
0
0
0
0
0
0
0
0
0
0
0
0
0
0
0
0
0
0
0
0
0
0
0
0
0
0
0
0
0
0
0
0
0
0
0
0
0
0
0
0
0
0
0
0
0
0
0
0
0
0
0
0
0
0
0
0
0
0
0
0
0
0
0
0
0
0
0
0
0
0
0
0
0
0
0
0
0
0
0
0
0
0
0
0
0
0
0
0
0
0
0
0
0
0
0
0
0
0
0
0
0
0
0
0
0
0
0
