512
9 1 2 4 8 16 32 64 128 256
8 3 5 9 17 33 65 129 257
8 3 6 10 18 34 66 130 258
7 7 11 19 35 67 131 259
8 5 6 12 20 36 68 132 260
7 7 13 21 37 69 133 261
7 7 14 22 38 70 134 262
6 15 23 39 71 135 263
8 9 10 12 24 40 72 136 264
7 11 13 25 41 73 137 265
7 11 14 26 42 74 138 266
6 15 27 43 75 139 267
7 13 14 28 44 76 140 268
6 15 29 45 77 141 269
6 15 30 46 78 142 270
5 31 47 79 143 271
8 17 18 20 24 48 80 144 272
7 19 21 25 49 81 145 273
7 19 22 26 50 82 146 274
6 23 27 51 83 147 275
7 21 22 28 52 84 148 276
6 23 29 53 85 149 277
6 23 30 54 86 150 278
5 31 55 87 151 279
7 25 26 28 56 88 152 280
6 27 29 57 89 153 281
6 27 30 58 90 154 282
5 31 59 91 155 283
6 29 30 60 92 156 284
5 31 61 93 157 285
5 31 62 94 158 286
4 63 95 159 287
8 33 34 36 40 48 96 160 288
7 35 37 41 49 97 161 289
7 35 38 42 50 98 162 290
6 39 43 51 99 163 291
7 37 38 44 52 100 164 292
6 39 45 53 101 165 293
6 39 46 54 102 166 294
5 47 55 103 167 295
7 41 42 44 56 104 168 296
6 43 45 57 105 169 297
6 43 46 58 106 170 298
5 47 59 107 171 299
6 45 46 60 108 172 300
5 47 61 109 173 301
5 47 62 110 174 302
4 63 111 175 303
7 49 50 52 56 112 176 304
6 51 53 57 113 177 305
6 51 54 58 114 178 306
5 55 59 115 179 307
6 53 54 60 116 180 308
5 55 61 117 181 309
5 55 62 118 182 310
4 63 119 183 311
6 57 58 60 120 184 312
5 59 61 121 185 313
5 59 62 122 186 314
4 63 123 187 315
5 61 62 124 188 316
4 63 125 189 317
4 63 126 190 318
3 127 191 319
8 65 66 68 72 80 96 192 320
7 67 69 73 81 97 193 321
7 67 70 74 82 98 194 322
6 71 75 83 99 195 323
7 69 70 76 84 100 196 324
6 71 77 85 101 197 325
6 71 78 86 102 198 326
5 79 87 103 199 327
7 73 74 76 88 104 200 328
6 75 77 89 105 201 329
6 75 78 90 106 202 330
5 79 91 107 203 331
6 77 78 92 108 204 332
5 79 93 109 205 333
5 79 94 110 206 334
4 95 111 207 335
7 81 82 84 88 112 208 336
6 83 85 89 113 209 337
6 83 86 90 114 210 338
5 87 91 115 211 339
6 85 86 92 116 212 340
5 87 93 117 213 341
5 87 94 118 214 342
4 95 119 215 343
6 89 90 92 120 216 344
5 91 93 121 217 345
5 91 94 122 218 346
4 95 123 219 347
5 93 94 124 220 348
4 95 125 221 349
4 95 126 222 350
3 127 223 351
7 97 98 100 104 112 224 352
6 99 101 105 113 225 353
6 99 102 106 114 226 354
5 103 107 115 227 355
6 101 102 108 116 228 356
5 103 109 117 229 357
5 103 110 118 230 358
4 111 119 231 359
6 105 106 108 120 232 360
5 107 109 121 233 361
5 107 110 122 234 362
4 111 123 235 363
5 109 110 124 236 364
4 111 125 237 365
4 111 126 238 366
3 127 239 367
6 113 114 116 120 240 368
5 115 117 121 241 369
5 115 118 122 242 370
4 119 123 243 371
5 117 118 124 244 372
4 119 125 245 373
4 119 126 246 374
3 127 247 375
5 121 122 124 248 376
4 123 125 249 377
4 123 126 250 378
3 127 251 379
4 125 126 252 380
3 127 253 381
3 127 254 382
2 255 383
8 129 130 132 136 144 160 192 384
7 131 133 137 145 161 193 385
7 131 134 138 146 162 194 386
6 135 139 147 163 195 387
7 133 134 140 148 164 196 388
6 135 141 149 165 197 389
6 135 142 150 166 198 390
5 143 151 167 199 391
7 137 138 140 152 168 200 392
6 139 141 153 169 201 393
6 139 142 154 170 202 394
5 143 155 171 203 395
6 141 142 156 172 204 396
5 143 157 173 205 397
5 143 158 174 206 398
4 159 175 207 399
7 145 146 148 152 176 208 400
6 147 149 153 177 209 401
6 147 150 154 178 210 402
5 151 155 179 211 403
6 149 150 156 180 212 404
5 151 157 181 213 405
5 151 158 182 214 406
4 159 183 215 407
6 153 154 156 184 216 408
5 155 157 185 217 409
5 155 158 186 218 410
4 159 187 219 411
5 157 158 188 220 412
4 159 189 221 413
4 159 190 222 414
3 191 223 415
7 161 162 164 168 176 224 416
6 163 165 169 177 225 417
6 163 166 170 178 226 418
5 167 171 179 227 419
6 165 166 172 180 228 420
5 167 173 181 229 421
5 167 174 182 230 422
4 175 183 231 423
6 169 170 172 184 232 424
5 171 173 185 233 425
5 171 174 186 234 426
4 175 187 235 427
5 173 174 188 236 428
4 175 189 237 429
4 175 190 238 430
3 191 239 431
6 177 178 180 184 240 432
5 179 181 185 241 433
5 179 182 186 242 434
4 183 187 243 435
5 181 182 188 244 436
4 183 189 245 437
4 183 190 246 438
3 191 247 439
5 185 186 188 248 440
4 187 189 249 441
4 187 190 250 442
3 191 251 443
4 189 190 252 444
3 191 253 445
3 191 254 446
2 255 447
7 193 194 196 200 208 224 448
6 195 197 201 209 225 449
6 195 198 202 210 226 450
5 199 203 211 227 451
6 197 198 204 212 228 452
5 199 205 213 229 453
5 199 206 214 230 454
4 207 215 231 455
6 201 202 204 216 232 456
5 203 205 217 233 457
5 203 206 218 234 458
4 207 219 235 459
5 205 206 220 236 460
4 207 221 237 461
4 207 222 238 462
3 223 239 463
6 209 210 212 216 240 464
5 211 213 217 241 465
5 211 214 218 242 466
4 215 219 243 467
5 213 214 220 244 468
4 215 221 245 469
4 215 222 246 470
3 223 247 471
5 217 218 220 248 472
4 219 221 249 473
4 219 222 250 474
3 223 251 475
4 221 222 252 476
3 223 253 477
3 223 254 478
2 255 479
6 225 226 228 232 240 480
5 227 229 233 241 481
5 227 230 234 242 482
4 231 235 243 483
5 229 230 236 244 484
4 231 237 245 485
4 231 238 246 486
3 239 247 487
5 233 234 236 248 488
4 235 237 249 489
4 235 238 250 490
3 239 251 491
4 237 238 252 492
3 239 253 493
3 239 254 494
2 255 495
5 241 242 244 248 496
4 243 245 249 497
4 243 246 250 498
3 247 251 499
4 245 246 252 500
3 247 253 501
3 247 254 502
2 255 503
4 249 250 252 504
3 251 253 505
3 251 254 506
2 255 507
3 253 254 508
2 255 509
2 255 510
1 511
8 257 258 260 264 272 288 320 384
7 259 261 265 273 289 321 385
7 259 262 266 274 290 322 386
6 263 267 275 291 323 387
7 261 262 268 276 292 324 388
6 263 269 277 293 325 389
6 263 270 278 294 326 390
5 271 279 295 327 391
7 265 266 268 280 296 328 392
6 267 269 281 297 329 393
6 267 270 282 298 330 394
5 271 283 299 331 395
6 269 270 284 300 332 396
5 271 285 301 333 397
5 271 286 302 334 398
4 287 303 335 399
7 273 274 276 280 304 336 400
6 275 277 281 305 337 401
6 275 278 282 306 338 402
5 279 283 307 339 403
6 277 278 284 308 340 404
5 279 285 309 341 405
5 279 286 310 342 406
4 287 311 343 407
6 281 282 284 312 344 408
5 283 285 313 345 409
5 283 286 314 346 410
4 287 315 347 411
5 285 286 316 348 412
4 287 317 349 413
4 287 318 350 414
3 319 351 415
7 289 290 292 296 304 352 416
6 291 293 297 305 353 417
6 291 294 298 306 354 418
5 295 299 307 355 419
6 293 294 300 308 356 420
5 295 301 309 357 421
5 295 302 310 358 422
4 303 311 359 423
6 297 298 300 312 360 424
5 299 301 313 361 425
5 299 302 314 362 426
4 303 315 363 427
5 301 302 316 364 428
4 303 317 365 429
4 303 318 366 430
3 319 367 431
6 305 306 308 312 368 432
5 307 309 313 369 433
5 307 310 314 370 434
4 311 315 371 435
5 309 310 316 372 436
4 311 317 373 437
4 311 318 374 438
3 319 375 439
5 313 314 316 376 440
4 315 317 377 441
4 315 318 378 442
3 319 379 443
4 317 318 380 444
3 319 381 445
3 319 382 446
2 383 447
7 321 322 324 328 336 352 448
6 323 325 329 337 353 449
6 323 326 330 338 354 450
5 327 331 339 355 451
6 325 326 332 340 356 452
5 327 333 341 357 453
5 327 334 342 358 454
4 335 343 359 455
6 329 330 332 344 360 456
5 331 333 345 361 457
5 331 334 346 362 458
4 335 347 363 459
5 333 334 348 364 460
4 335 349 365 461
4 335 350 366 462
3 351 367 463
6 337 338 340 344 368 464
5 339 341 345 369 465
5 339 342 346 370 466
4 343 347 371 467
5 341 342 348 372 468
4 343 349 373 469
4 343 350 374 470
3 351 375 471
5 345 346 348 376 472
4 347 349 377 473
4 347 350 378 474
3 351 379 475
4 349 350 380 476
3 351 381 477
3 351 382 478
2 383 479
6 353 354 356 360 368 480
5 355 357 361 369 481
5 355 358 362 370 482
4 359 363 371 483
5 357 358 364 372 484
4 359 365 373 485
4 359 366 374 486
3 367 375 487
5 361 362 364 376 488
4 363 365 377 489
4 363 366 378 490
3 367 379 491
4 365 366 380 492
3 367 381 493
3 367 382 494
2 383 495
5 369 370 372 376 496
4 371 373 377 497
4 371 374 378 498
3 375 379 499
4 373 374 380 500
3 375 381 501
3 375 382 502
2 383 503
4 377 378 380 504
3 379 381 505
3 379 382 506
2 383 507
3 381 382 508
2 383 509
2 383 510
1 511
7 385 386 388 392 400 416 448
6 387 389 393 401 417 449
6 387 390 394 402 418 450
5 391 395 403 419 451
6 389 390 396 404 420 452
5 391 397 405 421 453
5 391 398 406 422 454
4 399 407 423 455
6 393 394 396 408 424 456
5 395 397 409 425 457
5 395 398 410 426 458
4 399 411 427 459
5 397 398 412 428 460
4 399 413 429 461
4 399 414 430 462
3 415 431 463
6 401 402 404 408 432 464
5 403 405 409 433 465
5 403 406 410 434 466
4 407 411 435 467
5 405 406 412 436 468
4 407 413 437 469
4 407 414 438 470
3 415 439 471
5 409 410 412 440 472
4 411 413 441 473
4 411 414 442 474
3 415 443 475
4 413 414 444 476
3 415 445 477
3 415 446 478
2 447 479
6 417 418 420 424 432 480
5 419 421 425 433 481
5 419 422 426 434 482
4 423 427 435 483
5 421 422 428 436 484
4 423 429 437 485
4 423 430 438 486
3 431 439 487
5 425 426 428 440 488
4 427 429 441 489
4 427 430 442 490
3 431 443 491
4 429 430 444 492
3 431 445 493
3 431 446 494
2 447 495
5 433 434 436 440 496
4 435 437 441 497
4 435 438 442 498
3 439 443 499
4 437 438 444 500
3 439 445 501
3 439 446 502
2 447 503
4 441 442 444 504
3 443 445 505
3 443 446 506
2 447 507
3 445 446 508
2 447 509
2 447 510
1 511
6 449 450 452 456 464 480
5 451 453 457 465 481
5 451 454 458 466 482
4 455 459 467 483
5 453 454 460 468 484
4 455 461 469 485
4 455 462 470 486
3 463 471 487
5 457 458 460 472 488
4 459 461 473 489
4 459 462 474 490
3 463 475 491
4 461 462 476 492
3 463 477 493
3 463 478 494
2 479 495
5 465 466 468 472 496
4 467 469 473 497
4 467 470 474 498
3 471 475 499
4 469 470 476 500
3 471 477 501
3 471 478 502
2 479 503
4 473 474 476 504
3 475 477 505
3 475 478 506
2 479 507
3 477 478 508
2 479 509
2 479 510
1 511
5 481 482 484 488 496
4 483 485 489 497
4 483 486 490 498
3 487 491 499
4 485 486 492 500
3 487 493 501
3 487 494 502
2 495 503
4 489 490 492 504
3 491 493 505
3 491 494 506
2 495 507
3 493 494 508
2 495 509
2 495 510
1 511
4 497 498 500 504
3 499 501 505
3 499 502 506
2 503 507
3 501 502 508
2 503 509
2 503 510
1 511
3 505 506 508
2 507 509
2 507 510
1 511
2 509 510
1 511
1 511
0
