864
48 5 6 27 44 55 62 77 85 134 150 182 223 228 244 253 265 287 291 294 329 331 355 404 421 437 455 484 501 531 535 540 591 606 639 646 653 660 665 694 734 743 756 783 806 809 835 856 860
41 6 12 14 47 71 80 84 96 197 253 267 286 338 384 400 407 445 457 460 466 472 521 531 532 540 550 554 563 567 596 603 667 680 719 727 751 755 789 802 828 859
42 12 35 96 140 155 168 186 252 262 264 308 314 362 363 393 432 447 448 506 508 527 553 565 569 603 617 623 625 629 631 644 668 678 679 680 683 698 710 711 778 825 844
43 44 50 83 138 164 178 183 215 231 247 307 349 354 369 371 385 408 437 439 449 451 469 477 478 495 515 530 538 565 612 620 628 667 735 765 788 826 835 836 839 855 858 861
44 23 28 61 63 66 71 75 95 118 122 123 139 141 176 187 196 229 248 283 318 328 342 354 367 432 491 537 538 579 584 593 595 606 607 617 618 651 671 676 692 793 816 820 852
50 8 12 63 76 108 154 163 166 186 188 294 296 297 315 321 329 337 343 348 367 381 404 406 408 432 441 448 495 518 528 530 567 637 639 647 651 680 714 727 733 744 750 761 782 785 796 808 818 850 852
48 59 81 86 95 115 130 131 139 141 146 179 184 207 213 240 269 285 292 296 336 347 360 387 406 418 429 485 514 515 517 522 525 543 582 591 593 622 627 658 670 696 700 713 794 799 808 812 859
35 16 21 26 95 123 212 224 235 263 293 295 296 304 341 355 401 432 433 448 466 480 501 521 534 561 591 592 675 681 691 707 708 726 728 811
41 38 49 68 97 102 105 152 164 174 207 248 252 263 280 297 330 376 389 396 404 415 421 422 433 456 466 515 537 578 624 667 683 702 705 708 772 787 824 827 836 859
48 50 67 79 90 138 166 188 189 191 204 235 242 248 266 273 292 318 321 325 326 333 340 350 353 365 372 462 467 482 517 530 546 547 548 568 630 649 658 706 721 724 734 735 755 757 764 825 832
37 23 47 54 97 146 166 188 189 198 259 286 297 324 336 367 387 455 461 503 506 538 548 551 558 580 620 623 640 678 747 758 760 762 779 799 802 805
39 72 77 78 90 101 111 118 123 186 188 227 234 268 299 336 347 375 381 392 406 420 423 463 535 572 600 648 672 745 748 758 760 761 769 774 797 808 816 853
45 50 56 127 143 151 153 157 159 164 173 214 234 253 281 292 295 302 303 346 383 458 466 467 472 556 572 583 594 612 633 635 673 681 705 712 761 766 775 784 787 791 804 841 851 863
42 21 109 122 177 196 214 256 258 303 313 320 347 363 365 367 373 407 456 480 484 532 538 593 613 614 620 625 661 678 690 701 726 742 755 760 801 803 804 830 835 841 860
46 21 30 41 44 75 97 132 234 235 258 260 265 269 288 292 298 304 312 362 363 409 449 451 461 492 500 508 525 533 535 568 569 631 647 672 709 725 795 803 806 811 812 825 850 856 858
39 33 42 78 86 91 103 151 161 166 169 196 219 220 230 242 249 288 311 341 393 419 433 459 482 483 546 651 694 703 709 728 743 759 772 781 798 803 845 850
45 36 41 107 133 137 190 219 253 256 262 292 293 297 320 347 360 376 381 387 407 417 447 460 474 489 511 521 533 535 555 559 570 614 634 652 656 668 706 758 805 809 819 833 838 858
33 24 46 59 93 105 118 137 138 139 164 174 239 258 278 295 302 357 409 443 453 487 489 499 504 545 590 679 680 683 730 736 794 820
44 25 39 66 67 77 79 93 94 127 136 159 205 237 257 286 321 377 388 402 411 444 469 502 509 527 568 578 612 616 631 633 707 710 729 784 786 788 805 808 813 816 834 858 863
54 42 61 79 82 86 121 127 132 156 162 184 201 209 219 225 241 248 287 312 323 350 365 405 414 476 486 504 521 528 543 545 548 551 576 595 646 658 663 670 692 704 712 720 724 744 745 747 761 774 777 786 796 831 856
45 21 42 43 48 76 110 126 168 202 207 212 224 237 241 275 334 341 371 385 391 404 417 435 442 455 456 459 466 484 489 548 549 580 582 587 668 692 693 695 734 782 788 813 824 832
41 26 27 60 80 84 95 139 163 168 199 217 219 245 273 282 349 378 396 403 441 443 493 497 525 528 588 621 633 657 680 703 705 736 744 746 749 770 780 788 835 859
52 75 87 106 108 110 123 140 202 215 241 279 303 310 311 325 354 359 366 369 393 399 421 442 465 480 493 504 505 540 556 557 566 583 589 593 597 612 623 659 691 697 699 724 756 761 764 796 797 798 805 806 854
38 24 42 54 58 61 97 112 144 155 157 194 202 254 258 277 289 393 409 419 461 487 508 518 526 538 556 600 630 693 744 761 772 786 795 798 802 818 824
41 42 54 94 95 108 121 125 151 154 220 222 225 237 285 304 310 314 315 344 371 405 414 480 493 545 546 565 593 621 623 649 659 664 666 687 719 736 764 768 780 810
44 29 39 40 43 69 87 103 115 143 147 212 251 256 287 290 298 306 323 356 359 363 373 409 422 425 456 457 466 491 547 554 555 591 606 638 643 728 736 737 749 754 791 801 807
34 53 66 67 81 151 219 269 274 280 288 304 309 321 359 392 393 406 423 438 464 484 548 549 550 576 641 642 651 675 684 686 703 711 852
38 50 59 83 88 118 119 138 139 149 165 240 327 361 363 403 413 454 468 504 510 513 527 548 571 615 652 660 667 670 678 693 706 747 770 781 789 804 839
37 58 62 72 118 120 122 135 187 207 211 240 252 309 322 330 397 399 458 462 472 500 501 520 524 525 529 541 549 581 615 630 686 712 715 716 750 837
41 45 54 64 100 106 148 155 158 166 217 220 230 266 282 306 329 379 399 410 445 449 503 523 561 581 608 631 632 637 638 657 659 661 688 723 733 764 784 793 797 801
31 99 129 179 181 186 198 200 213 217 258 266 271 272 286 308 444 485 546 580 587 606 623 630 643 715 736 740 747 764 848 851
33 34 40 55 57 65 99 190 206 219 284 300 362 374 394 395 442 489 491 501 524 551 588 600 606 610 645 656 657 690 720 761 766 824
44 69 87 99 103 109 113 141 146 181 182 184 196 227 259 260 279 287 292 307 309 334 349 353 355 360 412 445 456 469 512 515 533 535 584 621 629 650 658 673 700 712 761 838 851
38 83 97 102 111 138 144 195 206 244 249 250 267 279 301 375 384 397 405 453 524 536 560 573 592 609 619 629 651 659 683 701 714 759 771 790 795 811 828
46 63 69 82 85 91 104 108 113 131 187 215 233 247 258 348 355 368 371 372 379 396 398 399 445 471 475 484 488 523 534 541 594 604 616 635 661 667 678 686 691 723 770 797 798 818 830
37 67 94 108 132 150 167 209 221 243 286 343 348 350 352 366 380 417 443 459 474 482 543 549 584 627 636 645 646 657 721 749 757 768 818 833 840 842
43 53 75 106 172 173 220 222 232 233 253 278 302 359 365 380 381 389 412 424 488 493 498 499 511 565 661 663 666 670 683 693 714 725 728 740 742 746 747 748 773 794 836 839
48 49 58 68 76 101 147 183 185 194 195 201 229 237 250 273 319 361 363 364 383 400 409 423 428 435 439 441 495 520 553 591 628 639 641 645 649 662 684 685 704 719 733 743 794 800 805 821 846
47 44 64 95 98 102 120 131 154 170 177 190 218 219 248 264 265 350 390 393 397 420 437 450 458 488 492 529 540 559 561 567 591 608 616 619 627 630 662 667 678 731 737 747 758 769 787 816
50 66 92 94 107 117 129 132 136 144 154 187 208 211 213 228 234 298 305 317 330 375 438 445 447 461 476 492 494 499 522 531 533 546 548 592 608 629 637 705 717 741 770 776 780 823 829 830 835 861 862
42 58 60 134 161 173 226 301 309 332 377 395 443 466 527 545 554 578 590 612 620 626 649 650 665 679 700 703 720 728 739 749 751 793 795 803 819 826 830 842 844 847 857
51 63 82 107 120 123 126 142 145 158 179 187 208 211 228 231 245 291 294 332 334 338 361 372 403 418 429 449 465 470 546 562 583 585 588 598 599 607 620 632 648 677 693 737 743 758 763 770 786 792 803 839
44 47 51 52 115 151 175 182 192 267 271 358 380 389 392 395 407 410 413 448 452 500 502 525 526 538 545 558 561 613 616 621 626 634 656 681 718 732 736 743 794 804 833 857 862
41 45 85 86 90 113 123 149 151 156 161 164 175 198 212 267 271 297 325 330 333 355 406 444 450 485 502 506 523 592 676 684 699 728 729 734 742 763 765 779 783 859
42 61 64 83 84 93 109 134 141 144 145 186 188 199 202 212 220 232 254 308 328 459 495 526 533 539 545 556 610 616 620 631 654 657 665 674 681 689 713 761 828 837 847
42 63 77 85 97 109 113 148 171 216 217 240 252 270 307 344 455 458 474 490 500 523 553 577 598 607 627 632 653 690 717 735 750 753 755 756 761 809 831 837 841 849 855
42 48 81 86 101 118 162 163 195 202 221 230 308 322 353 359 363 390 414 435 437 464 484 522 531 532 562 580 602 604 637 659 669 679 700 706 707 712 721 726 753 853 857
54 70 71 86 93 98 103 119 144 175 180 187 192 199 202 225 228 229 235 256 285 289 295 314 324 327 396 414 419 424 425 469 545 553 566 578 602 631 640 646 679 692 694 702 722 723 734 744 760 785 811 817 827 851 861
42 58 72 80 87 102 131 160 181 189 204 292 305 307 323 333 338 339 341 360 378 388 389 421 430 472 498 515 546 590 606 623 651 655 691 692 764 766 808 822 823 834 861
26 56 85 129 131 156 189 217 222 255 302 309 390 420 458 471 478 497 508 536 555 565 629 745 760 778 779
39 90 120 122 131 157 179 197 198 225 242 246 257 260 313 318 339 340 366 383 389 412 433 457 484 494 506 529 545 573 641 702 706 717 744 765 766 808 824 844
39 54 69 71 80 83 107 193 256 263 367 381 409 410 414 415 426 454 458 467 476 490 495 521 533 548 579 584 586 588 648 651 657 661 685 692 704 714 844 847
48 98 109 130 141 150 207 217 226 234 238 249 266 268 279 293 302 320 329 333 340 343 356 374 412 458 493 508 514 535 537 583 591 615 635 640 656 683 689 707 719 723 727 732 762 763 804 848 851
52 119 133 143 148 149 173 182 188 230 242 244 295 302 336 338 340 341 348 352 357 358 366 374 379 405 410 418 440 464 492 505 540 547 566 580 633 638 640 645 646 667 719 730 755 787 792 801 810 812 839 841 853
32 81 116 207 252 337 338 349 355 369 381 408 418 450 465 510 549 552 554 566 575 596 662 668 682 688 706 742 757 797 810 816 860
43 62 67 81 100 151 184 226 227 245 259 275 300 320 329 345 369 371 378 386 397 424 425 461 476 479 490 502 511 572 625 631 633 651 659 675 693 719 734 740 769 786 788 801
41 74 84 101 105 108 133 143 157 160 191 254 296 304 328 370 383 399 415 453 462 468 489 495 497 529 581 605 667 674 685 711 769 775 778 783 799 801 806 813 826 858
44 70 86 101 110 113 151 153 167 204 209 237 269 300 316 325 328 335 338 363 366 371 428 460 469 494 502 504 514 522 531 549 606 629 639 660 678 697 748 751 764 789 800 823 838
36 66 101 112 139 164 189 206 223 228 234 252 295 299 326 370 373 408 414 420 450 453 454 515 529 574 575 610 712 721 723 731 732 811 829 830 838
43 63 68 79 107 114 121 145 160 161 199 212 215 237 242 289 323 332 348 352 417 443 460 473 476 518 528 554 559 560 561 571 595 618 630 640 708 745 755 761 768 779 787 792
46 65 87 97 159 192 193 198 211 219 234 247 252 271 292 303 324 329 360 364 370 396 424 427 476 507 526 564 612 625 644 656 672 694 697 725 752 764 777 782 783 794 801 806 825 843 860
47 75 84 106 121 142 184 225 228 241 242 246 268 274 275 292 306 331 356 368 369 376 391 440 457 463 469 501 541 595 602 618 650 668 679 682 738 745 756 778 780 781 813 827 828 834 836 851
46 100 103 113 174 199 211 215 220 277 278 296 332 341 395 414 421 433 451 456 483 487 501 502 504 508 524 529 533 536 554 581 599 627 658 675 680 685 694 727 731 734 805 807 837 852 859
43 67 68 101 114 147 219 240 294 300 305 327 333 360 378 383 390 393 407 409 418 446 452 479 481 491 518 571 618 637 639 656 689 735 738 741 757 774 785 788 802 804 849 851
42 77 102 107 147 162 169 188 195 203 233 245 297 313 329 335 350 375 380 428 431 446 477 490 525 536 562 567 568 580 601 603 615 627 641 660 676 691 701 706 760 829 849
35 71 155 172 200 206 237 242 281 289 304 317 332 337 358 399 426 446 464 485 505 540 551 561 565 574 604 628 705 712 713 736 738 784 829 852
38 77 108 127 144 176 225 260 266 284 311 321 334 384 413 430 433 439 509 563 579 620 627 629 641 673 674 692 693 694 706 728 753 757 764 795 805 826 853
35 96 118 128 134 158 163 199 258 279 296 319 329 334 353 371 419 434 440 448 454 477 504 518 534 578 633 662 677 688 702 721 723 760 820 847
45 76 130 152 170 181 195 197 223 247 256 296 305 333 341 347 362 372 382 419 444 457 477 505 524 527 535 559 564 600 604 607 630 651 662 691 716 721 742 790 791 808 809 810 820 831
36 100 105 113 149 208 239 254 300 307 405 464 470 492 516 532 549 577 592 621 625 626 632 656 679 698 751 755 762 774 796 806 825 838 841 846 853
33 76 109 165 172 174 193 213 235 248 256 266 300 301 346 353 373 384 455 480 499 523 534 577 642 670 683 705 726 749 767 780 817 839
45 97 116 135 224 226 249 286 296 305 309 315 336 338 349 363 389 398 401 403 421 432 434 442 470 473 493 516 532 533 555 580 592 616 622 648 649 652 680 688 697 702 711 712 761 800
34 120 140 145 180 187 208 220 221 251 255 339 378 383 400 412 447 494 497 500 529 544 554 561 629 632 636 662 682 695 704 709 758 800 844
46 108 119 127 137 156 173 178 186 212 221 248 250 258 264 268 288 308 314 341 352 357 388 420 423 441 468 476 481 503 513 553 571 605 643 678 703 711 713 714 723 742 760 799 820 857 862
36 113 135 146 148 149 162 189 192 207 228 235 260 281 322 331 351 374 391 407 409 423 452 467 468 518 542 556 571 634 665 702 779 785 808 811 845
42 80 89 114 172 174 176 190 220 222 233 250 262 353 360 361 363 413 414 415 418 422 433 443 481 507 546 557 570 584 641 653 655 692 693 751 780 809 814 823 836 849 852
39 94 115 161 183 201 210 256 261 281 328 329 365 368 389 448 471 486 487 504 508 550 557 568 570 605 606 607 610 652 653 679 684 689 702 719 733 734 744 843
29 94 106 112 119 173 183 216 241 268 291 296 317 336 365 367 400 435 509 545 550 573 612 652 745 762 765 791 802 857
37 79 93 117 133 140 146 162 178 209 227 241 298 338 362 408 437 449 475 494 509 512 530 559 612 616 676 680 727 733 734 745 768 791 818 823 846 853
40 104 169 170 180 200 218 240 245 257 270 287 301 304 305 324 330 333 337 366 375 426 427 480 487 517 521 541 584 589 595 731 748 800 820 825 841 847 850 855 856
42 89 106 109 126 158 259 260 264 287 325 358 368 387 393 394 407 411 441 478 489 501 506 512 526 549 596 598 696 707 713 724 738 774 778 782 799 810 825 844 852 859 863
40 88 103 123 132 176 182 196 239 253 257 263 311 339 343 357 363 392 398 424 468 516 518 520 575 589 644 678 681 688 719 736 780 784 786 794 827 832 836 862 863
44 151 161 166 175 179 201 216 225 227 251 265 303 339 340 383 426 454 463 469 483 488 515 521 528 535 543 551 584 627 630 634 665 674 678 708 716 733 782 814 819 826 837 847 863
44 89 91 96 118 127 131 134 146 150 232 252 259 264 267 283 296 303 356 357 364 369 376 385 396 409 427 455 458 471 481 484 513 521 523 529 542 588 652 683 707 721 733 749 854
37 88 117 163 186 191 298 344 353 357 368 381 414 426 446 451 479 503 506 507 543 575 593 599 612 653 661 686 748 778 779 809 836 838 852 853 859 863
47 88 98 99 134 140 151 182 233 273 275 289 301 310 328 344 345 371 374 388 389 391 397 440 451 468 489 497 504 524 538 557 592 596 597 643 644 647 659 665 752 777 787 804 819 822 852 857
39 104 127 146 160 162 165 194 243 246 256 259 325 342 350 377 378 399 420 488 515 522 534 565 583 617 626 648 651 663 666 705 730 739 753 757 775 776 778 822
29 137 139 140 206 240 244 254 307 326 338 343 345 359 367 393 407 548 579 582 601 618 619 631 683 718 729 749 777 814
37 97 114 163 216 236 246 250 252 260 272 299 301 302 315 325 335 382 411 436 441 504 507 559 593 609 616 627 659 668 678 681 686 692 714 727 822 844
41 114 144 154 166 193 225 226 266 296 341 357 365 389 395 410 413 452 457 498 507 512 515 578 579 588 609 616 639 691 696 723 729 743 767 781 784 793 807 819 829 839
50 96 102 122 141 170 190 251 288 289 302 315 319 326 335 342 343 377 386 412 414 456 458 461 475 491 500 515 519 529 533 564 571 575 610 631 652 683 717 719 724 731 740 792 795 798 811 823 845 847 849
41 97 98 105 111 125 128 140 147 151 155 156 218 231 276 285 288 351 367 400 406 450 461 502 525 552 559 596 611 632 641 653 671 719 728 742 745 788 789 803 815 832
40 99 133 157 163 167 175 178 200 204 225 240 253 277 290 324 326 335 356 407 421 426 427 446 451 460 517 526 594 596 604 629 685 713 734 762 764 808 812 838 846
35 115 172 176 191 222 259 277 280 285 334 343 347 349 350 356 384 418 431 444 480 506 605 642 644 646 653 721 730 733 736 765 767 786 809 821
41 108 173 189 196 227 245 250 274 306 308 319 406 411 423 443 453 522 548 559 567 573 592 611 622 649 691 695 715 736 737 738 763 781 800 811 819 824 834 835 843 858
47 109 124 154 156 161 198 209 210 220 236 267 268 306 314 339 342 344 355 361 370 372 385 407 417 419 420 437 453 478 513 541 543 561 582 584 603 606 634 636 692 697 700 722 729 754 810 861
31 106 116 117 164 190 202 211 225 249 267 281 288 315 337 369 370 420 474 513 518 533 563 567 589 602 637 741 745 780 835 856
37 118 138 151 165 170 175 177 194 208 259 264 265 274 283 319 320 368 369 409 496 528 531 587 600 603 616 621 626 641 646 667 715 727 740 760 806 845
40 104 106 150 153 233 242 251 252 291 297 337 403 408 421 423 424 439 456 459 470 474 483 576 579 586 593 670 695 701 718 719 744 785 797 800 803 816 850 851 860
41 117 130 153 157 162 179 191 197 199 244 276 280 297 299 302 307 312 390 391 413 418 451 481 483 484 497 508 571 579 590 652 703 711 728 745 786 817 832 842 844 856
37 103 124 126 137 149 165 167 178 180 208 290 301 316 335 443 455 481 486 496 515 538 567 586 612 623 642 648 660 669 697 703 709 738 775 782 788 791
39 119 144 167 176 187 214 226 235 246 250 260 268 313 369 382 412 442 451 476 501 522 529 562 581 588 597 605 616 652 665 690 751 790 793 803 807 840 844 855
38 134 170 227 230 284 287 295 311 362 369 373 417 428 435 456 498 503 506 520 522 537 540 563 576 606 609 645 660 701 729 752 784 796 803 811 816 827 829
35 155 160 183 194 221 230 253 273 278 287 288 298 299 311 354 359 368 402 427 446 463 495 510 516 561 567 627 664 677 717 729 747 767 783 821
37 119 125 165 211 212 243 246 247 276 299 330 345 359 391 401 448 495 497 537 552 573 599 624 627 634 639 689 700 705 706 723 728 782 793 803 846 847
38 123 136 142 156 165 209 276 283 297 299 325 327 329 335 348 355 366 378 384 428 435 460 475 546 567 573 601 661 665 688 704 712 728 730 778 799 811 862
39 119 140 150 162 179 181 182 186 210 220 251 274 286 296 319 322 333 355 435 448 453 498 501 536 552 600 622 632 664 671 673 678 703 736 743 779 796 835 850
46 140 141 151 152 159 173 178 182 194 195 213 239 258 269 296 320 321 351 363 385 443 458 488 489 496 520 528 531 543 572 574 595 599 641 654 659 662 669 703 710 731 765 784 802 825 838
37 190 201 214 238 319 337 354 367 369 372 373 388 405 407 425 435 467 480 502 573 598 615 626 649 719 748 764 769 800 811 813 833 837 839 841 844 852
35 124 130 149 200 201 206 207 215 381 391 412 415 421 463 480 490 497 519 552 553 623 628 633 651 659 713 732 733 744 754 755 778 786 814 824
44 124 130 180 182 185 193 199 204 208 274 277 296 311 334 352 369 371 384 391 402 434 438 442 491 553 559 628 657 663 673 684 692 696 716 740 758 759 761 777 782 821 829 832 857
33 112 118 152 165 168 221 259 261 275 278 279 291 315 446 476 490 508 516 529 566 572 582 621 644 678 701 709 731 740 755 831 847 852
43 140 167 168 196 207 208 233 235 245 246 248 260 321 340 350 388 418 453 471 500 525 532 564 577 590 629 631 644 650 695 708 710 716 724 725 736 737 751 775 785 793 820 823
36 154 184 211 220 293 309 311 332 335 337 435 498 506 524 525 531 545 556 564 576 601 614 629 650 665 667 682 684 716 734 752 789 791 818 821 839
38 122 124 125 130 136 189 219 227 249 303 353 379 395 397 421 425 446 489 491 492 506 554 604 611 617 622 626 642 644 696 760 783 799 800 804 807 820 821
48 153 170 182 187 193 200 234 235 237 251 265 269 286 296 308 333 335 343 363 382 440 448 462 471 489 544 560 564 574 581 618 628 649 689 707 710 732 744 784 794 799 810 816 833 844 848 855 861
47 122 160 182 183 195 206 243 273 333 335 339 346 349 352 354 356 366 381 401 419 430 446 448 453 506 515 517 521 522 541 551 561 573 591 645 665 700 703 735 750 752 779 795 802 814 824 853
39 129 148 149 158 160 162 163 166 192 214 240 287 326 339 350 367 406 410 474 486 496 498 507 602 604 609 627 675 688 706 753 780 784 789 790 827 842 853 860
44 119 121 132 197 202 203 224 232 243 252 255 258 284 285 290 312 328 343 368 376 387 398 431 438 460 484 502 523 535 555 558 632 703 739 751 766 772 788 789 792 820 826 847 863
40 153 158 160 161 162 212 227 235 243 269 277 300 311 316 350 379 438 463 502 530 567 593 603 614 620 646 647 658 669 676 680 690 691 790 803 810 824 829 844 860
35 121 122 126 129 140 141 168 190 191 228 247 254 327 386 388 393 405 410 416 429 450 505 507 515 553 559 566 594 654 659 676 685 731 781 822
45 135 136 139 147 155 165 177 184 200 221 249 266 288 322 330 363 399 400 429 432 439 445 479 490 506 518 521 527 537 578 593 595 603 620 680 681 684 687 718 730 790 794 829 838 848
43 130 155 164 169 170 185 206 264 297 301 316 318 320 341 342 389 405 422 423 425 450 472 485 490 517 522 543 547 564 578 585 594 597 615 624 652 677 741 774 775 808 831 838
40 138 153 172 181 219 232 244 248 270 280 284 358 362 364 377 390 428 434 437 443 456 463 477 480 490 514 515 549 556 565 655 682 699 713 777 796 800 826 841 852
31 217 248 266 329 362 370 390 392 395 452 485 501 584 618 642 651 652 662 685 700 712 714 722 723 733 740 762 793 801 845 859
32 135 146 153 157 178 183 249 294 307 343 367 388 423 427 430 431 462 463 513 581 633 647 656 674 719 729 745 785 798 810 822 838
39 127 134 148 188 211 260 292 326 351 357 360 365 367 400 412 437 455 462 490 498 507 508 547 569 575 607 636 647 675 749 757 770 781 782 832 836 840 845 856
34 149 160 201 231 268 282 300 374 401 404 428 483 508 517 539 548 557 559 567 569 616 625 639 666 677 688 692 704 720 767 770 836 848 860
28 130 132 186 229 244 296 306 350 398 401 415 458 529 559 564 569 570 645 650 671 686 699 714 720 729 731 739 790
40 158 172 193 194 216 223 243 344 346 349 359 374 426 429 451 524 532 542 547 650 655 659 667 671 683 693 699 714 720 725 728 788 790 811 812 817 833 837 844 849
41 147 160 185 196 210 218 225 242 245 254 256 301 306 317 321 323 335 382 394 434 469 476 495 498 534 547 554 606 611 634 638 682 705 708 729 743 775 777 799 820 863
32 136 146 155 198 218 229 273 306 326 334 394 404 438 462 469 483 488 539 607 624 640 644 679 695 696 717 731 823 826 831 836 857
35 166 172 196 216 229 237 267 276 300 306 337 394 401 451 465 483 489 490 493 510 540 554 562 595 599 618 626 639 684 723 729 736 800 801 838
39 167 168 196 215 231 232 240 245 258 267 305 311 338 349 365 399 413 418 441 484 498 502 540 555 592 595 606 612 630 636 670 683 687 699 735 775 805 852 856
38 140 155 157 180 182 191 197 200 210 233 236 244 271 273 282 293 298 305 317 403 430 440 443 532 538 551 598 612 649 700 722 723 735 755 756 759 852 856
43 154 155 163 175 176 182 185 202 246 258 259 276 295 361 372 387 394 458 481 483 484 535 549 598 603 607 608 632 639 645 649 688 713 734 740 755 772 774 791 818 844 855 856
33 144 168 205 219 220 307 351 369 393 412 415 419 429 475 538 577 681 690 700 706 727 729 731 740 747 781 787 790 792 812 839 841 842
35 145 226 227 243 291 338 343 357 362 382 399 421 432 437 456 504 520 541 567 575 591 598 617 670 683 684 724 765 766 772 795 799 830 833 862
39 159 163 194 195 246 251 258 267 275 290 303 336 348 349 360 367 385 387 398 448 470 491 507 512 534 544 547 552 564 584 600 610 624 657 670 676 722 766 838
31 157 248 268 269 270 292 294 317 332 340 347 369 372 439 473 474 528 545 555 562 574 581 591 631 641 642 703 733 758 815 841
41 144 151 160 173 196 203 234 248 258 280 296 297 317 327 349 358 367 401 412 414 424 443 487 495 594 645 649 663 703 704 740 741 763 778 779 814 823 827 854 855 863
36 200 205 207 218 220 228 279 287 292 312 321 337 365 366 381 399 434 439 457 492 510 534 535 576 585 588 647 650 689 700 714 720 733 779 790 814
29 174 190 210 215 219 244 278 302 326 335 340 342 347 365 374 505 514 559 582 645 664 759 781 790 814 827 844 851 856
37 145 146 148 150 221 237 241 260 262 271 284 304 329 372 387 393 430 436 464 511 521 526 541 545 557 559 640 662 666 679 715 729 731 784 795 811 819
40 159 174 221 228 247 298 321 324 356 368 411 412 422 441 537 540 567 593 602 606 612 613 619 627 630 650 662 690 704 706 714 719 764 767 771 784 795 801 829 854
32 158 175 207 213 241 245 298 304 319 332 337 364 403 407 437 455 521 525 537 541 556 655 667 689 744 754 772 780 793 803 854 860
37 153 214 256 292 312 315 317 327 339 386 400 415 424 433 453 495 507 535 560 565 566 580 618 656 699 708 720 721 736 771 783 784 813 815 820 821 835
30 151 157 164 172 183 186 237 301 334 341 381 384 458 482 494 500 505 509 512 544 576 635 676 696 718 723 754 771 812 848
45 150 156 158 185 186 187 197 227 228 255 284 340 373 379 405 406 438 441 451 477 488 497 513 565 578 583 614 621 626 634 648 665 675 678 703 714 750 758 775 780 785 787 792 797 842
30 151 184 193 196 210 224 226 236 259 343 384 403 421 436 450 459 462 468 501 516 577 610 681 687 695 720 774 804 820 846
38 176 182 183 196 238 257 305 335 338 341 345 348 396 419 420 421 432 445 448 484 534 549 577 599 606 626 630 642 645 674 709 732 745 752 770 771 793 859
33 169 217 263 289 293 333 367 370 405 416 425 430 442 445 449 476 478 481 495 504 533 539 553 566 582 585 602 611 634 684 765 788 816
40 168 191 200 220 233 236 248 293 303 350 416 463 467 503 513 518 528 545 571 582 592 595 606 616 649 679 680 687 698 722 730 742 762 772 797 809 833 844 853 862
32 168 207 215 242 244 252 297 332 380 436 457 459 481 503 518 523 554 569 612 628 657 696 711 723 750 777 782 810 811 817 824 839
39 175 205 217 218 271 277 281 345 375 388 389 403 424 482 489 494 505 506 522 526 573 613 631 657 693 699 704 709 762 765 767 773 787 796 798 815 830 833 862
35 176 226 273 282 301 345 347 354 359 383 386 411 412 430 453 502 524 532 534 555 567 591 597 609 641 651 678 708 727 748 756 807 843 848 852
39 173 204 223 233 255 263 278 279 318 331 342 345 348 356 362 366 388 418 433 435 438 446 455 464 471 580 597 653 663 718 724 727 743 748 762 801 808 811 849
35 168 183 207 262 267 273 301 327 331 349 355 384 390 399 403 432 444 446 463 493 545 553 614 644 650 662 711 712 717 751 763 793 828 837 856
37 165 199 204 251 267 271 289 332 349 362 376 398 412 433 444 463 465 470 472 496 546 548 549 587 590 601 612 628 647 662 676 690 722 737 760 777 784
37 164 167 178 210 218 219 230 241 264 284 305 315 318 333 343 370 374 385 395 495 515 524 527 548 592 655 780 787 810 824 825 836 842 848 849 850 851
42 161 181 187 212 218 263 265 278 295 308 326 349 369 414 429 445 459 471 492 495 505 513 516 518 523 544 552 558 560 571 577 580 588 595 603 753 781 807 819 821 837 841
39 164 191 245 253 259 262 268 284 288 295 299 357 385 391 419 466 481 506 512 520 525 574 583 591 616 625 686 726 735 744 748 759 766 817 823 825 831 836 850
27 190 220 262 268 347 420 428 469 470 473 487 499 567 590 593 599 639 686 696 715 769 786 789 795 802 805 844
38 173 222 244 252 260 285 323 342 385 392 396 416 427 450 455 467 469 480 492 496 522 543 556 581 583 597 619 632 646 655 657 668 680 716 721 795 838 840
35 179 198 212 279 291 305 309 318 324 378 405 407 422 469 489 493 519 520 523 524 529 547 561 571 583 584 593 617 649 726 741 768 772 775 842
33 182 186 238 280 300 328 341 376 380 385 408 415 470 485 508 510 516 539 569 573 577 585 591 595 597 615 618 655 673 690 817 836 838
30 175 187 208 269 284 298 308 338 405 430 446 450 464 503 515 521 573 589 613 657 661 686 695 724 741 747 750 767 797 846
25 176 215 236 264 320 350 386 452 454 523 526 541 544 563 596 600 624 662 686 716 727 751 818 830 842
35 192 195 196 219 240 251 265 272 286 329 337 353 362 375 396 445 490 541 554 563 573 600 616 618 664 665 676 691 737 774 791 792 811 842 857
34 174 184 191 194 259 275 291 323 330 341 367 435 451 481 494 510 545 553 576 587 600 647 653 672 673 689 701 714 810 816 820 835 843 845
29 184 195 283 284 302 323 336 402 418 436 453 467 486 509 518 564 568 594 615 649 690 695 699 720 725 737 765 809 848
33 213 224 242 290 318 319 398 403 444 478 505 516 519 565 592 619 623 676 685 700 707 717 726 730 734 758 777 781 782 787 823 861 862
36 185 188 205 207 213 254 256 296 297 322 379 385 454 462 483 522 544 574 586 587 608 627 645 647 654 655 656 685 711 726 745 766 811 820 830 844
30 181 197 250 264 273 275 280 302 317 328 345 371 384 441 487 502 551 593 624 649 660 662 743 747 748 784 828 840 854 863
37 182 183 192 227 243 256 287 350 362 440 465 466 478 479 485 492 493 532 534 540 583 610 613 626 662 683 690 692 701 710 718 743 773 782 839 848 853
33 196 225 242 280 283 303 356 378 380 390 416 434 443 448 500 506 511 526 588 599 627 637 650 670 674 688 689 710 717 761 839 848 859
33 189 215 251 269 276 281 285 302 310 323 327 422 432 457 478 549 574 601 610 647 648 668 672 677 727 731 758 788 799 806 817 822 825
22 182 193 205 221 282 307 313 369 370 372 421 445 523 582 598 651 665 702 704 719 811 816
46 206 225 231 263 268 269 272 287 298 299 300 303 310 329 339 368 375 377 382 417 431 456 457 467 500 506 520 538 559 562 567 608 639 640 657 666 668 671 686 752 774 786 801 830 844 849
45 188 195 201 249 250 265 274 278 291 308 324 331 355 368 373 381 410 420 443 453 479 501 508 515 538 555 561 569 587 597 612 647 669 670 673 698 699 720 748 773 781 786 791 832 863
37 191 246 253 279 288 300 302 324 345 348 361 366 382 421 442 466 467 484 499 556 588 590 593 595 601 631 640 648 687 720 729 761 814 829 837 839 844
33 245 247 259 267 294 295 329 335 353 359 365 390 415 423 430 437 442 445 452 496 505 542 553 580 609 611 635 653 670 683 736 788 831
36 187 189 241 267 277 326 338 359 365 381 406 432 442 444 466 493 520 552 558 560 563 605 631 663 690 742 749 758 785 791 793 797 813 816 827 863
34 187 199 209 268 302 314 320 337 376 420 459 470 477 483 492 498 515 521 530 532 561 562 565 620 658 661 674 676 682 687 739 764 772 791
33 209 255 355 390 428 433 435 440 442 448 454 485 505 543 552 553 562 568 592 607 611 640 648 652 660 715 736 739 749 760 772 831 853
29 197 204 264 277 286 291 309 314 337 369 372 398 402 405 439 443 450 490 523 554 583 585 587 725 731 740 752 762 787
36 257 259 276 303 306 316 322 329 336 370 383 384 415 442 445 478 486 495 509 522 532 563 568 580 614 618 627 635 660 689 704 706 746 811 813 819
31 241 279 287 301 345 357 391 407 413 447 458 466 510 524 536 551 582 642 643 645 657 685 697 704 712 715 821 835 837 852 856
35 202 208 251 274 302 312 321 323 343 397 407 410 423 473 482 503 510 537 552 602 614 620 679 689 716 722 745 747 756 791 794 803 815 834 854
33 202 207 210 212 257 270 288 293 350 380 397 412 427 433 437 458 477 486 490 492 499 531 537 552 589 602 668 673 700 716 750 755 791
43 205 208 211 222 224 248 274 278 303 326 343 358 397 402 412 482 487 501 527 529 537 547 549 556 564 588 621 624 639 640 671 678 691 701 702 728 740 753 767 772 778 814 859
36 205 229 231 277 283 289 296 300 302 335 336 342 382 425 446 455 465 469 493 535 548 569 578 591 596 616 622 628 644 668 747 755 758 779 840 857
40 211 266 278 281 282 323 368 371 372 417 434 460 461 467 482 486 488 509 513 514 548 570 571 605 606 623 626 629 646 652 665 667 705 740 762 797 798 804 807 852
42 206 227 278 300 354 363 372 374 377 395 409 450 460 479 496 500 503 513 516 531 532 535 564 576 591 639 654 664 696 755 756 758 763 776 789 805 824 830 835 849 853 862
31 201 202 257 266 299 312 342 350 351 353 358 360 370 387 400 431 450 469 485 522 586 657 671 677 699 723 744 758 767 793 849
33 207 282 288 292 303 347 386 393 396 397 413 417 434 450 470 523 546 565 571 589 628 639 682 694 709 767 785 806 814 816 830 839 856
41 232 309 320 336 365 426 455 463 490 492 507 522 527 536 550 556 563 570 578 606 609 612 620 640 649 657 671 673 674 677 687 692 748 754 790 800 813 826 834 848 858
27 221 222 229 234 246 300 310 352 363 389 424 437 454 474 507 550 599 606 619 647 648 657 716 749 784 789 800
41 223 229 232 234 247 256 257 282 294 301 306 340 383 411 420 421 427 482 488 492 498 503 523 525 547 582 597 656 689 692 697 702 703 739 749 754 760 765 790 801 844
27 254 259 264 268 270 278 293 379 398 490 506 514 597 599 613 632 678 704 717 744 769 774 779 817 820 827 853
39 213 224 228 233 251 255 260 270 272 286 308 318 332 353 375 387 426 441 455 464 477 481 484 492 495 526 566 580 591 610 616 622 647 683 708 727 737 770 838
36 252 259 298 313 319 323 324 325 337 344 354 363 366 370 382 383 410 414 449 453 463 466 488 493 575 589 594 655 672 676 679 692 761 773 803 839
38 204 211 221 231 235 241 272 281 304 330 360 401 418 428 440 483 486 509 536 562 589 592 607 609 633 636 683 708 711 717 736 746 767 780 799 815 844 857
36 206 257 264 335 347 394 404 429 446 462 511 523 529 533 543 562 582 584 638 658 663 679 694 699 703 707 713 714 723 750 773 779 796 817 821 848
32 222 232 242 260 265 287 329 355 402 412 413 438 441 454 467 478 539 543 558 587 611 621 629 651 658 695 728 735 744 767 835 863
30 218 226 262 274 306 327 344 360 374 420 424 473 507 543 549 557 558 560 592 595 673 680 684 756 758 763 764 781 809 858
35 229 260 264 280 284 305 350 353 410 449 478 486 495 511 517 546 559 604 609 610 617 655 661 682 691 709 719 721 749 757 784 793 794 825 849
32 220 235 252 256 264 308 320 321 324 346 351 435 436 445 501 528 535 548 579 581 582 620 635 690 732 735 748 782 788 798 820 844
32 217 225 237 265 278 290 292 296 298 305 365 411 419 438 450 465 471 475 512 516 519 520 541 565 570 603 618 699 716 754 791 793
40 213 230 238 253 300 316 334 338 344 346 351 355 384 387 394 411 420 429 475 480 532 534 538 661 668 672 679 704 732 740 748 768 774 776 806 820 821 824 826 839
24 292 294 307 322 334 337 342 394 419 471 487 488 495 550 563 567 583 612 626 652 759 825 840 859
37 222 241 258 305 357 368 385 421 422 459 478 489 542 590 591 606 610 614 620 633 659 662 670 671 672 676 689 715 719 741 751 762 773 798 806 834 850
32 221 236 289 290 305 344 390 397 411 426 432 433 443 477 484 518 551 552 566 581 585 608 630 651 692 698 706 726 737 741 749 811
38 221 249 269 273 287 288 319 325 366 375 391 393 402 422 429 470 479 491 496 502 525 527 545 573 646 647 661 690 748 749 763 775 787 788 815 828 844 854
26 296 404 415 434 442 447 452 476 494 549 550 560 582 592 600 613 616 617 626 669 695 696 731 750 841 854
34 232 287 296 305 313 322 335 342 366 375 379 383 397 423 437 468 471 478 522 543 580 581 586 599 641 666 669 675 730 742 785 794 820 863
37 226 258 281 284 292 352 373 402 413 433 449 465 505 510 517 535 541 584 585 598 623 634 639 652 655 714 719 731 735 738 759 778 780 790 810 821 831
34 223 224 226 235 236 250 265 285 310 367 374 414 444 489 518 530 561 573 578 597 614 628 630 672 756 763 764 784 806 817 836 839 854 858
45 236 267 284 294 302 306 315 317 334 392 396 401 434 437 457 459 470 483 490 494 499 512 514 523 539 562 563 577 613 615 648 655 662 666 683 710 717 742 754 783 793 799 818 828 857
29 247 255 329 334 383 421 438 440 463 474 495 520 537 551 574 575 581 589 601 604 630 655 659 674 685 743 754 760 849
48 224 229 258 278 295 298 314 340 351 373 386 390 391 395 423 427 434 458 471 472 475 486 511 525 528 529 539 540 541 551 580 610 632 659 663 738 742 751 764 774 777 785 789 799 804 815 852 857
44 245 249 259 264 266 273 278 318 340 352 365 372 376 417 430 435 443 444 469 471 484 505 507 511 535 536 544 558 596 609 638 639 643 686 698 716 720 745 779 786 809 830 836 847
35 228 237 242 248 273 301 321 363 390 413 418 441 442 454 488 511 519 526 532 539 613 632 650 694 698 699 703 705 770 780 803 806 855 859 862
26 242 278 288 289 290 291 309 316 334 338 422 454 464 494 549 609 624 628 642 654 668 676 691 716 756 852
30 278 281 293 311 313 315 324 431 436 439 490 497 521 526 534 551 575 593 623 629 639 643 687 698 700 710 720 723 768 788
27 245 311 324 336 337 348 377 381 389 390 417 444 457 482 577 589 604 630 643 658 679 716 730 754 759 801 823
29 244 268 288 294 337 349 384 393 438 442 443 485 511 516 524 551 567 585 596 623 628 695 698 706 772 782 795 809 824
33 231 298 318 335 350 351 353 377 388 421 440 441 451 469 470 472 482 501 517 526 531 545 559 591 592 636 649 663 687 719 769 796 827
22 274 308 324 349 397 402 449 457 511 581 609 611 615 655 671 705 722 725 758 773 777 811
30 332 335 338 343 381 387 394 402 423 443 467 486 529 533 536 539 558 561 580 598 682 693 722 737 747 754 766 815 819 854
43 235 257 268 278 309 311 315 333 376 392 406 425 437 478 493 498 502 512 533 556 580 592 594 603 606 617 661 669 672 679 683 706 708 714 769 787 796 807 811 815 847 848 856
23 270 276 289 308 327 340 372 399 425 475 480 554 576 589 609 639 700 711 732 796 807 830 835
25 278 285 310 326 328 406 411 455 456 502 506 607 617 634 654 663 681 685 694 727 737 780 781 823 851
32 235 253 259 265 328 332 343 366 368 379 403 422 423 427 429 480 505 551 587 606 639 724 732 752 755 770 776 790 809 815 826 841
28 238 253 290 293 377 391 408 445 480 495 500 519 545 549 566 580 604 605 619 640 643 705 745 769 796 815 836 838
29 238 255 264 276 284 370 373 408 430 442 463 466 474 507 555 582 603 641 643 655 686 745 779 791 795 807 829 837 841
29 261 349 372 381 384 398 408 448 463 508 518 521 542 557 629 635 645 649 651 662 665 674 717 735 738 739 753 782 861
32 241 278 314 346 362 370 404 415 417 433 455 467 495 525 528 529 544 551 558 580 587 613 619 633 644 645 675 708 738 781 818 823
38 239 242 264 274 313 340 347 360 379 391 406 418 436 441 462 470 513 525 551 577 586 607 637 659 664 667 684 726 728 730 732 748 774 787 800 813 816 824
29 242 266 271 303 349 350 367 388 399 415 446 459 469 496 515 532 547 593 608 609 630 636 648 666 703 729 762 791 859
28 247 254 256 267 323 331 342 363 401 410 412 450 454 464 490 493 583 584 603 637 638 655 691 696 700 715 745 846
25 250 255 289 386 397 442 474 488 493 521 549 610 614 615 617 621 647 648 659 670 721 771 782 793 819
33 245 253 274 293 297 329 344 391 392 411 445 459 461 468 474 525 540 552 681 688 695 699 702 725 735 776 783 785 799 808 812 813 820
20 248 278 337 372 390 409 434 437 448 470 492 531 556 577 590 639 679 795 824 853
34 257 266 294 325 339 359 366 391 407 433 446 492 504 509 534 539 563 570 635 660 666 669 679 681 695 708 728 754 762 764 765 795 826 863
35 252 261 268 271 273 283 286 305 329 349 352 384 387 429 462 503 513 516 529 565 576 585 586 618 622 624 628 643 660 664 705 775 784 825 833
26 346 347 427 443 448 464 466 510 520 527 536 551 579 593 611 616 646 676 684 692 698 715 727 737 760 776
35 262 278 293 302 312 315 316 322 380 382 393 402 423 433 434 463 467 469 472 473 475 492 509 569 616 620 634 643 667 685 697 729 756 769 850
28 260 280 283 284 318 346 350 351 368 386 454 476 552 571 575 608 621 643 663 673 675 692 726 727 732 737 796 823
32 250 260 271 272 292 311 375 377 428 433 450 451 515 521 534 550 606 610 643 644 668 677 685 697 728 752 766 767 768 771 795 814
32 263 307 314 331 346 389 405 408 411 425 463 479 493 545 548 560 567 599 620 638 678 679 687 722 723 725 746 806 817 837 858 863
37 258 268 274 282 283 290 351 368 370 378 384 391 457 527 532 534 558 585 592 600 611 634 639 681 695 698 704 734 759 772 773 780 805 806 822 841 862
29 268 272 286 313 393 454 511 520 551 554 555 576 617 653 657 666 695 705 707 718 723 724 748 786 794 802 813 821 840
36 266 299 308 317 322 369 370 406 410 426 436 439 455 461 522 525 550 551 566 583 600 642 646 685 700 724 742 754 756 766 774 790 798 807 815 844
32 267 284 286 292 332 367 371 389 392 487 490 492 499 509 515 524 533 557 621 626 635 637 654 739 748 757 768 805 823 830 837 842
27 259 271 281 299 311 323 326 340 358 396 433 444 460 486 498 507 509 532 632 663 695 723 747 786 790 837 839
40 262 275 276 341 358 407 410 442 447 458 480 504 540 571 572 588 598 599 610 635 647 654 659 668 682 697 709 719 731 735 752 754 796 805 821 828 830 837 838 861
29 274 291 310 314 317 325 329 361 366 378 383 385 506 526 554 567 603 612 635 639 676 687 711 740 750 754 779 812 843
31 264 281 283 297 300 302 343 415 458 496 513 525 537 572 575 657 663 664 689 701 729 759 767 772 774 793 800 816 821 824 847
33 260 266 291 320 337 356 377 385 396 403 428 488 492 495 507 511 538 548 563 564 599 625 646 661 710 718 721 728 751 785 793 797 855
33 265 266 316 339 356 380 398 478 495 496 528 529 530 556 577 585 586 614 626 673 680 686 695 697 707 714 741 754 758 765 799 852 863
31 314 316 328 334 354 430 432 455 466 486 523 548 554 563 613 625 654 706 713 736 737 743 773 774 792 795 815 829 837 859 863
34 277 288 289 306 324 358 372 377 387 391 401 440 445 448 472 499 541 544 681 682 692 696 699 704 722 746 748 764 767 779 782 796 847 857
31 283 292 298 305 310 356 396 401 411 437 438 473 496 509 526 574 591 592 607 630 633 637 639 702 709 710 718 730 731 794 853
36 270 275 316 325 353 362 364 375 376 414 417 428 438 449 475 486 491 517 574 576 582 619 646 666 680 681 687 697 703 716 723 734 748 763 827 854
32 274 281 292 344 348 366 377 384 391 452 522 551 553 560 588 596 607 649 661 699 736 784 792 803 806 807 818 822 831 835 844 848
35 292 295 306 319 322 325 344 372 390 393 409 432 456 459 481 485 517 519 541 550 609 617 625 634 671 701 723 742 743 773 793 809 819 833 858
44 273 305 312 341 363 375 406 415 422 424 427 440 445 450 467 505 550 578 588 591 597 611 632 638 652 654 656 683 694 702 704 739 780 797 798 799 811 815 836 838 845 848 852 855
26 275 286 372 383 432 459 469 493 499 508 551 573 584 587 624 669 678 722 726 736 742 808 811 839 850 852
32 326 369 422 464 466 486 499 502 521 535 552 562 566 568 576 599 608 612 639 643 648 652 696 705 729 732 733 738 751 758 785 814
29 276 280 285 291 333 344 365 384 412 415 449 510 539 553 555 579 584 632 639 641 664 687 726 743 811 828 839 841 854
34 276 307 331 337 345 352 355 358 364 407 425 456 476 515 584 585 610 632 634 644 652 674 728 741 761 771 783 785 786 797 800 828 850 854
23 304 314 317 340 352 359 440 468 480 521 584 609 657 680 720 760 766 784 789 803 842 854 863
20 284 311 337 393 498 525 527 555 557 558 581 592 598 654 758 759 775 780 838 848
27 296 326 338 350 355 428 446 477 493 494 521 528 536 539 542 559 571 593 610 617 620 624 676 688 729 800 842
27 318 334 369 379 411 415 438 439 456 497 500 508 513 521 525 554 556 582 593 622 630 636 637 684 732 738 791
29 277 278 288 289 315 320 322 351 354 389 394 412 421 427 441 451 459 467 542 688 699 748 755 756 763 772 805 821 823
34 293 323 354 387 399 401 412 413 429 439 448 453 467 492 493 524 542 560 578 593 606 607 621 654 674 676 702 733 740 741 799 802 831 857
33 303 338 361 390 394 398 401 412 414 432 452 481 486 492 529 564 575 576 584 594 600 614 620 641 651 669 682 698 702 770 773 780 804
28 289 323 324 348 371 399 404 405 452 475 483 514 515 537 539 578 588 608 629 638 691 693 737 756 758 766 828 831
34 285 298 304 335 338 377 383 400 476 483 494 497 505 518 545 550 569 572 583 587 614 629 639 643 655 661 690 705 710 724 761 817 847 861
32 286 292 307 317 318 337 352 355 358 394 448 465 470 482 490 507 517 531 533 538 539 585 588 589 658 758 766 805 825 829 833 841
27 342 343 353 373 402 408 416 424 470 472 562 571 593 625 649 653 667 686 699 709 749 760 796 803 857 858 862
29 288 297 312 318 324 336 354 412 421 436 439 479 480 513 554 573 598 634 645 657 664 692 704 733 762 769 787 838 863
38 303 335 364 377 384 388 396 413 445 476 478 481 501 505 509 533 564 587 608 636 637 646 683 690 692 695 705 714 751 755 756 760 763 797 800 832 836 851
22 288 334 389 399 403 449 479 495 505 525 527 557 591 594 613 625 630 643 721 820 826 857
21 362 392 418 446 459 491 498 502 521 584 587 593 610 630 673 674 705 789 808 816 831
29 297 329 340 355 363 426 429 431 451 462 474 483 488 537 539 567 574 577 586 620 624 638 682 741 757 792 840 862 863
29 296 323 367 412 416 428 442 451 456 481 494 544 545 566 613 624 637 640 661 681 682 695 703 726 740 763 824 828 833
25 306 351 368 383 402 404 408 411 416 424 447 453 481 515 527 553 616 618 654 670 724 763 796 827 863
30 342 366 388 409 435 444 446 454 474 536 558 577 580 620 621 643 680 689 696 716 722 725 753 790 794 817 818 825 830 835
33 338 342 348 398 404 429 438 450 547 564 583 588 592 594 614 642 653 658 669 684 694 695 698 720 758 780 790 791 795 809 840 845 852
27 295 301 303 312 322 333 376 396 466 485 500 503 504 519 522 554 575 639 642 662 673 733 744 786 816 858 863
39 327 350 351 354 363 373 408 452 464 473 476 478 481 497 547 560 570 587 589 613 624 629 632 639 642 654 655 668 670 700 704 739 745 766 781 798 810 833 850
35 317 341 379 406 416 417 420 438 478 491 493 504 509 513 525 533 547 555 568 573 645 665 692 694 704 706 739 747 748 778 783 799 836 847 857
21 306 349 357 358 399 465 477 479 481 500 555 573 585 598 686 728 747 801 803 851 858
31 301 347 352 391 416 440 451 453 463 474 523 587 591 607 609 612 624 650 656 694 705 743 776 778 785 787 814 832 842 845 851
27 346 438 442 446 455 483 493 506 523 526 531 542 562 581 612 622 629 659 680 689 694 699 724 751 818 859 863
31 330 332 334 335 360 362 368 411 412 461 467 483 581 603 608 611 624 658 689 703 739 755 764 779 784 786 807 808 851 852 854
37 309 320 323 325 353 361 379 381 425 449 467 472 479 496 517 547 571 586 604 609 635 661 667 673 680 686 698 707 730 769 783 788 797 822 830 839 846
25 336 360 374 394 421 442 450 457 517 522 537 547 553 573 608 617 639 649 653 658 701 720 787 809 829
29 309 342 344 352 355 416 470 480 482 490 496 513 535 589 597 625 635 687 700 724 725 775 779 785 790 838 841 854 857
31 317 330 356 368 402 426 460 461 467 473 493 496 525 539 556 574 596 604 605 617 656 663 687 723 725 772 784 785 792 822 835
20 318 333 341 402 418 439 447 456 459 473 504 559 575 683 686 708 740 837 843 856
19 343 356 392 398 416 477 487 495 529 545 550 583 593 621 680 726 729 744 847
26 309 315 316 327 395 410 427 437 463 464 479 493 495 509 539 541 610 634 652 662 711 716 731 761 802 812
30 307 313 324 357 379 390 394 399 416 437 448 450 456 478 500 518 547 558 585 586 592 598 601 620 672 707 744 786 805 863
38 317 329 334 337 339 350 353 396 413 426 442 468 484 490 528 530 532 536 542 549 572 628 649 701 704 706 710 724 729 741 762 767 768 774 837 840 843 851
27 323 363 398 414 454 477 502 504 514 543 568 599 626 629 639 653 673 677 707 720 743 769 809 810 822 847 862
30 330 334 352 372 388 431 466 490 502 519 551 564 573 640 653 659 665 667 679 701 712 720 725 768 790 802 810 842 855 858
34 317 336 347 350 375 394 395 399 408 482 519 554 584 597 623 635 666 678 681 691 712 716 738 741 751 756 760 764 775 781 824 846 861 862
33 327 343 348 350 393 397 399 451 455 460 462 506 507 510 537 541 547 566 568 571 575 599 608 617 712 725 735 747 796 799 804 816 833
31 343 352 376 379 383 388 392 414 427 440 461 466 477 499 510 526 535 597 605 609 614 627 665 672 692 710 731 737 793 826 829
26 335 345 363 385 391 399 408 455 484 485 510 517 524 538 543 584 604 616 667 714 720 738 742 768 790 812
32 330 366 370 371 377 390 405 428 443 452 459 473 504 528 539 551 553 558 563 564 568 587 596 621 622 644 696 705 708 744 793 854
25 326 372 373 382 419 423 431 444 576 606 608 622 637 655 669 688 706 720 749 752 763 789 817 831 833
23 369 399 437 447 464 480 485 516 523 604 609 622 661 662 689 750 751 774 779 788 794 855 860
36 326 338 341 363 368 392 399 459 484 487 514 517 526 539 547 596 608 618 635 638 639 651 672 677 680 700 705 733 740 750 755 764 775 791 819 851
30 358 394 402 427 436 460 461 486 506 514 551 586 599 620 629 635 667 669 708 740 750 761 779 790 796 804 807 846 851 862
25 325 329 343 443 451 480 499 517 521 563 586 601 630 633 634 716 723 733 744 764 791 809 836 840 862
24 323 395 437 461 470 483 501 507 579 603 608 618 632 666 691 702 715 719 758 790 809 816 841 849
24 347 367 399 401 408 419 424 442 460 492 496 498 523 573 574 581 628 655 680 724 761 780 790 792
24 438 440 452 454 462 482 490 541 543 558 577 583 595 617 646 659 673 677 688 714 747 748 791 840
24 342 345 355 368 397 407 411 416 428 442 450 455 466 467 509 540 569 582 701 706 716 731 778 859
27 345 389 401 417 433 450 455 475 486 509 523 563 566 585 596 648 687 715 726 730 758 774 793 804 811 823 840
24 339 368 371 391 407 437 497 517 519 522 555 566 567 619 655 681 703 718 745 747 810 817 820 835
36 358 376 380 387 389 395 400 411 438 462 467 479 480 489 525 539 550 556 577 583 586 631 677 697 730 750 766 780 793 820 828 829 832 845 849 857
23 371 398 413 442 483 488 495 515 519 535 557 595 693 700 706 708 721 745 753 779 794 853 856
21 338 353 381 418 421 428 451 478 485 555 624 650 679 701 706 724 734 752 811 826 847
35 348 350 356 364 368 378 381 394 397 426 457 467 470 485 499 517 537 579 582 584 605 623 642 646 670 680 691 711 713 716 723 753 807 829 847
21 334 387 510 558 569 583 591 643 653 681 690 693 719 721 727 755 765 781 786 824 856
20 336 349 392 408 409 463 571 577 690 738 755 760 762 763 765 777 793 798 818 848
25 370 382 415 436 470 475 482 488 534 554 559 600 671 683 690 712 732 735 767 770 779 792 807 808 810
25 348 353 358 366 397 401 435 499 504 513 528 596 636 643 648 665 692 706 712 722 764 779 849 854 859
35 337 354 376 413 421 426 432 463 473 495 496 501 511 513 527 539 569 614 641 644 650 687 692 698 716 717 741 768 774 778 793 796 800 810 840
32 358 372 381 403 420 435 437 461 464 490 525 535 541 543 551 571 577 648 653 657 659 686 704 728 776 778 786 799 826 829 833 860
23 389 401 410 420 435 489 490 518 519 548 555 560 573 612 623 651 662 674 764 771 800 825 832
29 339 347 365 400 412 414 428 445 473 474 491 540 545 556 558 566 573 585 625 638 704 756 773 775 776 824 837 838 852
25 339 344 357 358 380 389 409 420 443 458 471 479 490 493 497 524 527 655 682 704 731 765 800 801 818
32 349 387 389 398 401 428 436 473 485 504 514 529 531 570 595 613 622 632 641 665 693 697 704 716 726 750 775 813 837 843 849 856
31 344 345 394 399 434 445 453 454 457 459 465 480 487 492 498 525 555 556 606 643 662 669 734 753 756 759 782 807 812 816 840
27 356 386 404 437 441 447 452 454 456 457 465 468 495 517 528 543 576 585 587 632 661 663 685 691 701 842 848
19 347 349 384 458 503 507 518 535 588 596 645 673 678 682 748 767 800 835 839
31 348 373 432 441 447 483 486 505 540 569 570 586 621 643 645 650 653 654 699 700 705 716 761 805 812 814 821 836 848 854 856
16 346 382 435 465 492 552 558 578 640 687 714 728 731 817 847 862
27 376 385 386 387 417 420 422 424 425 457 480 499 509 519 543 558 590 595 610 706 780 788 795 814 815 826 859
35 351 361 375 384 468 490 498 512 523 526 532 549 552 555 566 581 619 634 640 648 667 669 671 675 679 685 701 713 724 728 730 771 809 812 835
21 362 377 381 448 451 458 498 502 508 543 585 593 602 616 644 676 704 709 747 821 823
22 389 393 447 480 522 527 539 555 567 593 603 620 631 668 679 682 730 735 749 787 822 836
24 378 388 395 459 469 470 472 484 533 546 547 554 581 632 648 659 660 735 739 765 798 807 833 838
25 451 476 483 488 497 521 550 561 619 639 660 679 685 726 731 743 748 758 771 794 805 825 842 854 860
22 360 415 469 490 507 551 572 587 620 636 642 646 655 698 717 733 748 756 761 769 835 847
29 355 361 363 379 405 436 438 446 457 548 565 566 573 579 628 647 678 680 687 696 704 719 742 747 748 781 802 805 848
26 354 358 373 385 442 484 512 516 546 548 592 602 604 622 631 644 664 712 725 726 760 813 827 831 842 863
21 450 451 501 502 506 515 532 570 599 607 625 678 716 723 768 784 787 806 807 817 823
33 363 368 425 442 448 453 454 466 472 499 507 519 521 536 557 566 596 620 628 631 662 676 684 688 709 736 764 768 799 820 845 850 862
23 395 404 405 451 458 467 493 499 514 541 588 594 635 648 692 718 719 737 765 769 772 778 825
30 398 454 457 501 508 524 531 540 543 548 580 591 598 606 619 630 636 654 702 724 730 732 737 743 744 746 776 785 807 816
27 379 380 399 402 416 417 442 466 472 478 504 544 554 555 583 595 638 646 654 655 670 671 703 745 798 825 829
22 363 389 393 414 417 427 440 552 553 571 623 647 660 677 684 750 792 793 810 818 837 854
28 369 390 391 398 408 436 447 449 453 482 488 503 525 592 597 616 641 653 656 700 733 738 750 783 814 844 845 858
25 405 430 443 444 472 509 560 564 591 631 643 644 645 652 663 677 696 723 749 756 761 764 769 818 851
30 369 382 388 420 436 457 466 469 476 486 502 515 553 561 627 634 639 641 666 680 692 694 711 715 734 739 797 818 851 857
16 390 399 410 436 458 472 488 552 562 569 722 768 781 783 833 835
18 404 446 463 474 491 565 570 592 639 641 644 675 731 774 820 827 832 848
25 385 393 400 401 413 444 447 469 475 484 511 563 572 603 625 630 641 644 648 660 731 809 811 820 854
32 369 384 402 425 438 459 469 488 497 507 509 584 585 593 606 615 616 621 636 654 659 660 673 695 739 741 752 778 809 823 831 863
34 381 388 436 442 486 488 503 512 516 519 527 528 554 555 574 596 600 611 630 648 656 657 661 681 686 720 746 780 792 802 805 828 858 863
27 389 400 439 456 496 529 541 549 579 580 588 668 671 697 706 707 715 725 753 765 773 791 795 807 810 816 829
23 449 475 478 495 497 515 529 544 556 588 616 631 637 675 685 796 807 812 813 815 819 827 840
21 393 406 416 427 486 520 558 591 597 608 623 687 740 757 776 795 801 809 812 814 822
21 384 387 402 416 425 463 477 504 526 540 566 571 585 604 651 683 694 707 713 819 858
28 481 495 499 501 520 526 534 547 549 564 567 584 620 634 641 694 744 746 759 765 774 805 814 820 822 854 857 861
18 457 510 546 558 576 589 618 623 660 692 699 706 716 759 849 854 859 863
25 380 418 429 438 469 476 480 512 540 616 623 653 658 663 668 691 706 712 713 727 732 743 794 849 855
25 378 397 413 432 496 506 511 515 552 553 593 614 658 666 671 680 683 715 753 758 769 793 804 815 818
30 398 405 418 445 454 513 528 530 534 555 566 579 601 622 626 628 633 655 668 689 700 706 708 711 753 790 803 839 840 859
17 414 478 514 523 525 562 628 629 637 643 647 658 757 777 794 798 833
17 383 412 440 467 495 513 543 557 570 574 576 601 689 710 740 781 848
22 386 392 404 407 426 465 485 505 514 532 536 575 582 584 604 650 657 669 679 706 741 746
28 423 437 438 454 468 469 478 495 504 507 516 615 627 628 644 649 661 672 692 702 709 714 769 778 796 827 832 841
17 390 431 443 474 480 530 547 595 647 669 693 728 759 775 793 825 848
31 395 400 432 436 458 470 521 529 543 562 563 568 569 574 597 599 613 642 656 665 668 688 726 727 777 781 800 815 857 858 862
27 388 419 420 424 438 479 518 521 530 609 617 628 648 660 668 670 728 735 742 776 780 788 789 825 848 851 853
23 402 411 426 432 434 473 494 527 601 611 633 646 653 655 672 680 718 726 762 791 816 833 862
25 386 411 455 489 495 506 509 514 557 558 566 599 628 648 649 671 678 757 759 795 798 820 831 839 861
26 390 401 424 433 443 444 455 459 496 567 580 581 608 619 642 664 683 717 731 754 777 799 821 839 842 861
39 394 396 429 442 443 446 450 461 467 470 473 478 501 505 508 524 527 534 544 567 596 603 653 660 661 662 682 684 695 701 713 731 732 766 791 793 794 851 853
27 416 457 473 519 527 538 545 551 571 577 589 622 633 677 678 710 716 722 758 780 811 822 826 842 843 847 858
22 401 403 436 481 486 532 551 558 595 602 613 665 687 688 711 738 749 757 787 793 795 854
31 419 449 470 478 502 570 602 627 641 651 665 681 694 695 705 711 728 751 753 758 767 768 777 786 787 789 792 803 804 824 858
19 396 429 450 458 501 510 546 612 635 658 679 680 683 705 735 764 780 784 815
23 397 403 406 428 440 472 505 542 567 585 609 617 663 709 710 719 727 743 755 757 762 775 820
33 396 421 427 454 456 501 526 529 539 567 580 617 624 634 640 641 645 654 671 675 686 694 711 729 741 746 758 770 791 806 824 856 863
20 471 477 509 514 522 545 547 554 559 608 693 728 732 759 773 826 829 840 843 852
19 402 408 410 437 458 467 483 502 513 560 566 625 678 737 755 783 798 820 862
18 397 398 409 434 493 519 521 555 567 629 665 738 752 768 785 788 795 839
22 409 412 416 418 419 440 480 508 517 533 548 577 656 679 692 709 711 738 746 761 853 857
20 409 417 420 445 448 484 511 539 567 570 586 587 589 708 724 741 766 795 820 861
22 481 483 489 521 574 581 605 612 647 658 672 677 699 705 748 790 795 806 816 848 858 862
21 405 422 435 442 529 564 576 598 635 638 648 678 710 728 767 782 783 785 822 852 861
33 412 421 424 435 453 493 509 523 551 579 594 616 623 626 628 653 667 673 676 681 691 695 749 763 776 778 780 805 812 816 842 844 849
28 408 443 521 555 577 623 676 687 721 734 739 740 750 752 763 767 789 797 801 815 818 831 833 837 851 852 859 861
30 404 417 459 483 506 509 524 533 551 559 567 575 582 583 593 601 603 632 688 700 713 715 744 747 766 770 807 823 830 853
22 408 412 429 441 457 476 511 525 556 598 623 666 687 726 733 734 754 761 764 767 845 847
19 436 451 461 478 506 537 592 603 655 660 677 685 717 728 744 751 760 779 792
17 418 442 512 526 534 545 550 554 557 592 602 634 720 778 792 819 832
28 414 448 470 475 478 491 512 513 538 545 548 557 571 639 645 692 705 708 713 715 725 734 760 808 848 849 860 863
22 434 435 468 478 479 485 490 505 574 579 581 592 610 624 629 674 784 797 804 814 816 830
23 492 505 513 515 526 565 576 587 600 603 620 624 640 647 662 681 689 733 741 771 780 855 862
22 442 445 479 489 520 590 608 609 619 635 644 655 683 686 736 758 769 773 778 820 853 863
26 412 439 447 458 512 535 555 565 601 607 615 633 634 637 642 649 650 668 685 701 718 726 734 776 781 828
24 428 430 432 456 489 490 517 530 540 607 625 632 642 647 679 701 746 772 783 793 802 808 812 856
28 465 478 545 554 570 592 600 613 617 621 629 637 641 646 654 661 670 672 677 700 740 758 782 831 833 841 853 857
20 435 522 556 562 586 590 624 653 669 671 674 706 749 760 762 789 835 846 855 858
25 427 447 470 477 478 490 496 503 508 550 564 584 599 602 606 643 660 712 715 753 760 778 788 804 806
31 468 495 509 528 532 533 538 549 550 579 585 591 599 604 619 632 657 665 671 690 701 705 733 738 761 780 808 831 853 858 861
28 430 439 442 494 516 551 565 567 577 603 626 661 681 689 694 706 719 723 726 727 730 735 750 757 783 822 847 849
25 423 437 450 476 508 537 549 571 591 598 600 644 663 688 725 726 750 753 760 773 800 835 855 856 858
12 554 656 668 676 708 725 731 760 770 832 837 857
18 479 487 490 512 523 533 546 557 562 565 572 595 624 638 669 711 743 789
18 447 540 569 594 624 656 714 723 745 748 753 767 802 807 815 847 848 860
18 456 472 548 561 585 638 652 667 687 690 733 744 751 753 773 781 795 801
22 456 498 500 549 559 628 636 637 646 652 655 667 678 712 720 734 768 818 835 837 846 850
31 426 457 462 494 498 515 523 524 547 570 577 604 622 624 651 679 699 707 728 730 743 751 772 778 785 786 806 812 814 827 840
17 484 490 512 563 564 588 606 613 624 729 768 773 776 780 799 834 862
17 469 485 489 504 516 540 560 561 607 619 673 679 684 692 769 784 794
19 485 490 573 590 612 622 630 678 754 760 762 781 786 790 801 813 852 854 855
20 431 473 491 501 516 520 522 536 586 607 615 625 632 676 772 779 789 825 835 840
31 442 503 504 509 517 529 541 571 588 597 606 607 608 628 652 672 679 695 703 704 723 736 737 739 746 757 795 850 852 856 861
17 449 455 483 516 523 561 596 619 634 636 697 713 767 797 830 847 849
18 436 489 490 497 517 518 625 650 689 690 696 702 710 715 739 740 770 813
18 459 471 518 526 548 555 584 629 634 650 668 788 803 821 823 841 848 863
22 448 481 484 486 494 496 501 531 571 598 636 690 704 751 754 774 780 788 797 802 856 857
30 438 473 493 508 513 515 546 548 605 607 614 636 649 652 666 668 679 683 688 700 710 716 755 757 787 798 835 848 854 860
22 441 449 482 519 526 550 604 638 680 681 689 705 718 733 755 773 785 786 792 821 838 852
20 451 458 465 487 524 538 580 640 659 663 665 682 683 712 740 774 819 836 843 850
21 535 544 555 560 565 603 607 609 610 628 631 633 658 670 701 728 779 840 841 857 861
18 439 463 492 498 535 576 584 623 648 682 717 725 735 748 761 769 819 820
14 441 488 534 547 601 643 687 707 724 756 773 785 812 846
27 455 457 470 489 505 527 539 546 558 559 580 585 604 648 655 714 716 718 724 726 747 786 794 800 841 858 859
19 447 475 485 491 502 536 550 552 627 628 629 657 661 708 710 732 747 849 861
21 489 526 537 551 576 608 612 617 627 634 644 669 691 705 712 715 763 797 836 838 862
27 451 456 461 469 471 486 518 524 536 537 544 545 550 570 578 595 659 683 690 699 758 763 783 798 837 841 858
19 527 528 566 575 580 609 631 649 678 693 699 714 768 771 803 805 822 834 863
21 449 464 473 492 527 533 540 582 614 714 731 738 739 768 788 798 837 845 849 853 861
28 463 472 474 478 498 523 532 535 549 559 565 575 585 610 646 686 691 703 705 722 731 746 748 754 755 807 820 829
21 517 540 556 567 575 587 590 592 640 662 695 700 701 728 744 789 816 817 832 835 840
17 466 489 499 581 612 639 652 670 727 729 745 756 767 791 816 860 862
26 462 481 484 492 505 509 515 519 567 593 606 610 617 628 632 648 715 725 747 772 786 805 819 826 829 852
21 463 524 563 578 580 596 615 668 684 715 728 766 787 797 800 802 808 809 832 846 863
24 478 485 489 498 515 542 557 583 588 600 618 640 652 657 685 709 744 746 765 790 801 836 853 857
23 481 505 518 522 527 553 558 570 580 607 628 633 657 658 720 730 779 796 811 837 848 854 863
14 481 485 499 506 589 595 617 632 648 653 742 748 768 859
21 484 498 517 563 570 581 643 687 713 718 724 729 730 731 733 742 756 826 833 850 860
18 479 509 533 540 553 564 570 590 596 620 687 736 752 763 789 790 792 795
22 466 494 502 516 529 535 631 637 641 656 660 662 688 715 716 783 789 792 807 814 825 833
17 481 519 547 598 614 618 620 621 663 696 764 765 794 800 827 832 862
22 473 503 512 523 535 559 567 641 670 683 686 704 739 746 751 753 755 762 781 809 827 860
14 516 524 540 572 583 600 601 611 664 679 728 797 848 860
15 461 498 522 554 555 636 647 692 698 704 738 759 761 823 853
24 471 478 523 539 563 566 572 592 599 607 610 612 630 649 650 691 769 771 787 789 810 822 823 862
20 468 476 489 509 518 519 530 559 573 581 593 600 666 673 676 725 762 769 802 832
22 466 473 492 542 544 555 562 564 612 633 634 643 671 682 718 776 793 807 823 829 842 845
26 492 496 497 499 504 518 525 534 537 614 621 640 655 693 700 722 761 796 797 806 808 814 821 846 851 858
24 468 530 543 548 550 557 560 574 592 593 604 612 616 675 691 714 721 731 742 772 774 794 821 831
17 501 506 527 558 563 596 627 638 646 661 681 692 697 745 787 854 863
24 469 481 489 491 493 533 555 559 567 577 587 588 596 612 630 658 667 723 735 764 776 799 810 844
20 490 522 553 606 609 638 653 667 707 727 734 740 761 764 766 786 793 801 808 839
18 478 491 502 548 549 563 611 624 653 671 686 689 727 756 767 769 797 803
20 476 478 486 492 510 539 544 597 620 680 718 721 729 745 750 798 809 821 847 859
11 515 521 556 620 649 709 765 771 774 804 809
19 502 547 558 606 647 660 676 680 682 705 738 759 770 786 798 823 833 841 862
17 500 508 535 558 575 596 597 629 710 761 800 801 802 818 826 833 862
15 553 556 575 607 691 692 693 699 744 756 772 801 805 841 848
19 498 503 511 532 560 572 577 597 617 618 628 638 661 718 719 796 797 815 835
8 491 591 611 615 640 667 691 820
18 479 524 570 646 662 679 681 682 687 691 710 723 735 760 765 787 813 855
21 524 528 563 564 568 594 607 636 660 681 714 715 725 743 749 766 768 783 784 820 862
19 506 516 525 528 570 616 626 684 687 693 739 760 787 789 797 813 820 823 857
20 505 516 545 564 576 598 648 670 685 688 709 720 749 766 782 785 798 813 840 853
20 513 524 525 534 576 601 642 652 678 699 708 741 764 769 771 796 841 842 845 861
13 489 499 551 605 627 676 740 741 795 804 831 832 852
23 486 487 492 515 517 555 567 577 635 674 691 694 713 720 740 742 743 764 818 822 829 834 859
13 497 524 596 610 630 634 654 694 708 727 787 819 838
16 486 508 581 608 630 632 638 664 718 732 769 788 789 813 854 859
19 524 529 538 566 605 609 614 624 637 651 652 686 697 722 725 793 816 818 854
12 574 615 638 664 670 694 735 744 754 764 766 837
12 557 592 597 621 630 675 702 715 739 790 812 851
18 490 491 496 498 532 566 620 621 637 641 706 713 714 740 743 757 827 861
23 500 570 588 596 602 630 663 664 674 679 681 721 724 752 755 774 802 809 819 832 839 849 859
17 549 628 649 652 667 672 673 764 768 782 785 792 794 806 815 830 843
31 495 504 545 546 558 563 566 575 587 588 590 625 631 648 649 692 703 705 708 712 717 731 736 800 807 811 818 823 834 842 843
19 505 510 587 593 603 612 613 619 639 641 671 683 686 687 714 731 747 763 842
21 532 534 549 553 565 616 639 650 656 672 683 686 701 735 755 756 767 797 817 822 842
17 497 526 577 580 599 600 608 622 641 656 685 734 759 809 849 850 857
20 502 515 517 556 589 594 621 629 667 694 714 762 763 767 781 796 812 813 839 847
18 507 512 560 570 579 580 587 599 619 650 664 695 717 757 761 818 827 841
20 513 523 526 560 639 655 697 738 740 766 771 772 778 780 799 803 813 828 832 861
23 532 561 569 580 595 603 605 608 667 718 741 748 772 775 783 784 789 794 825 826 831 847 858
15 509 513 515 523 524 545 643 646 659 686 703 773 787 829 840
18 509 510 537 538 563 571 604 609 627 630 633 679 691 726 740 750 766 803
14 566 587 596 662 685 697 716 717 729 769 787 796 805 853
22 523 559 580 586 595 597 606 650 657 665 691 722 743 763 764 767 793 813 814 817 822 827
14 510 551 566 622 680 683 698 702 711 719 739 745 790 854
15 538 540 544 545 551 552 570 594 610 650 722 756 757 805 831
16 524 533 571 577 602 631 642 667 675 741 761 768 770 826 838 855
15 601 605 654 671 675 685 705 720 744 752 760 777 791 821 833
18 535 542 545 565 569 570 589 603 659 663 671 689 731 803 823 828 842 847
15 520 524 527 532 564 583 599 643 650 653 732 768 795 801 849
18 514 519 533 554 561 598 624 666 677 695 710 712 717 733 755 760 803 832
22 516 543 548 555 569 582 594 607 657 665 690 717 730 758 759 762 788 810 828 834 844 851
15 537 577 654 667 673 726 727 733 736 779 804 815 820 828 830
24 517 522 536 545 552 563 570 571 593 619 622 650 673 684 700 703 707 712 744 757 759 817 832 837
11 524 566 568 629 695 725 739 813 837 852 863
22 519 529 546 571 592 599 601 626 635 651 654 656 666 678 690 707 727 778 814 826 839 862
14 538 564 571 573 589 617 625 643 687 719 723 732 757 798
14 559 581 622 639 673 676 705 725 786 798 809 814 823 828
15 544 559 562 570 572 578 583 601 620 627 640 648 729 730 844
11 545 546 547 550 551 561 664 681 690 695 834
27 538 543 565 569 580 582 613 642 644 648 653 715 740 749 778 790 797 800 805 818 820 823 824 825 840 849 850
16 524 532 566 570 597 641 652 658 701 721 722 766 769 791 800 816
17 542 544 566 567 657 660 706 721 726 741 759 780 802 805 824 839 859
15 569 597 610 745 793 795 803 818 819 823 839 842 851 855 859
17 525 526 531 538 542 546 591 618 660 684 691 714 765 812 813 824 852
10 562 605 667 674 685 704 712 715 762 801
22 536 537 538 548 560 570 603 613 620 679 682 686 735 742 756 787 825 830 842 844 854 861
13 538 596 601 612 625 630 648 691 711 769 794 812 829
13 588 611 620 622 628 655 667 740 786 809 829 842 843
11 555 563 586 595 606 613 631 773 795 839 844
13 587 588 613 633 658 670 682 692 709 716 788 794 849
23 534 548 554 575 576 582 608 632 669 672 683 741 758 767 772 777 784 809 811 837 840 841 851
21 537 541 549 563 566 572 613 638 645 649 662 676 716 718 777 779 782 787 789 821 829
16 549 550 560 584 630 632 649 669 679 704 724 734 777 784 785 832
18 536 538 564 584 594 632 638 640 681 715 718 748 751 778 808 809 833 838
19 610 640 654 662 682 695 703 715 720 727 754 757 758 798 800 810 813 822 857
22 542 543 562 572 588 600 611 634 649 671 675 683 689 717 749 753 793 816 823 824 826 827
11 553 572 598 611 613 686 716 742 816 826 831
17 554 588 606 636 650 720 721 725 733 747 784 785 810 817 830 837 859
12 542 545 558 574 593 625 627 640 708 779 799 800
16 550 552 564 569 584 598 629 645 706 726 752 754 767 812 819 850
19 552 611 613 619 620 635 640 656 660 665 685 704 738 754 791 813 836 845 862
13 553 615 677 682 698 730 749 813 822 831 856 860 861
12 599 612 641 646 682 700 726 735 742 748 834 855
11 604 629 639 696 712 735 747 793 829 836 857
17 562 575 594 597 599 608 632 664 711 737 740 741 754 766 817 823 845
13 573 587 631 660 674 747 754 770 783 797 798 813 849
16 576 593 601 648 690 694 701 702 709 728 781 788 809 819 834 841
21 585 588 598 611 612 641 670 691 692 696 717 720 735 740 763 776 801 812 828 839 850
15 556 624 632 644 656 672 677 681 710 742 774 777 788 845 851
18 578 625 627 632 633 658 664 688 695 723 739 742 758 779 810 817 818 840
18 577 615 623 631 650 662 664 669 684 706 734 736 743 794 798 804 836 837
9 563 565 635 670 709 752 818 853 859
14 556 585 609 625 632 635 665 708 711 745 802 803 812 833
19 566 575 587 595 602 634 638 668 675 707 729 751 787 803 827 832 844 851 853
11 596 607 621 629 648 660 731 748 771 778 785
17 567 608 618 635 657 671 673 680 686 689 710 761 772 783 816 851 858
22 558 571 572 580 646 656 671 690 695 703 712 719 742 776 783 794 810 811 837 845 850 858
23 589 596 605 616 633 682 685 696 704 715 723 729 754 764 777 780 789 800 804 808 829 832 859
16 567 573 588 605 620 651 682 684 691 722 733 762 776 791 843 859
16 570 601 619 643 659 698 703 708 710 712 717 756 791 814 815 835
14 572 583 590 627 664 748 764 769 775 784 794 795 802 858
14 610 666 677 712 714 756 779 806 809 815 844 848 858 863
13 573 597 628 691 693 720 722 790 804 818 840 841 851
15 591 628 639 653 670 671 673 730 748 760 767 785 819 842 860
10 609 627 651 710 713 752 753 795 828 852
12 630 658 662 682 720 734 741 751 761 771 777 848
15 579 622 645 655 694 746 753 754 760 768 783 787 790 796 847
15 621 652 660 666 668 669 672 676 695 708 719 730 763 831 852
9 596 609 633 647 658 668 720 797 812
13 589 617 625 639 712 726 752 771 780 783 810 827 841
20 588 601 602 607 625 637 644 648 657 700 709 715 720 728 729 745 776 784 807 856
13 599 604 662 691 708 716 727 750 766 794 815 838 848
15 584 593 597 600 602 603 692 724 740 742 760 780 789 798 855
9 598 631 635 653 691 701 737 743 749
19 580 604 631 642 648 654 666 668 686 694 702 714 720 745 769 775 804 823 858
10 601 609 677 683 699 702 713 763 776 808
16 580 613 623 630 639 648 669 689 727 735 779 782 823 843 847 858
14 588 621 631 648 657 664 694 700 705 715 744 802 804 805
12 580 598 624 626 641 689 717 719 741 763 786 826
11 609 617 625 651 659 668 677 772 814 826 858
12 600 614 619 620 630 664 714 719 724 754 795 798
17 603 604 606 636 654 682 695 710 711 724 737 748 753 761 769 777 837
17 588 591 630 684 704 716 729 732 736 739 741 746 761 812 827 834 862
19 591 596 641 664 682 691 702 706 732 737 763 770 794 822 823 827 847 852 860
13 601 620 656 683 760 797 810 814 819 822 826 833 846
9 597 601 676 724 756 780 807 850 854
8 596 601 623 651 666 717 787 837
11 592 625 639 648 664 666 681 706 755 812 819
18 592 603 612 632 649 672 686 693 703 725 731 733 757 760 761 780 810 831
14 650 651 659 687 732 734 749 754 758 770 771 779 787 799
9 601 619 727 734 773 781 789 807 820
10 601 602 647 701 714 734 799 812 818 856
7 679 695 719 740 821 835 845
13 634 658 660 680 726 757 779 798 809 816 854 859 862
9 608 615 628 629 676 693 737 791 810
18 616 641 648 664 700 715 727 728 729 758 759 768 804 809 810 812 822 863
15 612 617 639 652 672 674 683 692 726 748 770 818 827 831 851
12 605 639 647 671 673 699 718 721 777 826 839 856
18 609 613 621 642 648 655 656 663 701 704 726 756 797 814 828 834 847 849
11 657 676 684 695 700 718 729 765 774 795 817
13 650 672 685 703 773 776 788 799 807 809 817 842 851
12 612 615 650 686 715 747 759 765 767 781 810 832
19 612 656 662 665 685 717 726 730 756 757 758 759 763 770 792 828 829 837 854
11 613 625 641 658 701 735 736 755 830 831 850
12 606 634 643 694 702 710 715 754 814 830 831 844
12 617 621 634 645 657 672 676 695 702 755 762 793
16 615 623 631 633 635 641 646 658 724 738 751 768 776 784 823 843
6 615 656 679 700 831 861
14 648 657 668 673 685 714 725 744 766 780 784 790 798 832
6 641 677 761 773 774 861
16 616 667 714 728 733 735 759 777 783 785 791 794 802 807 851 853
11 653 676 697 698 738 747 786 793 798 806 852
9 617 665 713 748 810 812 822 837 845
12 616 620 637 640 687 722 756 764 777 801 850 863
8 645 646 676 693 828 830 852 861
14 620 672 678 721 723 726 753 772 799 807 810 831 840 859
13 639 662 663 694 725 728 777 778 790 801 812 828 850
16 658 662 679 699 703 705 718 739 776 794 799 806 837 848 855 859
12 643 664 667 671 682 700 774 777 788 821 832 845
16 625 632 637 638 642 662 668 685 706 713 741 744 779 794 807 858
14 636 638 691 694 743 751 752 756 764 781 791 815 855 858
11 649 680 699 704 711 754 756 787 792 834 856
15 625 659 667 678 680 702 705 719 725 732 777 795 834 849 861
10 659 660 696 732 744 746 774 823 835 863
9 627 663 666 690 712 732 788 848 851
11 658 668 695 704 710 714 717 798 804 808 846
7 631 653 761 792 831 837 843
4 653 845 855 859
8 649 693 694 760 776 788 818 841
10 663 695 715 765 766 773 805 813 821 842
16 633 638 681 688 700 728 747 761 764 774 790 792 795 812 825 837
18 640 643 651 652 673 675 676 726 732 757 772 776 779 788 809 830 852 858
14 668 676 679 715 738 740 745 747 748 757 772 782 839 859
7 639 657 670 695 769 781 809
13 655 665 672 673 680 681 698 710 712 743 768 810 856
16 679 686 687 692 740 744 748 756 785 798 823 836 840 842 849 859
12 650 692 700 709 726 735 748 787 805 818 831 858
16 639 673 679 685 701 707 711 720 744 747 754 755 788 826 838 859
10 641 650 665 679 739 771 776 805 851 852
9 654 710 752 763 778 781 819 820 854
11 657 658 661 672 687 781 782 813 834 846 850
15 657 686 696 698 705 754 755 762 769 804 809 842 851 856 857
15 665 678 679 683 709 733 735 748 751 756 757 769 782 816 828
10 703 710 791 797 828 829 830 840 853 861
15 648 656 665 693 713 716 728 733 753 758 762 780 798 808 811
17 654 664 718 728 730 735 739 770 800 801 802 811 818 824 826 832 846
11 687 691 692 697 714 716 724 748 761 801 808
6 702 726 761 772 822 840
13 651 687 698 718 733 739 763 764 776 789 811 827 830
7 653 666 725 736 758 807 828
12 659 661 688 689 727 728 751 761 777 796 821 861
10 692 703 710 730 733 775 785 797 805 831
13 659 718 722 727 736 750 766 781 788 794 801 823 828
6 655 677 690 691 736 816
9 664 668 671 693 726 727 736 800 823
7 662 683 715 735 774 788 825
10 676 685 728 731 732 759 810 812 831 845
16 718 733 734 737 739 748 749 754 777 830 834 842 843 849 858 860
12 660 700 703 705 719 724 757 774 804 807 808 823
13 677 682 694 710 763 772 775 789 805 826 840 844 857
7 671 708 764 784 826 854 859
9 667 676 698 703 733 763 778 798 813
9 673 710 747 806 826 827 831 838 854
11 672 700 704 706 715 731 732 757 769 794 826
5 669 689 761 797 852
9 673 675 702 733 735 749 830 833 860
7 704 725 750 775 792 810 828
12 696 710 713 715 742 773 786 792 822 829 837 862
6 679 691 692 754 783 852
9 671 699 705 749 768 775 826 839 840
12 676 708 711 729 748 753 760 790 804 810 815 863
6 695 766 788 795 846 861
12 678 680 703 706 710 722 766 786 792 813 825 834
10 688 697 717 723 740 775 798 807 820 830
9 734 739 762 765 775 794 838 853 859
7 721 751 789 817 822 832 839
11 686 710 730 731 760 783 791 823 827 846 851
9 697 737 761 782 783 803 814 825 849
10 693 700 719 727 736 742 749 761 814 830
9 697 699 718 727 734 760 789 810 861
8 700 711 714 715 756 776 810 816
8 712 730 741 754 771 773 852 853
9 713 745 757 761 827 837 848 852 859
4 727 728 776 778
8 697 699 708 713 737 816 820 824
2 765 822
13 706 733 740 751 757 774 775 787 788 817 823 827 863
6 734 745 760 814 841 844
6 702 741 744 822 834 855
12 719 726 748 754 774 788 790 807 815 840 848 858
7 734 741 752 754 768 791 844
12 700 728 734 740 762 778 795 803 808 831 842 847
10 712 716 718 743 746 782 796 823 851 860
5 702 714 729 732 766
6 743 780 797 816 837 860
9 699 705 730 771 781 790 835 836 850
7 702 705 717 767 772 802 846
11 718 726 737 750 769 781 796 808 812 831 854
5 737 743 751 818 841
5 737 777 795 798 846
9 712 720 734 737 748 754 766 791 792
3 828 844 852
8 755 801 811 824 841 845 852 860
10 707 711 715 731 766 776 792 815 820 858
9 707 708 727 729 733 765 795 831 863
7 716 717 772 780 798 840 848
10 708 713 739 741 778 785 797 801 836 843
3 713 715 844
14 712 727 748 752 757 763 779 786 809 815 828 843 848 860
7 753 755 762 811 839 841 842
4 715 739 747 860
10 727 746 766 767 779 795 797 803 808 848
4 735 770 779 805
11 730 735 749 751 763 764 772 781 806 844 850
3 760 802 816
9 738 743 761 765 774 815 835 843 846
6 718 777 828 832 835 844
5 724 738 780 852 859
11 733 745 756 761 773 795 804 815 822 837 845
8 733 735 797 808 818 848 854 863
9 723 762 772 792 793 805 823 833 846
12 728 737 738 753 759 763 765 768 779 800 807 863
10 740 744 761 768 776 780 781 793 828 861
9 726 728 734 739 756 821 829 839 847
8 736 737 757 795 799 849 855 861
10 728 735 757 772 779 783 796 819 833 844
8 729 745 774 781 806 820 828 856
3 745 771 793
12 735 753 774 781 784 791 807 810 819 832 834 838
11 734 782 793 794 806 811 823 838 841 847 848
10 737 757 768 788 789 819 826 835 836 859
8 789 793 797 813 814 822 824 828
10 737 739 741 777 811 823 837 838 840 841
6 760 764 767 774 777 810
11 787 795 797 803 828 831 850 853 856 861 863
6 766 787 813 834 854 862
8 754 776 795 825 848 856 858 860
3 790 797 836
7 747 791 794 827 846 853 857
4 759 804 848 860
8 750 759 770 810 829 835 839 863
5 759 825 826 834 857
5 762 781 817 832 843
7 754 770 775 793 813 818 862
8 755 760 791 802 813 819 839 858
3 752 826 847
11 751 757 767 781 795 796 821 822 827 847 861
4 765 801 816 825
5 764 779 799 808 840
10 751 766 774 779 792 794 795 800 847 863
3 796 815 820
7 755 760 786 814 822 859 862
8 775 793 821 831 839 852 853 863
6 769 827 839 840 855 857
6 761 764 820 828 835 845
4 765 769 787 807
4 765 773 776 817
5 790 807 810 832 839
2 793 810
3 791 859 861
7 772 791 801 802 818 833 841
10 764 765 791 808 818 834 844 845 848 849
5 764 768 778 799 836
7 774 778 794 809 813 841 858
11 769 770 780 798 800 807 812 836 840 846 848
5 774 782 794 836 838
4 780 788 802 821
1 821
10 772 828 832 835 836 845 849 852 853 859
3 850 854 857
5 775 796 821 836 847
0
3 794 857 859
6 782 822 828 829 849 858
2 794 837
2 803 839
2 780 833
3 816 851 855
7 780 781 783 794 834 845 857
5 794 804 809 832 851
3 839 841 845
1 855
6 785 799 812 817 819 834
4 802 811 815 862
1 802
5 805 821 838 857 858
4 790 795 823 830
0
2 836 837
6 804 809 820 833 842 861
2 803 835
3 805 819 857
2 822 861
8 801 811 816 833 843 846 850 863
6 803 805 809 831 852 853
3 835 843 851
5 802 814 824 850 857
2 812 816
2 800 831
7 807 811 830 836 855 860 862
3 813 826 844
4 803 818 821 858
2 824 842
2 830 849
8 809 817 820 834 841 845 855 858
0
2 824 854
4 815 822 839 844
2 812 820
3 815 821 838
3 815 816 836
2 837 856
0
0
0
1 826
8 819 824 825 828 832 842 846 851
3 832 837 855
1 843
3 837 842 843
4 823 835 836 856
1 842
2 824 845
1 832
1 826
2 832 841
1 856
0
1 840
2 849 859
2 842 849
1 855
1 838
0
1 856
2 844 861
2 845 847
2 850 858
1 849
0
1 860
0
0
0
1 856
0
0
1 855
0
0
1 852
1 855
2 860 863
0
1 861
0
0
0
0
0
1 863
0
0
