487
18 35 80 106 164 189 248 264 292 293 312 323 341 351 360 366 374 380 381
18 24 30 50 52 133 177 178 224 245 258 322 343 378 417 426 431 459 479
22 33 60 67 72 74 75 93 111 120 148 179 193 269 270 313 347 354 380 386 388 421 458
23 14 37 74 84 118 180 186 210 219 241 261 303 307 322 327 359 364 410 423 440 444 455 471
32 19 30 37 44 57 67 82 109 151 156 200 208 212 217 224 228 237 243 244 281 284 295 314 323 337 352 374 384 389 444 451 479
18 19 32 61 71 85 89 159 177 195 218 219 250 283 299 306 333 339 475
21 35 42 56 65 72 102 119 122 187 203 233 246 278 287 304 328 342 374 397 422 425
25 34 83 87 89 106 117 130 138 157 164 179 188 209 232 270 271 273 302 305 320 337 390 415 444 481
20 17 53 62 82 115 124 129 174 205 244 246 281 291 314 347 377 423 427 450 484
23 83 127 143 200 203 205 210 221 227 240 241 247 250 255 259 304 323 360 373 395 396 470 471
18 22 53 59 101 121 137 177 227 261 299 305 363 373 378 403 417 420 449
29 37 46 85 99 104 116 150 159 176 193 207 223 233 238 248 255 304 311 333 334 338 341 362 365 451 465 471 476 479
24 23 59 93 104 110 114 124 143 148 150 184 204 260 268 269 297 326 377 388 407 417 420 423 436
20 18 24 26 34 173 198 206 218 282 285 301 316 323 350 358 385 390 417 456 466
21 16 28 56 57 175 200 214 222 260 272 276 282 284 295 338 357 361 384 420 427 470
20 19 28 33 130 144 200 229 263 286 291 296 300 315 328 329 366 449 450 474 479
23 43 45 83 98 102 117 143 153 181 217 218 243 252 268 291 317 376 412 413 445 468 470 481
17 28 30 93 109 182 214 237 244 245 270 298 303 332 351 383 409 469
23 32 42 48 83 86 90 98 103 105 131 145 160 168 244 263 317 339 346 377 389 404 417 486
26 25 61 62 77 104 119 142 148 150 183 192 215 268 276 322 326 349 353 398 399 426 427 437 474 476 479
28 37 42 44 55 59 134 167 185 196 206 218 267 286 306 323 326 338 355 358 423 428 433 436 450 457 461 469 483
23 38 56 58 96 135 182 189 243 249 265 281 282 283 309 344 345 377 382 406 424 452 458 473
18 27 63 77 102 104 112 158 230 255 262 265 269 276 290 351 425 456 459
20 84 92 99 112 162 203 232 263 300 334 336 354 356 378 397 416 419 436 437 481
24 46 78 124 178 187 203 229 230 231 247 265 312 350 360 367 395 399 409 438 440 455 459 462 476
16 29 76 189 204 213 234 242 294 348 367 382 395 408 441 478 481
18 42 46 64 79 84 94 130 147 155 169 186 245 298 335 426 437 451 453
19 54 101 103 129 131 198 206 234 235 243 266 293 326 376 383 392 420 476 485
24 41 68 71 79 81 92 133 149 165 175 211 223 230 235 243 291 317 399 404 414 421 428 446 451
13 83 159 184 202 228 231 314 334 335 340 367 369 429
18 47 52 75 83 159 201 206 227 228 252 265 280 287 333 399 416 418 456
17 72 76 142 188 191 212 260 269 292 294 296 298 304 358 365 376 427
20 59 84 100 102 147 176 193 197 217 242 288 306 347 348 358 367 382 396 397 407
20 57 85 86 92 130 131 142 168 171 172 180 190 201 202 295 307 369 375 423 466
19 74 88 103 131 148 153 187 225 281 343 361 369 373 411 428 433 438 449 486
23 52 63 79 97 108 109 122 146 162 172 180 215 226 229 242 264 274 284 381 409 415 422 462
26 58 102 112 117 126 157 163 239 252 271 272 276 292 322 336 345 362 384 388 401 408 434 441 443 450 470
24 63 84 108 110 133 139 164 180 233 253 260 261 325 361 366 372 385 413 435 442 446 448 475 483
21 61 62 136 142 144 147 155 173 177 198 207 224 242 284 326 404 405 411 441 447 453
21 46 58 102 119 120 138 144 155 212 216 223 250 258 290 303 318 360 407 448 453 473
18 48 66 107 109 113 123 154 159 208 232 240 301 369 388 393 406 430 462
22 81 153 157 189 209 222 255 256 258 274 282 303 332 333 335 367 368 399 401 412 445 465
23 51 106 131 172 185 188 191 193 195 197 198 271 272 284 301 307 332 343 410 427 430 436 443
18 49 50 55 59 107 129 130 148 165 173 190 204 263 266 286 311 372 427
20 65 73 86 108 109 120 151 185 221 226 242 247 286 293 329 334 354 395 409 410
24 107 115 116 166 177 191 198 201 203 217 220 257 269 274 289 293 333 361 366 385 411 423 437 485
21 75 78 82 87 95 111 155 172 184 234 251 253 277 334 347 391 400 408 410 433 451
20 57 61 154 164 188 216 225 247 288 290 303 340 345 350 356 374 375 409 452 472
24 64 71 108 128 141 213 223 224 235 252 255 260 286 288 315 323 325 336 396 405 439 464 476 484
20 56 59 127 131 137 142 144 205 208 211 263 287 297 313 322 328 358 399 424 485
22 65 69 72 84 111 269 305 307 312 319 320 347 353 392 428 433 445 446 448 452 453 485
23 72 121 131 135 183 184 210 233 251 272 342 345 347 351 355 360 400 407 409 425 456 474 477
17 63 72 156 209 240 242 254 274 309 318 326 360 366 384 429 468 479
24 79 81 84 86 92 129 143 145 172 175 181 192 197 212 228 245 248 266 286 311 325 381 431 447
19 72 83 109 133 139 144 150 157 172 183 204 250 269 350 388 395 430 454 468
17 89 100 102 177 203 204 241 247 248 280 359 368 373 452 461 470 471
29 69 74 86 95 131 138 152 157 159 174 194 210 217 221 224 228 249 290 293 320 337 349 395 398 399 423 432 448 459
29 70 74 81 85 96 123 124 128 131 159 184 214 221 239 268 279 303 308 309 328 333 338 372 377 384 408 439 440 448
22 63 93 96 168 173 187 193 201 230 251 263 318 319 346 348 353 355 358 359 391 418 424
21 86 143 156 168 240 245 248 249 274 277 295 303 317 368 376 409 429 453 466 473 485
15 98 108 109 120 135 151 288 321 338 439 442 449 459 481 482
13 89 104 111 143 178 207 218 235 248 317 358 415 425
29 70 81 86 87 101 117 134 162 169 187 195 208 216 225 229 255 310 322 348 358 378 404 417 419 421 423 443 453 466
18 70 103 108 159 199 206 263 311 332 342 364 371 394 396 405 419 441 463
22 78 87 116 131 153 172 175 220 221 237 248 258 267 281 304 365 396 419 434 441 461 486
22 90 91 131 161 162 175 180 228 232 270 294 310 317 330 337 400 404 426 428 434 468 473
22 80 81 94 103 105 141 150 210 241 245 246 255 268 276 311 313 318 366 406 471 477 479
19 100 102 122 140 147 162 193 230 231 248 255 264 329 349 360 363 378 436 468
20 75 84 114 177 235 240 278 303 323 348 360 371 394 407 410 431 443 444 471 479
25 72 91 95 96 100 120 121 134 162 232 239 241 244 257 269 306 335 351 380 391 408 417 448 454 478
17 77 106 127 139 181 191 213 230 260 273 296 309 330 334 355 390 464
22 74 85 90 100 106 124 193 203 231 254 275 289 306 315 320 331 375 388 398 413 435 472
18 130 182 245 261 275 287 320 332 335 344 383 386 390 400 451 455 466 468
29 78 104 114 133 158 188 190 198 209 247 317 330 333 334 346 347 358 363 374 392 417 419 426 432 442 443 461 479 482
28 100 118 128 134 147 149 166 178 180 218 226 229 234 245 246 258 283 284 305 308 314 342 366 375 428 434 465 472
23 89 94 126 136 142 159 181 191 195 199 201 233 271 313 332 365 410 427 429 456 474 483 484
17 85 105 110 141 183 193 231 233 235 238 257 276 337 379 403 431 459
20 128 173 176 177 226 231 283 292 296 328 367 410 416 417 418 419 445 461 484 485
17 122 144 164 175 178 204 281 293 373 376 379 386 402 419 466 467 486
24 85 92 111 116 138 142 178 219 220 232 234 259 295 310 354 358 369 371 386 425 430 432 476 478
22 82 88 94 95 102 105 137 138 177 200 223 237 273 275 360 366 373 385 428 474 475 480
27 104 125 135 159 194 215 220 230 231 236 262 267 273 274 277 290 328 335 352 393 395 436 452 467 472 475 483
20 104 124 168 175 206 253 277 286 308 349 353 357 386 395 427 433 439 444 475 486
26 103 179 180 185 193 205 221 225 239 250 283 284 304 321 323 328 334 356 367 370 374 397 399 414 426 427
21 123 156 167 195 200 216 218 249 254 259 324 326 353 400 420 422 423 440 467 476 479
22 115 135 156 157 183 202 228 248 249 283 284 287 292 298 322 325 335 339 343 347 404 443
21 115 145 150 164 169 180 197 211 229 232 296 378 388 391 399 441 447 464 466 471 486
16 90 93 143 181 182 206 219 245 277 295 323 332 382 403 413 442
28 107 111 133 149 155 158 175 183 187 209 220 245 263 264 282 306 308 309 313 334 369 412 416 424 442 458 472 474
30 92 108 113 123 141 145 165 173 174 178 193 196 211 229 230 232 238 273 296 334 349 355 359 368 371 381 385 411 421 428
22 98 102 114 238 248 315 316 338 340 342 345 351 382 389 395 425 441 448 453 456 472 473
27 96 113 126 153 162 182 197 214 228 231 232 239 252 316 336 348 351 362 365 368 372 390 399 419 436 462 466
21 98 144 171 195 214 253 254 280 313 316 335 336 343 355 402 433 437 444 445 460 461
20 121 122 135 151 193 224 232 245 274 317 337 366 389 423 432 442 456 465 476 484
21 120 131 166 172 208 263 279 292 312 362 384 388 407 408 432 434 443 445 453 460 477
32 98 116 152 164 170 184 186 198 214 216 229 232 246 251 264 269 289 300 303 321 342 358 363 381 405 410 426 441 447 456 465 468
19 111 116 119 145 176 184 194 250 271 287 299 302 312 327 336 352 420 464 479
20 104 114 136 151 160 176 194 224 227 239 245 287 312 334 346 367 386 446 451 454
11 104 111 156 158 199 225 253 268 344 401 450
16 136 167 209 219 225 290 295 313 314 339 374 405 425 426 435 455
19 132 155 178 202 215 290 320 333 340 341 358 375 387 420 454 455 460 462 470
23 131 136 151 177 186 192 219 229 278 297 301 316 327 339 370 391 394 397 398 400 448 456 469
14 117 134 142 162 171 225 231 238 264 312 365 369 415 448
24 112 134 148 162 166 169 173 181 187 201 204 217 245 262 268 279 288 344 402 414 439 441 454 480
23 145 151 153 194 201 211 224 263 268 277 281 298 301 310 319 330 389 393 405 420 431 464 469
15 111 141 163 167 177 238 257 285 325 337 365 372 382 394 406
20 118 130 133 166 174 180 198 200 209 250 287 310 314 342 395 413 424 439 461 479
20 111 131 177 181 188 209 215 221 236 237 261 325 329 343 347 371 375 393 409 411
19 204 234 244 265 269 277 279 315 340 341 347 352 387 426 448 454 477 478 485
17 111 112 124 134 212 221 251 278 291 318 322 359 396 430 436 444 469
14 115 132 147 185 200 204 228 232 263 281 341 415 443 449
14 144 153 212 220 228 296 299 396 401 414 432 434 448 466
21 125 137 214 215 225 226 250 253 263 264 273 275 296 343 355 365 367 378 382 396 447
17 143 188 207 232 235 237 247 263 269 284 305 356 364 376 400 420 477
16 122 171 187 223 310 314 334 336 338 340 356 359 360 372 426 432
23 135 149 151 169 182 188 230 233 238 254 261 287 289 315 352 362 391 399 402 417 445 472 485
26 139 173 181 186 187 216 218 232 233 238 241 273 300 310 327 376 393 409 411 417 425 427 433 442 444 449
18 151 175 176 177 182 208 222 232 247 256 282 358 369 372 397 401 411 457
19 129 145 159 163 177 247 248 255 273 317 326 340 380 383 413 421 426 482 486
22 201 202 207 230 234 271 273 283 295 306 330 340 341 370 371 374 398 404 405 413 484 486
21 127 130 144 145 181 212 218 248 283 303 320 323 334 378 392 407 413 420 439 445 468
20 162 170 173 185 235 249 320 339 341 348 381 386 415 421 427 438 448 452 463 472
23 129 131 148 167 211 244 293 305 328 340 382 389 393 411 427 428 435 442 450 454 455 464 466
16 184 193 196 204 217 248 253 255 295 377 380 415 456 459 476 479
16 133 157 181 185 214 218 220 228 242 247 297 312 326 346 376 421
26 131 138 145 147 153 170 184 224 231 239 252 270 285 286 297 299 311 313 338 365 422 434 439 461 468 483
19 139 147 160 191 200 207 216 246 258 268 274 299 307 328 350 364 368 386 479
19 138 186 190 201 211 230 231 263 288 289 303 306 374 393 396 436 464 473 479
18 139 152 157 164 204 206 234 245 246 302 308 316 385 401 442 449 473 476
15 132 177 184 189 193 252 276 278 307 354 365 406 427 469 475
16 192 223 227 241 275 299 333 335 354 392 400 417 423 455 469 472
21 138 141 151 153 169 209 211 213 240 250 260 267 293 322 334 346 371 405 415 434 471
17 139 142 198 228 242 273 292 300 319 374 401 403 444 455 474 476 477
15 136 150 153 171 181 218 283 308 318 327 340 402 405 454 474
20 142 197 199 256 257 276 309 328 330 362 369 374 377 422 423 427 437 450 453 458
13 168 192 205 239 249 252 325 328 377 380 385 403 473
24 150 228 239 248 268 273 280 287 305 306 314 315 322 327 343 350 363 369 372 376 384 412 421 454
19 169 184 192 206 236 258 284 300 340 344 369 383 397 400 410 415 460 466 483
15 155 221 225 235 240 258 270 283 286 291 335 341 365 379 470
13 159 175 179 191 224 225 248 265 388 390 419 477 485
17 142 151 179 200 204 242 249 250 253 269 321 341 386 393 398 431 452
14 147 185 209 214 227 253 257 349 358 362 399 404 412 415
14 263 282 292 315 317 336 344 373 377 384 432 447 448 481
13 155 196 225 230 258 369 397 415 442 448 452 461 474
17 160 183 187 188 231 240 250 283 315 326 368 387 395 430 431 457 458
11 173 192 231 242 250 279 294 296 307 333 451
19 157 168 174 204 205 223 242 244 266 285 292 314 369 372 400 413 438 441 451
15 161 176 179 225 237 255 267 270 287 305 338 342 371 387 398
17 151 162 168 230 252 264 285 294 301 309 376 389 409 434 451 473 483
17 203 217 247 256 273 278 300 353 362 410 412 418 433 446 449 457 463
16 187 194 199 215 232 233 251 262 272 315 374 412 418 429 464 468
14 176 207 271 304 328 348 358 362 370 418 428 441 463 472
15 200 214 242 246 315 340 399 409 412 415 440 449 459 461 483
20 156 192 213 220 229 242 243 260 268 310 324 367 372 377 382 398 418 436 478 483
11 165 207 246 297 316 334 338 370 425 446 463
19 205 212 242 250 254 275 326 350 355 365 382 390 427 439 460 466 470 480 484
15 246 247 259 278 280 289 320 350 363 425 426 429 461 464 472
15 160 164 170 215 257 280 332 341 345 357 371 383 431 482 485
17 173 178 197 216 232 233 234 249 328 334 421 432 438 456 462 470 481
9 223 226 246 261 291 370 404 462 465
13 172 242 243 258 296 322 336 380 385 416 421 446 478
14 168 173 175 200 275 371 385 389 406 408 413 419 466 470
23 172 189 204 208 253 260 262 298 310 312 326 330 333 344 350 372 414 418 441 444 449 459 485
12 192 224 270 280 305 355 379 423 437 444 472 480
23 226 246 247 252 270 288 310 327 334 343 358 364 368 378 411 413 429 438 445 450 458 461 464
20 179 187 235 244 257 266 268 276 286 297 328 332 348 353 358 380 397 416 451 476
20 170 186 242 246 260 305 319 331 342 350 362 365 376 389 414 445 449 463 477 485
9 168 204 245 254 330 392 402 475 483
19 170 177 182 183 198 217 248 251 279 302 303 335 368 382 427 460 466 470 476
13 218 244 248 258 269 296 353 358 359 365 416 417 441
13 184 194 211 243 264 284 297 319 380 387 405 430 459
13 184 190 215 254 283 298 339 346 350 353 394 475 478
17 187 254 261 310 320 332 356 364 368 383 388 416 430 454 459 483 484
12 194 199 227 238 241 254 302 339 427 430 456 470
21 205 215 220 225 266 269 295 314 347 365 373 380 392 413 418 421 444 458 460 463 464
15 182 191 228 243 258 295 300 329 361 364 384 389 405 407 429
20 204 209 224 226 231 243 261 310 325 330 338 343 358 402 403 434 435 436 450 462
12 190 230 265 271 281 299 324 352 375 456 465 467
16 190 271 283 286 299 337 345 351 376 395 397 400 425 431 443 475
14 259 290 295 334 359 370 382 395 441 442 443 446 456 460
22 186 190 216 221 256 283 284 297 306 313 346 351 352 374 399 406 412 415 438 443 447 471
14 199 266 305 314 323 326 332 339 390 401 412 443 449 473
15 196 248 249 273 293 296 310 337 351 356 366 398 422 442 466
18 217 234 235 236 246 267 281 307 332 342 345 353 366 388 412 418 425 465
22 193 218 220 236 240 269 274 276 278 288 290 307 317 331 334 356 369 370 391 405 469 474
15 189 193 194 220 252 253 260 290 305 366 394 399 434 441 442
20 189 192 217 238 239 269 305 310 314 316 325 337 340 343 382 401 417 441 463 465
11 207 216 228 260 349 355 384 440 459 465 485
17 197 230 233 245 277 289 316 329 335 343 372 390 397 399 409 447 468
17 204 209 242 265 267 313 316 323 349 361 365 383 388 389 411 459 462
19 234 236 246 292 315 321 329 340 349 350 386 388 425 437 448 458 463 468 476
10 252 254 274 280 307 326 376 381 408 456
13 196 217 243 253 258 295 313 337 343 378 390 399 429
15 206 245 295 304 306 328 334 394 395 411 414 429 439 450 474
14 212 219 225 250 253 321 345 348 382 396 418 466 473 478
16 205 221 239 269 281 308 309 311 319 353 373 398 405 414 448 470
14 235 247 253 277 286 322 357 365 383 399 443 448 462 473
15 226 264 271 291 306 308 340 343 366 371 373 418 421 474 476
16 223 243 260 301 305 357 361 374 383 387 389 415 429 440 467 471
16 202 211 228 255 264 265 277 283 314 368 377 379 413 415 452 469
14 203 210 217 270 291 311 336 351 356 392 443 445 452 473
15 214 226 243 245 253 259 264 293 344 379 400 401 429 434 475
11 209 217 282 295 301 319 322 324 410 412 420
14 212 221 225 242 247 265 269 331 349 411 421 431 481 482
14 314 318 319 327 339 343 344 346 373 379 402 403 461 482
17 219 221 227 259 280 309 315 355 368 372 390 391 393 411 436 451 473
16 227 242 275 276 286 297 303 318 347 373 375 377 403 411 438 471
10 253 302 355 368 378 392 403 420 433 462
15 253 254 265 295 305 326 334 346 356 363 366 383 392 444 448
11 230 240 257 265 291 295 381 416 438 446 456
19 242 268 281 336 346 351 363 388 392 394 419 420 421 427 449 457 462 468 476
15 224 249 299 310 332 351 371 382 400 411 415 423 441 453 485
21 227 271 279 285 296 308 315 327 333 351 363 372 378 383 397 403 405 424 442 462 466
11 231 234 248 256 265 267 281 367 437 454 457
13 221 232 233 253 280 327 339 355 409 435 475 478 482
7 270 348 378 406 425 428 444
9 238 319 321 345 380 398 425 442 483
11 235 274 282 315 337 379 387 413 434 435 450
8 288 325 343 347 357 368 397 463
10 240 250 300 327 336 395 400 431 445 451
15 228 236 263 269 289 325 351 379 384 396 405 427 443 470 475
12 241 320 325 346 368 383 393 400 401 459 462 482
13 236 242 257 295 322 359 377 385 396 417 451 466 473
12 230 272 275 284 287 336 357 382 388 414 431 472
13 237 249 255 291 294 309 318 320 343 369 414 424 474
13 234 295 296 299 344 355 364 374 419 420 448 466 467
9 242 250 263 267 274 318 321 362 450
15 243 264 276 301 304 315 331 363 398 417 422 427 443 475 481
14 247 253 260 263 266 280 297 337 392 393 403 406 428 470
17 237 238 245 268 269 282 283 284 372 387 397 401 416 425 446 454 470
8 241 300 382 399 405 441 449 457
12 244 277 290 291 361 386 392 416 423 433 467 483
17 256 267 284 300 303 343 373 375 387 409 429 434 438 445 451 452 481
8 294 344 369 370 386 413 436 440
10 270 288 325 364 365 367 386 418 438 476
14 256 259 274 275 340 349 351 352 375 410 437 455 461 483
8 259 277 287 311 335 408 420 477
10 267 283 324 331 345 350 361 375 409 447
13 243 254 290 335 354 356 360 376 408 421 427 455 477
13 243 259 261 283 286 300 330 379 424 431 444 454 479
12 287 299 324 327 336 344 362 389 418 451 477 481
13 300 358 371 374 375 377 408 410 417 436 443 449 484
17 245 268 276 294 331 335 345 358 378 382 384 405 410 442 446 454 465
21 254 272 276 295 303 306 309 310 327 366 367 392 394 402 405 439 449 450 461 467 481
10 252 276 278 282 290 333 384 387 451 484
9 253 254 314 320 335 345 388 424 486
14 270 291 309 356 368 385 390 391 395 400 421 435 470 473
10 282 289 342 377 378 394 421 433 478 481
18 253 254 268 280 294 318 327 332 343 385 388 392 401 403 409 434 444 456
12 261 282 328 335 347 366 395 421 431 453 470 477
10 271 272 277 279 346 377 417 431 464 486
10 261 272 290 306 324 340 345 382 443 476
16 257 299 307 316 334 371 387 404 414 421 457 459 461 474 476 485
8 278 281 302 347 379 427 443 462
11 263 277 290 358 366 395 414 433 434 448 454
11 279 286 297 300 327 367 401 402 407 441 466
15 279 326 343 347 349 367 369 374 383 393 406 411 478 480 484
15 267 270 272 279 325 343 353 359 400 401 404 426 432 457 485
13 270 288 290 292 303 315 338 373 385 387 388 400 418
10 271 273 275 297 319 362 369 395 410 453
15 266 293 299 327 330 347 385 417 425 426 444 455 463 466 470
12 277 280 293 303 311 346 386 407 419 428 431 485
9 271 311 322 377 379 399 402 433 486
13 269 303 319 327 338 342 352 376 396 409 418 453 459
12 278 279 292 302 303 373 375 386 402 430 432 483
9 295 332 341 364 369 372 416 461 468
15 285 293 297 304 332 340 384 386 407 414 418 448 449 464 466
11 278 284 288 301 308 311 345 391 403 431 466
7 281 282 311 338 393 415 434
12 271 291 292 319 330 331 375 379 415 422 446 461
11 281 318 325 341 367 398 405 413 430 452 454
8 352 369 383 387 395 421 439 468
7 292 303 423 435 448 472 484
11 299 311 321 374 406 415 418 431 442 479 485
8 278 316 323 398 441 452 466 486
11 299 306 310 330 331 397 401 404 427 434 450
13 283 326 357 359 368 393 398 448 459 472 476 479 481
16 287 288 311 329 335 355 375 393 397 400 410 418 428 455 460 475
15 288 292 297 313 322 334 338 339 348 374 396 462 470 477 484
12 288 291 292 303 306 346 354 360 372 376 391 404
19 285 292 304 328 368 374 388 391 393 396 406 409 441 448 458 460 465 471 478
5 304 392 429 433 463
12 295 303 308 313 319 337 372 402 412 417 444 454
10 303 344 355 362 412 428 433 434 450 473
7 287 323 329 351 439 453 484
10 322 328 330 348 359 377 379 402 404 428
11 294 328 329 340 342 352 357 379 426 476 480
12 302 309 324 329 379 382 405 417 441 445 482 483
15 290 301 333 351 358 360 362 364 410 417 420 432 444 463 484
5 322 326 330 456 466
12 322 327 344 355 395 397 419 433 440 456 481 482
6 306 334 398 438 466 480
10 297 303 325 336 354 370 372 395 431 464
8 306 309 336 351 382 386 416 422
13 307 334 344 352 366 377 409 435 446 457 458 467 484
7 301 384 391 403 436 479 486
5 347 353 373 437 480
7 305 365 377 421 450 474 480
5 378 396 423 438 471
14 308 330 340 359 365 368 386 393 420 444 447 462 469 478
10 326 345 346 380 395 402 405 409 417 453
6 311 331 382 397 426 482
9 309 373 383 391 419 459 461 470 482
10 321 349 367 374 378 383 423 462 467 470
16 311 312 323 334 338 342 349 372 389 404 412 418 421 427 436 438
8 340 346 383 391 399 420 426 430
15 317 319 321 326 338 349 352 356 366 381 424 434 441 465 467
9 318 332 355 356 382 398 415 416 417
13 314 320 326 329 332 334 339 365 382 392 397 442 484
9 335 339 349 358 365 403 408 417 453
5 314 353 412 434 464
9 331 334 352 404 410 415 446 460 480
10 385 388 399 400 414 441 448 463 465 466
4 369 381 390 433
11 315 345 367 402 417 421 451 458 463 471 479
8 334 342 347 376 394 416 449 464
7 335 364 378 383 437 441 464
8 332 335 361 376 386 446 459 461
9 322 343 364 373 374 402 445 453 458
3 338 339 426
6 329 336 355 357 369 384
10 343 368 379 405 419 425 472 474 479 482
6 335 343 355 358 365 394
5 344 353 360 435 468
4 333 373 401 451
9 338 340 367 381 405 427 458 467 475
6 343 354 366 437 451 475
7 352 358 386 388 418 470 483
13 356 358 379 389 404 418 422 429 443 451 464 468 486
6 355 392 399 402 436 470
9 334 339 354 401 410 413 442 462 480
7 376 378 389 404 428 454 473
12 338 339 367 373 390 398 415 429 444 456 462 463
6 340 346 388 451 474 483
2 372 379
8 365 372 383 407 432 460 461 473
9 350 367 372 377 385 398 406 407 480
14 351 359 382 403 414 424 428 430 431 438 440 447 468 478
4 345 437 463 481
7 343 384 394 408 419 423 447
7 352 361 368 407 412 419 477
7 344 365 416 430 455 473 484
8 357 359 375 376 389 470 474 481
9 354 368 382 390 406 419 425 446 459
5 356 421 430 437 471
8 354 385 386 401 404 430 484 485
6 350 356 359 364 401 449
7 392 394 409 442 472 474 482
11 349 357 363 399 408 435 456 474 476 480 484
5 355 404 416 427 470
10 360 362 371 377 382 383 386 420 432 442
11 363 366 367 373 383 384 421 434 462 467 471
10 356 369 391 393 416 447 450 454 471 473
6 358 360 412 441 484 486
2 425 468
5 395 403 432 445 448
7 377 413 421 431 459 462 472
6 368 388 394 407 439 446
6 365 378 396 401 420 433
4 384 423 454 468
3 387 443 448
6 366 401 423 451 462 485
7 387 388 418 438 478 481 484
11 366 369 387 401 413 415 441 448 457 462 477
5 376 411 418 437 446
5 411 423 458 462 476
7 380 389 413 422 432 438 460
7 371 400 445 453 455 479 480
2 398 445
10 371 372 376 378 399 401 412 433 468 470
6 387 407 419 451 453 463
7 381 421 433 434 439 476 486
5 393 413 445 447 449
3 383 410 476
6 387 404 406 432 437 474
4 395 418 444 450
6 409 432 434 441 445 472
2 425 435
5 400 430 437 442 464
8 391 410 413 427 447 451 455 475
4 439 446 462 486
3 438 464 473
8 386 393 397 425 448 449 474 484
2 466 481
4 391 440 458 480
8 397 399 411 434 435 440 464 486
3 404 463 476
2 456 483
6 421 441 443 447 451 455
3 418 430 465
4 415 435 464 470
3 419 443 463
8 404 412 422 444 459 469 479 486
7 422 431 441 462 470 472 474
5 418 455 460 461 481
5 409 414 419 433 463
4 414 422 447 452
3 400 462 466
2 414 430
4 413 425 435 468
3 415 450 458
6 428 438 458 463 468 472
4 452 455 481 483
7 436 444 455 466 478 479 482
4 408 422 459 462
7 408 412 445 446 457 468 477
2 460 466
2 413 442
0
3 446 454 485
3 413 459 481
5 435 438 443 451 470
7 420 434 456 472 475 477 481
4 418 432 450 472
4 448 461 472 475
3 459 461 465
6 431 442 449 473 477 480
6 421 434 444 448 450 452
3 445 458 462
6 422 432 438 460 471 486
1 438
6 430 435 447 458 477 486
3 437 439 484
5 431 436 437 454 465
3 445 446 455
3 442 446 479
2 451 479
3 456 459 471
4 447 467 474 485
3 433 463 465
5 440 451 457 466 480
4 443 449 475 482
1 462
4 440 453 455 469
1 439
2 448 481
0
6 447 460 470 471 477 482
3 443 458 465
0
3 464 467 475
1 455
2 469 481
2 452 453
3 452 463 467
1 468
2 467 470
2 462 466
3 463 476 482
2 454 473
1 473
1 479
4 455 470 472 474
3 464 467 478
1 460
3 461 468 474
2 470 475
1 460
1 471
2 461 467
1 485
1 481
1 466
1 480
1 470
1 476
0
2 468 469
2 470 485
1 474
0
0
1 482
0
1 486
0
0
2 480 486
0
0
0
0
0
0
1 485
0
0
