758
42 29 32 37 47 74 88 111 126 167 172 225 240 257 260 274 284 293 332 339 341 343 379 393 418 441 447 465 491 499 526 534 554 573 606 607 652 672 678 704 715 730 754
43 61 79 113 141 174 175 185 197 202 219 249 259 285 287 288 290 294 298 300 315 397 403 406 418 420 421 443 480 492 500 502 509 574 598 613 630 692 696 705 720 740 741 748
41 27 67 75 78 86 87 113 175 203 239 260 275 300 301 321 335 351 372 402 411 414 418 424 431 449 456 460 474 496 520 570 577 587 598 608 610 673 685 692 746 748
40 48 94 106 109 126 133 135 138 139 144 154 177 183 252 286 297 306 327 357 363 379 386 406 420 454 480 491 514 517 532 600 654 670 682 687 694 704 709 735 743
43 99 127 173 175 179 232 240 309 317 322 331 366 373 380 411 417 426 439 441 466 482 516 519 520 525 546 549 570 575 590 623 636 638 666 674 691 697 701 710 711 725 732 754
44 47 78 135 158 164 175 190 217 218 222 225 253 278 283 312 331 338 341 345 348 374 376 383 390 409 512 563 567 568 573 595 604 620 632 651 680 691 707 719 739 743 750 752 755
31 17 69 100 122 123 172 207 261 264 266 281 325 343 427 449 477 483 484 485 498 513 538 550 582 661 662 674 692 701 703 728
30 21 53 65 83 91 141 145 192 213 231 260 301 312 353 412 423 434 441 460 461 472 497 568 569 590 593 627 643 659 674
45 31 36 54 81 91 95 108 109 150 170 177 181 187 196 205 208 285 300 302 305 319 322 357 358 362 366 373 387 413 414 416 419 457 459 476 478 486 502 522 524 542 635 646 669 729
47 20 36 45 54 92 111 142 151 197 201 224 236 254 262 284 286 307 338 372 374 398 413 447 483 500 508 532 534 543 551 563 564 594 602 610 620 643 662 671 690 696 709 720 721 743 747 752
25 18 65 76 78 145 241 264 276 281 285 308 341 361 363 379 405 446 556 585 591 657 664 685 690 746
37 26 71 75 84 92 111 116 122 124 125 144 148 159 160 163 179 188 227 260 280 286 306 328 371 430 502 516 529 581 597 619 632 634 665 667 695 699
43 30 44 51 73 95 142 178 207 244 248 251 285 299 314 320 325 345 403 420 454 477 483 485 506 511 521 555 556 596 613 636 642 644 669 671 677 714 731 735 736 748 751 754
34 32 43 46 84 180 184 194 201 207 221 244 245 284 320 328 343 349 352 403 419 453 454 468 470 491 528 538 548 621 628 697 733 747 751
39 42 123 130 143 145 156 176 216 219 221 227 259 265 273 275 277 282 285 294 332 334 418 455 464 534 539 542 543 552 554 566 585 656 669 675 694 703 706 718
30 101 102 113 116 120 126 146 152 163 214 215 222 261 293 348 365 379 401 404 454 531 596 602 607 625 633 672 680 742 745
40 30 38 175 177 197 243 247 295 301 330 331 337 340 349 361 388 389 394 397 413 428 440 441 471 476 484 498 525 543 564 591 592 620 625 634 642 650 682 695 750
28 40 57 86 121 164 191 197 260 305 310 320 354 366 381 441 453 464 465 488 506 548 583 611 622 630 654 682 712
51 36 41 46 71 74 78 83 84 90 91 139 145 153 193 209 219 249 258 276 347 371 407 408 419 432 435 444 457 514 527 528 529 533 542 564 594 598 616 617 636 638 641 669 670 675 684 696 730 740 753 756
45 29 36 37 42 58 86 106 145 149 174 210 254 261 263 308 334 353 361 376 385 406 413 468 473 491 503 514 516 536 541 549 564 578 584 587 590 633 643 652 659 671 694 699 730 734
29 62 106 162 192 205 269 270 326 339 369 404 414 439 442 479 483 495 526 539 558 561 574 603 628 644 647 648 676 755
37 32 53 85 127 131 139 160 174 188 199 220 221 238 272 277 281 285 294 319 332 335 356 430 478 523 532 534 538 556 584 587 614 628 651 675 706 741
24 45 128 162 223 240 254 259 279 281 292 377 380 404 406 424 436 454 455 492 518 538 582 639 754
32 41 79 102 126 152 156 213 232 273 293 297 315 331 334 358 360 463 465 499 510 516 532 568 591 618 634 661 672 673 674 693 753
33 30 37 79 88 104 150 195 205 216 253 254 272 326 344 351 443 455 483 487 489 537 550 552 573 585 586 613 661 691 699 746 750 757
42 33 44 49 50 51 52 83 90 123 130 166 178 197 198 205 233 258 292 316 342 355 360 361 366 387 409 430 460 470 481 530 561 576 588 658 672 674 688 713 714 719 738
38 33 76 82 83 86 109 111 272 300 325 342 363 387 411 417 419 420 429 435 449 454 516 528 541 543 580 629 636 657 665 671 695 708 709 712 716 742 753
45 48 76 103 104 112 116 117 153 189 195 228 233 261 290 294 298 304 330 342 380 387 398 402 417 421 438 484 489 496 542 555 588 589 605 614 615 628 641 650 668 674 699 709 721 755
47 30 32 58 62 64 74 80 84 88 96 150 157 159 170 173 175 205 210 224 246 254 255 337 346 375 380 383 417 440 452 475 481 483 517 520 525 540 551 565 600 621 643 658 676 687 693 738
40 63 80 103 118 138 151 186 242 254 256 265 268 269 296 305 368 396 403 431 488 520 523 540 572 580 588 607 629 635 636 659 680 683 690 696 697 735 745 748 752
33 62 65 74 86 112 119 122 133 143 156 176 194 206 310 357 376 410 415 433 437 463 480 539 616 638 647 657 671 708 727 728 742 752
30 56 63 79 95 116 137 139 140 171 176 234 250 266 301 302 307 315 319 342 373 375 403 508 557 617 620 678 706 727 752
41 41 43 72 120 182 183 195 207 265 268 292 307 313 330 366 370 377 396 431 444 447 448 456 478 480 482 489 528 549 619 624 642 660 670 684 702 704 731 740 748 757
34 63 70 108 111 115 137 216 227 270 271 273 281 303 308 314 400 426 427 451 463 472 488 525 554 562 583 591 596 597 626 640 695 710 749
40 42 56 59 67 105 106 148 154 166 173 191 193 197 201 257 267 271 272 345 379 400 418 424 447 488 500 508 519 553 565 566 594 614 616 624 633 648 699 728 747
32 48 76 112 140 211 231 234 264 288 316 318 346 348 366 413 421 422 453 482 485 503 543 552 579 612 628 636 655 661 672 707 722
32 41 63 92 107 112 118 149 174 206 209 286 301 308 390 392 439 446 465 480 491 501 503 509 526 601 698 709 725 733 735 743 756
36 38 73 143 149 152 170 176 184 202 242 271 291 299 328 329 331 372 391 394 397 407 421 489 511 588 603 605 611 618 624 636 639 666 667 699 734
38 40 84 86 100 105 116 138 213 220 239 245 266 277 290 295 305 329 334 336 345 366 415 429 431 433 446 499 512 532 537 558 560 598 625 641 702 713 734
33 51 53 73 107 113 215 216 229 267 301 323 325 327 329 341 349 426 481 484 487 560 563 567 569 592 596 603 634 684 701 705 710 737
35 73 75 102 135 174 191 230 237 240 248 286 304 336 340 372 376 379 390 393 430 441 450 519 538 551 606 627 657 685 687 714 723 726 732 740
39 51 70 88 119 124 149 150 168 189 271 274 301 316 338 363 366 374 393 428 434 439 452 491 536 562 566 570 572 590 597 603 621 626 636 683 684 715 723 727
33 43 51 61 70 138 159 177 234 254 265 272 285 286 321 351 388 420 431 478 549 557 593 594 598 608 621 623 654 681 682 703 714 746
45 86 92 126 139 180 192 206 214 217 222 231 234 235 242 248 255 284 292 297 303 394 435 450 474 480 504 508 516 549 557 572 573 578 607 625 631 641 645 660 661 667 678 682 744 757
43 54 64 70 78 90 103 146 148 160 168 186 189 191 251 258 287 325 333 374 437 443 456 468 485 504 508 517 520 538 563 564 575 586 595 611 621 622 625 635 694 699 717 720
38 53 60 78 93 112 160 178 214 221 244 285 288 302 303 357 361 365 373 397 400 413 417 470 488 496 502 507 516 530 600 624 632 647 663 725 728 730 739
32 74 142 146 186 202 222 264 265 268 292 293 302 340 353 421 439 446 466 471 506 513 533 551 553 583 667 692 694 700 713 737 748
35 83 152 176 205 223 230 283 296 313 319 326 327 329 332 334 385 386 409 468 470 498 506 524 527 540 549 581 598 625 644 656 672 674 680 702
34 57 62 85 131 137 192 208 229 244 252 265 280 287 295 369 395 397 403 431 443 454 456 465 473 529 577 579 601 657 685 689 695 711 740
28 74 77 108 203 239 270 282 293 317 357 358 382 407 499 503 517 533 535 550 552 591 640 660 661 695 703 731 737
38 62 109 110 138 161 170 171 194 198 298 343 367 376 390 398 430 452 464 474 506 524 525 526 550 558 562 565 568 582 594 620 622 665 680 718 719 748 755
35 76 91 102 107 111 130 166 192 226 227 282 299 304 320 353 359 375 382 402 428 458 462 472 525 540 582 597 610 659 676 678 679 693 706 710
45 69 75 76 92 125 130 135 161 202 233 240 254 264 294 298 311 323 324 343 392 400 403 408 429 465 498 527 546 561 562 579 586 589 604 607 622 630 640 663 684 689 709 714 736 739
26 80 105 126 153 169 264 293 311 320 396 418 424 438 460 553 557 562 581 599 604 621 622 629 667 680 748
39 73 77 85 138 151 214 224 226 228 247 254 268 269 270 285 320 390 393 421 442 474 479 485 491 515 527 533 558 576 616 632 644 657 663 676 693 695 719 755
24 79 139 161 189 197 211 220 265 271 374 385 406 445 461 477 486 488 511 535 594 597 608 645 725
41 63 66 78 100 104 138 141 157 173 178 195 220 244 251 302 315 337 338 354 357 363 375 381 388 429 450 455 460 467 484 486 492 563 601 605 606 619 644 685 705 716
43 67 69 105 106 110 120 137 157 170 200 229 230 270 307 311 329 337 338 353 373 424 451 453 497 511 555 572 574 584 585 586 587 590 619 631 636 657 669 700 717 737 751 754
39 93 94 105 167 185 201 213 214 265 280 324 327 342 346 347 372 381 391 410 425 428 430 438 472 481 495 511 545 552 593 620 622 635 682 689 730 733 739 745
33 90 91 102 166 173 199 206 238 240 255 288 300 342 350 370 373 386 419 474 483 542 580 585 594 635 637 659 664 684 694 735 751 755
30 93 134 144 154 195 242 268 286 299 330 332 340 353 372 420 429 433 436 439 441 447 464 500 512 543 553 562 658 726 756
39 123 144 158 165 168 193 201 228 237 240 284 286 299 333 335 355 369 385 399 404 410 412 445 456 462 480 482 493 520 523 530 542 596 606 673 724 729 736 751
41 66 84 86 107 115 144 151 181 211 228 233 250 257 281 282 294 314 335 342 350 392 414 444 451 454 455 508 516 564 604 607 615 641 656 673 709 711 716 725 746 751
33 72 73 76 108 128 141 153 195 217 258 288 303 330 401 414 474 496 504 537 571 584 596 611 648 664 667 671 672 674 690 710 735 744
32 176 190 205 213 219 241 254 275 288 319 336 435 439 477 482 485 492 533 544 550 564 579 609 615 627 647 648 655 693 717 720 730
32 84 135 137 161 181 208 226 266 291 309 321 328 337 375 409 429 433 511 521 542 565 570 588 591 603 606 618 646 657 676 679 708
28 76 87 102 133 176 177 192 204 252 302 328 364 365 377 395 415 448 504 516 540 577 595 616 668 672 680 710 713
33 119 128 140 144 172 175 178 226 237 256 336 340 351 353 395 417 420 476 480 488 500 506 525 555 612 678 685 692 707 723 725 727 733
34 79 84 88 93 101 153 178 202 207 228 265 277 289 302 330 333 342 353 371 474 487 509 511 517 527 549 553 612 618 625 634 696 703 741
24 85 139 170 256 308 309 343 349 353 362 461 520 530 554 566 589 591 593 625 701 712 722 727 740
41 84 85 88 93 96 115 147 182 233 266 319 392 396 404 414 436 440 442 471 477 490 496 528 539 544 545 548 557 559 580 598 628 631 649 657 676 691 717 733 741 749
37 104 148 194 256 258 285 297 317 364 377 381 383 405 412 415 417 456 460 465 474 484 489 515 525 573 576 580 599 624 673 680 684 696 709 718 749 757
33 89 117 118 145 173 175 176 185 198 206 217 254 299 310 314 322 333 336 337 344 438 455 467 491 502 528 606 626 632 635 680 687 730
40 81 91 93 128 129 133 134 137 141 186 202 216 219 220 235 242 244 258 290 347 397 398 408 410 428 448 496 538 555 594 598 626 629 642 654 659 665 670 678 705
46 78 114 119 144 152 223 224 226 252 308 325 332 348 355 364 374 389 393 394 418 435 453 457 467 468 474 478 488 503 519 527 537 538 583 598 615 623 624 629 640 641 674 691 721 741 757
27 102 114 126 142 149 196 203 233 269 285 328 391 424 432 460 468 471 476 492 518 537 570 614 646 702 721 756
35 84 96 97 108 114 125 138 154 171 179 228 250 271 274 290 300 318 335 373 382 397 409 440 458 517 586 599 602 606 626 657 659 704 735 749
38 120 147 148 150 194 196 239 264 272 291 313 327 334 336 377 392 396 418 419 420 459 473 508 533 534 543 549 558 570 584 635 664 676 678 703 711 718 736
37 97 99 111 169 181 187 231 239 240 306 336 345 354 387 422 435 448 449 468 471 501 508 511 517 534 542 545 570 583 607 611 612 624 625 631 640 643
40 98 102 104 156 161 201 242 265 304 310 346 367 388 390 396 448 453 476 482 485 505 517 527 565 574 591 592 638 645 656 660 672 679 695 706 711 719 721 735 754
31 88 132 168 172 248 271 296 330 379 395 459 461 462 474 491 494 566 588 599 610 618 621 625 638 647 649 666 669 692 720 721
28 90 162 176 229 264 268 280 338 354 357 378 389 393 422 434 443 491 500 537 567 626 637 638 641 680 699 734 747
30 102 118 144 158 162 188 192 202 236 307 308 313 333 334 376 387 410 421 444 475 506 561 587 594 601 623 632 677 696 745
29 99 124 142 146 153 159 173 209 239 264 274 280 308 328 362 387 388 390 453 454 485 495 542 555 585 623 683 729 741
23 103 108 166 172 186 227 244 302 311 318 340 406 418 505 519 531 539 636 645 665 675 696 744
33 99 100 143 146 158 162 179 180 225 234 244 247 276 349 373 380 384 434 454 458 461 470 479 530 589 620 632 636 686 689 704 714 747
28 99 141 171 191 199 213 234 241 268 285 402 405 416 437 445 449 465 476 496 498 503 522 577 639 660 672 687 741
28 137 142 154 156 211 219 270 295 302 330 339 422 433 444 456 464 513 592 599 624 628 645 648 652 665 673 681 753
35 91 99 109 130 163 200 220 291 313 325 332 345 365 433 442 464 465 471 497 518 527 532 537 545 572 593 615 620 655 666 674 681 694 740 751
23 122 129 136 144 184 187 188 276 282 323 327 329 362 384 443 461 475 561 563 567 636 690 701
34 131 132 139 142 152 213 221 226 248 324 345 354 359 361 412 439 451 469 478 486 553 574 669 677 681 703 712 727 729 730 734 744 749 754
34 142 145 155 163 167 174 220 234 237 245 284 308 332 333 393 412 443 446 458 460 487 492 497 525 560 565 570 581 639 640 675 720 730 752
37 109 113 116 133 135 144 151 161 164 175 232 234 238 246 259 289 359 363 387 408 416 417 420 444 496 499 501 529 552 580 602 627 681 701 711 728 751
41 136 165 202 209 215 229 251 253 278 279 284 305 308 319 341 364 366 377 396 404 433 451 456 470 476 500 525 534 543 579 581 600 610 639 679 717 731 750 752 756 757
25 116 127 138 143 151 223 285 350 378 379 403 434 495 534 559 615 635 655 678 682 683 695 724 741 756
37 96 98 107 110 111 149 153 177 180 200 203 213 220 249 250 262 352 364 387 415 429 458 468 469 490 496 530 547 560 569 610 626 627 633 637 639 689
36 108 110 146 149 166 232 244 291 312 318 341 357 364 371 391 394 401 416 419 462 466 469 471 496 502 503 522 547 550 555 611 631 682 703 719 726
43 99 106 131 166 170 203 214 217 236 258 268 269 275 306 330 349 351 352 370 382 393 398 438 442 454 457 473 480 484 527 552 561 568 576 593 598 621 634 654 671 705 730 741
40 117 129 141 142 150 156 191 196 234 259 260 274 284 306 331 343 345 384 389 403 417 431 433 450 459 474 499 505 564 575 586 600 603 610 634 650 656 688 697 714
34 101 124 137 150 154 159 172 178 187 190 202 220 281 285 286 302 339 349 371 388 428 434 445 459 467 515 538 586 612 618 630 647 701 746
32 120 121 130 131 159 169 192 227 236 280 307 333 405 431 449 451 454 474 488 505 523 539 571 573 593 647 657 674 703 714 740 752
43 111 139 147 149 154 160 199 204 206 226 233 259 290 309 316 385 387 438 441 451 457 471 484 498 519 531 547 556 570 586 606 619 631 643 645 654 693 705 708 709 720 736 748
38 132 161 170 185 196 199 215 249 250 294 302 312 329 331 387 391 404 431 467 502 516 528 536 539 546 552 569 571 575 595 627 652 657 686 702 703 711 736
35 114 116 152 166 173 181 187 228 250 294 311 320 325 345 362 387 425 458 459 497 505 508 534 563 579 597 602 620 633 645 661 667 668 748 756
32 158 200 231 249 279 290 315 347 359 360 374 398 402 423 504 526 531 536 567 573 591 597 616 623 632 694 700 713 718 729 739 747
31 113 151 152 153 158 163 164 185 206 211 222 277 287 323 329 356 362 366 370 421 422 466 472 482 501 526 541 542 566 596 732
29 125 132 156 169 210 215 247 262 289 312 330 371 380 401 449 464 465 486 494 550 570 574 639 640 676 677 729 730 740
32 164 204 231 237 240 247 281 310 334 337 348 369 373 390 394 395 420 426 439 508 569 609 615 631 642 650 666 670 680 706 738 743
24 115 117 164 168 183 247 257 291 295 312 314 333 335 370 414 443 470 488 508 514 600 607 677 721
28 124 131 185 189 191 192 220 225 250 272 275 301 325 332 398 410 442 447 452 453 455 456 507 535 551 570 713 724
29 120 128 136 158 166 169 174 187 212 239 264 277 284 302 323 324 364 390 394 431 467 473 527 574 598 600 610 708 753
35 122 127 130 149 168 200 201 213 218 220 226 245 265 275 279 327 352 379 385 402 429 508 528 530 535 542 554 561 567 576 612 614 641 694 746
36 123 142 158 178 184 185 193 246 247 287 319 332 359 374 379 385 401 419 448 464 474 489 513 535 551 556 564 620 632 651 681 706 714 719 721 743
37 140 142 158 184 191 204 216 276 294 308 317 339 343 358 369 391 414 417 439 459 476 483 516 519 523 528 569 573 576 581 593 639 641 649 659 685 756
25 163 174 243 254 266 294 298 305 308 352 357 367 410 423 454 495 527 576 593 624 628 689 692 694 750
26 163 167 225 281 283 307 347 357 363 370 392 439 472 532 550 563 566 577 588 600 626 662 728 745 750 752
31 123 147 158 170 186 208 251 264 318 341 370 373 390 396 400 437 444 451 452 453 463 491 543 547 551 604 643 671 701 720 750
36 152 176 198 199 219 235 246 252 280 285 288 305 312 355 397 419 428 468 470 484 485 497 512 513 515 518 528 533 557 560 637 647 661 695 711 726
30 148 159 178 184 189 207 237 264 284 294 317 356 364 377 379 385 397 420 460 476 531 550 553 578 610 640 646 668 696 737
21 146 175 217 225 231 336 342 344 392 396 434 447 503 513 548 606 618 628 653 695 709
27 140 153 159 168 178 236 254 257 261 263 293 330 336 379 385 390 415 487 494 512 605 641 664 669 691 706 724
34 176 200 208 228 230 237 242 317 353 368 375 389 453 472 512 514 577 602 620 621 625 628 660 661 662 671 679 708 718 721 728 744 751 754
32 152 158 210 254 318 329 331 333 362 365 377 399 421 432 472 474 480 486 492 507 509 521 534 535 571 616 624 659 678 687 745 749
28 136 140 171 238 239 241 250 280 296 311 389 393 467 469 480 497 521 540 569 597 601 616 638 642 643 646 665 708
36 144 150 166 169 178 204 221 223 230 276 287 299 316 345 379 418 423 425 439 493 506 532 541 555 578 579 600 627 644 658 673 719 734 741 744 746
33 157 164 174 208 209 213 232 256 281 287 292 323 328 371 427 429 436 438 443 449 499 512 513 532 534 583 631 641 656 678 698 701 704
34 156 195 199 209 232 235 288 297 340 361 394 430 435 436 441 443 511 543 544 550 571 585 611 612 647 687 690 695 703 730 742 743 747 750
35 132 138 151 174 178 188 197 236 238 312 318 324 343 370 377 382 432 437 438 457 481 490 499 505 562 568 581 583 592 606 640 658 673 705 706
34 155 165 172 178 182 187 202 212 219 281 296 301 323 338 340 349 421 438 439 443 447 486 508 517 520 562 563 573 585 589 665 684 711 726
29 136 165 168 169 188 218 238 239 241 260 287 291 329 352 373 426 442 461 462 468 473 528 597 607 619 624 630 633 712
26 155 160 178 206 223 235 247 296 307 330 342 426 453 475 515 529 532 604 616 637 686 688 718 735 740 756
27 170 183 223 233 261 306 311 327 342 365 443 483 488 526 528 578 603 629 643 646 650 684 693 702 728 735 738
19 169 184 210 270 293 394 420 433 440 474 480 570 583 602 670 675 687 710 719
35 135 137 145 154 192 199 220 254 264 290 353 376 401 408 410 421 423 424 441 464 470 491 573 576 614 629 636 656 661 664 672 678 693 700 749
36 150 170 179 214 230 250 261 267 297 317 318 342 347 368 372 397 408 459 460 470 483 493 526 527 538 539 542 594 613 625 642 670 682 712 714 718
34 136 167 173 180 211 216 223 255 265 292 309 317 344 346 386 389 409 430 486 493 514 523 566 581 583 604 622 631 659 662 681 684 707 731
23 166 171 177 235 260 262 330 331 354 456 458 482 490 492 505 545 558 589 595 668 669 705 733
29 147 180 189 203 226 244 252 265 293 303 311 313 314 399 410 430 465 516 518 555 566 619 632 672 676 678 685 695 744
29 156 158 173 187 210 231 245 253 265 268 276 286 296 323 336 352 376 389 409 428 520 522 555 627 631 634 656 664 749
29 207 214 219 225 293 306 328 333 400 409 425 431 449 470 475 511 536 561 597 599 603 621 634 640 666 676 716 736 750
25 143 169 170 217 226 244 265 271 277 319 343 345 363 419 458 478 500 510 527 566 685 689 710 714 735
25 205 210 268 272 279 282 296 299 312 316 332 359 387 439 440 484 503 588 591 613 631 637 694 697 740
34 200 289 341 360 366 377 383 394 401 405 440 442 464 467 468 497 499 547 555 577 602 629 630 634 635 642 659 663 681 711 717 726 737 753
33 148 166 194 201 203 213 222 227 235 249 251 257 258 260 317 343 365 413 430 448 503 521 524 555 602 626 628 642 646 657 707 714 727
36 148 177 187 198 215 229 234 241 245 248 346 351 362 375 383 400 437 455 475 510 584 598 606 615 622 625 648 653 678 704 710 720 737 748 750 756
29 184 196 214 217 218 238 266 300 328 345 365 375 381 388 407 433 463 469 482 513 533 538 550 563 588 600 635 668 729
31 152 159 208 216 217 230 286 294 297 298 318 329 332 372 376 387 417 434 490 499 518 532 536 550 568 608 654 658 693 708 727
31 172 187 191 222 241 250 264 268 302 313 324 328 346 356 395 408 410 457 461 482 511 512 532 565 591 594 650 656 703 750 755
26 161 167 169 212 220 258 299 333 341 345 358 436 504 511 541 544 594 631 645 646 652 669 675 718 731 741
32 150 154 175 183 190 199 209 242 243 289 352 406 409 449 474 478 482 510 514 531 540 591 594 602 610 671 690 706 710 731 740 742
34 180 196 230 232 260 269 285 286 292 299 326 332 343 344 363 389 435 458 478 511 546 547 559 598 605 624 643 677 691 704 717 728 736 752
26 170 184 202 216 222 240 273 323 349 365 368 374 422 436 472 473 520 533 578 608 616 629 680 730 738 747
22 170 184 194 198 208 219 232 357 446 477 514 516 530 550 564 568 573 581 606 691 697 722
31 156 167 175 186 206 225 251 274 295 301 315 340 366 369 371 388 393 404 451 455 486 517 568 597 606 614 617 621 685 737 752
31 155 172 173 192 235 237 240 282 286 298 301 304 308 336 341 361 362 423 437 500 505 516 585 613 689 701 709 713 714 723 755
40 167 193 200 228 253 257 264 272 288 301 331 333 342 348 355 356 420 431 451 461 468 482 483 501 511 512 535 545 572 635 647 664 668 674 682 691 713 725 727 756
26 161 162 196 204 212 215 247 255 281 290 350 371 450 461 463 465 524 546 563 626 630 636 655 705 711 718
35 178 185 201 208 223 248 267 282 295 318 354 356 361 387 453 462 473 480 494 510 554 556 568 577 585 588 592 629 651 659 700 708 735 753 757
30 179 189 191 194 202 243 254 287 316 334 389 412 478 494 498 507 508 511 568 569 589 595 626 652 658 677 701 716 742 745
37 168 176 179 180 221 230 231 252 285 288 298 304 307 308 318 373 409 411 419 428 438 465 487 494 539 560 600 624 627 700 715 721 734 737 739 741 748
40 163 171 172 192 228 233 254 259 276 281 283 320 330 341 342 353 356 369 409 456 473 507 520 521 531 551 555 578 605 608 648 650 658 660 675 680 683 722 733 747
39 186 218 226 246 255 263 266 301 306 327 353 356 365 372 377 402 416 430 460 475 487 488 497 503 506 509 515 547 591 608 610 617 618 634 659 661 675 703 741
18 181 203 211 250 313 382 384 389 402 432 439 457 500 545 719 726 733 741
33 229 300 323 324 339 342 386 394 406 416 436 439 454 473 475 518 522 538 576 582 583 585 600 620 630 656 663 675 686 702 716 739 742
41 167 172 209 240 265 270 275 285 298 314 317 323 330 339 365 368 395 396 402 420 424 428 450 474 484 490 501 518 523 535 542 543 546 615 620 670 686 690 695 719 755
28 174 226 289 332 396 429 439 466 520 550 576 587 590 614 621 627 628 633 640 653 655 663 671 675 687 708 745 753
30 173 193 204 217 218 227 267 322 366 373 380 405 427 428 442 453 489 494 504 513 542 550 552 560 583 586 620 675 703 743
23 176 201 203 240 260 264 276 329 345 349 350 384 393 432 488 499 500 522 593 634 663 680 748
32 181 199 202 219 237 274 288 296 315 344 349 384 413 462 464 484 497 548 562 566 567 583 591 599 608 612 642 649 660 687 713 753
25 173 176 194 203 213 215 284 288 295 320 334 343 345 362 367 482 485 550 576 594 639 673 698 724 754
20 181 225 235 256 263 332 380 418 450 457 515 521 560 599 604 635 658 721 739 754
24 233 234 235 241 246 286 302 309 312 339 367 390 408 463 522 540 566 578 583 637 679 686 721 739
29 186 241 260 319 335 340 348 354 357 359 360 361 414 419 451 463 466 483 493 504 511 558 560 610 630 647 679 684 752
38 182 185 224 242 269 279 313 321 342 350 368 393 394 408 410 421 424 495 525 549 563 575 576 581 589 592 599 619 628 631 645 662 665 673 692 695 705 727
29 181 191 249 260 262 282 288 304 317 318 321 326 373 424 449 461 463 477 481 492 497 504 532 542 582 600 720 745 750
33 176 178 182 184 204 229 242 250 256 274 302 314 321 332 353 386 427 431 435 444 465 494 534 550 567 571 587 597 612 619 633 669 739
27 179 226 246 253 258 279 284 319 378 408 420 428 459 460 469 474 488 493 498 540 654 665 674 727 733 734 748
29 193 204 222 234 266 318 320 324 343 377 479 481 485 490 496 532 556 604 632 670 673 677 692 706 716 730 735 748 755
28 200 217 230 236 244 259 280 285 347 391 414 446 457 465 536 545 562 601 610 625 636 654 678 688 704 709 749 757
26 197 203 224 244 258 281 392 427 435 444 450 452 458 467 485 508 534 542 633 636 642 653 659 735 754 756
42 181 188 196 201 202 212 232 243 266 288 295 321 329 337 368 388 400 422 433 435 436 447 454 464 485 497 506 520 533 558 566 584 600 629 646 681 689 693 706 722 745 749
31 211 239 243 260 265 293 302 379 381 384 390 393 397 408 410 415 430 451 454 477 486 550 557 602 627 652 689 693 714 720 744
27 191 214 228 229 293 308 322 338 363 383 429 450 468 528 557 568 581 586 598 614 616 648 669 681 747 750 754
31 217 219 224 227 250 254 314 323 355 379 392 440 459 460 480 492 564 570 578 591 596 609 620 627 629 650 665 681 693 696 748
37 223 230 267 311 326 337 398 403 405 416 422 435 450 457 458 470 471 472 496 529 533 548 554 593 594 595 625 632 672 682 696 700 707 725 747 752 756
37 188 210 257 290 313 333 341 351 370 381 383 390 402 423 447 473 484 491 496 508 543 545 548 561 594 596 621 629 630 641 643 676 691 701 706 711 744
18 191 217 289 310 338 350 463 478 541 553 555 580 581 606 634 689 750 755
36 209 220 228 246 264 277 287 292 300 316 373 403 409 420 452 455 462 471 482 491 517 532 539 551 586 599 611 634 665 691 695 698 707 737 739 757
31 212 221 235 249 258 280 296 300 344 370 380 403 427 428 450 482 486 497 500 512 558 629 633 643 644 655 662 675 703 732 738
28 191 198 238 256 257 263 283 315 320 330 339 352 363 372 373 420 475 478 525 589 643 644 657 675 689 748 754 757
34 195 241 246 316 326 331 337 347 358 364 374 392 437 455 459 513 524 532 547 549 581 626 640 660 676 678 692 699 704 710 715 733 747 754
23 208 314 319 329 330 369 388 390 391 404 418 423 455 475 562 565 574 583 595 654 708 713 756
21 195 228 282 297 314 333 372 389 407 433 461 503 506 512 521 535 555 559 653 664 705
24 204 271 290 328 356 382 387 415 441 447 452 475 477 493 544 547 557 558 581 582 594 633 701 733
44 221 223 234 274 283 288 290 295 300 317 323 325 341 354 355 357 374 385 403 405 440 443 455 491 492 496 498 501 506 514 522 526 529 532 541 551 553 582 632 669 677 697 731 745
44 213 232 233 245 259 275 292 298 308 314 350 354 362 365 379 383 390 399 408 418 458 459 479 485 500 513 517 533 535 547 561 563 592 605 608 609 636 658 659 669 670 720 735 741
35 199 207 228 232 248 262 266 312 314 377 381 407 410 482 484 503 515 548 555 558 561 572 585 593 630 632 633 643 669 689 696 698 723 739 743
23 219 220 319 322 326 338 375 376 397 422 439 496 500 509 531 563 574 594 610 630 642 655 683
31 200 204 212 318 329 348 356 358 361 372 380 401 406 449 455 468 491 492 515 521 527 537 583 595 598 645 672 676 708 734 743
28 226 232 240 251 259 270 291 313 360 398 425 435 467 480 493 505 536 537 539 546 560 571 600 602 634 663 700 711
26 205 212 224 228 241 258 261 275 294 297 298 469 506 515 553 597 607 616 619 652 657 662 679 696 719 744
37 218 221 222 247 253 255 267 270 307 321 327 340 355 375 380 396 404 408 409 411 429 458 489 526 568 594 616 643 646 651 652 660 689 706 715 735 753
28 225 247 259 306 326 367 377 381 394 420 429 446 454 478 481 488 570 577 579 624 625 626 658 700 709 714 736 751
25 216 218 219 264 275 310 329 352 381 391 418 473 493 532 548 575 610 615 623 628 683 688 695 723 747
25 236 242 309 364 390 408 448 460 461 500 509 549 557 566 573 576 584 604 616 618 644 660 685 710 732
25 235 243 250 252 253 254 307 308 326 331 388 402 410 439 452 464 487 512 518 554 628 665 702 734 756
27 209 211 228 250 271 292 318 335 341 363 374 376 393 418 433 434 450 487 490 515 536 563 569 631 653 695 750
26 211 249 307 326 333 371 382 384 407 408 411 413 428 445 452 463 476 567 613 614 667 676 720 735 738 753
36 217 220 234 244 252 268 282 299 301 314 318 325 352 364 368 470 489 513 516 541 559 562 573 590 602 609 639 650 660 677 692 695 730 732 745 750
31 217 219 262 276 311 335 383 388 424 430 441 465 478 479 482 490 517 539 596 631 636 639 644 660 671 681 683 711 715 718 753
27 257 266 268 276 277 279 303 311 315 360 367 383 391 392 418 452 462 470 477 487 513 607 618 621 693 699 735
31 227 286 296 309 334 341 363 394 399 409 422 427 431 449 460 474 482 509 515 521 637 675 678 692 696 701 708 720 724 725 728
31 223 251 322 344 346 360 384 390 415 423 435 446 451 470 488 496 504 536 543 576 581 607 628 659 672 673 681 738 739 744 745
21 229 264 272 284 328 372 387 397 444 498 520 589 598 628 637 647 680 692 702 704 717
27 227 245 247 248 249 262 273 356 404 408 420 429 473 504 530 534 547 561 605 638 651 656 682 692 728 734 746
25 223 227 232 262 307 315 322 344 365 379 393 395 418 478 501 527 549 657 672 691 702 717 732 734 743
33 222 223 244 252 308 310 327 349 358 364 382 395 397 409 425 454 467 481 493 506 519 524 540 541 545 562 592 644 677 678 686 689 725
27 225 226 314 356 363 366 368 406 450 470 483 491 497 499 521 531 533 540 555 557 649 653 670 676 743 746 756
26 227 228 237 238 259 307 308 310 322 323 342 426 431 443 451 497 554 559 590 618 619 625 626 662 713 754
26 236 269 290 318 346 398 420 444 454 456 462 468 515 534 549 565 622 644 647 649 651 661 685 713 720 736
25 225 227 259 275 318 333 387 414 505 514 515 526 531 564 578 585 611 632 637 657 668 698 702 727 747
26 228 237 246 257 258 268 342 354 371 379 385 402 411 416 442 451 519 596 626 633 653 681 725 743 746 749
24 232 268 271 292 301 341 363 401 413 457 485 499 526 531 539 547 583 652 659 674 678 706 708 714
25 275 304 336 342 350 351 356 406 429 442 458 460 491 503 506 516 557 560 592 690 702 703 731 740 753
30 225 226 290 294 387 390 408 420 449 462 496 506 520 531 533 535 541 558 586 611 614 633 653 673 681 724 728 732 742 744
35 232 244 258 293 309 313 340 348 355 364 415 421 427 432 440 444 460 482 486 499 516 572 590 591 611 631 660 662 690 695 719 734 741 752 753
33 254 275 284 320 327 345 350 374 378 391 396 411 414 419 432 453 485 508 520 534 557 563 582 608 651 654 685 693 702 704 709 730 741
17 350 372 415 464 538 544 558 562 608 653 666 677 694 702 708 728 748
35 233 236 237 246 292 306 311 319 331 339 353 361 363 366 376 427 502 506 508 516 537 551 559 581 585 586 598 609 618 629 651 662 665 684 723
36 254 259 278 283 340 361 374 389 399 404 407 422 428 431 432 439 459 517 521 546 550 566 583 586 604 605 621 640 669 677 723 725 730 733 742 757
35 234 256 282 287 296 311 313 321 344 360 374 377 380 384 385 432 440 469 472 496 521 527 528 566 568 581 631 657 660 679 722 727 730 741 744
29 255 259 300 320 324 378 396 428 430 436 459 463 468 483 497 530 535 539 568 574 589 598 623 638 656 683 699 720 721
23 240 262 263 275 281 282 314 332 348 359 367 411 459 489 522 556 618 650 667 709 717 733 744
18 273 280 290 305 317 330 355 369 399 408 426 439 442 454 491 692 711 755
27 241 267 280 292 303 304 398 421 444 463 472 496 521 540 557 604 608 621 648 654 655 665 671 678 692 704 739
33 253 266 288 291 297 330 337 374 393 419 421 430 436 483 513 522 526 544 546 547 551 559 570 592 596 601 618 619 655 673 707 741 749
29 258 303 350 373 391 427 440 470 483 515 528 529 530 531 539 563 577 583 595 607 623 660 671 681 688 692 709 714 735
21 260 261 292 296 334 335 366 391 439 441 455 471 511 512 534 542 553 585 601 607 685
23 265 283 355 370 376 377 381 402 415 420 441 458 474 489 496 500 512 525 582 626 681 725 752
24 250 260 273 325 374 382 415 465 466 470 508 511 513 539 548 601 603 621 624 649 660 710 716 739
30 241 247 255 258 296 314 317 323 335 375 408 420 426 428 441 453 475 486 522 533 537 543 556 587 603 673 688 722 752 754
27 267 279 301 315 317 320 339 350 374 390 410 413 459 462 464 479 519 534 561 590 629 633 658 669 694 701 736
24 257 267 293 310 312 433 440 475 480 490 499 533 551 561 562 565 567 578 644 645 686 691 716 756
23 245 262 274 331 333 382 398 418 442 456 465 479 480 500 540 553 554 579 673 686 711 712 746
20 251 267 303 339 346 429 434 442 489 522 567 580 583 593 598 603 621 631 658 692
26 253 266 279 315 327 329 343 344 367 402 427 446 478 491 511 530 571 577 580 607 612 620 635 702 735 750
28 251 274 295 311 364 366 380 408 413 424 427 465 469 486 509 544 581 584 586 639 647 659 661 671 673 675 722 753
22 273 276 279 292 322 393 400 402 405 413 423 462 467 471 493 540 564 576 587 603 742 751
25 258 265 284 295 333 342 367 384 410 417 497 514 515 517 529 601 615 630 650 654 668 680 697 755 756
30 269 304 322 332 345 361 395 397 412 428 431 433 441 442 447 461 469 477 511 524 542 544 576 578 600 608 634 646 728 747
33 256 298 308 321 324 332 345 356 364 385 395 403 404 434 440 491 492 493 502 565 574 591 615 628 637 664 674 713 717 722 743 750 751
16 256 360 376 408 425 432 473 484 493 574 608 617 668 723 725 750
19 254 299 327 356 368 381 402 457 483 489 526 539 564 580 625 630 652 671 713
17 286 317 331 347 354 393 440 524 527 544 552 587 632 650 674 730 741
21 256 267 305 331 338 377 416 516 546 593 595 600 608 618 632 646 680 706 722 734 755
23 309 333 349 350 351 368 413 457 522 534 543 563 568 587 602 610 617 641 658 660 691 742 751
25 268 273 280 308 310 318 326 332 371 392 405 435 461 479 502 507 529 601 644 696 700 724 741 744 745
20 261 280 333 337 409 418 479 514 528 533 538 554 564 648 649 653 655 663 692 753
25 277 356 361 386 392 397 440 492 519 545 546 561 588 597 605 617 636 650 652 656 669 689 730 742 752
30 285 291 294 323 337 340 342 352 354 367 368 377 401 407 435 456 463 501 504 522 524 546 559 573 577 594 618 625 654 676
36 267 276 282 283 291 313 324 333 348 387 417 425 434 447 471 485 493 515 523 527 537 540 542 553 569 578 584 592 613 618 640 645 656 674 722 747
32 266 279 290 310 316 331 364 365 395 399 425 448 452 463 478 488 511 519 539 550 562 577 608 616 634 647 649 683 690 707 739 755
31 293 303 320 339 341 373 374 400 417 419 427 475 491 496 498 539 556 560 631 656 658 670 672 673 675 686 688 698 708 723 743
26 269 297 333 356 380 385 417 454 499 507 508 542 549 554 579 586 587 597 612 627 650 655 680 695 697 708
21 289 296 368 406 413 422 454 487 518 551 565 580 584 595 612 659 661 732 736 740 741
22 302 303 344 365 414 431 486 513 528 565 589 600 602 605 607 674 694 695 696 740 754 755
28 285 288 289 312 316 339 369 396 419 438 530 550 552 561 590 591 635 643 645 655 656 664 666 679 684 685 689 710
25 269 276 305 316 328 409 434 446 450 457 501 523 536 544 549 559 600 613 625 634 637 644 712 729 744
28 278 283 288 295 304 319 321 322 351 354 358 402 447 478 481 518 519 535 539 550 552 576 588 653 681 689 732 744
32 342 347 382 395 401 413 416 428 455 471 473 488 493 494 500 508 511 522 525 532 537 585 627 628 632 663 688 692 695 696 716 751
29 297 300 308 315 352 378 380 381 391 392 394 399 413 417 459 460 507 508 551 575 586 613 641 661 665 680 700 721 755
22 285 287 290 304 310 312 347 396 411 466 520 530 532 555 569 577 613 686 698 727 745 748
22 314 330 348 364 367 371 404 427 454 462 464 482 489 497 504 521 541 564 571 591 662 747
21 345 347 369 370 371 385 397 399 402 431 447 506 510 539 573 583 597 643 660 702 709
24 275 282 307 308 325 339 388 416 424 438 454 474 500 514 554 576 591 626 644 652 678 704 736 748
25 283 294 333 354 402 422 429 445 468 481 485 489 507 520 522 549 617 628 644 703 709 727 728 736 745
29 300 342 349 401 402 404 410 414 433 443 449 507 509 540 564 586 595 612 624 637 639 644 660 669 670 683 702 730 751
30 279 295 310 341 367 424 446 466 470 495 508 537 546 555 559 561 562 606 634 638 641 654 667 674 687 703 713 734 737 750
20 321 359 366 370 376 401 409 414 445 446 452 468 478 494 504 651 665 677 687 730
14 304 323 327 410 411 454 489 496 520 543 560 649 676 741
18 288 290 320 329 352 361 390 423 567 579 592 593 623 641 666 693 711 729
29 302 304 306 328 336 339 375 396 408 415 435 446 464 471 480 510 526 531 581 591 618 626 629 684 691 717 731 753 755
23 291 326 370 387 394 411 419 422 462 473 485 499 525 545 556 567 575 577 601 628 677 742 748
15 380 384 388 409 447 458 489 491 580 589 620 622 654 679 680
29 297 312 344 356 399 405 429 467 472 473 476 477 492 509 517 557 560 561 568 596 637 659 670 683 700 724 728 750 757
27 296 299 335 350 364 385 388 396 430 436 445 446 448 518 529 546 567 580 585 599 606 611 647 682 701 710 739
11 339 379 430 448 470 544 555 575 644 687 701
23 347 358 385 387 410 454 469 471 513 554 600 628 635 641 645 663 682 708 709 724 727 752 756
17 340 363 381 383 391 422 455 521 524 549 570 631 632 643 688 727 737
25 310 322 370 384 397 423 436 438 454 456 476 494 498 505 578 619 627 628 632 646 673 695 696 722 756
21 296 302 319 338 371 388 397 400 420 442 470 503 515 560 568 569 585 640 646 665 716
23 310 395 398 425 426 463 469 489 496 508 517 524 536 551 553 577 596 604 670 673 711 716 722
31 299 315 328 337 339 361 371 375 418 442 447 448 457 470 486 496 523 591 626 628 636 637 640 680 681 685 686 694 735 741 751
19 294 311 317 339 349 384 391 393 408 427 511 513 548 549 574 618 697 724 725
26 326 329 330 357 380 451 462 475 483 508 518 543 565 586 607 609 618 635 672 676 681 693 698 728 741 743
22 356 366 377 405 420 437 458 481 500 513 525 539 557 585 608 639 676 689 712 739 741 754
24 310 330 338 379 413 415 431 471 500 519 542 545 571 576 600 603 611 620 632 650 686 709 740 749
20 301 330 355 369 379 443 471 506 510 535 541 574 581 620 647 673 699 714 728 745
22 299 319 326 364 377 382 392 394 455 472 481 578 603 635 647 709 710 713 716 721 729 753
21 350 370 378 400 407 425 469 478 496 545 576 583 600 607 627 642 689 719 726 728 747
24 345 366 374 397 451 460 465 487 519 539 554 559 560 573 588 589 620 622 631 641 654 688 728 749
29 319 338 340 371 379 403 406 407 443 455 482 510 515 519 526 554 563 568 594 608 623 629 676 687 696 715 716 722 726
23 323 359 373 377 381 401 432 434 444 457 474 506 522 574 586 598 622 654 698 703 704 713 714
20 309 310 311 321 358 428 436 456 468 524 540 552 573 574 597 656 665 728 738 739
17 317 328 403 415 421 426 473 488 524 559 593 617 706 712 715 735 742
23 315 349 378 423 449 469 492 506 517 518 569 575 587 599 620 624 671 677 694 701 704 725 753
23 319 341 346 358 382 386 393 426 453 475 520 531 545 571 588 592 615 661 664 682 712 722 728
14 343 359 391 590 594 608 620 622 631 632 647 649 655 675
17 326 418 419 432 459 492 513 557 586 587 591 637 647 649 710 745 757
24 323 332 334 350 405 409 410 461 526 541 562 568 573 574 575 583 630 636 637 638 660 721 728 747
18 314 322 330 373 460 475 502 517 540 600 608 620 623 637 644 659 677 713
21 325 330 433 436 451 458 479 488 495 533 535 546 559 607 662 664 682 689 695 727 743
20 334 337 358 378 436 443 470 500 523 526 633 642 654 695 705 714 735 736 740 742
17 335 343 361 362 387 391 410 483 503 504 505 516 552 585 601 646 754
26 334 368 425 429 432 464 481 485 495 510 520 529 540 551 601 609 620 633 637 641 660 676 678 685 714 740
19 320 356 374 386 429 431 459 468 491 499 559 641 643 645 651 670 687 704 746
16 335 387 420 443 491 506 519 527 557 630 699 705 712 714 721 756
22 329 341 342 373 383 387 389 408 443 493 507 531 542 543 567 620 661 682 688 713 736 757
24 338 339 361 370 391 399 426 430 432 444 464 513 529 533 564 565 572 617 630 645 662 676 699 707
23 324 334 344 378 379 412 432 439 453 469 479 507 515 533 558 584 589 591 662 707 710 722 732
19 325 346 404 414 419 440 446 513 520 526 538 562 563 598 637 688 731 743 744
28 326 328 350 353 355 360 377 392 433 454 457 477 495 506 525 566 574 580 582 608 616 627 636 666 680 709 720 745
20 325 333 360 366 374 379 382 389 394 414 429 461 490 518 587 618 620 637 693 741
20 328 333 365 377 379 388 422 439 479 537 540 548 561 606 620 675 695 711 747 750
25 384 395 403 411 420 462 474 505 527 561 570 600 601 605 613 628 644 678 683 693 703 717 719 748 752
20 338 427 429 444 449 501 507 522 537 543 559 610 618 622 638 650 684 707 733 734
18 337 362 377 379 407 445 455 466 567 594 606 654 670 678 718 720 736 748
22 337 358 359 429 434 460 462 463 493 510 543 551 641 648 668 672 713 714 732 746 751 752
30 344 371 375 401 438 439 475 486 488 527 534 542 555 578 579 593 599 609 610 630 636 646 649 655 668 674 706 738 744 746
25 356 371 408 429 440 461 479 483 491 540 554 560 583 604 624 628 642 644 646 660 681 686 693 699 735
28 336 365 374 380 411 416 419 422 460 485 506 522 546 563 567 602 615 624 633 636 644 658 662 703 709 719 743 749
15 332 349 375 386 421 426 464 510 516 543 588 636 681 737 742
20 368 382 415 459 495 509 523 546 547 554 584 586 600 607 643 654 667 700 705 735
19 363 367 378 394 395 451 454 479 520 567 581 597 643 684 711 717 731 732 744
19 338 346 348 368 390 392 402 407 437 445 499 535 547 559 602 616 696 707 751
27 344 346 365 366 397 405 419 420 463 475 480 481 506 508 512 526 541 551 553 554 573 588 590 607 614 687 706
26 358 394 428 467 477 528 531 535 558 595 601 604 613 615 622 625 630 651 655 657 661 696 706 720 724 745
26 343 356 358 367 370 372 408 471 511 523 539 543 567 585 596 597 635 638 662 672 674 698 702 734 742 757
17 346 349 459 463 485 526 533 538 561 571 599 619 633 703 717 727 730
19 361 377 383 386 388 494 560 571 597 610 617 627 669 689 697 700 703 735 751
18 382 418 423 426 454 464 503 545 600 601 620 639 685 706 732 742 751 754
18 364 443 500 506 520 574 583 597 608 677 691 695 715 730 738 739 746 757
19 371 383 394 400 413 415 416 418 420 478 491 542 555 575 596 606 608 619 667
21 346 392 445 454 486 489 494 507 519 529 539 574 603 643 672 686 693 707 726 742 756
19 354 366 387 407 421 431 432 460 471 488 489 493 515 634 639 644 666 745 751
19 355 357 376 379 388 414 416 451 460 503 506 602 630 658 718 720 732 739 754
16 351 376 400 406 408 410 470 478 524 533 571 592 634 641 659 663
26 352 365 387 390 395 400 401 403 409 429 441 464 496 525 528 538 543 550 573 595 613 669 674 676 685 748
26 354 391 393 395 400 404 433 434 436 478 479 491 517 560 578 584 589 594 597 687 691 725 726 735 750 753
25 392 397 402 427 441 446 465 474 495 500 527 533 562 564 565 583 585 596 607 615 693 694 705 719 724
22 361 413 415 422 432 457 527 544 566 585 601 613 620 626 629 647 668 670 687 689 735 754
16 424 433 443 448 465 483 498 499 509 555 572 577 618 620 624 742
20 379 388 404 421 431 477 499 524 547 550 561 567 612 618 655 704 732 736 739 752
25 364 374 379 390 401 410 464 471 481 508 522 535 554 562 565 602 620 631 637 683 689 699 724 737 756
25 369 416 419 438 463 464 493 499 501 508 539 591 593 597 604 609 612 620 647 670 709 710 726 728 749
28 371 375 383 396 435 448 450 451 476 482 503 506 510 521 539 540 549 575 656 659 665 707 724 733 751 752 753 756
28 384 399 421 443 461 489 513 522 538 545 565 583 584 607 620 624 631 642 653 656 677 682 709 710 712 722 738 754
28 371 377 402 435 438 448 461 506 507 525 550 560 565 572 579 581 595 616 618 634 646 670 673 677 695 702 704 757
26 361 401 402 446 456 466 478 480 493 514 520 555 564 572 579 585 605 610 612 618 638 653 704 705 716 719
19 388 410 458 475 488 514 533 544 574 580 604 610 646 648 680 714 724 737 738
20 371 416 420 426 449 459 460 471 473 525 530 560 562 586 643 649 653 662 682 731
20 362 367 389 432 451 469 492 527 538 554 571 593 595 597 628 630 668 680 707 735
12 458 463 466 497 581 588 605 664 691 707 729 755
23 416 441 517 553 572 576 580 586 588 594 599 600 629 630 635 656 672 677 687 699 714 738 757
18 367 370 388 407 417 556 558 585 597 616 628 661 678 681 685 706 736 754
22 400 426 468 471 491 496 505 516 526 542 593 610 638 657 661 682 699 702 707 713 732 740
21 368 375 385 413 416 417 420 422 438 458 545 568 569 582 604 631 637 664 676 681 687
18 381 382 400 417 427 478 489 491 547 570 572 587 622 636 659 694 720 757
25 372 395 446 450 471 477 492 499 544 548 553 562 586 608 611 626 645 653 675 682 695 701 705 739 755
18 388 401 432 442 451 479 487 525 547 565 586 607 658 674 682 697 711 750
17 393 475 499 511 525 531 539 555 600 653 656 665 672 675 677 698 720
20 376 379 383 391 418 419 465 492 526 530 541 559 613 618 651 666 670 675 680 750
24 380 386 408 414 429 436 440 456 458 480 513 516 559 569 604 611 625 637 638 642 671 727 747 757
29 389 392 422 426 427 446 450 469 473 475 476 484 492 504 515 537 554 555 558 561 582 590 647 654 657 672 735 749 750
12 375 390 403 457 464 476 510 515 527 563 677 741
22 388 410 422 424 426 449 494 496 502 506 525 542 547 555 576 580 597 624 656 705 711 746
15 380 386 436 467 471 486 528 592 595 607 678 701 716 734 737
28 390 407 408 412 469 498 504 513 524 527 536 573 584 585 603 618 652 660 666 671 676 683 706 711 719 729 735 750
15 410 438 439 476 492 520 540 564 584 585 594 627 650 685 694
24 402 417 454 488 496 498 506 511 552 565 583 603 623 654 668 669 709 724 730 732 736 742 750 756
17 401 405 406 437 447 452 527 551 621 638 640 656 661 665 686 743 745
22 386 399 423 432 470 473 487 496 538 540 573 579 582 595 596 604 619 621 655 658 662 728
18 418 428 431 482 498 506 512 520 533 536 567 596 627 650 652 689 739 754
15 420 456 507 568 603 619 633 641 651 658 668 679 688 734 746
21 396 412 438 450 456 469 483 507 544 561 569 602 633 639 666 686 695 702 703 716 753
15 403 414 416 425 469 478 519 537 564 567 622 638 651 716 746
14 439 454 494 495 513 515 530 591 595 643 660 689 693 719
15 402 409 456 471 477 481 487 531 539 540 559 576 577 606 614
28 407 422 473 482 483 503 511 542 551 557 563 574 588 591 593 598 602 610 654 656 667 668 675 706 707 713 747 750
17 433 461 473 507 517 519 529 572 590 621 642 688 694 708 719 745 754
16 409 411 421 454 461 462 505 546 632 647 664 675 728 743 744 754
25 404 415 422 434 482 484 495 519 555 561 584 585 587 590 630 655 672 677 678 712 713 714 718 750 751
20 475 485 488 534 546 548 584 611 615 648 651 654 667 684 687 690 692 725 731 740
21 400 453 454 462 510 514 528 530 570 571 592 612 614 619 659 660 670 716 717 734 751
12 416 459 476 480 527 552 558 582 621 655 677 746
10 549 577 587 626 688 728 736 743 745 749
21 398 411 430 431 440 453 459 460 498 509 513 543 575 623 658 668 672 675 679 686 689
16 403 412 424 426 436 447 475 478 501 546 570 574 613 626 691 714
17 400 415 416 433 497 585 586 587 589 599 603 620 640 669 690 695 733
17 407 452 474 502 522 558 582 589 592 597 605 630 665 673 675 678 717
23 419 466 488 499 512 513 515 523 542 569 585 597 598 650 653 656 671 676 685 704 718 738 752
17 430 461 472 511 515 522 530 534 537 547 602 617 621 696 701 705 706
18 409 430 433 459 463 499 503 504 516 542 549 572 577 656 669 704 723 745
19 441 448 456 464 469 472 501 512 557 561 576 599 625 697 712 719 728 729 735
15 406 458 460 479 497 515 517 588 590 605 615 618 720 733 742
21 419 448 478 508 519 533 538 556 564 565 589 590 637 657 664 693 709 710 712 730 746
16 411 426 440 447 515 565 619 620 632 647 659 685 686 698 702 712
22 417 431 440 473 475 478 513 523 534 538 546 551 553 559 568 624 626 638 693 726 741 744
13 450 485 499 510 529 614 619 621 623 633 709 716 750
22 418 424 451 484 517 544 546 560 582 605 606 626 646 655 671 673 676 695 700 718 742 747
11 417 422 424 455 456 508 532 554 646 677 692
14 437 516 529 536 571 621 639 643 652 659 685 722 725 752
18 431 459 466 473 512 539 594 595 597 600 607 630 636 655 704 730 733 734
17 420 425 452 468 510 541 544 551 559 597 603 604 660 710 715 738 756
21 458 466 495 511 532 547 553 560 575 580 600 614 617 628 641 645 648 662 707 715 725
20 424 432 469 517 531 537 545 579 591 627 631 638 643 648 650 655 681 735 742 749
22 425 431 478 490 503 523 541 542 559 564 588 589 594 597 610 625 661 681 684 722 745 749
19 432 434 471 487 495 496 501 505 512 529 550 555 598 667 683 689 710 743 754
11 436 464 500 515 565 593 613 660 680 704 705
18 430 444 453 463 486 502 510 515 545 622 623 633 642 690 700 712 724 736
15 428 434 507 525 528 535 542 552 570 571 574 588 626 653 757
22 439 455 473 485 495 519 538 571 578 579 593 613 630 655 677 684 709 718 727 735 740 756
18 430 439 449 506 558 576 577 578 592 598 625 664 670 675 685 723 726 742
12 506 530 538 540 551 574 587 612 640 679 720 751
20 437 439 466 475 478 479 490 493 499 558 569 585 634 646 667 674 676 694 732 752
8 453 484 491 538 545 569 666 757
10 441 460 467 526 539 589 636 662 742 752
18 428 433 436 468 505 530 536 547 564 569 570 580 586 600 648 677 680 733
12 430 467 506 511 544 645 657 728 734 736 740 743
20 456 509 523 537 538 551 555 557 620 622 642 653 666 693 721 725 728 732 736 752
13 448 484 490 505 563 585 601 611 675 677 693 718 741
15 502 510 520 527 545 554 559 575 581 585 630 668 715 738 747
20 444 457 474 481 485 500 507 531 538 545 572 615 619 636 668 687 703 704 737 748
20 436 437 441 446 482 502 507 513 518 530 541 564 566 592 607 633 646 690 712 726
17 439 446 463 484 490 516 521 539 615 640 643 645 647 655 659 724 757
17 443 482 523 554 557 593 594 616 631 646 650 667 712 719 725 742 752
18 466 467 469 471 496 516 543 545 569 575 588 592 612 617 628 703 722 749
15 442 443 506 534 571 576 602 616 618 621 648 652 720 725 757
13 452 484 528 532 569 587 591 604 606 629 649 688 750
14 448 456 459 482 503 617 628 642 661 678 692 731 734 747
13 457 490 495 503 506 560 585 599 609 625 668 705 731
22 444 485 511 531 548 563 568 576 582 593 622 632 673 686 694 717 726 731 746 747 748 749
16 444 459 476 515 548 566 569 574 578 584 592 606 607 623 652 700
14 446 464 473 475 525 555 557 598 626 645 696 706 713 745
19 445 476 491 513 528 534 536 553 582 591 617 623 649 696 716 719 725 739 752
11 477 483 492 510 520 560 563 727 728 748 756
12 494 511 513 577 583 592 641 663 673 674 688 744
21 460 467 512 535 537 545 557 560 592 594 618 649 651 653 663 701 706 713 723 741 747
13 453 470 484 529 547 565 581 629 641 653 714 721 742
9 482 543 545 571 587 596 608 611 697
18 455 456 463 466 470 487 521 539 555 556 567 585 598 624 642 671 700 701
15 458 463 518 521 523 530 563 597 598 610 617 620 637 686 722
14 466 505 523 530 543 551 586 595 609 627 656 706 708 747
18 481 483 515 533 566 576 581 599 651 660 666 673 681 690 710 716 737 752
19 481 496 522 539 563 597 620 653 656 665 688 695 702 715 719 722 737 738 745
15 466 473 483 493 507 545 600 616 677 709 710 719 742 755 756
16 464 491 509 558 580 593 617 651 659 662 672 718 722 733 747 756
11 469 531 542 574 587 591 605 624 657 736 746
20 475 541 552 573 575 581 594 596 599 612 630 636 637 677 681 684 691 704 739 743
20 460 490 514 518 525 538 562 568 569 578 599 609 650 665 700 701 719 721 748 755
14 466 526 536 548 572 611 632 641 691 714 722 726 736 740
14 466 528 532 551 577 608 609 611 622 643 651 679 706 717
21 465 472 485 518 526 528 537 567 573 593 600 632 646 677 686 692 705 707 736 738 755
18 478 494 507 515 537 541 542 579 593 595 603 606 617 619 651 678 692 719
20 482 496 507 518 527 530 545 567 581 606 609 649 677 679 688 699 702 749 753 756
9 492 499 583 609 635 662 664 683 742
14 518 548 584 605 607 616 645 646 660 698 703 710 719 730
16 496 499 501 506 513 534 577 593 602 607 621 643 684 690 716 735
24 472 473 476 487 495 522 541 549 558 571 584 595 605 612 618 620 632 649 678 696 704 706 718 727
13 471 568 616 666 676 681 695 700 720 738 749 750 753
8 489 496 541 568 615 656 704 757
9 473 495 506 518 554 647 662 692 711
15 486 499 506 510 511 518 528 536 603 608 620 625 678 734 754
11 481 505 527 546 577 636 651 663 707 712 754
15 492 496 527 557 583 614 657 659 673 676 693 700 708 718 723
14 485 516 520 545 548 549 551 595 596 611 614 649 660 691
11 482 535 547 572 635 642 656 670 680 706 726
13 484 490 500 511 538 544 545 549 600 605 623 654 721
16 487 524 542 549 575 576 609 651 661 664 703 709 714 722 727 752
9 527 605 606 656 664 667 683 699 753
15 541 548 586 587 605 624 644 664 671 690 708 718 724 733 745
15 505 528 531 559 569 576 612 613 643 660 690 701 704 727 731
17 491 514 526 553 562 599 603 636 672 675 676 710 711 724 733 742 750
12 523 559 570 574 618 620 635 642 662 667 672 722
15 486 506 545 553 557 561 604 631 657 679 691 703 708 723 724
10 488 521 527 538 582 592 593 600 712 743
13 520 523 553 608 611 614 621 635 636 664 692 707 726
11 525 538 550 573 576 586 617 666 677 710 725
10 494 560 587 596 639 673 678 686 721 738
8 494 515 611 618 639 648 713 742
9 496 501 514 530 565 582 624 649 663
13 541 554 567 577 598 601 628 629 654 664 666 702 703
14 512 525 572 581 592 611 616 620 628 632 636 654 687 698
9 531 534 549 558 601 629 700 701 732
16 522 526 538 587 640 664 669 671 676 687 692 702 726 734 743 746
15 509 514 516 522 582 597 610 648 659 661 673 685 733 743 751
16 520 521 529 540 559 576 620 627 630 637 697 726 729 731 746 753
14 506 508 520 522 578 626 679 686 691 694 695 696 699 757
12 510 526 542 560 567 579 599 604 612 657 725 748
12 526 573 599 608 652 658 659 672 679 735 750 752
13 504 527 559 596 602 613 628 680 695 732 743 744 750
14 535 539 561 576 577 592 596 623 640 642 665 674 722 746
16 508 515 540 575 624 635 642 646 657 668 680 691 699 717 723 731
14 524 562 568 571 607 608 612 632 641 646 647 673 681 712
10 562 613 619 623 637 666 670 674 721 750
14 512 513 522 573 590 609 626 648 692 695 699 718 720 748
7 549 571 583 652 691 713 741
17 539 543 563 583 592 597 604 612 618 644 661 669 727 735 738 743 754
15 512 549 559 603 636 644 651 653 657 689 709 714 718 723 724
13 511 517 539 541 564 578 589 597 599 624 635 696 757
9 524 525 573 592 649 675 720 726 729
21 513 515 521 543 571 572 626 632 644 647 654 660 661 708 724 727 745 747 748 755 756
13 521 556 565 585 601 621 662 669 690 710 725 728 752
12 576 626 640 641 648 662 668 682 689 713 738 740
8 532 536 627 629 646 686 717 721
7 524 558 604 614 666 685 755
18 522 551 555 558 581 585 587 593 614 638 643 644 646 701 703 726 746 754
12 535 550 598 606 619 639 669 696 706 737 751 754
13 541 542 549 556 577 587 602 632 664 666 730 740 752
14 529 536 558 578 584 587 609 610 626 665 695 725 745 752
9 544 561 576 616 649 654 666 729 755
8 543 574 596 615 622 640 663 672
8 552 584 615 617 635 645 685 740
10 537 540 547 559 598 612 615 641 699 732
17 537 544 554 581 582 589 631 633 648 663 681 687 691 743 745 748 755
15 530 540 577 590 597 598 609 630 638 657 670 684 697 701 737
11 537 565 587 591 608 615 684 696 711 714 736
13 573 593 599 608 618 628 634 635 641 657 696 715 734
8 565 568 601 611 626 674 703 756
8 550 601 607 649 657 671 682 720
10 573 608 619 625 637 639 643 727 732 742
14 534 581 590 619 633 690 692 696 701 720 722 735 738 745
8 573 582 612 616 618 625 657 723
12 555 562 579 589 597 631 661 671 675 690 705 713
10 541 542 550 555 596 612 660 681 693 743
11 540 546 559 567 600 628 683 698 732 736 742
15 563 564 568 574 599 601 606 616 624 628 638 639 652 672 734
11 538 561 577 588 593 597 616 640 669 705 745
12 551 561 567 615 640 656 669 672 702 705 726 756
12 548 583 599 619 633 634 654 664 676 677 707 742
12 553 579 606 634 635 641 642 665 681 707 717 727
11 590 623 624 645 661 662 665 702 718 726 737
12 553 556 561 620 621 629 633 669 681 713 739 742
17 548 557 559 577 601 604 632 633 634 652 661 682 698 709 723 735 747
16 545 556 561 582 589 628 644 673 702 707 714 717 719 724 728 744
14 559 566 572 590 592 595 620 629 644 664 685 690 692 710
9 549 558 588 602 642 654 687 708 730
10 601 624 639 645 646 664 666 699 709 757
15 553 565 585 590 598 611 644 649 659 682 689 715 733 735 755
8 609 651 656 658 672 702 705 717
10 560 590 603 605 638 669 706 708 744 746
15 567 572 582 602 612 651 658 661 694 696 707 722 724 734 753
8 559 590 642 697 705 710 720 751
14 555 573 587 588 610 619 622 628 686 690 699 718 730 739
11 568 577 612 630 635 639 656 680 687 716 736
20 568 571 577 580 621 626 628 635 651 664 682 702 726 727 732 736 747 752 756 757
14 565 570 573 581 604 606 628 635 644 645 662 674 690 737
10 575 616 637 640 646 660 664 690 710 731
9 576 583 621 628 637 662 687 694 715
11 565 607 621 623 627 632 656 658 728 731 746
6 576 611 633 676 692 743
13 581 595 605 635 636 642 682 703 716 733 747 753 756
7 619 623 645 657 663 672 704
11 585 589 614 628 632 651 667 680 716 727 728
14 574 587 601 602 614 633 650 662 666 670 730 733 744 745
9 569 592 594 648 656 658 659 713 747
6 606 628 675 676 706 731
6 574 592 599 632 642 725
7 582 609 611 659 696 754 756
13 571 575 615 617 634 644 662 679 682 685 689 740 741
11 573 608 614 624 636 649 679 687 689 716 750
9 575 587 604 606 672 678 690 731 755
10 583 596 605 626 641 674 694 712 734 739
8 575 598 636 671 679 688 693 746
11 581 590 602 606 615 644 654 712 716 742 750
4 619 654 672 674
14 586 592 598 607 623 635 655 659 662 666 675 685 700 745
8 632 649 655 661 692 693 709 730
10 595 605 615 655 682 711 729 741 748 749
11 592 610 623 625 638 647 671 682 712 731 756
14 589 593 599 603 624 634 649 672 688 689 705 711 723 728
12 591 600 612 617 622 625 641 682 698 714 733 753
9 585 642 643 661 664 677 728 741 745
9 596 597 623 669 705 730 734 743 744
7 589 637 638 641 644 742 754
11 590 591 608 623 629 631 641 643 687 731 751
9 597 609 610 654 676 697 720 724 751
12 621 638 661 668 672 679 716 727 728 729 744 745
9 602 621 641 664 725 740 747 749 750
10 596 646 652 668 692 703 706 734 742 753
12 641 658 668 669 690 709 710 711 716 728 734 755
6 607 613 615 623 698 746
6 618 683 703 719 730 748
10 596 651 662 669 672 700 712 744 750 753
12 612 623 629 631 671 674 681 683 703 717 752 755
14 604 607 620 630 664 684 707 709 712 714 728 739 750 753
11 597 639 658 664 672 683 689 690 706 708 738
11 602 619 625 635 649 672 682 683 725 737 752
9 612 646 648 650 657 658 671 733 752
10 619 646 647 649 664 668 689 717 722 752
8 601 624 630 699 702 710 716 733
6 602 607 615 653 668 733
5 639 663 682 695 743
8 609 623 635 680 690 699 735 750
9 611 621 666 687 698 701 711 718 750
13 615 618 630 631 637 640 642 651 677 681 711 730 747
6 624 664 671 688 724 726
5 608 697 713 718 750
5 624 636 646 671 703
11 617 619 652 656 678 687 688 691 692 695 700
8 613 633 644 649 676 685 695 752
8 612 625 632 650 662 679 693 736
5 633 679 706 731 752
4 633 702 705 726
5 699 717 719 727 757
6 635 685 695 704 727 730
8 650 654 660 665 669 688 705 737
4 646 712 719 756
7 629 640 695 733 734 743 748
8 671 676 683 689 702 710 735 755
2 674 701
7 653 654 655 694 699 718 736
5 651 658 679 697 737
8 646 661 701 705 707 715 747 748
5 673 681 710 717 749
6 635 661 668 674 701 756
6 662 719 733 750 754 755
7 662 673 675 715 722 734 738
1 709
4 661 702 709 755
6 640 676 713 719 743 755
8 644 646 686 692 709 745 746 757
6 633 646 696 699 716 749
9 648 699 720 730 735 745 747 750 754
7 641 668 678 681 682 723 729
7 640 676 685 700 705 724 742
5 670 678 683 719 754
3 681 694 729
6 647 654 660 733 742 747
7 645 679 682 711 727 745 755
8 661 662 693 700 729 730 752 756
7 648 663 693 697 711 743 751
3 676 743 754
9 654 674 682 684 688 704 713 749 752
7 649 650 651 672 696 739 745
8 659 662 669 690 707 720 740 749
6 658 688 692 710 715 717
6 670 699 704 731 732 756
5 667 680 688 689 693
3 653 673 704
7 652 661 679 684 702 721 733
6 672 704 707 734 738 741
5 660 672 688 694 717
4 656 710 714 748
7 679 695 707 726 737 748 753
7 663 702 704 709 739 742 749
6 665 689 690 694 706 730
5 683 710 711 723 741
4 703 707 713 754
7 670 689 709 712 713 720 722
7 681 686 700 717 718 727 743
5 691 696 711 713 748
6 719 723 735 747 750 753
7 669 681 686 698 715 743 752
6 689 705 707 713 723 733
7 673 674 683 694 700 719 737
6 681 706 723 724 725 739
2 699 747
3 697 730 744
1 757
4 677 723 729 751
4 716 722 738 742
7 675 694 701 721 724 731 735
6 678 681 692 697 720 750
4 676 679 727 747
0
6 693 694 703 720 749 755
3 726 734 739
5 684 713 718 721 745
1 709
7 689 693 704 707 737 739 747
3 683 697 728
5 685 688 692 724 737
7 695 698 700 705 717 718 748
3 721 724 744
7 694 705 713 734 742 746 757
2 705 713
4 695 712 738 746
1 695
3 692 727 735
1 717
3 697 710 757
2 710 729
3 728 744 749
1 722
6 699 700 701 722 749 757
2 697 712
1 706
8 702 706 710 712 721 735 740 748
1 740
0
3 729 741 749
3 721 732 738
1 756
2 736 749
4 716 732 751 757
2 717 753
2 722 749
1 716
2 721 727
1 722
4 725 743 747 749
2 751 756
4 718 725 727 757
4 722 735 739 756
3 725 730 749
2 736 757
2 721 726
1 757
1 722
2 723 731
3 734 741 755
0
0
0
1 736
2 731 745
1 740
1 756
1 735
4 740 747 752 755
2 734 741
1 754
2 738 743
2 737 742
2 741 754
2 738 739
0
0
3 742 746 753
0
0
0
0
0
1 753
1 747
0
0
1 757
0
1 756
0
0
0
0
1 757
0
