945
48 46 47 52 59 71 80 86 134 145 156 166 183 190 258 282 297 310 335 356 361 374 375 479 516 520 533 578 581 614 643 712 715 725 743 761 768 781 787 806 824 843 875 880 883 893 903 935 941
52 12 73 99 112 117 132 138 146 163 167 175 223 246 251 260 278 311 337 350 358 361 367 400 426 488 516 530 537 575 627 628 632 637 651 690 696 736 740 753 756 767 776 778 793 802 804 815 858 860 928 933 936
59 8 17 19 20 35 62 91 92 100 111 140 183 189 225 243 252 272 321 333 338 362 385 389 399 402 406 425 437 448 462 463 487 492 516 519 545 602 621 633 676 698 729 733 734 741 784 788 803 820 840 847 860 873 894 901 902 904 906 936
38 105 120 138 233 248 258 283 333 355 356 360 364 384 415 461 488 528 596 612 624 646 650 664 671 683 694 736 760 788 822 832 851 876 895 916 921 928 939
51 25 37 64 90 98 162 164 166 173 183 194 204 224 247 264 276 287 296 308 312 339 394 411 413 459 491 493 504 505 510 534 553 565 622 645 661 677 680 715 728 748 809 815 821 836 878 893 917 921 925 944
46 12 36 43 66 71 135 177 184 190 201 208 212 222 226 247 252 259 263 278 307 317 329 409 426 428 438 465 489 498 527 567 601 611 615 620 626 649 689 697 702 728 807 818 859 868 898
50 30 37 48 77 92 119 129 154 164 199 203 208 219 227 239 268 296 309 354 375 387 393 399 419 427 473 511 540 572 577 592 597 599 610 618 698 704 718 730 739 751 788 790 795 799 828 843 864 878 896
56 27 35 47 67 86 97 123 141 142 151 158 184 220 260 264 280 295 302 306 323 332 336 338 344 347 364 376 411 425 427 440 442 445 446 453 480 487 493 534 550 565 585 640 651 668 675 687 697 750 762 790 825 831 848 925 936
50 9 33 39 43 64 103 117 130 170 189 194 216 231 241 252 313 314 325 329 414 427 442 447 454 492 505 513 519 523 525 534 552 557 577 666 685 700 702 729 730 803 822 832 835 839 843 853 854 875 913
52 10 48 61 123 126 151 165 181 195 214 217 238 260 271 293 306 326 330 335 373 376 396 411 425 429 435 497 500 517 536 550 574 611 619 648 652 667 676 687 688 704 707 710 711 768 778 791 795 796 819 864 935
57 11 17 39 97 122 125 138 148 176 179 182 196 205 234 261 274 299 343 353 370 371 373 401 422 434 448 462 518 532 540 543 545 546 591 604 618 628 634 637 663 699 700 724 734 744 749 753 784 800 805 809 852 888 900 909 911 920
61 12 34 36 65 96 103 113 139 142 144 156 169 177 200 213 223 248 287 304 305 342 376 377 396 401 415 430 436 437 445 452 469 470 473 513 531 542 583 587 595 611 617 633 636 689 708 738 764 776 803 806 830 831 854 857 868 874 884 890 896 931
42 18 21 74 100 103 143 144 166 169 174 185 186 205 206 229 260 264 302 395 454 475 487 507 513 531 556 563 595 596 668 673 685 731 741 743 765 774 802 841 842 903 936
45 68 105 106 109 114 149 199 209 223 245 246 250 256 279 287 298 303 304 338 351 369 373 410 420 476 484 510 516 567 575 619 631 633 671 689 704 706 712 724 743 780 788 841 860 895
54 101 117 120 131 151 165 171 184 217 227 228 239 293 328 339 342 375 381 389 392 400 406 436 437 459 466 514 535 555 574 589 603 618 625 629 633 649 677 689 700 735 747 772 806 817 827 853 864 875 877 893 896 922 940
39 93 105 143 157 170 179 183 312 325 369 373 376 378 426 428 474 482 487 495 510 519 582 585 613 628 659 685 694 702 709 712 739 800 814 835 844 850 853 924
48 43 85 102 104 113 120 143 158 200 262 263 290 301 306 308 309 319 335 344 387 413 432 449 454 464 489 557 564 578 589 591 622 643 647 665 666 694 721 727 735 787 796 800 824 828 845 854 895
41 37 42 65 97 100 154 162 174 228 259 286 306 308 355 409 433 463 471 489 508 536 551 641 642 708 718 758 781 839 850 853 860 876 880 888 897 899 915 916 924 939
56 39 41 54 60 75 90 106 109 121 143 144 150 151 155 166 186 219 284 292 295 312 326 349 350 352 396 441 466 474 477 483 490 509 521 559 590 595 613 621 656 677 710 715 751 766 767 822 829 850 857 886 889 892 905 918 937
43 39 40 107 141 145 162 198 245 315 346 365 368 387 390 406 425 431 434 437 470 512 524 539 560 598 641 657 678 693 704 716 726 739 746 769 790 810 825 842 851 861 924 929
40 113 135 160 161 165 217 270 301 314 339 341 395 396 401 403 427 446 496 505 525 526 538 570 573 605 611 630 641 671 677 697 812 818 830 844 858 889 892 905 925
40 26 41 69 78 134 140 185 201 215 225 229 235 263 291 358 379 382 389 402 405 432 442 475 480 488 528 580 625 640 644 651 693 751 781 811 853 868 881 884 890
34 25 70 108 126 133 136 158 205 207 244 282 291 321 327 332 349 356 411 451 466 547 553 573 578 585 605 640 657 715 733 742 838 874 927
42 63 124 131 143 163 185 204 223 231 252 271 281 294 313 314 337 353 389 480 494 544 546 572 647 657 662 677 679 680 699 720 726 751 787 796 817 820 835 870 883 918 935
41 51 84 101 108 122 172 220 222 226 247 253 293 310 316 381 388 389 401 443 480 524 535 544 570 574 576 597 608 632 635 651 728 731 752 763 770 774 798 799 856 928
56 29 39 46 60 74 77 128 132 143 156 163 207 214 245 262 272 280 284 290 322 328 332 391 392 403 406 427 441 461 468 476 477 479 498 502 546 582 603 605 611 619 664 700 704 732 733 734 771 772 780 783 796 825 874 881 900
54 47 54 102 142 146 155 160 180 207 209 228 237 247 251 281 289 305 308 335 384 401 409 414 428 431 443 461 484 506 539 569 577 593 599 636 651 667 681 695 707 729 749 752 762 774 788 792 827 842 848 882 890 891 910
55 33 41 42 44 63 74 91 100 126 128 140 206 235 246 258 266 302 313 316 331 350 368 369 381 396 417 433 507 581 593 610 611 628 645 659 663 665 685 687 706 770 789 803 808 821 822 829 832 858 859 863 866 893 909 934
47 89 93 102 177 196 217 231 275 293 295 298 317 342 345 355 363 375 394 407 426 429 493 511 516 521 545 548 565 583 590 591 594 598 624 643 694 756 778 779 800 802 833 904 908 909 937 944
45 31 87 95 102 115 146 159 178 243 256 271 275 286 305 315 335 363 368 369 382 385 396 405 434 453 458 465 486 530 549 576 583 614 625 689 697 752 772 786 803 813 856 859 864 869
48 45 60 63 68 71 77 110 138 155 172 222 237 303 310 342 349 357 375 386 389 399 404 426 457 484 505 507 509 586 594 626 645 646 659 676 706 732 737 774 825 840 846 875 887 889 895 902 912
33 40 73 149 182 196 205 234 246 247 253 320 324 339 366 367 373 375 400 477 516 543 545 561 593 656 662 728 738 768 793 839 863 872
58 62 87 90 102 131 146 154 177 188 205 218 249 256 257 277 296 301 360 379 393 398 407 421 425 440 455 462 490 492 501 510 514 520 542 544 556 572 579 580 604 619 620 626 649 718 753 775 791 800 801 802 842 848 855 876 879 885 933
46 41 66 68 86 90 104 128 140 156 184 196 198 206 233 286 316 321 324 355 381 411 417 421 436 458 479 494 517 553 560 562 567 582 596 642 652 677 707 800 816 820 839 840 845 915 916
45 55 65 74 99 109 122 136 156 168 218 219 280 290 296 325 452 457 458 461 473 482 483 495 542 554 567 596 623 695 702 704 706 728 729 742 745 751 812 826 837 851 904 918 927 937
53 37 105 111 132 141 149 162 169 177 197 199 241 243 245 253 279 297 315 316 323 341 361 404 419 439 440 451 469 478 520 534 542 545 564 573 608 622 636 638 677 678 692 758 768 782 849 850 852 883 886 909 914 927
42 46 52 58 116 119 147 174 188 207 208 227 242 248 260 271 331 393 404 430 467 502 535 576 583 621 629 645 653 664 679 710 711 725 753 765 782 787 829 830 897 930 933
45 57 64 126 145 153 184 192 240 249 287 296 297 309 325 383 413 420 432 455 472 536 553 569 597 602 606 608 614 631 686 687 694 699 713 730 734 754 810 833 841 844 848 904 921 931
37 60 76 80 102 119 131 141 157 207 230 244 271 334 356 362 371 403 435 443 498 518 534 546 551 554 558 616 629 632 657 678 701 747 824 882 942 944
59 41 58 69 84 91 92 94 104 110 124 132 137 148 149 174 183 199 204 215 235 249 259 261 281 283 300 321 345 347 352 384 387 395 405 419 436 479 552 559 578 593 595 640 644 667 671 727 734 759 761 764 812 831 834 853 862 878 909 928
37 46 102 108 121 151 186 190 194 242 255 310 346 373 409 429 434 454 489 540 543 566 583 607 639 679 697 755 759 762 764 783 811 830 874 908 931 939
34 48 51 69 73 76 109 118 129 223 268 327 341 404 426 463 469 475 478 518 542 594 608 669 715 762 776 811 815 829 883 889 934 937 942
42 52 85 93 102 111 156 165 172 174 187 189 318 348 350 361 393 432 450 455 458 534 542 586 620 646 686 687 694 725 732 746 763 764 800 805 855 858 860 875 882 884 933
55 55 92 120 131 136 163 193 196 218 233 243 277 299 320 322 324 347 353 354 360 372 385 405 430 436 454 466 475 476 522 530 551 557 560 571 601 608 628 633 654 662 672 698 703 742 798 814 821 834 836 857 870 902 925 940
33 47 99 109 160 161 196 205 251 255 294 301 339 344 361 367 402 444 459 507 598 661 678 689 703 705 738 745 756 811 842 888 899 907
31 90 141 180 194 232 235 256 282 290 307 400 429 445 475 518 521 524 568 608 652 669 679 686 703 733 798 799 875 912 926 941
42 49 54 71 78 81 90 110 127 130 134 137 200 239 265 288 332 390 404 427 516 547 561 564 580 614 623 625 652 657 682 685 686 693 750 799 817 819 826 875 878 883 892
41 70 94 185 219 268 283 333 336 342 344 370 394 407 421 463 475 483 495 532 547 558 561 575 593 625 663 674 681 707 729 760 791 798 801 823 825 846 883 899 900 929
32 60 66 71 105 120 192 213 316 322 341 350 408 411 419 420 464 473 504 541 549 569 647 731 749 780 824 828 854 861 893 896 927
52 59 68 79 100 153 159 185 192 223 228 243 303 311 331 358 362 387 397 431 443 448 486 497 526 541 551 560 562 568 579 598 615 618 647 659 672 684 700 720 748 776 792 800 862 864 888 910 917 919 925 928 936
46 54 105 130 132 138 169 196 199 235 270 295 312 325 333 342 356 383 430 480 484 488 512 546 591 599 615 624 632 634 668 680 695 699 720 742 747 749 834 846 864 882 884 924 925 937 941
43 52 65 75 83 86 90 96 151 155 157 169 178 193 207 209 225 234 319 379 417 439 481 502 559 582 592 607 608 639 654 695 717 746 752 765 791 798 830 837 852 866 871 939
43 67 74 84 185 186 220 222 234 238 239 353 356 358 366 370 395 402 407 430 432 476 534 538 545 573 574 641 662 675 709 734 739 761 812 815 834 852 875 889 897 915 934 944
39 89 112 114 116 149 160 169 184 188 193 218 264 272 299 308 384 447 460 504 553 584 585 606 609 618 631 652 684 761 769 804 813 856 886 894 924 935 940 942
35 83 91 137 146 172 199 202 240 341 393 420 426 463 466 469 474 483 495 571 651 656 671 687 702 716 762 822 844 853 854 872 919 920 932 933
35 89 95 108 123 162 168 227 247 268 276 279 290 313 332 345 379 383 385 394 413 415 425 457 504 518 548 593 617 623 639 707 727 742 827 870
46 59 92 115 134 159 208 234 238 255 295 298 303 321 336 349 380 405 416 422 433 461 468 506 532 539 563 579 583 599 602 692 704 707 743 749 751 752 756 774 778 786 818 846 873 907 930
42 115 136 151 176 227 249 265 275 280 295 317 345 385 398 430 448 516 556 565 586 614 617 620 646 684 685 686 712 714 734 762 769 783 818 848 854 870 897 902 907 920 939
43 120 131 135 154 155 160 192 199 216 244 251 259 260 288 296 303 323 353 367 427 440 442 445 462 469 508 538 597 623 675 685 722 761 787 791 798 855 911 913 926 931 932 935
53 67 68 77 83 101 105 207 229 243 261 268 298 302 318 323 327 331 333 351 353 355 363 371 382 394 415 443 449 491 516 531 548 552 572 600 629 642 643 709 723 735 742 758 760 814 817 825 858 914 923 932 937 939
39 61 70 75 80 100 103 165 179 187 197 203 218 229 240 266 293 301 329 343 386 389 527 573 581 588 605 614 623 681 682 697 713 791 814 833 847 871 921 931
40 90 108 123 129 154 155 204 205 243 324 352 385 421 432 450 458 460 478 502 522 525 543 591 611 627 639 667 673 683 697 752 769 779 796 800 801 811 843 909 939
51 79 80 94 116 126 127 139 151 169 184 193 195 202 216 227 238 291 293 296 324 352 364 381 398 400 449 471 550 560 598 606 607 621 658 659 671 680 690 701 714 733 739 744 769 772 791 845 854 899 904 926
45 68 70 98 117 123 175 222 231 250 264 302 344 346 365 400 435 451 477 507 510 518 525 536 540 548 553 571 584 595 600 647 655 657 684 714 763 793 800 812 818 838 850 881 906 911
45 71 73 139 158 162 170 289 291 295 304 315 357 379 428 452 460 474 493 497 503 526 579 594 597 610 613 659 661 666 671 684 701 708 723 756 757 766 800 808 830 845 846 886 900 936
53 82 87 93 100 115 140 148 161 181 200 208 266 281 296 315 335 344 354 369 423 440 473 495 497 515 551 554 601 616 623 628 652 667 711 715 720 761 763 781 794 804 826 834 841 853 856 868 887 889 902 922 923 930
42 82 111 171 184 192 203 217 230 233 257 260 272 291 307 362 369 378 407 415 417 429 451 500 514 562 674 678 692 696 697 706 732 772 780 838 843 844 852 871 892 924 939
48 68 70 93 140 187 206 220 238 268 292 305 326 327 369 384 394 412 417 472 489 509 517 518 547 566 571 597 606 636 650 688 691 724 752 760 800 818 826 830 831 848 849 852 860 863 883 916 925
57 81 94 95 107 114 160 189 192 205 222 233 236 243 244 247 284 304 308 330 348 359 364 367 376 384 385 391 400 427 462 495 516 562 583 585 586 593 601 636 662 684 704 742 779 784 788 789 809 820 852 853 890 893 911 918 933 936
44 71 86 159 161 174 182 222 274 296 314 377 389 447 462 472 506 563 567 568 575 612 628 657 663 665 666 669 677 678 681 741 749 759 763 768 792 797 800 804 860 908 927 928 944
45 71 72 77 86 115 190 191 194 211 218 231 243 256 303 315 320 394 398 450 470 474 498 503 511 514 548 569 601 603 612 634 642 657 671 711 716 721 726 746 780 791 828 831 927 942
38 102 164 169 180 199 212 224 238 249 268 274 287 291 368 445 466 470 481 504 581 616 659 663 686 700 713 714 748 749 804 835 848 849 900 901 904 923 944
48 125 143 189 198 203 204 228 288 297 335 346 347 350 352 370 376 396 397 447 483 491 498 505 512 545 579 581 588 601 614 626 634 638 671 673 708 719 735 737 794 826 842 865 866 880 896 910 912
40 74 113 163 182 189 219 223 234 282 319 323 331 341 367 396 414 416 419 446 450 457 500 576 580 585 601 646 720 730 731 759 762 775 818 830 843 896 913 935 936
42 101 104 124 135 156 164 175 194 223 246 248 250 258 259 267 284 303 308 324 328 345 356 408 416 439 470 512 535 540 596 623 657 663 710 752 776 812 857 876 879 901 904
42 81 99 108 137 144 149 151 163 171 195 204 206 207 222 234 278 318 360 411 461 473 537 552 571 583 586 603 605 621 669 682 717 731 747 768 789 809 833 871 876 922 934
43 110 205 219 221 224 277 283 297 340 387 412 438 462 519 531 541 546 553 571 581 588 623 662 664 665 666 678 692 693 716 726 741 762 801 812 824 843 851 854 855 886 938 942
43 92 157 168 262 278 288 299 306 314 317 356 361 386 440 446 448 470 475 487 494 531 532 553 565 570 586 616 657 679 683 694 708 716 743 752 758 762 838 850 855 909 926 933
31 90 98 123 128 175 190 220 269 310 405 429 523 542 546 579 600 603 626 631 632 648 652 698 715 749 756 777 822 845 878 929
51 93 157 180 181 216 221 239 240 243 273 299 303 311 325 330 331 345 371 372 409 440 446 476 493 523 531 541 562 567 575 579 594 607 622 650 663 678 680 729 741 788 807 824 825 860 864 872 910 921 923 936
38 82 86 137 191 210 226 239 250 303 312 317 318 363 368 385 395 413 434 449 454 461 477 485 530 538 629 660 693 696 720 728 839 841 865 895 908 922 923
43 84 87 90 91 108 114 120 132 140 192 217 253 280 300 339 343 396 399 402 409 460 487 549 551 557 570 574 582 592 607 609 619 635 656 658 666 668 720 789 818 857 885 893
50 115 145 149 175 177 190 203 205 209 212 228 242 243 270 275 280 290 313 316 321 377 412 419 420 432 465 517 533 537 558 570 581 594 604 630 665 687 703 716 722 740 776 784 787 801 808 824 850 884 899
41 86 102 111 124 125 135 198 221 235 236 239 248 258 318 332 345 371 402 408 422 438 461 470 527 542 570 605 615 632 740 750 795 823 861 863 867 885 891 897 937 938
45 127 139 178 181 196 205 207 216 232 233 244 256 333 342 396 428 447 451 498 503 515 521 532 535 600 601 653 658 663 673 698 716 719 722 726 738 754 766 769 780 826 854 879 883 907
45 144 150 160 163 206 209 254 268 277 304 309 311 330 351 373 388 395 453 454 460 478 486 511 516 517 525 546 562 571 597 639 661 663 682 697 704 720 778 779 780 810 841 863 867 926
35 92 93 95 126 127 149 245 269 328 358 389 414 418 431 438 457 476 580 594 604 620 645 675 693 762 796 799 813 824 836 847 876 888 896 917
30 90 108 138 170 192 236 254 291 346 347 439 450 455 487 508 509 535 578 593 634 664 675 679 714 733 771 859 921 925 932
41 92 134 138 149 155 158 183 187 201 214 336 357 383 437 450 454 461 480 512 515 521 561 580 583 589 616 623 635 670 673 742 744 761 785 820 838 864 873 904 908 914
50 168 193 197 205 215 221 224 233 238 274 299 302 306 362 392 394 395 414 415 432 439 441 483 506 547 555 576 609 613 630 637 658 681 726 732 742 743 754 759 769 771 794 814 824 829 846 861 880 919 943
40 140 153 175 177 180 190 260 263 266 273 315 338 354 372 380 393 429 447 456 465 513 530 536 575 605 612 629 643 668 669 717 751 797 824 844 845 852 899 902 910
48 97 112 119 187 224 234 251 271 273 277 288 313 334 348 394 408 422 425 438 446 458 459 468 470 474 522 548 590 594 614 658 660 662 694 709 727 752 759 765 768 779 795 802 806 809 823 848 944
39 129 156 158 183 185 205 207 256 266 296 325 333 334 356 364 376 396 415 427 471 491 493 499 517 544 592 608 623 659 680 698 731 769 776 832 841 843 848 882
36 108 178 232 259 272 276 309 321 361 384 392 397 400 409 424 434 480 503 543 562 582 614 640 664 668 686 708 757 773 796 821 875 884 905 906 939
39 106 107 116 127 129 148 150 196 298 307 312 346 349 355 365 372 413 451 488 497 528 556 564 611 625 626 646 664 677 727 761 791 792 797 818 870 871 882 934
50 103 144 154 158 172 176 184 188 198 224 238 273 293 310 314 326 333 347 370 386 432 481 493 514 534 582 591 610 613 618 644 654 668 704 719 739 760 770 771 775 778 782 810 856 859 876 884 902 934 935
37 120 127 138 153 173 216 245 259 305 311 346 362 419 421 435 494 503 512 524 548 565 571 577 584 592 629 636 655 661 712 797 813 830 854 880 892 936
40 122 128 136 157 196 226 229 283 285 288 323 326 357 366 406 442 443 458 470 490 491 496 585 602 603 623 631 653 669 711 741 794 799 806 807 824 838 857 919 921
40 99 104 116 117 167 168 182 196 218 220 246 271 307 326 331 339 424 433 469 491 515 568 626 635 640 670 693 710 717 735 747 780 853 873 879 901 917 921 923 936
36 143 187 199 218 284 303 316 365 389 417 418 446 470 502 550 563 573 587 605 620 639 652 654 678 695 708 745 746 771 784 798 800 861 909 922 925
42 113 135 191 215 221 222 226 237 244 258 295 308 314 335 336 380 416 423 427 435 455 525 564 573 588 602 605 612 627 669 701 722 786 798 809 814 816 819 829 834 849 896
49 119 126 127 131 164 183 204 233 251 311 312 326 337 351 383 410 411 413 415 425 444 502 528 545 572 689 737 743 746 761 780 784 798 818 823 829 833 847 850 853 863 886 890 893 900 915 920 924 938
36 123 133 160 162 168 176 216 232 313 319 321 344 389 399 464 488 493 506 514 520 524 548 557 606 660 721 723 742 827 841 860 878 879 883 888 908
50 104 113 185 201 214 218 242 267 286 293 297 299 307 309 333 335 344 359 363 408 410 415 426 436 449 486 493 495 508 521 541 542 569 584 588 593 620 665 666 670 685 745 779 780 782 788 824 869 886 939
46 107 129 132 180 186 221 253 262 266 299 308 331 354 365 388 421 447 461 470 493 501 529 564 584 594 610 621 625 669 670 685 689 717 734 735 787 801 802 818 863 897 917 919 921 934 941
37 126 159 191 201 227 239 245 310 314 373 380 396 402 418 447 465 477 512 518 539 582 592 650 652 748 775 776 814 829 835 836 845 848 862 872 879 935
30 143 157 160 174 196 215 266 274 345 352 362 366 387 417 433 450 626 693 747 749 756 759 763 784 807 850 864 884 906 912
42 121 147 151 159 213 215 219 233 263 272 274 294 312 320 321 344 393 403 471 480 547 553 633 667 672 699 714 752 774 788 814 818 847 855 857 864 875 905 926 930 934 940
52 111 119 120 138 141 145 152 186 188 189 227 287 306 307 321 333 406 409 429 436 445 463 498 521 533 535 547 559 579 590 593 594 596 597 608 612 628 629 686 695 702 743 753 756 777 779 793 813 871 874 915 926
46 120 131 164 169 201 211 214 242 245 249 250 267 369 370 386 405 420 422 432 443 473 534 562 573 587 592 595 635 636 642 684 715 734 768 783 816 818 840 844 860 882 888 913 914 922 938
43 124 153 160 161 163 188 199 224 232 266 307 333 378 404 418 428 444 454 461 486 512 526 537 555 559 564 602 627 650 656 688 692 735 800 824 831 837 847 848 878 896 900 937
36 181 227 234 241 245 295 316 352 397 400 428 435 450 462 483 490 495 514 563 579 623 627 632 699 734 736 765 789 798 805 807 816 830 844 867 910
50 133 137 141 150 190 221 227 237 258 276 284 301 304 358 414 433 436 473 475 478 491 529 531 550 556 559 576 602 635 652 665 700 725 736 803 804 818 844 870 880 895 897 915 929 931 932 935 937 943 944
38 133 155 165 174 179 180 234 235 249 252 308 350 355 358 365 387 450 521 530 531 537 542 605 612 613 636 637 662 674 680 752 782 836 840 843 855 886 910
47 125 155 175 219 256 277 283 290 297 306 331 372 418 444 454 457 460 483 485 487 496 537 539 564 568 590 612 645 648 651 652 655 658 682 730 745 764 778 820 831 839 866 870 879 894 919 931
42 130 151 155 162 175 198 201 204 226 234 265 291 308 334 390 415 421 432 442 474 492 493 498 506 562 583 607 622 632 668 677 696 703 707 717 779 827 846 866 875 892 920
51 141 145 169 179 180 198 202 246 256 261 272 295 308 316 318 334 335 384 385 409 431 444 458 462 541 546 564 566 578 583 599 616 618 623 640 648 681 696 714 748 757 768 799 840 846 894 899 929 934 937 942
50 127 133 171 172 182 190 225 232 247 275 307 309 310 326 342 343 361 390 405 418 448 450 455 457 484 497 501 505 513 516 532 550 564 567 571 576 585 610 611 619 624 626 681 719 749 823 845 855 882 894
41 130 134 167 172 178 253 254 296 297 315 337 351 393 398 408 447 452 475 478 491 554 575 631 650 673 676 691 715 731 744 777 804 852 853 859 860 861 881 920 931 940
37 123 154 159 173 182 191 215 217 249 287 307 322 331 348 379 380 403 451 479 506 510 530 550 597 618 623 641 642 691 697 711 834 851 866 870 906 916
45 127 129 139 150 163 213 217 225 226 230 260 282 291 336 340 376 395 399 402 436 452 454 457 458 480 496 515 533 542 608 619 666 679 681 694 699 806 821 835 846 867 871 881 892 926
42 123 172 195 218 248 259 268 271 274 281 315 320 326 329 332 345 372 393 433 469 494 509 510 515 537 543 562 627 672 686 723 736 754 768 793 798 832 874 890 903 913 921
38 125 137 153 172 226 242 285 291 326 348 361 395 457 465 466 506 507 524 545 569 582 665 675 679 698 736 741 747 778 802 809 865 872 889 918 927 930 941
37 145 173 177 178 196 200 212 233 253 268 295 299 322 349 352 391 410 415 429 445 472 520 644 656 668 684 713 729 730 764 767 804 814 876 883 927 928
40 143 172 229 241 242 252 272 297 299 331 339 343 388 393 400 426 520 539 541 555 564 572 578 597 609 614 615 626 645 676 751 820 841 845 854 864 893 896 902 938
46 135 141 178 179 212 224 236 270 273 345 419 434 440 448 449 450 451 468 470 478 502 524 530 556 560 579 596 640 641 645 648 651 666 685 702 704 735 754 801 865 875 884 886 926 935 943
38 127 149 179 181 252 297 303 339 377 413 442 474 477 479 539 548 568 578 581 593 628 638 752 756 770 783 802 819 833 842 849 860 876 899 904 933 935 937
31 148 161 214 227 228 255 309 313 384 391 404 442 454 462 482 495 501 523 576 680 681 697 704 705 782 810 821 861 880 908 923
36 184 185 189 210 253 274 338 374 376 478 483 487 498 508 531 542 548 554 567 575 595 603 607 608 618 644 788 795 809 820 823 851 859 867 889 939
46 136 139 178 206 209 250 272 299 339 340 360 401 430 431 436 439 443 449 459 482 518 532 542 544 568 603 617 676 694 695 700 759 762 764 841 851 876 881 888 903 915 925 932 933 934 940
39 162 177 180 197 201 213 222 232 241 262 276 288 308 321 331 370 427 429 457 483 540 551 567 618 648 677 689 713 717 722 751 813 861 865 868 872 926 930 937
31 175 219 231 245 309 335 395 418 460 484 502 510 515 527 563 590 629 646 654 705 737 777 785 786 797 813 827 835 873 891 929
45 135 166 168 180 222 228 249 254 262 284 298 302 312 318 346 353 358 388 425 429 446 449 468 516 530 532 561 582 583 584 590 599 656 676 730 731 745 776 785 789 794 810 838 854 897
42 143 152 205 220 232 272 273 278 285 298 301 317 323 361 383 504 510 518 534 538 542 552 556 567 593 608 623 636 679 705 730 749 751 771 785 838 857 870 871 875 882 920
41 148 152 162 164 184 211 223 267 281 291 292 303 304 306 313 361 363 372 403 406 424 426 447 507 516 563 585 599 624 721 760 766 770 791 811 821 830 840 856 879 898
48 150 156 171 175 179 184 187 210 223 235 262 263 268 272 305 325 339 361 364 365 388 390 400 420 424 452 466 502 509 538 569 585 595 604 611 662 673 696 734 760 791 811 883 898 902 903 904 933
46 185 189 201 210 256 291 339 350 357 368 396 410 414 439 459 462 517 518 540 547 583 612 632 634 645 651 655 667 681 710 726 745 747 765 775 776 777 786 798 825 834 840 848 855 890 940
40 167 206 235 257 279 311 342 363 378 395 405 418 421 432 463 467 479 490 493 495 517 539 578 584 586 645 652 653 663 684 727 736 752 771 786 830 836 870 919 940
39 153 177 191 208 221 263 290 311 317 324 346 363 371 380 402 440 443 444 492 519 520 553 602 604 632 648 717 720 722 730 739 756 765 777 804 808 821 865 888
50 153 169 171 175 179 189 191 222 235 248 252 301 319 351 352 358 362 363 401 430 434 442 452 525 578 588 589 609 629 643 660 667 672 674 704 713 716 720 757 764 772 781 790 809 866 915 923 928 940 943
46 154 230 236 251 273 298 340 350 367 405 406 423 437 452 454 477 479 485 487 494 520 524 596 681 682 705 709 710 714 720 725 749 767 784 790 808 813 839 844 859 865 872 880 907 941 942
41 143 149 158 185 259 271 326 411 444 486 508 513 540 560 561 572 590 594 600 615 639 640 649 650 651 652 661 683 707 711 714 728 749 772 784 792 833 863 871 905 942
44 149 174 220 238 252 265 409 429 434 448 458 473 482 498 507 530 539 550 553 574 581 584 585 628 646 654 655 664 676 701 717 721 745 753 790 791 804 805 820 858 884 909 910 942
41 157 165 167 176 177 186 219 220 232 261 321 326 412 418 419 430 438 453 463 495 506 532 539 547 551 553 578 587 600 625 701 709 781 814 825 868 883 920 924 933 944
47 157 164 182 186 190 197 214 222 223 227 239 242 269 274 276 283 295 296 317 350 377 395 397 398 406 438 441 443 451 492 569 583 653 664 710 735 748 751 789 796 803 856 868 883 894 922 927
40 167 235 271 303 327 339 355 377 388 424 435 440 473 525 529 536 550 585 620 637 652 692 697 713 715 726 763 766 780 784 802 817 820 824 841 906 914 923 924 944
37 149 223 252 257 285 291 294 302 304 314 318 348 359 414 419 423 455 464 496 509 529 573 597 629 651 757 759 760 765 784 810 843 871 882 923 940 942
34 149 151 164 165 233 242 265 338 359 363 430 457 467 475 499 509 516 540 568 628 640 644 669 700 703 705 736 762 774 817 829 830 833 894
37 168 178 194 203 215 222 243 251 274 281 288 316 340 341 351 370 411 518 544 550 560 617 627 634 740 742 745 763 764 772 844 866 868 880 900 902 933
38 241 245 263 294 304 341 345 370 380 435 452 466 477 484 497 529 548 587 605 613 616 626 628 661 701 745 749 778 779 786 796 811 838 850 881 908 919 940
28 156 182 254 255 274 353 385 387 398 401 412 524 527 544 551 595 689 692 732 757 787 796 804 805 821 832 879 886
44 154 178 189 195 242 256 257 267 297 317 366 368 369 375 381 391 402 434 443 445 450 459 461 467 471 525 597 598 623 632 657 663 677 691 706 715 723 729 835 862 864 866 930 935
43 155 181 187 194 197 216 234 235 253 345 352 355 386 397 405 411 416 421 460 494 506 532 534 541 547 576 637 651 664 668 687 698 703 705 732 770 783 785 788 809 812 821 860
43 159 181 211 224 294 325 328 329 339 382 396 407 450 455 456 458 482 490 500 524 530 562 567 574 592 601 611 627 653 681 695 716 727 745 770 772 778 779 858 882 886 911 926
40 158 175 199 217 252 295 365 376 378 414 417 441 442 464 470 498 514 518 545 566 643 649 653 659 666 691 699 719 721 732 743 750 800 816 872 894 905 935 936 942
44 157 174 179 183 192 223 231 236 246 247 252 303 323 360 363 370 424 432 474 491 498 514 526 541 551 556 591 598 657 714 726 736 749 784 801 838 846 859 876 885 912 915 931 935
45 158 161 187 194 224 250 252 262 266 277 291 294 300 355 363 428 443 447 452 477 486 535 543 546 562 585 592 630 686 689 740 750 754 774 778 816 828 840 879 880 886 887 889 912 926
39 158 161 185 258 259 351 354 373 381 423 431 454 473 480 492 553 554 555 566 569 602 606 612 617 644 648 651 709 751 766 769 834 867 881 899 901 911 932 941
45 212 217 218 238 247 254 267 276 302 303 314 352 357 373 400 405 406 431 443 471 502 527 536 540 541 557 570 577 650 654 672 682 721 738 769 793 805 808 828 871 880 894 896 920 922
37 192 193 209 215 235 248 256 264 289 295 304 332 364 413 415 423 431 457 463 510 551 576 579 603 632 666 692 715 724 769 800 817 828 832 889 892 933
40 164 191 200 226 239 268 295 315 343 349 352 355 356 359 380 383 427 433 454 458 465 468 527 540 542 549 567 571 634 648 704 728 732 755 800 814 872 893 908 936
41 182 186 189 191 236 253 262 276 286 301 322 344 380 407 410 500 538 551 574 625 645 672 720 721 733 764 766 779 782 790 804 822 829 856 889 891 900 906 921 926 932
45 169 183 197 247 287 334 352 359 360 400 409 422 433 436 474 480 498 512 551 559 597 627 638 645 647 650 651 685 702 704 730 746 766 780 797 826 870 874 876 886 899 900 908 923 933
41 168 185 190 200 219 248 282 289 300 305 339 341 380 398 408 459 471 486 491 538 564 628 647 653 655 657 684 702 713 745 749 750 758 819 836 862 867 892 896 912 939
46 168 171 173 178 180 202 203 210 255 262 280 289 305 344 351 389 404 405 419 441 443 453 465 487 505 556 559 561 563 585 611 618 648 719 727 736 738 760 847 855 864 871 880 881 922 928
52 203 249 259 276 278 293 297 309 312 322 327 328 338 341 368 386 402 412 428 442 450 454 471 489 494 526 527 528 568 584 587 589 600 640 652 679 695 697 709 745 766 809 813 824 827 835 836 851 852 860 875 901
42 171 194 205 224 236 242 245 249 288 297 305 307 357 361 373 382 398 414 494 516 576 580 680 700 718 728 732 734 751 766 768 777 804 818 822 823 828 868 890 912 929 933
33 215 247 274 275 283 309 328 393 399 442 446 447 475 481 517 524 553 584 591 592 628 676 807 821 825 843 852 866 871 884 890 904 911
42 196 197 210 224 227 244 252 318 322 323 331 334 335 380 404 408 416 436 454 504 513 520 545 553 564 592 613 621 626 651 662 702 704 713 765 780 799 829 837 856 911 923
30 198 229 259 260 302 328 357 454 482 494 501 527 535 587 591 597 616 682 706 725 750 760 769 804 817 854 861 892 900 928
38 207 212 259 274 275 291 341 354 362 414 444 469 473 492 507 540 582 617 619 647 653 676 681 686 696 708 712 786 798 814 817 836 837 848 855 893 924 933
37 172 186 218 221 229 250 263 271 283 372 393 396 400 412 418 435 445 450 508 590 602 618 654 687 707 724 744 759 791 799 812 820 826 836 870 872 943
38 203 206 232 234 259 263 269 281 289 307 321 323 329 331 342 354 362 364 375 418 420 467 512 564 592 596 602 604 617 719 727 804 850 863 875 930 937 940
43 175 181 192 198 219 266 273 277 282 290 301 324 334 373 383 410 425 429 442 479 495 496 527 542 564 601 610 636 672 678 690 702 703 718 734 803 811 812 837 859 878 880 914
48 196 202 207 238 245 248 260 268 320 322 330 346 360 379 410 420 429 441 472 499 504 512 522 549 555 558 560 563 572 595 642 644 646 657 683 686 692 704 726 785 806 815 822 834 863 876 911 918
38 183 229 245 252 256 269 281 283 296 299 303 326 327 375 421 425 427 443 469 539 571 574 577 583 595 612 650 656 682 701 763 792 845 853 870 898 920 932
34 197 252 255 270 280 282 284 306 386 420 432 451 495 504 526 666 684 711 728 739 757 769 815 830 831 835 837 861 898 907 910 914 917 944
42 182 189 211 241 246 265 284 286 311 315 331 341 351 388 392 429 449 451 466 571 579 580 581 586 608 645 652 657 658 715 725 747 772 774 816 826 827 839 852 898 923 944
46 200 218 275 291 294 299 311 361 369 375 387 427 443 454 466 530 553 556 585 605 694 699 715 719 727 743 757 758 759 777 778 781 803 811 812 837 838 862 872 874 875 881 891 894 899 921
26 250 286 313 315 327 387 459 492 510 552 600 634 635 672 680 701 716 752 791 835 850 892 917 934 941 943
29 196 204 241 251 258 264 265 323 337 355 397 420 430 446 459 477 478 491 516 542 597 668 674 678 697 806 808 865 941
37 196 222 224 229 306 322 360 364 390 392 399 407 413 431 460 468 487 525 535 547 572 580 581 665 679 689 690 753 757 793 795 822 838 850 938 942 943
40 195 206 226 245 248 258 266 314 345 350 371 375 406 424 430 445 460 477 483 518 530 563 564 566 573 600 601 620 685 698 723 752 825 844 849 887 912 926 933 941
37 220 246 253 306 324 344 364 379 392 439 444 486 489 520 523 525 527 543 557 581 591 593 632 637 644 690 755 761 780 781 810 822 872 900 928 938 944
33 188 224 226 280 283 284 302 304 365 366 380 382 401 480 481 516 542 545 596 623 674 683 730 739 751 765 781 802 835 848 895 917 931
33 189 283 291 308 316 377 384 408 419 423 430 444 485 493 526 529 539 556 598 605 670 703 708 709 736 777 846 857 877 889 903 920 933
35 190 199 205 243 246 291 309 326 328 360 365 394 416 421 468 480 496 513 534 543 545 580 608 664 667 669 698 707 767 813 815 867 871 885 902
38 191 201 206 211 254 283 319 327 405 449 463 474 486 491 493 508 550 587 609 641 644 687 689 696 698 751 754 765 778 785 817 859 867 869 872 888 901 942
35 195 290 297 302 307 315 330 352 395 400 407 410 417 423 451 484 486 490 519 589 611 614 626 693 709 724 764 771 798 814 822 828 886 893 918
32 273 303 325 377 378 387 388 411 433 444 453 500 522 537 558 566 569 584 603 608 689 692 699 708 718 721 722 728 752 803 836 929
40 205 213 217 265 284 293 295 307 315 402 409 418 421 433 441 443 462 475 490 496 512 513 527 528 532 594 652 673 681 702 715 738 811 821 845 870 881 916 925 929
41 207 210 224 233 241 242 276 295 301 316 333 343 352 356 391 414 428 465 466 482 484 502 520 530 547 568 613 649 650 684 696 715 732 752 763 837 851 856 873 893 939
38 193 195 227 231 249 264 268 285 307 321 365 368 404 412 444 493 508 511 548 564 583 594 620 630 649 702 717 722 732 746 772 783 844 862 871 872 911 926
39 216 262 276 321 335 340 369 376 382 385 388 409 412 415 441 474 487 515 517 538 568 611 732 752 763 767 795 823 833 840 850 869 892 893 904 919 932 938 942
28 213 269 271 285 290 303 313 319 443 475 509 538 549 562 593 643 657 681 727 728 776 794 875 891 902 918 927 936
47 224 247 250 256 258 270 282 344 351 364 380 391 403 430 475 493 498 510 526 578 598 620 624 631 645 648 659 663 683 687 694 704 738 758 766 772 780 784 793 798 816 874 875 883 886 903 944
29 238 253 285 297 315 362 369 390 399 410 472 480 498 525 546 584 588 668 719 721 735 738 768 817 863 873 887 921 941
40 199 223 233 239 276 292 296 302 312 333 364 367 370 384 385 386 425 434 435 442 515 517 554 557 627 664 694 706 730 765 794 798 829 845 866 871 900 916 921 943
35 209 220 241 251 252 307 354 356 357 362 389 401 411 427 443 468 475 498 502 580 595 609 613 619 622 636 641 644 674 680 698 734 855 865 879
36 217 234 242 248 289 296 319 330 360 363 366 388 429 458 462 463 467 527 549 561 709 712 724 731 747 757 766 772 803 823 836 870 889 894 924 928
35 214 242 246 288 344 346 369 433 436 454 463 490 528 551 553 570 589 631 635 724 729 734 751 752 782 784 800 803 807 818 843 887 893 900 917
33 205 255 271 278 309 316 320 327 333 339 354 359 362 380 410 412 427 455 533 541 557 572 573 582 645 651 669 711 766 771 788 805 893
32 279 280 306 350 402 436 491 498 533 580 586 601 624 635 661 675 682 687 689 736 746 772 773 786 789 836 852 865 869 871 875 925
45 215 217 231 245 253 279 302 330 340 352 366 370 386 388 390 427 435 441 499 507 516 553 590 601 611 634 651 679 680 700 731 732 744 783 784 789 794 800 802 809 816 827 852 877 887
28 206 250 263 352 359 362 378 411 435 495 519 521 538 565 567 680 727 736 739 740 750 757 760 773 855 869 887 902
39 220 228 230 247 250 273 317 318 326 328 348 357 358 371 413 418 447 515 547 563 623 640 650 698 718 731 752 757 800 810 827 846 862 890 904 907 908 918 928
29 232 241 342 401 442 444 445 457 466 476 521 525 529 536 586 618 639 641 705 721 724 780 804 813 832 838 882 906 933
40 221 229 234 295 334 349 358 376 380 398 399 406 434 444 466 469 488 495 502 571 601 603 616 644 679 697 703 707 716 725 734 738 739 752 762 792 828 920 928 934
37 218 229 308 329 366 372 375 389 430 456 464 475 490 547 549 567 590 600 619 625 634 642 645 653 667 675 710 711 719 738 755 773 784 799 801 914 941
41 213 219 229 244 257 260 271 280 283 350 360 380 386 389 390 415 423 438 467 494 502 528 544 565 577 587 599 602 617 623 653 657 708 738 748 759 771 779 790 819 893
35 262 298 301 316 325 342 346 351 378 379 420 454 481 500 504 511 520 554 575 577 592 613 666 696 716 731 735 748 752 781 795 811 836 850 924
43 222 232 240 241 253 259 281 317 320 356 357 359 382 430 431 447 467 506 536 543 558 561 579 583 600 634 674 678 685 693 700 709 716 737 783 791 802 820 827 898 905 943 944
31 223 235 263 323 331 358 360 410 488 519 527 535 540 542 543 589 629 634 660 681 685 709 710 715 769 775 834 892 907 917 925
37 234 236 252 255 259 288 291 301 305 318 337 345 369 376 405 407 414 430 482 494 572 583 598 619 685 709 712 746 749 764 765 768 796 814 819 840 931
36 229 232 233 248 255 270 271 295 311 342 415 419 477 480 551 563 578 611 617 621 642 684 724 733 747 752 768 801 826 849 852 874 889 903 917 941
39 223 243 246 287 304 324 331 353 365 372 434 443 444 454 477 483 526 542 548 549 552 579 585 610 626 627 652 661 678 694 792 815 820 828 831 840 847 938 941
39 220 252 267 287 316 332 333 336 340 344 357 365 387 411 447 480 488 561 583 593 603 672 683 741 782 784 789 817 818 822 840 842 873 881 894 897 901 927 933
42 223 254 260 263 277 287 289 291 305 309 313 318 320 330 366 367 390 401 443 464 466 517 549 589 624 633 659 682 684 697 763 770 818 824 861 880 894 902 904 907 922 927
36 230 276 342 346 363 366 439 450 452 466 475 490 516 524 556 570 587 597 600 601 621 678 730 750 782 813 816 818 836 838 842 858 862 874 914 936
36 271 282 284 303 353 359 389 395 408 412 426 427 430 434 471 493 494 506 508 542 543 546 563 566 635 637 642 724 802 833 862 863 871 902 927 934
42 238 250 254 257 265 275 287 321 340 364 380 398 424 426 453 485 489 525 540 626 646 654 660 680 692 704 713 715 745 754 757 766 771 772 805 810 812 818 830 883 905 931
32 242 243 247 251 257 259 279 302 310 333 346 394 422 473 490 501 591 624 632 652 669 674 721 724 743 749 765 801 844 876 901 941
31 228 233 254 312 315 399 413 415 455 477 479 483 509 512 521 538 544 546 685 711 716 722 755 759 761 811 816 850 916 926 935
45 243 260 264 278 317 320 336 356 360 369 378 396 403 422 430 431 446 470 482 505 518 560 568 579 581 582 585 589 597 641 654 667 669 683 706 718 737 774 783 797 819 834 850 886 906
42 234 254 260 296 319 322 330 335 351 356 360 374 394 416 440 455 467 493 526 534 560 565 625 629 638 666 672 674 694 717 718 724 727 728 737 762 771 827 829 850 860 938
40 276 306 310 314 318 325 332 358 362 391 396 425 478 482 499 509 519 521 525 540 549 578 591 616 650 653 666 703 720 743 745 838 857 871 889 896 900 908 940 941
37 285 302 319 345 357 430 442 472 487 495 506 515 539 541 555 570 578 580 601 614 624 630 633 660 663 686 688 715 722 724 798 800 807 863 865 896 944
25 255 284 326 327 350 401 402 414 422 427 440 462 486 508 562 621 659 692 786 819 827 852 875 907 924
41 232 246 249 272 287 302 304 328 391 414 425 437 440 474 477 500 506 559 574 586 605 608 629 632 670 696 706 726 749 763 776 777 804 811 826 829 843 858 866 877 937
27 280 290 341 346 359 361 372 535 553 556 564 569 583 591 623 645 680 690 699 707 718 725 759 779 834 861 883
33 241 243 257 268 311 334 370 372 383 425 448 481 510 511 521 575 587 618 630 631 637 641 700 707 709 712 716 817 850 886 902 910 935
37 239 241 247 274 290 309 320 324 331 395 424 428 431 478 516 558 563 596 605 610 626 665 680 710 718 731 737 741 746 787 791 810 820 838 907 929 944
35 234 279 304 344 381 387 442 453 481 484 533 552 568 620 626 628 637 661 666 693 696 709 717 727 762 766 768 795 797 800 856 881 913 929 944
30 285 308 332 339 349 354 445 464 468 489 564 574 575 591 597 619 634 642 688 706 738 739 782 808 810 813 889 893 931 937
36 236 262 275 292 337 350 383 388 404 409 423 475 477 529 532 627 632 658 680 693 710 736 766 768 773 791 793 799 803 813 848 891 893 904 905 906
32 240 303 306 318 325 355 412 419 436 531 556 577 596 620 633 655 663 671 673 686 743 788 798 820 870 889 893 898 900 903 904 935
40 240 286 290 301 317 329 334 349 352 359 364 368 392 405 438 458 461 478 481 486 517 529 588 596 598 629 641 664 666 675 681 686 732 755 829 857 858 860 869 888
33 259 283 310 352 356 395 405 415 458 463 470 489 538 606 619 646 677 679 681 712 715 736 752 759 764 768 769 857 900 906 930 934 941
38 245 260 272 286 293 303 320 321 327 353 366 371 378 387 415 493 521 525 544 557 576 613 621 675 724 757 764 792 798 802 804 844 850 852 868 869 879 890
39 270 273 283 294 318 325 329 356 421 456 466 479 554 566 574 620 631 643 649 675 694 697 701 710 736 777 802 805 823 834 837 844 850 865 871 875 904 931 934
41 262 263 264 277 283 335 340 344 346 394 401 446 454 464 473 489 497 508 515 558 579 580 583 586 603 614 633 673 698 751 765 781 782 809 815 841 850 851 905 929 942
36 249 251 253 259 260 283 294 314 347 404 426 481 488 497 503 526 529 542 582 614 628 634 637 640 670 681 710 746 760 858 871 883 885 894 917 931
48 265 266 297 299 356 408 410 431 441 486 515 521 527 556 557 563 592 603 608 625 627 635 652 662 665 676 680 688 693 708 713 714 738 744 773 791 805 816 825 829 832 853 875 880 897 916 917 925
33 245 259 263 284 317 325 326 362 371 406 429 438 442 466 473 500 519 526 559 563 616 643 699 706 737 742 776 794 849 853 871 881 928
33 264 270 276 294 310 365 389 451 488 493 513 521 541 551 582 585 587 593 650 664 672 706 714 766 793 803 815 822 847 848 862 900 931
28 256 299 348 361 388 403 422 451 467 540 548 553 558 587 598 615 646 664 682 715 738 761 772 817 820 860 867 908
39 254 283 286 296 305 323 325 335 385 407 411 454 468 470 484 490 526 528 530 547 589 603 631 651 664 693 710 755 760 766 768 790 793 840 873 887 899 906 944
38 255 263 282 293 315 328 343 367 391 419 431 434 438 448 494 502 512 519 526 528 535 551 566 579 605 683 694 700 720 754 778 813 816 829 907 916 922 928
35 284 308 323 327 338 374 405 440 468 501 524 525 572 605 620 627 661 682 690 691 697 698 717 719 727 728 741 769 780 810 820 848 867 896 900
31 258 277 279 310 327 350 368 442 447 555 577 601 606 610 613 627 637 685 706 733 743 754 789 796 808 896 905 912 914 918 922
36 266 267 312 321 340 359 412 427 447 475 482 494 505 517 529 556 560 566 568 573 585 624 701 733 741 743 759 793 794 813 884 887 901 911 919 944
30 267 271 284 296 320 345 371 392 393 420 456 493 525 538 580 595 598 661 692 718 741 758 759 760 765 770 833 903 933 935
33 259 267 270 299 327 328 395 399 413 442 473 487 494 546 595 609 625 629 636 649 666 668 718 740 743 787 817 856 859 865 882 907 934
40 276 305 314 325 334 349 368 379 392 393 399 403 410 419 434 437 459 498 517 543 615 625 646 666 670 681 722 725 726 764 773 776 786 787 788 813 846 857 875 935
38 268 269 307 312 344 363 381 410 435 466 500 504 513 576 593 606 613 634 636 647 660 673 717 725 737 738 753 766 773 796 825 831 846 847 858 870 898 914
36 257 258 268 284 294 352 369 388 389 403 425 446 451 461 506 573 582 583 624 651 658 659 675 701 710 718 726 739 755 798 802 856 877 914 942 943
36 262 308 324 335 344 355 381 397 398 402 438 440 483 490 503 518 527 529 539 547 562 587 591 642 657 685 694 699 735 771 811 837 841 854 876 894
34 267 275 283 288 348 367 382 402 421 432 433 500 514 527 534 542 591 616 621 643 711 716 717 727 747 751 769 788 799 852 853 854 871 877
30 308 334 410 447 482 483 500 505 509 512 525 529 530 573 605 632 660 680 684 693 713 768 815 842 843 859 888 932 935 941
39 281 309 318 324 339 342 343 346 349 392 462 478 488 497 513 519 534 614 623 624 639 651 653 672 673 679 737 764 794 848 861 867 876 893 901 926 928 933 938
18 291 323 331 355 449 603 615 622 666 679 713 714 729 755 862 867 891 942
30 262 313 314 319 363 377 378 385 400 456 463 471 490 522 534 563 574 600 609 615 648 649 661 698 710 743 784 804 827 840
37 297 304 320 330 333 347 402 410 461 478 491 517 531 549 555 581 587 601 609 626 643 650 651 668 707 721 732 737 747 756 793 829 863 869 878 893 909
25 275 334 347 410 462 483 507 563 578 591 611 623 638 660 680 688 703 738 775 780 827 858 876 931 942
37 283 307 316 333 351 399 423 453 459 465 472 513 517 526 549 566 611 625 653 657 658 666 675 676 718 724 743 796 801 817 855 868 883 890 894 907 913
38 272 286 291 294 305 306 381 420 438 453 456 470 489 507 547 560 582 606 610 651 669 675 696 725 739 754 777 788 796 799 813 838 860 883 895 918 930 939
44 295 308 333 343 352 359 362 376 399 415 418 428 477 479 492 496 501 529 532 544 546 564 589 648 651 659 680 691 695 718 723 729 746 760 785 793 812 850 857 859 871 876 928 943
31 277 280 312 324 381 400 511 530 540 541 544 557 587 612 614 635 646 669 685 690 698 740 754 764 768 816 846 870 880 888 896
24 281 303 354 361 429 472 475 477 484 505 526 586 610 670 717 738 749 769 779 838 886 911 918 922
33 319 358 391 412 446 465 472 502 519 528 532 543 544 546 552 562 602 621 643 649 657 658 666 674 678 679 716 746 791 800 845 871 937
27 301 308 336 359 364 400 405 406 415 428 443 457 461 495 568 573 584 712 722 752 773 817 819 820 827 886 891
37 301 309 310 322 366 380 385 390 393 399 411 443 469 482 483 486 495 504 524 567 586 591 604 637 670 671 676 741 745 767 778 789 798 877 928 934 937
35 279 326 330 345 360 404 431 437 496 511 540 551 560 565 591 594 601 610 630 641 662 664 693 702 714 744 745 748 750 785 822 824 825 854 909
35 313 337 345 351 353 380 392 496 519 539 551 599 608 611 623 640 646 649 650 670 672 673 708 716 734 743 750 777 778 779 824 833 846 858 860
36 276 286 294 309 338 369 395 467 525 562 609 611 626 661 664 694 700 708 724 771 778 789 817 819 824 826 846 863 870 875 883 895 896 904 921 928
28 281 306 308 329 352 436 455 477 497 500 555 561 577 586 606 607 626 629 712 719 739 798 822 825 848 904 910 931
38 338 358 365 399 404 405 406 407 418 429 434 449 498 539 562 573 590 592 602 612 646 667 677 704 737 738 760 768 774 776 782 808 852 853 877 891 896 904
22 298 316 362 369 376 422 438 513 572 573 613 618 631 633 680 687 714 733 754 810 874 903
34 279 282 284 339 357 397 408 418 420 442 467 518 536 551 556 557 573 587 634 672 681 693 725 777 816 820 853 886 889 892 914 921 926 942
40 280 283 289 314 324 327 357 372 392 412 421 433 445 447 457 496 499 506 520 527 542 572 602 610 617 637 640 641 653 664 689 703 713 763 769 785 809 847 853 943
36 285 321 334 353 387 447 453 458 460 461 486 517 519 522 613 623 629 636 646 685 710 715 720 744 750 754 792 838 850 870 879 894 924 927 934 943
28 333 385 395 401 408 413 453 493 496 503 518 587 595 619 621 635 658 665 691 725 733 739 777 815 861 866 903 939
37 315 348 349 392 399 425 443 463 466 479 486 494 495 570 592 631 652 660 683 684 693 710 715 723 733 737 741 750 756 777 792 826 861 868 892 901 926
33 306 329 336 403 413 419 437 439 465 501 536 552 558 583 607 633 640 657 663 664 679 685 692 709 770 798 811 852 876 895 908 921 929
34 325 358 367 400 424 472 521 528 566 609 623 647 658 662 663 671 676 719 725 746 755 760 767 771 772 784 817 819 832 855 869 874 894 917
31 309 317 352 355 363 389 394 408 416 466 491 494 507 521 532 542 621 626 660 700 710 731 734 744 752 762 808 812 819 831 841
40 288 305 308 316 333 353 363 371 381 391 392 402 426 443 459 491 499 519 551 561 566 588 612 648 649 678 682 707 711 713 735 752 753 781 790 805 896 915 916 942
39 303 306 338 349 359 376 385 418 422 441 450 456 507 512 515 523 542 563 600 629 641 644 690 717 755 756 769 771 779 792 858 862 894 895 896 904 919 925 937
46 292 295 298 300 337 381 387 392 393 396 415 433 440 447 453 458 459 467 473 494 501 514 520 536 544 591 613 624 690 691 703 733 736 738 805 808 835 840 848 849 875 877 880 893 909 932
26 294 321 331 383 393 395 407 446 452 469 527 528 551 580 643 660 678 695 748 760 777 782 827 856 891 911
26 294 333 335 340 349 371 399 437 441 446 451 485 491 530 531 536 579 605 652 762 782 788 841 887 909 936
36 296 305 314 338 357 389 397 404 405 408 422 429 467 468 476 477 479 500 511 526 561 567 568 576 598 666 718 723 732 754 770 787 788 869 872 918
29 294 320 327 345 362 377 391 394 443 450 459 544 568 584 598 603 609 670 677 715 750 803 804 839 845 855 882 912 919
46 302 330 341 355 361 368 374 375 385 399 411 414 419 473 475 490 491 499 501 509 519 531 536 548 562 569 633 674 687 714 715 758 766 779 783 787 792 836 859 866 885 886 895 913 918 936
35 301 321 326 358 365 383 414 435 462 483 502 521 530 537 538 581 582 599 610 612 617 651 693 722 725 796 818 821 832 833 840 843 852 868 938
31 306 310 313 342 349 364 372 376 390 430 431 435 461 469 484 496 501 550 556 567 606 617 652 659 663 682 776 777 788 811 843
33 308 318 344 348 379 383 425 427 491 503 537 541 555 624 626 681 690 708 725 742 783 830 839 847 850 852 863 874 886 899 918 920 940
33 298 340 369 375 378 417 439 444 469 516 524 545 551 559 605 622 663 667 713 722 726 742 773 806 832 844 863 877 885 887 888 889 893
34 301 310 318 326 337 340 353 394 438 444 456 466 489 564 570 627 629 630 636 643 663 678 681 684 696 715 741 750 802 823 831 870 888 937
33 311 324 350 374 400 404 413 457 521 548 561 571 578 582 594 648 658 673 727 738 777 778 799 804 823 824 826 833 838 883 898 922 936
25 326 333 338 357 384 403 407 421 439 479 558 593 606 637 642 687 689 755 796 797 838 842 857 878 886
27 305 311 324 328 350 360 445 482 494 516 573 630 683 727 741 790 812 856 862 872 881 882 896 905 912 915 923
30 325 352 364 424 429 432 440 458 459 476 477 493 555 561 579 589 592 595 599 636 682 684 763 815 855 866 887 898 935 938
25 349 386 404 419 484 508 510 531 545 547 580 587 588 589 590 633 737 787 792 849 853 880 905 916 942
26 315 346 396 433 438 474 503 512 549 560 563 569 577 596 624 632 643 654 664 700 737 766 790 799 866 908
31 327 339 353 427 436 465 487 519 551 572 590 597 636 659 677 682 685 689 714 723 736 737 739 756 759 777 797 802 811 816 940
30 361 395 439 455 480 562 576 578 583 605 608 630 648 656 706 733 734 741 742 750 772 778 792 831 871 883 886 915 938 939
33 352 360 377 379 396 401 415 473 480 484 515 528 548 554 584 623 641 658 718 758 767 777 778 800 839 851 880 900 904 912 916 918 934
40 317 348 360 392 395 402 460 474 477 492 497 511 524 529 572 579 586 592 607 613 626 628 653 670 698 720 733 752 758 768 775 789 793 809 823 829 856 858 885 910
27 368 400 425 437 490 503 512 545 558 568 569 609 635 697 699 721 730 735 754 796 810 827 855 886 889 907 938
36 330 347 356 365 379 409 415 439 481 499 503 532 538 552 555 559 588 613 636 639 641 643 654 664 735 736 742 752 768 843 858 859 883 906 928 943
30 316 347 357 363 409 455 460 485 493 550 577 617 620 639 678 696 702 709 720 727 730 732 779 820 821 837 849 853 903 939
32 332 377 379 428 433 434 439 440 448 455 497 503 509 528 540 591 597 605 635 641 655 687 710 733 773 787 812 826 856 860 869 873
39 323 344 347 350 373 383 442 455 464 466 485 492 499 503 525 537 539 548 563 605 617 624 626 633 667 680 740 749 769 794 804 814 818 833 875 878 913 926 944
33 317 345 354 379 418 469 478 487 531 561 566 578 588 603 609 623 628 654 661 677 693 751 753 766 768 779 861 868 873 875 885 898 911
22 322 326 348 398 426 456 482 485 491 528 540 543 644 697 799 809 824 877 884 908 924 930
32 324 364 371 444 447 460 475 514 530 554 560 563 569 571 585 598 615 616 650 662 664 668 687 712 716 832 854 862 886 888 923 934
29 326 366 367 371 372 377 382 408 452 490 496 512 526 581 606 650 722 734 739 753 789 814 825 834 856 884 906 908 935
27 368 379 383 391 402 403 406 415 439 459 483 514 532 565 574 610 661 679 682 689 695 723 755 819 890 927 931
32 343 365 370 382 392 403 461 468 492 506 526 527 537 557 568 643 663 672 696 728 732 735 759 776 779 793 824 844 845 858 917 928
24 329 355 361 382 411 483 515 592 603 621 647 721 722 746 770 802 821 833 840 893 896 904 920 937
38 326 332 336 340 350 361 370 380 408 439 441 479 512 561 572 574 608 612 619 627 631 643 691 694 703 715 719 720 728 737 738 764 787 819 831 850 935 939
38 359 409 411 453 476 506 507 526 545 547 550 566 590 599 603 620 626 627 636 653 668 685 693 706 725 730 732 737 807 812 823 839 863 879 902 906 931 939
40 325 326 336 342 350 374 422 427 433 442 464 478 535 538 544 558 572 594 600 602 655 669 677 678 696 712 729 739 767 787 790 796 801 809 840 852 906 913 935 939
25 348 390 405 460 467 525 541 565 566 626 640 689 703 787 794 808 812 824 826 850 866 872 876 892 924
18 359 362 386 400 475 556 560 577 694 726 769 838 874 879 894 905 936 943
29 328 371 383 455 460 497 499 503 506 537 606 609 620 658 666 670 687 730 746 757 785 803 813 848 853 931 933 936 938
34 328 372 395 404 429 432 452 455 460 461 466 477 493 502 508 510 514 541 545 557 584 613 624 638 674 704 710 734 737 778 788 801 860 864
31 359 400 405 429 449 483 493 529 549 586 604 616 621 636 637 638 642 723 729 732 757 760 804 807 832 851 867 896 919 932 942
28 348 417 472 475 498 536 547 570 632 635 639 658 691 727 767 776 799 813 851 852 868 876 883 896 903 909 912 943
29 403 409 410 428 496 504 507 519 586 587 598 600 606 609 622 629 668 697 719 722 729 810 816 845 859 868 896 931 937
29 353 359 367 418 419 427 477 505 506 562 569 570 590 600 611 612 622 677 752 781 787 808 819 839 841 850 851 882 886
26 360 370 372 374 376 405 436 439 486 525 531 546 627 642 654 669 682 684 730 742 787 788 808 846 858 921
26 354 398 425 477 495 497 512 528 550 551 564 576 597 623 632 635 638 651 656 681 736 737 746 841 871 919
28 336 350 374 382 411 482 499 505 524 527 534 552 582 603 616 678 688 722 741 744 754 772 807 823 845 848 888 929
33 336 344 348 349 387 393 416 423 448 465 470 507 572 576 583 584 597 626 627 661 671 701 724 739 751 820 878 883 898 903 905 933 938
34 340 364 383 400 408 427 439 503 515 522 524 546 558 570 594 620 659 697 727 743 751 775 817 824 829 842 845 851 861 909 922 934 937 939
36 339 340 356 385 409 414 453 521 529 531 558 582 617 636 654 662 674 704 720 733 762 793 808 827 840 845 852 867 874 885 892 895 896 911 913 936
26 339 375 414 439 442 450 471 473 478 486 505 550 672 676 715 717 721 740 797 811 823 825 889 903 927 935
26 365 409 507 508 513 519 529 546 551 604 606 622 636 674 677 710 711 729 750 751 752 773 775 884 903 915
34 363 398 429 448 451 473 479 497 500 524 538 552 567 581 598 606 618 645 651 670 698 716 728 729 742 775 791 794 846 903 912 914 919 922
27 364 370 384 423 435 494 541 543 563 612 625 640 646 655 672 682 706 730 733 743 755 781 806 827 905 933 934
28 390 416 420 425 454 474 504 558 588 624 633 643 690 698 699 702 707 713 753 767 792 797 841 854 868 872 903 929
20 357 365 422 448 485 486 489 553 561 616 623 661 761 773 786 821 825 920 926 931
33 347 354 357 366 370 426 434 445 448 495 521 544 567 620 649 667 668 673 703 736 745 790 796 846 853 869 872 879 880 891 925 935 937
26 392 451 477 482 494 522 554 588 601 610 621 629 672 709 712 742 753 774 776 786 794 832 842 863 868 874
25 359 376 418 451 466 467 485 544 566 583 605 672 690 704 706 708 710 772 781 790 793 849 895 900 909
38 386 423 424 432 437 442 453 469 484 503 504 520 544 552 555 556 573 602 639 642 646 652 669 674 684 693 709 785 788 815 818 829 837 853 866 914 915 942
36 358 360 433 439 449 462 469 478 481 485 486 493 504 505 506 528 541 551 559 569 572 576 623 632 648 719 779 787 792 812 813 856 869 882 891 941
28 355 401 419 442 452 473 477 506 526 547 559 568 579 582 586 617 659 676 774 780 801 819 861 864 867 904 923 933
30 366 397 454 469 470 519 536 544 571 577 589 639 654 656 670 696 729 730 772 773 805 861 862 865 874 889 907 924 927 936
27 360 390 455 480 509 512 570 578 595 597 614 630 641 672 676 679 712 739 771 852 877 900 903 908 914 934 940
37 354 373 407 417 435 438 477 479 480 484 486 499 506 580 587 610 620 630 636 639 660 705 725 745 786 789 797 826 838 867 870 879 890 905 919 926 944
29 376 377 405 439 440 454 457 459 466 491 562 568 611 636 655 660 707 710 711 730 745 755 760 770 773 803 807 832 936
25 358 434 459 463 487 493 517 529 533 536 557 587 603 610 681 725 732 737 742 766 794 797 881 904 941
38 356 363 368 369 372 402 406 407 416 426 459 461 462 466 514 538 540 556 558 574 604 619 647 654 690 698 731 738 740 751 756 803 816 851 875 909 910 931
26 415 432 435 438 479 480 486 543 544 548 576 643 672 673 679 685 699 740 787 842 859 862 900 905 924 936
30 393 435 461 480 512 514 527 533 540 586 589 590 613 615 638 656 683 689 707 736 751 776 781 814 815 875 878 884 922 935
35 365 377 401 403 419 429 446 459 461 472 505 515 540 566 568 577 606 611 622 647 656 663 670 704 707 717 748 753 770 774 832 856 862 866 893
42 367 370 379 381 402 419 451 544 580 597 603 607 611 619 638 670 671 675 677 680 684 703 706 741 742 778 779 783 791 811 828 830 848 877 878 887 890 897 904 913 941 944
24 383 385 392 476 611 645 664 674 730 735 754 762 769 776 780 782 785 786 788 826 835 849 864 926
31 399 416 444 468 481 518 527 539 588 606 608 622 662 671 674 679 702 703 716 730 741 746 751 769 787 808 829 906 911 919 938
26 370 372 376 399 410 411 437 439 468 500 560 573 575 577 586 661 696 745 782 796 815 834 865 891 913 923
32 366 394 422 483 496 508 519 527 543 589 638 646 657 712 714 725 735 757 762 776 786 796 808 815 822 827 850 851 879 922 924 931
26 376 382 403 413 493 511 528 533 563 589 601 603 634 712 746 770 775 799 821 828 833 854 883 889 896 942
30 373 384 385 407 438 463 483 484 532 578 587 610 640 680 687 697 702 719 728 749 750 751 794 813 815 819 820 835 892 896
29 377 411 414 417 446 458 462 487 499 517 570 587 590 631 632 680 710 721 723 757 763 766 774 805 806 809 824 865 915
32 369 370 443 461 462 474 485 489 592 595 602 624 645 649 652 657 680 691 695 722 741 754 761 766 772 775 796 797 840 866 885 930
31 386 416 426 437 452 487 488 506 541 566 572 587 601 633 634 642 658 669 681 691 731 737 752 760 787 791 876 896 929 934 938
37 378 401 407 412 416 421 433 438 447 451 464 490 492 514 524 547 563 580 673 681 696 721 723 750 751 761 788 800 807 813 843 846 880 903 912 918 937
37 375 382 411 414 433 441 460 492 493 501 506 512 524 533 535 554 574 580 589 590 639 648 659 661 667 682 696 699 755 790 842 845 877 883 909 924 944
29 474 488 528 530 534 561 574 586 597 647 656 667 682 695 715 733 775 784 794 799 812 816 834 835 861 899 905 914 920
26 373 380 381 406 438 453 486 496 517 532 594 613 748 757 759 766 775 789 795 826 834 851 884 915 923 933
25 384 395 444 450 492 541 591 622 632 645 653 654 665 672 691 709 746 757 768 808 821 856 860 888 902
30 379 400 423 437 445 454 462 469 489 525 572 616 656 660 671 673 682 741 747 753 755 756 764 765 768 778 801 822 919 942
26 386 389 414 421 423 428 432 437 457 474 521 586 643 667 708 744 750 776 835 838 843 884 885 888 901 913
32 398 477 489 490 497 500 508 526 540 551 565 573 632 665 678 689 709 733 773 835 846 851 856 863 879 881 891 898 899 905 908 938
26 394 404 410 421 441 458 534 576 584 611 646 648 742 752 760 833 839 847 857 859 881 896 899 933 937 940
34 379 404 414 460 484 503 505 514 524 528 550 572 579 587 602 624 625 654 655 698 726 767 786 788 792 801 810 832 861 872 873 879 887 910
22 390 459 477 506 518 539 551 567 570 575 612 698 705 708 712 736 748 752 809 828 856 914
28 417 435 449 497 511 525 526 540 548 549 550 595 632 667 708 720 722 732 745 764 790 803 840 843 893 917 933 934
32 393 403 426 436 452 483 493 541 561 605 626 632 647 687 693 706 720 737 772 790 799 813 814 825 843 847 853 867 895 897 914 921
24 384 399 413 436 438 439 443 450 454 515 518 563 622 658 681 700 701 717 802 815 858 892 897 934
31 398 411 417 426 443 458 462 481 482 493 504 533 547 550 561 575 603 604 644 672 683 698 726 759 869 888 891 892 893 896 910
34 402 411 434 444 486 513 532 550 568 577 584 596 616 620 625 641 652 653 656 677 686 691 694 696 705 706 785 800 836 848 862 870 890 904
27 403 404 411 425 434 453 468 493 526 552 554 597 627 637 673 681 728 748 772 820 867 869 890 893 902 915 936
24 393 404 431 449 455 458 460 462 472 489 519 521 603 604 720 723 766 794 819 881 896 926 927 940
28 391 395 440 468 483 486 497 523 535 538 539 540 545 546 599 610 622 638 645 651 672 726 793 797 818 835 862 887
18 393 417 419 511 563 638 706 731 753 765 770 783 798 813 829 883 904 938
29 430 453 466 472 499 522 551 561 563 596 600 628 639 651 693 717 749 759 766 767 768 785 796 803 805 824 864 881 899
24 420 448 462 474 477 491 498 500 513 577 590 610 638 758 774 775 778 846 849 852 862 885 890 912
23 404 452 492 500 504 517 557 581 588 597 605 607 684 688 711 780 799 848 872 876 881 931 940
25 400 422 430 446 450 462 465 543 549 608 621 655 656 665 667 694 736 758 813 834 865 908 909 916 932
18 423 453 464 520 589 602 607 671 672 684 687 695 702 755 767 808 835 926
26 455 462 478 486 490 498 502 544 555 592 599 606 615 658 682 707 762 799 839 848 864 878 886 912 930 936
38 404 405 437 462 471 473 477 480 508 522 525 535 573 576 600 605 627 633 634 636 651 656 670 679 720 728 737 744 806 812 824 854 867 879 885 907 916 939
20 407 474 501 544 547 555 587 595 615 626 667 673 675 694 711 759 818 834 893 943
37 401 421 443 444 454 457 462 468 471 477 480 481 505 516 545 599 611 622 623 634 644 647 656 702 714 727 729 764 771 782 792 818 819 842 880 912 932
33 418 429 470 514 543 552 594 595 619 651 661 667 670 671 686 703 725 746 767 775 801 810 824 825 834 849 864 865 877 903 916 917 931
20 419 434 450 507 537 602 603 693 711 734 739 750 766 801 804 810 879 919 922 944
29 426 430 443 450 471 485 493 496 547 554 555 557 572 609 611 631 632 643 718 735 740 765 770 807 835 890 901 912 937
27 418 423 425 468 474 475 494 527 536 557 611 661 663 667 678 685 711 714 726 733 748 764 802 814 871 927 936
29 424 425 440 450 473 488 501 520 554 563 600 613 620 715 723 725 727 734 744 750 777 797 825 840 851 864 872 880 910
27 412 416 435 487 492 531 537 558 597 599 624 645 654 662 677 695 696 706 721 722 726 746 770 783 819 906 918
29 428 448 456 507 521 536 597 651 659 668 679 690 697 711 744 748 772 791 827 842 845 855 859 871 875 897 921 929 940
26 477 480 481 499 527 529 539 575 581 604 638 646 653 673 701 725 729 788 796 817 852 879 884 889 915 941
28 431 439 443 456 515 536 544 550 553 568 595 607 619 621 632 636 641 672 712 717 721 744 768 801 830 899 901 914
31 416 421 430 456 458 465 491 492 507 541 551 560 566 568 613 623 632 634 673 688 710 714 766 793 795 799 806 818 825 844 874
24 445 459 460 479 552 609 622 624 647 697 700 703 723 748 750 793 801 809 817 830 831 884 920 925
22 417 423 457 488 509 550 566 570 639 653 659 676 703 718 762 787 790 801 824 867 893 900
23 428 439 494 496 538 551 573 589 615 626 630 664 715 729 762 793 794 854 868 887 897 922 927
27 423 439 450 451 485 563 564 603 606 615 621 625 663 672 710 767 830 859 863 866 895 896 911 918 926 937 942
23 458 474 497 568 574 594 622 624 659 683 686 707 833 843 858 859 861 867 904 924 925 936 942
22 439 449 464 478 482 540 589 608 612 682 695 737 783 810 812 848 853 897 903 919 930 942
23 479 480 490 553 555 587 598 633 670 674 692 703 716 754 755 780 788 792 839 847 862 881 938
29 429 435 442 471 499 527 547 595 598 610 631 637 667 673 682 708 718 730 739 765 766 789 790 813 878 901 904 905 911
22 447 496 512 541 550 583 657 660 687 725 778 798 806 815 816 825 844 845 851 884 906 944
18 453 464 469 513 540 576 710 716 731 765 787 793 816 822 824 847 849 872
25 457 501 509 536 545 574 610 637 666 693 702 713 714 726 782 783 788 790 797 803 809 827 831 865 933
24 424 431 444 456 493 500 526 527 536 549 558 561 580 591 595 611 632 689 706 817 833 873 884 899
24 440 471 481 487 505 547 571 583 619 635 643 646 649 708 709 715 729 746 769 801 826 843 927 940
25 426 480 487 512 519 544 552 557 568 585 590 605 650 683 752 767 780 807 808 809 819 843 857 873 888
30 433 446 454 500 505 524 538 543 594 599 608 651 657 665 695 701 731 753 765 773 775 795 812 835 863 893 907 921 923 933
23 456 472 513 518 520 548 549 600 611 661 691 701 703 720 751 754 766 805 828 844 892 914 918
21 450 504 546 589 597 610 614 622 626 629 654 684 739 756 766 805 856 906 910 940 942
29 435 448 495 496 506 524 562 574 588 619 620 621 623 626 635 644 654 702 760 765 801 806 836 878 893 896 898 906 930
42 446 490 498 503 506 512 517 528 534 538 539 566 568 574 594 596 602 640 643 646 648 668 669 671 680 681 712 713 721 737 749 770 771 780 803 810 813 829 830 859 899 934
27 472 497 501 507 524 562 608 626 627 645 647 670 674 689 710 711 717 722 728 736 749 759 808 813 844 877 900
21 455 464 501 511 518 558 592 598 620 630 631 653 683 692 715 718 779 841 913 918 921
29 459 471 475 477 503 508 510 533 539 543 547 599 615 670 671 676 703 721 722 726 739 758 810 829 838 843 934 941 942
30 432 434 441 443 451 461 469 470 497 499 555 572 628 632 639 648 652 658 669 672 682 685 687 714 767 777 814 842 904 934
32 446 448 450 456 464 500 523 532 543 556 584 593 600 602 625 631 641 664 667 668 691 718 720 742 761 769 831 857 864 868 895 934
27 438 439 453 470 560 569 576 577 598 644 661 671 743 762 791 825 835 837 842 852 887 894 896 908 910 920 929
21 441 461 484 565 566 612 638 643 648 663 719 721 736 761 851 861 870 886 902 911 940
21 442 449 461 506 526 532 631 636 685 724 726 734 764 771 790 824 855 875 881 923 944
28 445 470 502 519 523 566 579 590 617 663 693 717 747 766 791 803 807 824 831 842 843 844 867 886 900 917 929 944
22 487 510 542 577 614 619 629 647 656 668 710 728 731 746 763 852 857 905 914 917 924 934
26 438 440 442 457 472 521 522 572 574 580 611 637 642 644 654 656 690 704 705 714 750 770 794 812 936 939
28 444 467 491 508 531 541 548 621 630 649 666 678 682 698 723 732 742 769 779 784 799 818 860 874 891 905 909 920
21 456 538 548 559 589 625 658 678 718 721 726 753 774 781 810 813 823 851 853 891 912
22 525 545 588 656 683 705 719 737 746 748 775 787 790 827 837 862 865 873 875 904 915 925
28 444 462 470 486 526 547 561 575 576 588 600 602 628 632 645 654 674 692 702 738 748 804 812 818 827 872 888 915
11 545 593 603 619 625 632 645 667 706 802 930
32 463 481 486 488 500 547 565 571 574 589 627 641 678 699 716 735 737 744 780 833 836 840 877 881 889 900 908 909 914 919 931 934
22 463 476 483 506 530 581 640 648 663 667 704 712 739 754 755 764 768 774 794 796 934 943
28 473 476 483 534 539 577 581 587 597 635 661 670 678 689 697 699 717 775 791 826 835 860 879 884 889 903 912 917
32 460 464 513 554 556 581 607 617 637 639 658 684 716 718 733 743 746 751 766 792 806 813 838 861 874 875 881 882 885 899 909 927
24 452 468 469 485 488 504 542 547 555 582 621 668 683 720 729 731 755 759 780 792 797 871 912 921
16 457 550 567 599 619 638 687 691 719 737 805 806 836 875 899 935
16 462 493 533 540 622 640 663 673 729 748 752 794 840 883 894 905
38 459 460 483 487 490 498 517 518 531 535 538 549 588 595 618 643 644 675 701 706 720 726 727 732 744 766 773 800 812 813 828 832 833 834 837 893 914 936
19 455 483 543 576 579 581 634 681 715 719 757 797 803 874 882 905 908 919 943
19 459 478 496 504 507 563 609 619 624 652 671 682 715 764 786 856 896 906 917
23 455 482 488 491 523 534 538 543 555 571 580 584 674 680 686 744 760 763 777 815 816 840 886
27 456 462 489 506 564 583 600 627 664 668 738 740 741 783 801 820 828 835 865 871 874 890 895 896 906 915 922
32 458 469 488 500 530 533 536 544 591 596 597 654 656 658 665 678 687 693 699 716 721 732 749 768 781 813 816 859 868 874 877 932
32 457 467 478 490 519 573 576 586 603 607 633 657 674 686 687 706 724 738 747 760 766 777 778 787 803 817 827 833 873 900 909 915
23 468 504 532 535 544 552 556 568 607 627 643 663 673 685 692 694 803 807 813 856 888 918 926
19 461 490 531 547 581 620 638 719 741 754 776 805 812 874 886 887 903 912 936
24 497 506 527 538 634 635 650 681 693 705 750 762 775 778 809 836 840 845 851 867 887 893 894 933
21 467 471 496 571 618 678 684 703 708 717 749 758 779 823 859 860 878 893 899 902 906
23 462 476 511 520 578 633 640 644 645 653 679 701 721 725 763 773 815 818 824 828 888 912 926
29 507 520 525 552 553 554 562 579 589 603 628 635 644 661 697 701 760 772 803 804 810 818 822 840 862 880 893 913 920
22 477 521 549 639 664 681 715 719 756 764 769 789 848 862 867 868 879 900 902 911 916 933
26 470 494 536 546 567 572 595 608 655 666 692 693 732 738 739 768 772 788 800 808 812 825 888 916 924 936
29 475 498 502 506 518 555 557 603 700 737 739 750 773 775 777 787 788 802 817 841 845 848 862 889 900 906 916 926 932
25 470 477 485 488 510 518 531 563 569 587 609 612 679 698 720 739 744 765 812 817 855 856 867 869 924
27 490 513 519 530 534 556 564 576 580 582 598 622 624 626 680 705 734 758 791 836 863 895 904 909 936 937 941
25 475 516 520 543 579 586 608 659 670 683 687 697 711 739 753 773 813 830 838 857 861 863 882 902 917
18 491 539 556 621 635 643 673 698 728 752 761 764 768 796 803 813 864 907
25 517 552 558 564 572 603 613 614 619 634 635 652 673 722 728 795 834 838 853 866 875 878 901 935 943
27 497 526 529 616 640 649 652 654 679 694 701 706 723 756 762 770 774 791 795 816 821 843 864 885 900 901 923
20 496 500 509 521 534 543 571 681 692 706 718 729 732 741 743 840 845 866 878 916
27 483 486 488 521 537 550 564 565 567 615 619 675 679 693 695 704 711 724 736 754 779 794 810 843 853 896 913
21 479 505 516 545 592 617 667 670 682 692 707 715 743 748 769 800 818 830 885 893 940
19 527 561 628 639 647 672 678 758 775 787 789 799 822 837 856 857 905 917 920
18 556 580 589 625 643 668 678 755 756 758 786 797 813 814 853 854 909 928
23 489 538 539 546 579 607 614 617 627 683 691 723 738 752 758 782 832 833 851 896 913 918 919
25 491 508 527 590 599 643 648 663 684 687 698 712 715 719 749 751 775 776 828 848 853 861 881 912 933
28 496 502 550 567 568 581 585 603 628 647 694 705 717 722 739 742 766 813 824 850 853 875 883 886 896 914 927 942
26 482 483 519 543 569 575 577 582 644 673 678 681 691 722 728 733 756 767 772 783 784 808 833 880 885 910
27 512 543 561 575 577 580 587 618 634 645 653 690 723 787 803 817 818 840 846 860 875 877 884 890 896 904 905
21 487 513 562 586 610 628 635 684 697 735 741 742 810 830 838 842 880 881 891 900 910
24 503 508 509 520 536 576 579 580 589 600 644 657 662 705 726 728 754 766 838 844 845 851 899 901
30 490 499 514 515 542 543 547 559 566 567 579 623 626 671 696 739 754 766 785 806 834 847 860 873 897 906 913 916 917 937
28 537 573 576 579 599 601 611 612 629 635 646 664 666 676 694 717 723 744 745 758 762 764 780 781 789 836 856 909
22 497 516 518 528 531 559 578 581 603 640 723 737 747 753 792 816 823 826 851 872 897 935
22 501 503 514 533 569 575 611 638 649 666 673 695 717 739 788 802 830 832 873 905 928 935
36 489 494 497 499 507 511 514 529 553 578 593 602 614 615 623 627 692 698 705 710 754 758 802 814 819 826 832 834 847 882 888 899 909 917 932 934
23 507 531 554 573 593 626 644 667 668 677 684 697 705 716 732 747 758 779 785 859 895 918 933
22 502 516 523 546 554 563 610 612 616 624 627 628 755 766 784 785 803 849 850 870 890 901
15 513 530 610 616 707 726 728 758 791 800 814 853 855 895 899
17 513 527 543 640 647 687 710 718 735 788 796 864 879 883 893 929 936
22 512 578 583 600 621 631 633 648 660 680 681 687 692 717 727 771 838 852 892 896 927 935
24 499 524 557 566 570 571 584 617 642 651 662 664 678 706 729 732 749 798 866 898 909 923 925 935
23 547 560 579 605 617 644 667 699 702 716 733 749 761 769 796 809 851 864 872 886 901 902 913
19 499 528 532 562 568 581 586 589 620 638 758 765 810 841 860 873 891 896 923
34 527 530 533 550 599 610 616 651 659 670 681 699 707 708 709 723 743 744 752 763 765 779 796 798 817 831 847 856 905 908 911 926 928 941
20 501 512 564 612 646 648 666 668 672 680 713 723 742 776 781 851 892 906 909 910
22 560 578 606 641 644 654 672 678 735 747 816 819 823 824 826 835 854 890 901 911 922 939
21 520 522 544 548 549 550 590 603 605 620 632 689 712 739 767 781 795 849 894 918 942
28 520 525 541 555 564 586 598 599 603 620 642 646 665 672 687 695 697 723 761 780 806 823 853 855 864 879 897 925
26 503 507 517 563 575 584 593 597 605 634 644 646 647 695 744 750 769 777 819 847 853 871 889 901 918 919
24 505 512 520 532 615 622 623 625 631 646 650 663 696 741 779 780 811 814 825 829 833 860 873 891
20 508 554 573 593 608 621 655 680 681 694 695 728 793 804 826 854 872 875 921 944
22 551 599 638 646 678 693 698 702 705 707 721 736 769 774 786 818 823 832 864 887 888 915
19 573 598 632 637 644 676 685 696 716 735 738 802 850 859 860 863 867 927 935
24 508 529 573 574 577 640 659 663 666 667 684 692 713 745 801 805 835 843 854 872 883 900 914 938
25 559 571 579 583 585 586 587 594 676 692 750 753 782 807 819 842 850 859 881 886 888 905 908 925 934
26 515 544 550 552 579 604 608 623 641 649 653 655 670 679 683 695 754 779 782 787 812 822 839 845 868 873
24 527 554 584 619 622 628 641 658 667 696 709 716 788 827 829 854 860 863 866 882 894 920 932 936
24 530 554 566 578 593 606 615 659 671 692 698 699 779 782 783 812 841 848 869 877 886 914 938 939
23 527 562 573 582 715 717 721 722 730 733 745 765 785 787 834 872 893 909 916 927 935 936 937
26 544 550 580 609 613 625 628 633 646 658 688 691 700 707 717 790 791 800 807 810 879 896 904 906 926 929
22 544 549 550 588 602 614 656 664 675 714 721 723 749 761 762 789 823 861 863 873 889 936
27 553 561 567 585 596 612 623 634 674 685 689 697 702 726 747 755 761 763 765 785 790 806 843 857 862 874 899
23 530 539 540 552 576 584 585 618 627 628 637 654 704 718 731 742 757 773 809 831 837 853 892
24 523 533 555 569 611 617 638 651 676 694 731 747 761 766 780 785 816 860 870 872 874 887 898 931
17 525 529 532 540 547 605 621 624 658 700 734 740 813 830 856 881 940
20 545 553 557 571 584 614 634 682 691 708 717 756 783 825 840 875 879 894 904 936
18 534 559 579 602 644 652 676 684 697 722 747 776 784 794 845 906 923 941
28 562 574 585 611 612 631 632 658 667 672 678 691 712 737 749 753 764 771 791 806 811 825 839 890 903 911 925 929
23 540 560 571 605 622 667 673 717 761 767 786 820 828 833 837 854 860 880 885 903 915 932 937
24 548 571 573 605 641 651 713 759 772 773 775 783 793 809 828 843 847 860 891 894 904 905 913 940
18 538 555 571 591 592 607 620 643 697 709 727 754 797 815 871 872 887 914
30 529 530 553 560 571 582 586 589 593 605 630 678 685 700 709 738 762 771 800 807 810 824 842 844 847 870 882 897 941 944
30 534 590 592 599 605 625 633 643 681 683 709 723 745 752 776 785 802 805 816 829 840 856 863 865 869 894 906 924 927 934
18 550 581 630 641 649 654 662 666 733 769 785 847 872 885 901 918 928 941
23 555 557 581 587 589 606 613 653 677 709 771 776 806 827 828 830 871 877 883 891 894 921 941
24 558 589 590 616 622 647 675 704 714 723 729 735 759 777 783 802 819 840 848 855 883 885 906 944
19 538 583 588 606 627 638 654 673 674 697 712 734 761 772 784 844 848 933 944
29 539 541 554 558 563 580 582 625 637 655 659 668 686 695 733 746 748 764 775 776 779 801 820 865 884 925 931 940 943
22 541 548 581 585 602 637 657 686 690 723 764 766 823 843 848 856 859 878 903 926 938 940
22 538 548 569 572 590 599 617 626 638 695 704 706 729 766 770 778 859 865 867 878 904 935
23 540 557 587 598 617 655 657 718 722 738 739 749 751 757 761 779 795 823 847 874 911 918 938
24 536 573 580 588 595 606 617 629 705 706 708 713 749 781 795 811 821 850 858 871 874 879 937 940
10 568 599 646 699 745 781 801 847 867 911
33 590 594 600 601 609 613 653 678 691 692 706 714 719 722 726 742 762 769 802 812 825 830 832 849 853 862 885 886 895 897 903 909 916
21 555 573 596 622 673 713 740 767 800 803 824 838 846 854 866 886 904 910 918 925 928
20 562 587 602 613 619 639 641 667 694 719 736 796 797 808 857 867 871 880 892 907
16 560 563 590 606 646 661 670 712 727 764 806 829 844 860 884 888
18 574 582 611 617 622 630 670 715 762 785 789 799 833 851 867 887 907 912
16 552 588 615 635 641 661 734 735 749 794 795 809 820 829 871 927
19 545 548 574 604 617 640 696 698 703 704 731 780 790 804 808 850 867 870 898
17 547 583 639 643 644 647 654 665 754 792 797 815 837 846 850 888 900
22 553 564 584 596 618 621 631 639 652 705 707 718 740 749 812 829 830 861 872 894 910 923
15 559 616 621 647 694 729 733 748 797 805 830 840 911 924 934
16 565 566 659 674 681 699 702 771 812 840 845 864 891 902 909 938
19 578 582 595 614 630 632 640 661 664 729 748 800 838 865 872 913 929 935 943
23 556 559 595 596 621 630 632 678 714 716 726 735 757 772 794 795 810 831 866 872 878 908 923
21 551 553 570 574 580 596 605 660 671 686 695 703 711 769 794 864 878 884 889 919 939
21 597 621 683 688 716 743 754 758 789 827 838 847 880 883 888 894 911 912 918 923 931
17 568 631 651 666 685 696 700 712 723 729 764 766 771 864 869 898 927
15 558 560 583 625 636 654 696 700 760 771 798 825 911 930 938
16 569 636 640 649 673 678 690 692 748 756 796 853 859 899 914 915
17 561 566 567 628 660 690 724 732 746 750 764 787 818 843 849 868 906
16 559 560 652 654 659 713 728 781 805 838 863 874 887 911 916 940
22 588 594 694 703 713 727 730 744 746 782 784 791 795 826 827 849 851 877 891 919 934 937
25 582 602 628 633 655 670 685 694 710 712 718 735 766 770 793 795 804 833 835 864 900 914 932 934 940
21 565 568 579 597 607 637 640 675 679 681 704 740 743 852 856 869 883 892 902 916 929
24 570 573 575 594 596 629 633 635 636 672 688 760 763 765 815 818 836 847 864 887 892 903 939 944
14 601 616 680 700 710 755 801 836 844 860 863 870 872 941
23 567 579 603 607 644 712 747 769 798 811 818 828 832 839 844 845 855 874 879 888 894 895 915
23 573 644 648 673 676 679 683 703 730 745 768 789 793 799 805 824 837 839 843 873 878 909 939
20 598 641 680 683 695 708 715 732 742 745 769 784 795 806 829 866 869 909 941 942
20 589 632 637 658 674 743 772 780 812 823 831 838 865 868 884 910 916 919 932 942
18 664 671 696 717 730 732 740 753 760 767 809 824 838 858 888 917 935 944
23 571 575 576 625 648 652 661 696 703 717 718 722 750 780 785 793 805 820 858 874 916 923 944
19 592 605 628 637 641 649 650 651 653 693 728 795 817 829 831 848 852 907 916
21 614 672 675 689 714 736 740 764 768 771 780 786 797 824 826 862 867 878 887 908 923
28 584 588 596 607 608 628 636 638 640 642 649 666 694 700 712 713 745 757 773 794 840 855 874 880 900 911 914 941
21 574 584 598 608 612 627 651 652 681 690 719 725 726 771 829 832 847 880 902 929 944
28 578 594 617 627 653 657 659 669 683 685 727 730 740 754 758 779 830 847 851 867 879 881 887 895 900 905 914 933
15 591 611 639 652 716 721 730 740 745 772 776 820 920 925 937
14 577 594 595 613 625 645 733 740 793 854 885 916 933 934
23 599 640 665 699 705 729 758 766 788 790 796 839 843 852 854 860 869 872 898 900 915 922 938
23 578 585 598 608 623 651 652 667 701 703 706 709 720 776 777 804 818 867 869 895 908 909 911
22 608 619 628 655 657 669 675 685 690 693 700 709 725 733 736 747 807 873 884 912 920 934
14 585 621 631 642 676 698 708 716 735 824 829 835 867 944
16 614 624 641 666 678 714 720 765 775 800 809 811 829 872 885 942
17 585 591 608 648 658 662 688 691 750 755 773 788 794 833 842 885 901
18 604 618 622 662 668 672 673 675 694 710 720 759 763 836 848 871 904 916
14 600 662 669 678 719 752 768 814 831 862 895 915 935 940
20 644 672 673 700 719 722 729 733 748 754 760 792 809 829 830 836 874 899 937 941
18 599 633 639 644 665 684 686 758 774 797 814 820 845 857 862 888 896 915
22 616 631 632 648 650 660 671 678 682 685 712 714 722 750 806 830 833 868 891 896 910 936
18 600 669 702 709 732 738 741 752 765 790 798 872 884 889 903 916 928 944
21 595 601 611 623 630 652 673 674 729 740 751 759 786 813 830 832 887 902 913 914 935
23 595 596 629 644 669 670 686 711 719 726 754 764 768 774 783 797 876 885 893 894 911 926 937
20 606 623 640 663 673 690 714 717 724 726 728 738 774 819 869 871 882 887 902 935
25 592 594 598 602 604 615 620 647 675 690 702 711 720 728 740 760 790 808 828 846 896 897 907 925 930
20 595 609 622 629 661 672 691 701 727 738 741 742 743 804 807 861 866 879 885 933
13 654 656 687 725 749 762 771 781 802 847 867 916 932
22 599 621 631 649 666 683 695 696 722 729 733 792 805 815 817 828 833 847 871 877 914 927
18 621 625 671 677 691 722 733 777 780 789 808 844 845 847 849 885 908 918
14 598 609 657 699 700 718 783 792 804 863 872 896 928 929
20 609 619 637 648 660 661 665 667 697 714 718 744 756 761 778 811 844 870 872 880
19 630 684 706 707 727 759 769 774 783 787 789 805 808 823 825 845 848 860 897
16 658 675 696 698 701 704 742 755 767 779 793 826 875 889 913 918
25 622 625 653 670 696 698 700 719 722 727 731 759 765 769 773 806 811 814 816 857 879 891 897 930 937
11 672 720 724 752 761 775 782 809 824 839 858
17 620 686 690 727 805 809 818 833 853 870 889 894 911 916 924 943 944
12 616 708 734 768 770 823 833 841 845 865 867 922
17 606 635 657 687 695 712 716 791 812 822 827 828 838 858 877 883 887
19 634 670 723 738 749 777 781 799 810 812 813 832 856 858 876 880 915 933 935
18 628 654 655 670 684 686 710 715 725 775 808 842 856 877 879 887 897 939
13 612 672 685 718 744 747 751 754 777 858 891 909 936
13 608 615 631 640 690 695 733 756 764 779 830 842 920
22 614 633 640 641 655 667 670 675 681 695 722 744 770 816 847 854 883 917 931 932 941 942
16 629 646 675 714 773 776 785 843 844 853 857 876 880 881 892 925
24 634 651 655 658 670 692 729 731 744 755 757 759 825 845 862 871 888 889 895 902 904 911 930 933
17 625 675 676 682 725 742 783 804 822 840 849 872 889 895 900 910 922
17 614 616 621 631 641 651 665 676 678 692 789 794 811 845 896 902 910
18 653 672 674 699 705 708 724 735 762 763 784 788 795 805 823 824 884 911
12 628 670 688 717 738 741 809 871 879 893 904 935
20 665 668 672 713 722 728 736 791 794 803 805 834 841 865 882 883 893 896 931 937
14 666 669 674 676 707 714 729 776 856 875 925 930 931 936
11 623 651 672 704 740 760 771 790 815 839 939
19 631 651 675 686 689 726 739 742 782 799 803 846 862 895 898 901 905 907 938
15 621 678 720 742 766 770 803 815 834 839 852 869 892 893 910
22 633 641 646 656 664 696 702 756 788 789 801 825 842 857 880 902 907 915 918 922 924 933
22 631 635 640 643 646 648 675 677 683 710 731 762 773 774 775 811 814 851 862 903 915 938
22 631 650 651 654 660 670 693 694 699 700 706 715 742 765 805 824 841 886 913 917 923 938
18 632 673 684 691 707 711 731 768 797 812 814 834 838 866 892 893 894 939
18 628 643 651 660 676 679 685 689 703 746 768 809 824 827 848 874 910 925
17 707 708 717 747 758 764 773 774 823 832 847 858 861 877 895 914 924
12 634 667 690 737 775 777 809 830 842 892 922 931
12 639 649 656 660 661 702 735 796 825 859 904 906
14 672 684 688 694 710 733 747 803 819 869 879 880 905 928
21 632 639 759 764 772 787 802 807 808 819 826 827 832 852 866 871 879 899 918 930 933
20 631 632 635 640 656 670 687 731 739 751 771 798 829 843 877 881 888 900 916 930
20 640 653 665 673 678 699 707 718 762 765 773 800 823 832 836 845 863 866 871 906
16 647 698 711 738 759 763 786 841 843 847 898 905 917 918 929 936
8 657 685 689 853 870 921 924 929
14 651 669 672 677 708 777 785 817 848 855 867 891 896 904
23 648 662 669 695 699 703 721 738 758 778 782 792 823 844 848 864 865 877 900 904 905 908 921
15 684 692 728 743 748 784 803 805 816 856 882 904 912 919 930
18 647 676 683 686 720 722 763 775 806 813 829 831 846 856 860 868 888 907
20 639 676 677 698 700 710 729 730 765 767 777 785 818 859 861 881 907 915 929 944
13 643 650 664 676 678 697 717 726 730 739 833 917 933
15 646 650 664 692 703 715 733 791 808 848 850 854 910 922 940
11 647 654 695 709 764 774 825 851 872 905 918
13 645 646 656 676 678 697 769 795 865 870 904 923 927
20 652 663 691 695 708 717 723 733 740 749 787 792 820 857 872 884 889 910 922 940
15 648 650 675 680 704 706 780 788 808 839 850 882 883 897 903
11 727 732 742 750 764 803 807 870 871 891 938
14 653 681 699 715 725 732 797 804 811 874 911 917 921 937
12 720 733 739 777 813 823 888 896 924 930 940 944
13 649 652 699 703 709 725 739 753 754 826 905 908 939
13 693 734 778 789 794 798 807 835 894 898 900 923 944
19 658 674 682 697 704 715 720 735 738 745 762 768 775 787 837 840 851 880 903
12 656 685 730 812 813 848 859 877 887 912 916 924
16 655 707 748 763 775 788 816 817 840 855 866 868 870 882 892 900
18 680 699 704 736 741 746 754 764 777 812 823 825 854 876 881 893 907 917
13 688 717 720 762 812 829 861 867 868 870 919 928 940
13 675 690 691 706 736 755 761 831 918 923 933 935 939
8 668 673 696 754 755 835 902 904
23 665 666 686 699 724 735 742 752 765 788 790 821 831 835 848 854 867 876 912 913 914 922 936
9 700 752 757 759 827 851 876 897 919
13 664 692 694 774 783 819 828 844 846 865 908 919 927
13 691 765 784 786 789 813 816 863 875 876 899 913 931
15 667 668 670 686 697 702 709 729 740 796 822 831 837 847 931
8 684 700 756 798 835 868 879 905
15 682 701 725 727 773 799 815 822 827 834 846 868 869 889 934
17 672 674 680 721 725 733 776 787 821 833 852 860 866 871 913 926 927
10 678 709 727 791 840 856 858 860 868 892
16 685 691 703 723 740 748 754 789 807 813 834 872 876 891 898 928
14 675 692 695 708 748 771 821 826 836 861 887 897 898 913
18 675 678 680 706 709 712 720 732 773 803 825 843 861 894 897 908 919 929
6 709 741 779 810 865 879
10 674 749 795 836 838 888 903 914 916 938
10 677 715 723 742 763 777 863 873 886 902
13 770 772 797 803 823 853 864 902 906 912 915 917 920
20 679 686 696 700 704 712 740 745 747 748 778 819 825 831 860 863 878 891 925 942
10 685 700 707 733 756 803 847 862 869 871
12 706 718 740 762 767 792 832 854 889 912 941 944
10 691 766 779 785 792 805 855 881 922 931
13 708 710 732 778 826 858 861 862 879 884 894 900 922
7 699 736 846 856 909 919 935
17 692 698 700 720 736 775 794 800 812 817 832 836 854 868 891 895 903
18 709 721 729 737 750 755 804 806 832 847 849 867 888 900 908 935 938 939
16 700 754 759 767 783 792 799 823 825 836 839 874 875 880 894 932
15 704 708 739 774 813 839 874 885 886 892 893 901 928 931 943
16 705 742 761 781 786 798 814 819 823 831 859 882 891 919 932 943
11 705 708 717 745 752 811 825 844 899 929 933
21 708 729 741 744 751 754 761 793 816 823 824 831 838 857 864 875 879 883 895 898 928
14 700 765 778 785 793 799 800 816 832 848 860 916 929 934
10 699 707 720 727 830 836 850 860 888 915
14 702 762 768 775 804 818 825 831 836 856 862 868 873 941
16 700 734 760 765 770 794 805 812 826 840 852 889 917 926 929 932
9 715 729 756 812 834 870 931 937 944
6 711 721 754 798 890 942
14 731 756 767 791 806 821 825 838 844 845 856 866 915 927
12 699 722 748 763 764 783 800 852 856 860 929 941
18 695 710 725 782 787 810 817 829 833 853 857 862 882 900 912 929 931 935
11 737 757 774 799 809 845 849 880 921 926 939
14 721 757 778 797 817 824 834 835 856 860 870 894 895 927
11 726 767 783 797 807 838 854 887 919 923 943
18 709 714 735 774 788 797 802 819 833 841 854 863 873 883 894 904 909 924
12 742 744 764 776 804 829 833 837 845 875 905 913
16 705 745 757 763 766 784 808 820 836 868 875 886 898 907 922 928
14 719 721 739 756 760 765 813 849 875 885 889 911 912 914
16 704 706 713 742 744 752 754 757 790 816 842 847 850 874 885 943
12 747 749 755 764 805 874 882 902 913 933 935 937
12 720 730 731 737 738 747 778 849 879 882 895 930
13 712 753 763 767 805 843 861 864 865 884 914 922 936
12 726 728 763 782 791 804 808 824 843 864 905 923
10 730 755 771 781 784 804 877 917 926 929
10 717 724 749 769 793 835 840 857 868 936
6 721 781 827 885 900 927
16 753 757 758 760 775 793 810 830 842 859 869 875 888 897 934 940
12 716 755 796 809 812 853 861 898 903 909 918 921
8 764 771 785 795 881 883 888 892
10 743 776 784 832 869 874 887 918 938 944
10 733 740 782 803 840 846 857 865 927 939
12 770 793 801 820 821 850 876 887 894 917 920 930
6 734 754 775 800 826 932
12 728 769 784 795 826 828 892 895 897 926 927 930
10 773 775 782 789 810 821 860 868 872 911
14 723 733 774 775 818 829 834 836 845 846 875 888 894 924
7 736 827 836 871 887 894 908
7 742 782 784 864 865 867 908
15 755 763 769 790 794 798 816 835 838 839 850 887 891 907 928
17 731 742 757 758 800 833 848 868 870 873 874 901 905 913 925 929 943
16 725 766 768 786 799 832 834 853 865 874 876 882 886 912 924 942
6 759 791 799 845 872 924
8 745 839 872 876 893 901 902 911
7 757 786 801 844 874 900 907
12 729 749 771 789 823 828 855 864 889 890 910 930
13 735 759 766 791 800 818 835 847 877 880 906 932 938
9 755 802 807 821 824 828 886 903 905
6 800 821 854 888 895 939
11 775 803 826 835 847 852 865 891 902 911 942
11 747 759 788 794 808 872 887 891 895 902 922
5 810 824 838 868 891
9 800 809 811 822 830 848 852 908 932
8 744 761 802 810 818 850 871 939
11 741 789 801 833 875 885 894 902 920 922 932
11 752 761 770 795 840 850 854 867 881 896 901
12 742 753 770 771 784 807 811 816 844 853 871 928
12 743 768 824 826 832 846 860 889 890 895 914 931
11 747 764 767 777 780 803 826 867 886 917 934
9 746 762 794 805 806 820 876 908 944
9 766 806 820 825 843 866 881 889 903
17 751 758 772 780 787 794 799 800 804 815 830 832 856 881 886 928 939
9 755 769 789 855 869 896 919 926 941
11 776 791 816 820 822 856 868 873 884 928 932
4 816 825 885 921
17 755 765 768 820 830 841 844 854 864 882 891 901 908 921 923 926 940
15 774 782 786 791 792 819 859 865 869 876 882 899 912 927 933
13 761 776 781 795 796 810 853 862 893 900 901 907 941
8 764 781 784 799 811 823 881 887
5 768 775 782 804 897
12 756 777 855 881 886 897 905 907 912 928 934 944
13 757 777 778 800 826 827 838 862 891 906 907 928 930
14 767 768 769 812 823 825 826 849 866 877 880 929 940 942
10 762 806 818 824 838 862 879 883 930 932
6 815 818 827 858 890 892
6 761 780 861 871 891 904
11 760 767 838 858 860 884 890 895 912 913 930
6 780 810 826 830 846 860
13 809 827 834 848 865 878 883 893 897 902 912 928 938
8 769 814 820 870 874 926 940 944
8 770 775 807 838 842 843 920 932
5 777 802 811 906 938
10 803 819 823 848 895 897 913 922 937 940
7 793 809 820 846 872 882 911
8 782 788 790 802 832 888 896 927
10 800 818 831 832 846 860 870 905 925 937
7 798 806 822 849 863 897 926
7 799 800 826 842 889 904 924
10 774 788 794 823 852 866 896 909 923 926
5 788 807 862 899 922
11 774 781 787 838 848 870 871 884 905 922 931
7 783 786 806 823 826 905 939
12 776 807 813 816 830 842 863 867 873 882 921 924
11 792 793 809 830 831 842 855 859 913 923 942
9 831 834 849 863 918 923 925 929 930
3 819 827 922
10 787 793 838 842 863 893 898 903 912 927
12 795 805 841 847 852 869 870 877 878 888 896 936
8 802 835 877 878 881 901 921 926
6 881 886 887 908 934 938
9 795 803 856 881 898 903 910 920 925
6 793 803 805 833 913 929
3 834 908 943
12 796 803 807 842 847 852 872 873 882 909 929 938
6 865 884 896 916 932 935
8 797 825 853 865 873 875 884 907
6 829 853 888 897 898 934
9 793 823 840 841 884 892 912 921 922
5 833 857 867 899 906
9 815 826 832 876 880 887 910 919 941
8 801 820 824 830 881 899 912 926
8 805 830 871 884 905 924 934 936
9 823 826 834 842 843 854 878 923 929
6 901 905 908 916 932 934
7 857 861 876 887 901 906 919
10 819 847 848 851 868 881 899 901 913 943
7 815 831 853 861 897 905 919
10 811 821 851 878 903 909 914 916 939 942
5 828 846 907 916 922
10 811 818 849 858 874 877 890 896 918 929
8 827 831 833 848 851 871 891 918
7 813 828 861 883 918 925 935
9 816 862 863 881 912 922 924 934 940
4 850 866 938 941
7 840 851 856 901 908 919 936
9 810 835 852 863 868 876 891 901 911
8 815 853 856 889 909 913 921 926
9 821 824 869 883 897 903 908 917 920
7 818 826 829 857 868 878 936
8 841 850 851 855 872 882 885 926
9 815 826 846 853 867 885 908 910 932
6 849 871 890 904 921 930
5 826 871 873 899 942
3 866 883 940
8 836 855 870 871 875 876 880 893
6 828 867 900 909 922 928
10 834 837 862 865 867 904 926 932 934 942
9 827 846 848 858 871 879 881 883 907
6 833 848 849 852 875 920
7 827 832 858 895 902 903 916
10 836 841 857 863 873 895 912 920 925 926
3 831 924 942
8 831 835 865 869 888 921 931 940
7 829 834 865 872 899 902 911
11 860 861 870 875 878 893 896 906 915 933 938
4 831 899 926 935
3 872 891 935
7 839 854 858 878 911 916 923
7 852 854 858 868 904 906 943
5 848 853 863 897 937
8 856 870 896 908 919 920 924 944
5 853 871 880 909 934
8 864 871 873 881 892 896 899 931
8 855 875 895 899 901 911 930 944
8 840 851 873 882 892 896 923 940
2 844 871
7 848 854 883 886 893 912 932
5 846 880 892 895 927
7 843 881 896 899 923 927 940
9 856 867 881 888 912 934 938 941 942
6 876 896 898 910 917 923
9 850 852 864 884 893 898 914 939 944
6 889 895 909 912 913 934
6 852 857 904 913 926 944
7 848 866 872 878 896 925 932
3 878 899 922
2 879 903
6 856 865 883 901 920 923
8 854 857 864 913 922 925 930 938
5 857 937 938 939 944
3 863 894 899
6 900 906 922 923 925 944
4 875 884 908 934
4 872 889 896 917
5 867 881 915 933 939
7 881 892 911 912 913 940 944
5 864 870 875 878 943
4 903 908 917 939
8 866 867 871 891 900 905 919 933
4 888 895 907 944
3 865 908 929
4 880 889 907 915
5 869 887 917 919 937
4 880 884 898 937
0
5 883 887 895 905 926
4 876 906 934 936
9 884 888 899 916 918 928 939 940 943
2 913 934
5 875 878 882 911 914
5 903 920 921 925 926
3 903 936 942
2 891 919
1 878
5 879 902 921 926 935
2 882 941
5 895 910 914 933 938
2 884 894
6 887 891 914 919 926 934
2 883 909
8 888 894 899 906 927 933 935 941
2 899 930
3 898 901 902
2 899 900
3 890 907 914
4 892 896 907 914
4 894 921 935 942
0
6 893 916 928 939 940 943
3 907 929 940
1 894
2 912 913
3 898 939 944
2 919 936
2 911 929
1 899
1 903
2 908 921
2 919 926
4 905 915 930 932
0
3 906 923 926
3 915 923 940
2 921 939
1 913
2 918 932
4 910 924 932 938
1 942
1 926
0
1 937
1 929
2 917 932
2 928 938
1 922
0
2 936 939
2 931 942
1 938
2 923 939
1 939
2 934 938
1 937
0
0
0
4 930 937 940 943
2 935 944
3 938 940 943
4 935 939 941 944
0
0
2 938 942
0
0
0
0
0
1 943
0
1 944
0
