632
41 3 21 23 28 34 44 45 52 109 129 149 182 189 196 202 227 248 272 275 317 327 329 331 340 347 355 389 390 423 499 513 514 519 527 543 548 553 563 567 590 619
38 14 18 35 36 46 72 99 175 188 193 202 206 207 218 239 247 258 314 320 324 355 388 421 446 462 475 504 509 515 531 565 571 575 589 600 618 620 624
27 55 57 130 132 161 170 186 188 217 235 238 245 278 352 358 395 472 480 507 536 565 572 588 600 612 622 625
34 8 17 32 62 66 102 115 117 191 199 200 250 259 260 268 272 279 303 323 334 353 375 395 400 411 432 445 464 472 491 527 530 557 606
27 24 47 76 114 129 152 163 171 200 265 291 339 372 374 382 407 429 459 462 480 482 490 499 523 617 619 620
42 6 37 50 98 100 101 108 109 120 130 134 164 171 177 181 233 235 237 244 250 264 273 286 313 322 327 351 362 420 430 441 447 457 461 502 505 515 534 564 610 625 631
26 158 169 191 192 208 244 256 259 275 295 333 339 371 387 401 418 420 430 443 447 469 473 522 525 557 590
27 50 65 104 126 133 144 197 218 223 254 263 271 281 298 344 348 352 365 374 387 397 404 426 476 529 550 629
33 35 43 63 71 75 88 92 101 112 137 146 151 152 161 193 195 215 216 294 297 350 369 395 399 420 498 520 525 566 578 587 590 604
27 99 136 151 166 194 215 226 252 320 326 336 364 369 393 398 463 475 531 534 547 552 561 576 579 580 592 597
35 12 29 47 53 61 62 78 88 116 133 137 223 224 235 239 258 275 290 328 349 373 393 396 444 456 464 483 495 497 512 542 560 596 600 629
29 20 31 33 73 81 115 158 159 160 169 186 199 204 227 299 300 304 330 351 366 377 395 403 421 477 503 505 537 572
30 31 43 53 69 91 113 133 142 148 150 152 207 231 281 363 372 378 407 431 439 481 506 530 553 558 586 591 594 608 629
36 14 41 48 76 87 100 121 132 167 201 207 227 252 254 267 283 289 340 345 347 363 382 397 406 431 432 439 457 496 533 534 586 599 607 613 615
25 25 40 79 83 123 129 158 169 183 197 227 254 284 288 289 338 351 358 365 374 382 385 428 489 617
29 21 23 32 35 110 127 136 150 198 229 244 253 268 321 334 347 392 396 437 450 472 480 504 508 525 548 585 612 631
31 58 59 110 128 133 134 169 189 226 241 243 245 274 294 302 310 319 332 353 365 381 430 436 460 565 570 571 575 595 610 631
35 66 81 96 148 161 169 183 199 200 251 303 338 343 345 348 370 381 389 393 401 408 410 427 449 459 460 488 500 504 516 570 583 597 622 623
30 23 27 31 39 84 140 141 147 148 159 163 200 209 242 340 348 356 375 397 409 455 468 473 491 508 512 577 607 621 629
32 92 95 110 113 124 131 176 192 228 231 236 240 268 271 283 305 326 329 395 399 405 423 437 445 464 473 493 494 513 559 567 572
25 45 49 73 84 116 147 200 220 233 235 246 275 292 300 317 337 367 448 455 472 479 555 576 606 631
41 24 50 54 95 97 98 138 198 219 240 250 273 280 295 296 300 323 333 335 346 353 363 366 372 388 406 410 416 432 447 478 481 494 495 520 545 555 566 581 582 628
25 59 64 65 71 154 170 203 213 253 271 278 378 386 426 428 477 492 501 525 530 543 566 573 594 595
30 65 119 138 154 163 167 212 230 249 254 267 270 286 287 296 298 309 311 312 340 341 360 374 377 443 472 546 553 583 600
33 27 34 39 47 53 60 74 75 84 138 146 149 160 179 184 226 230 286 341 365 379 387 398 426 450 458 491 524 562 565 574 598 610
33 29 31 40 43 44 65 106 117 132 175 181 220 222 282 315 332 360 370 372 415 451 463 467 472 485 518 540 544 562 602 605 613 626
33 61 69 127 129 139 142 180 200 236 257 276 296 331 349 350 363 366 392 407 412 417 449 450 478 492 517 552 571 580 596 598 624 630
36 49 74 105 110 148 157 161 189 243 254 262 264 267 268 292 301 306 352 354 369 390 419 438 455 468 522 524 539 555 557 576 585 589 604 606 618
35 45 69 73 95 106 121 144 145 163 178 192 243 249 255 268 273 291 304 322 333 348 378 393 422 469 529 548 549 555 564 571 572 575 588 610
38 31 38 40 43 48 74 90 92 111 117 130 150 178 216 217 218 240 265 298 308 322 344 347 362 379 381 409 464 490 518 524 550 563 569 589 591 611 627
30 38 54 55 57 58 73 74 108 121 136 153 185 224 268 316 380 387 405 416 430 434 447 456 483 485 504 564 577 599 604
20 32 41 72 73 85 95 131 163 208 277 282 293 368 407 414 436 452 457 515 615
26 58 86 117 140 142 152 162 167 196 198 205 248 263 267 273 337 404 406 518 546 549 572 589 597 611 620
30 37 70 74 77 80 110 119 126 141 153 193 211 217 254 271 276 288 313 357 385 498 501 534 550 551 560 561 567 570 604
20 58 133 156 165 168 199 225 236 280 319 382 395 430 472 482 523 568 574 578 617
34 43 58 65 72 75 93 99 111 123 126 134 161 198 214 244 253 256 295 306 324 329 372 373 414 435 469 524 528 538 574 588 592 594 627
37 39 112 120 146 168 173 185 192 201 206 216 219 224 227 239 267 275 305 307 323 348 365 372 378 421 445 465 482 510 524 534 553 557 559 578 582 584
24 84 123 130 176 266 285 286 300 317 340 371 374 406 418 466 478 487 488 520 533 536 575 586 599
28 49 82 85 105 137 185 194 234 238 253 264 288 308 311 314 316 335 341 342 343 350 407 416 452 466 504 509 545
21 62 81 110 112 150 192 215 229 242 323 334 356 370 398 407 414 482 520 530 572 606
27 47 67 79 130 134 145 190 230 243 254 294 312 333 356 366 417 421 435 447 448 459 505 542 574 578 599 628
29 44 56 58 125 155 193 195 206 238 245 253 272 282 303 311 319 342 392 422 445 452 491 522 535 567 573 623 624 631
24 65 102 163 168 193 195 197 260 334 335 347 351 366 406 472 473 475 490 496 500 501 524 569 578
30 73 75 81 89 127 140 142 143 159 169 171 217 297 303 313 359 364 387 390 412 420 456 490 496 498 513 564 565 592 620
37 90 101 105 110 111 114 125 128 134 141 143 158 164 180 186 219 258 276 287 297 307 367 369 370 373 399 415 418 446 455 494 521 523 527 528 588 611
34 52 86 121 125 132 188 238 241 271 323 326 335 337 342 354 356 369 372 398 415 430 462 476 490 502 512 522 530 539 548 585 588 604 609
31 60 88 132 136 138 143 145 152 160 169 173 193 201 236 252 255 257 264 333 341 361 384 432 506 515 546 547 581 598 606 630
34 61 68 73 78 91 101 107 112 132 138 171 174 181 197 275 294 331 334 370 409 415 428 448 451 452 488 509 524 531 547 550 587 593 610
46 64 76 90 91 108 114 117 175 186 192 224 228 241 246 256 258 259 278 289 293 307 341 351 371 377 379 398 411 427 437 447 453 467 502 509 512 522 534 549 556 557 572 576 588 598 599
22 50 81 107 178 235 239 247 248 262 324 366 390 412 413 520 526 528 547 566 584 605 617
21 54 67 96 147 190 196 200 229 233 256 297 320 354 384 441 481 498 529 570 575 630
26 83 111 125 139 161 172 176 189 211 246 269 274 276 284 305 307 325 328 353 456 458 471 474 476 490 547
27 100 141 156 162 168 266 291 335 364 366 377 410 420 431 435 439 452 477 499 511 552 561 565 571 580 609 622
34 57 68 98 112 120 133 138 139 198 241 245 259 266 279 290 299 302 313 348 369 395 402 424 440 443 489 497 545 560 563 578 581 612 615
27 56 125 142 143 192 196 198 205 209 232 233 283 299 333 367 426 447 468 485 506 528 531 537 546 557 577 603
37 63 91 93 105 124 134 144 159 176 182 194 198 205 210 247 250 269 279 333 365 406 411 415 418 439 457 481 482 512 530 533 552 578 582 587 598 610
38 75 88 95 96 110 129 148 150 165 200 209 210 225 246 280 285 317 331 390 404 429 433 440 446 447 478 520 525 526 535 571 575 593 599 601 605 615 621
27 60 130 177 253 258 263 264 283 306 324 339 353 369 413 421 428 436 467 500 502 513 530 540 542 555 591 611
30 59 85 88 93 99 105 111 112 148 165 172 187 214 223 253 267 297 332 336 358 361 393 396 403 456 507 512 520 547 581
34 63 73 77 196 220 221 237 245 250 262 269 284 285 286 303 306 313 331 335 390 411 427 437 457 477 484 489 491 551 559 582 585 608 612
29 92 170 224 243 268 276 303 322 323 339 371 382 400 407 418 461 477 489 493 522 549 567 603 605 609 613 621 626 629
23 64 89 123 171 191 260 282 283 322 349 404 407 420 430 452 478 496 498 534 552 597 602 618
26 71 93 99 112 130 174 199 247 296 365 366 423 430 440 450 453 457 463 480 486 494 543 586 599 609 622
29 69 119 126 133 135 157 176 243 255 274 281 285 313 327 330 367 436 443 447 454 479 480 489 501 504 552 566 585 612
25 85 93 107 139 142 151 222 248 264 266 284 301 323 335 444 450 458 497 506 536 554 590 620 627 631
23 94 104 133 160 161 222 244 263 390 407 431 458 463 511 524 536 553 562 575 586 588 589 602
27 75 81 84 93 99 108 118 146 168 267 269 273 290 294 311 314 325 335 342 373 391 430 544 551 585 611 631
22 82 98 131 169 212 214 216 230 231 247 272 302 309 427 462 482 496 504 506 509 542 559
26 81 83 89 117 152 186 200 219 226 227 252 279 296 304 354 355 373 398 424 447 469 510 557 599 617 624
26 71 80 136 140 144 149 157 159 218 225 229 280 302 319 368 373 394 411 412 413 448 451 476 512 564 583
28 106 112 127 136 160 180 202 228 244 245 250 259 300 304 364 394 412 433 440 447 459 485 499 500 528 535 556 611
26 116 139 155 167 214 247 275 278 279 286 290 328 339 340 384 446 480 482 493 497 519 531 577 603 610 630
24 118 119 168 171 190 246 250 256 288 316 371 379 393 399 418 432 435 494 508 515 544 572 617 629
26 75 82 83 128 133 171 173 209 239 286 338 382 403 422 425 426 471 472 473 493 528 532 536 593 608 625
38 83 86 93 99 101 109 119 137 147 161 162 165 175 181 196 200 229 244 267 288 298 310 339 341 350 369 406 412 471 472 501 502 512 547 556 567 575 622
30 90 93 96 144 149 178 180 188 190 221 228 275 278 281 345 346 367 411 423 445 466 481 511 534 549 571 580 624 625 626
27 111 116 120 167 201 219 234 255 268 271 290 311 315 320 322 353 373 383 402 413 451 460 501 503 523 586 596
31 78 120 142 176 190 197 247 260 291 292 319 336 346 362 373 377 380 383 390 423 424 443 467 482 488 585 602 613 617 622 624
28 127 141 168 185 202 228 254 266 272 295 305 343 350 352 388 389 405 415 418 420 453 454 459 499 503 610 616 627
17 85 86 146 155 189 211 229 325 331 335 360 418 433 480 533 568 569
25 109 130 134 163 166 220 283 286 310 313 326 395 430 431 448 519 522 531 534 536 566 580 588 608 610
24 98 127 128 156 163 201 217 239 265 289 290 311 328 348 399 415 486 493 537 555 562 591 594 610
23 173 215 224 250 259 270 301 373 384 388 389 405 444 455 461 462 505 506 550 564 581 594 622
29 97 109 115 144 153 166 170 182 189 212 232 234 237 283 355 404 467 497 553 554 563 567 579 580 601 613 621 624 625
25 88 200 216 218 237 241 243 264 270 275 284 310 313 332 342 362 365 370 377 386 420 426 428 437 551
27 109 111 149 153 180 198 205 240 269 319 328 335 353 356 370 412 421 433 457 466 481 487 504 515 523 528 624
33 122 123 137 152 160 168 169 170 213 242 278 281 338 347 358 404 406 417 420 433 477 480 491 497 522 523 528 539 576 592 609 612 620
36 95 143 157 172 206 215 223 226 228 230 242 244 269 284 296 303 352 357 379 386 389 409 423 442 449 471 494 495 506 530 549 551 566 576 594 606
25 116 124 126 179 186 280 289 314 326 354 371 416 421 442 448 472 475 489 520 533 547 571 592 610 627
31 99 136 137 163 196 215 239 249 283 284 290 305 344 411 413 415 428 435 440 447 451 458 485 504 530 569 572 584 586 588 592
33 172 209 226 256 257 274 280 283 291 300 308 329 353 373 375 389 407 414 416 428 437 442 447 453 483 484 512 550 563 571 593 600 607
25 98 103 114 118 121 125 132 156 211 256 314 318 338 348 354 358 387 388 474 489 537 548 549 585 602
24 99 100 109 116 155 188 219 242 252 278 317 343 355 388 406 423 431 452 468 471 494 497 523 614
25 137 195 198 202 243 249 251 293 355 397 409 429 449 451 462 463 509 517 525 534 547 570 572 584 590
29 111 131 148 169 174 199 228 233 238 239 259 263 333 364 371 383 405 421 452 471 483 499 505 517 544 560 570 602 607
24 105 126 160 161 178 236 252 277 287 317 319 335 344 383 389 393 419 437 452 487 490 518 573 595
25 138 219 236 239 240 320 331 337 338 341 344 366 397 398 437 460 478 484 510 517 530 565 566 569 627
25 116 140 160 186 234 246 253 278 299 333 339 346 350 354 363 394 429 432 476 526 529 539 579 596 604
25 101 102 128 130 138 156 194 227 253 262 321 366 398 410 440 451 452 464 469 501 514 541 561 569 608
43 127 130 131 145 151 183 187 203 222 231 232 233 239 244 247 258 267 273 312 325 327 344 377 379 391 400 411 416 421 424 426 432 458 461 465 467 471 487 538 551 557 577 597
31 113 140 149 155 200 201 275 280 309 314 319 331 337 349 370 377 419 432 443 453 455 470 500 519 542 568 576 583 604 617 621
21 131 145 155 169 215 218 242 250 301 325 328 331 365 422 446 481 520 521 535 562 601
34 108 116 150 151 188 238 239 247 251 261 265 298 305 306 310 318 336 344 372 395 412 415 441 470 483 485 501 516 529 544 587 613 626 627
29 104 110 117 123 128 150 153 154 168 174 239 244 256 260 268 327 381 392 394 465 488 501 541 542 556 568 581 582 620
30 107 120 162 169 190 222 255 310 314 327 349 353 357 361 368 372 375 378 426 449 464 516 520 522 534 540 550 580 599 622
28 118 148 192 202 204 260 261 290 299 301 333 353 354 379 387 412 422 433 435 446 471 500 502 508 551 556 588 601
27 117 119 124 125 130 138 158 163 188 212 215 232 238 264 282 355 360 405 414 434 460 499 526 529 535 565 573
30 118 127 129 142 170 179 196 222 227 230 238 260 292 294 299 319 330 380 382 395 450 484 493 540 556 572 574 607 617 622
18 140 157 161 181 196 206 237 248 316 402 418 426 493 495 496 501 541 604
29 110 142 150 169 180 184 185 222 224 235 266 280 292 325 327 332 354 360 409 425 458 460 482 520 525 540 543 570 605
31 126 140 160 166 176 181 193 212 304 305 319 320 334 361 373 381 389 400 411 418 441 465 475 502 513 515 522 531 534 596 612
23 127 130 152 180 185 195 236 276 280 284 297 388 415 418 442 458 493 498 513 543 602 611 631
22 122 159 160 219 238 261 290 319 368 376 380 391 432 437 439 442 507 526 550 573 626 629
22 117 138 157 184 234 267 285 309 343 376 394 416 418 432 486 557 575 590 591 598 602 617
25 120 124 155 207 230 259 260 264 282 311 330 341 403 415 473 518 546 560 566 567 569 571 586 611 620
30 121 138 167 170 177 186 190 217 255 256 276 278 311 325 352 365 370 383 397 413 441 480 492 499 502 523 528 532 583 622
20 118 128 149 172 182 213 310 311 316 325 361 399 430 444 475 499 557 584 619 627
26 139 140 156 188 200 219 220 235 274 286 294 304 312 358 378 392 405 409 422 446 470 494 497 504 549 572
19 122 184 185 208 230 231 254 293 297 344 355 384 407 420 462 536 544 603 610
30 155 183 206 214 238 244 245 248 284 310 314 330 340 357 364 369 376 397 421 458 459 485 487 508 527 536 554 607 615 616
32 158 160 181 201 204 224 232 242 243 271 295 296 327 344 355 356 360 368 369 371 420 431 450 454 468 494 502 513 574 587 623 624
22 133 206 210 219 299 313 323 364 384 396 403 411 427 449 468 494 533 537 561 570 596 622
23 154 165 191 205 226 281 297 321 336 349 359 384 395 410 455 486 496 497 502 543 545 548 565
16 150 153 213 242 292 342 350 355 443 460 471 533 556 600 625 630
19 134 161 171 182 184 188 194 241 272 274 365 388 404 414 467 505 511 561 587
22 188 200 264 269 294 345 361 365 400 403 449 468 486 501 519 530 560 563 566 602 607 619
24 163 167 172 175 194 205 229 266 267 275 290 305 350 365 397 403 413 417 488 497 555 571 588 617
25 132 159 192 209 271 280 318 321 326 347 366 407 422 424 449 474 481 496 516 558 575 601 622 625 630
29 152 181 205 215 220 230 241 245 259 263 298 306 323 337 341 374 391 401 432 441 459 505 513 538 540 579 586 587 618
31 135 159 166 168 188 189 209 214 227 240 241 249 260 279 318 327 370 443 459 468 485 544 548 554 567 575 587 596 610 612 627
24 167 189 191 214 217 226 255 287 290 303 323 329 334 344 364 374 420 424 434 504 552 582 584 622
19 134 152 166 174 184 200 224 243 300 326 342 347 430 499 528 530 551 596 618
24 148 149 158 188 191 207 221 266 268 281 316 370 371 425 448 452 457 472 495 500 508 551 601 621
18 178 276 278 349 371 376 385 452 459 463 475 509 514 582 598 612 619 621
18 137 146 186 208 212 227 235 256 289 339 353 420 443 487 508 537 543 589
36 144 147 173 182 214 216 217 218 231 260 261 268 277 295 308 311 316 327 330 333 340 350 367 402 405 422 432 478 492 496 507 535 569 580 599 622
26 151 186 206 230 234 252 253 266 270 296 301 322 345 364 369 374 394 408 440 496 507 525 540 600 616 621
25 156 164 165 180 193 195 200 217 219 322 324 346 367 371 381 393 397 412 538 542 557 568 587 615 625
30 140 155 156 185 237 252 253 276 288 329 330 341 345 363 375 399 410 441 449 495 506 509 525 556 578 587 588 608 615 617
20 146 181 210 213 216 228 287 300 305 308 379 382 397 434 451 452 454 489 530 573
27 147 156 171 209 242 252 271 285 289 308 323 355 357 361 461 467 471 480 492 515 543 566 573 578 590 601 622
28 142 162 171 201 221 227 277 303 334 335 349 352 361 369 376 395 409 413 425 514 522 539 549 564 569 596 602 607
26 159 176 183 241 269 292 307 360 401 402 410 424 428 436 466 487 492 516 517 527 558 583 597 622 624 631
22 152 206 230 240 276 325 328 331 350 356 358 391 447 452 459 477 488 523 550 588 620 630
26 150 164 192 216 232 238 240 241 243 266 269 282 330 333 366 400 410 422 424 450 504 517 531 542 588 598
25 212 229 267 341 356 361 369 387 389 401 407 412 428 457 474 493 499 562 564 572 574 580 593 604 623
30 150 154 164 170 174 179 181 191 195 207 216 239 248 270 289 330 357 362 363 369 384 425 429 440 479 502 539 544 595 622
28 265 279 280 282 289 312 356 375 376 381 431 440 452 458 465 498 500 501 502 504 546 565 572 585 594 601 602 629
13 173 207 288 296 339 414 455 462 550 578 591 610 628
16 155 175 195 281 317 324 332 425 434 474 532 554 565 582 592 618
28 161 187 203 219 236 243 264 278 279 288 296 309 317 321 327 338 340 360 376 418 446 466 500 526 572 609 613 624
22 166 211 217 231 268 270 305 307 316 319 345 358 379 400 401 443 449 472 544 581 602 625
19 154 249 283 305 314 317 362 415 453 469 529 532 538 549 570 572 590 605 626
20 167 183 214 217 225 232 241 252 307 322 346 440 460 491 500 506 513 526 571 581
23 164 186 193 195 208 242 266 269 296 311 336 389 419 443 467 472 524 550 551 559 574 598 607
21 177 180 182 199 206 240 276 288 311 316 364 385 404 415 427 434 450 480 507 549 627
28 166 176 217 230 248 259 274 291 295 325 342 390 420 431 433 443 460 471 510 533 566 569 581 594 600 603 608 626
25 177 187 214 222 245 267 311 334 339 401 405 427 442 456 467 480 494 496 537 543 568 580 595 597 629
27 187 189 208 211 229 246 250 262 272 277 285 292 312 313 332 350 392 402 419 436 441 459 496 530 569 592 599
16 166 264 311 320 328 331 337 352 387 487 510 597 598 599 602 615
27 208 232 234 236 240 249 277 290 322 353 360 381 388 392 419 444 473 483 485 486 505 522 524 543 593 616 619
23 198 211 245 262 264 299 371 375 376 378 382 428 432 451 453 457 465 483 515 559 597 614 629
25 176 205 230 258 266 271 285 288 321 370 374 398 434 455 457 465 470 487 517 521 549 551 598 614 626
20 248 283 341 347 353 357 360 404 416 438 464 494 507 512 515 536 542 563 579 631
26 173 194 205 207 231 285 300 305 319 350 358 363 379 392 405 426 452 462 468 501 508 527 546 576 591 616
24 169 183 195 201 225 235 259 273 331 335 344 346 348 388 406 408 416 435 452 476 481 491 503 553
26 233 263 283 284 286 338 347 353 360 365 377 379 385 412 421 444 462 464 475 551 553 600 610 613 614 624
26 174 191 199 265 285 315 350 369 382 410 449 456 476 480 496 505 507 515 546 551 554 574 595 596 603 608
22 172 181 196 208 221 280 284 325 326 332 354 367 424 449 465 473 489 516 563 564 571 591
23 182 185 238 271 304 306 319 323 324 338 375 390 391 419 536 542 544 549 567 572 583 596 606
21 184 186 241 246 273 282 315 355 360 373 389 418 437 487 491 497 510 556 557 612 625
20 204 213 217 265 281 328 333 408 448 461 486 502 511 523 596 608 616 625 627 628
18 174 191 195 204 221 297 311 315 321 358 369 406 407 432 497 530 588 601
31 179 183 204 208 225 232 251 261 279 284 304 306 327 336 338 341 364 381 393 424 448 469 483 499 501 528 538 573 579 609 615
26 190 194 208 238 284 313 327 354 361 366 374 377 386 407 450 461 462 474 477 478 485 488 548 550 567 611
22 189 237 256 273 324 329 355 371 376 403 448 454 460 481 492 503 526 555 567 568 578 588
23 186 202 211 277 293 301 303 321 327 332 346 349 369 375 381 391 410 437 446 458 501 560 597
27 189 193 195 262 300 308 321 368 377 395 429 443 462 475 477 480 488 493 502 580 583 588 591 602 611 613 620
22 202 204 210 221 243 245 251 258 290 298 383 402 403 410 415 419 425 525 545 547 576 592
18 212 227 265 329 344 381 405 446 447 454 455 463 464 544 548 605 613 616
27 188 194 214 225 230 240 246 251 260 266 278 311 334 359 396 415 484 489 492 495 498 502 517 559 573 583 611
29 192 193 206 207 217 224 225 232 239 277 294 325 326 332 343 349 359 380 402 443 447 524 525 545 553 556 560 566 580
24 185 190 196 221 235 275 276 330 367 382 401 420 439 456 474 486 524 539 576 582 593 602 616 628
22 242 278 348 356 366 368 378 386 413 414 427 446 450 460 463 482 514 537 559 571 573 611
30 195 252 253 254 256 286 297 312 316 363 373 421 425 426 437 446 476 488 496 526 535 540 542 558 602 605 612 613 614 622
21 244 251 252 262 264 295 320 324 344 372 378 389 400 471 475 514 518 531 560 593 622
21 198 242 269 280 290 317 326 328 351 356 365 372 375 388 452 486 510 518 604 608 630
27 254 289 306 309 357 364 378 400 426 429 430 445 446 450 452 459 463 490 510 517 521 535 536 544 569 582 614
20 211 254 271 315 319 349 353 379 408 421 434 455 470 497 534 544 546 565 567 578
24 201 214 224 235 272 293 303 356 364 393 396 399 405 439 467 468 485 538 569 579 585 594 610 625
28 247 253 254 261 306 309 342 358 360 372 377 379 387 410 452 467 505 506 518 539 546 572 585 586 599 605 610 629
28 195 211 213 237 276 292 312 322 326 333 372 375 384 386 391 422 423 425 437 464 499 516 519 525 547 564 580 592
14 223 232 280 283 331 355 358 377 412 446 458 507 602 611
27 204 218 249 255 270 279 290 295 341 344 359 388 402 426 446 480 497 510 542 551 554 588 592 599 604 619 630
15 314 342 371 379 443 447 482 495 519 553 556 574 597 598 628
20 205 218 251 266 293 327 343 358 378 391 403 415 430 486 488 543 545 615 617 627
24 225 264 275 276 286 291 307 320 377 386 397 413 423 433 437 448 467 470 480 488 494 508 551 590
12 200 232 371 400 429 439 465 484 530 550 580 586
22 200 201 212 231 249 254 269 329 364 367 368 444 458 489 491 507 511 558 576 579 602 624
23 217 222 236 250 279 283 302 322 339 344 345 359 363 370 371 396 415 477 484 504 507 627 630
21 219 230 239 267 313 314 317 341 390 402 447 456 457 458 476 477 487 536 552 582 600
16 242 244 315 341 343 378 406 443 460 478 484 496 508 553 579 587
26 233 241 249 253 259 265 281 310 315 324 335 395 415 422 462 483 484 487 517 531 533 595 597 606 609 619
20 256 267 293 299 325 349 389 407 420 422 424 430 468 487 563 571 597 602 616 618
24 216 221 248 251 303 321 325 326 328 335 345 346 375 376 392 396 420 472 477 481 562 593 615 620
23 216 221 227 269 289 323 346 367 388 403 404 406 426 438 443 446 447 489 493 575 615 616 629
22 216 222 231 270 282 283 322 329 334 378 383 410 430 440 448 460 468 487 489 490 543 556
19 239 247 280 290 302 321 339 460 487 506 579 592 593 599 601 607 617 618 628
29 222 226 236 258 279 304 306 311 326 330 381 382 383 397 412 424 439 449 474 498 502 509 535 546 555 556 568 572 576
22 232 269 287 312 326 333 371 390 392 398 438 466 472 477 480 489 517 557 573 591 594 597
18 214 258 288 304 316 332 334 337 346 356 413 416 417 451 550 564 568 611
19 245 285 309 320 358 396 420 469 478 481 483 490 500 503 534 573 590 594 630
21 224 236 237 245 278 352 363 364 390 395 404 407 411 447 490 504 526 539 550 620 621
15 241 290 305 332 339 417 446 486 513 553 560 563 572 596 631
17 242 265 267 307 379 396 401 416 442 469 527 540 542 544 582 600 629
23 228 232 248 250 268 279 284 288 290 359 384 404 426 478 507 517 537 548 563 574 596 626 630
23 245 267 282 299 329 337 340 347 365 369 448 469 481 488 493 499 515 520 530 564 581 595 596
28 231 234 248 255 291 341 343 345 358 372 382 392 425 430 434 467 493 503 508 541 543 557 571 581 584 617 619 624
30 236 242 252 262 283 304 313 354 366 378 388 407 412 414 422 428 429 431 466 498 505 530 547 549 571 576 579 594 611 627
22 250 259 267 286 332 351 355 358 377 384 424 450 484 500 518 559 576 577 591 609 612 618
34 223 225 231 235 247 252 253 269 273 300 319 326 341 349 361 362 365 367 377 414 430 433 456 493 522 534 540 559 563 565 568 572 603 606
17 225 232 240 270 294 342 348 361 410 411 430 431 466 470 504 520 565
16 301 308 372 397 398 402 429 431 473 480 552 584 590 603 621 624
24 244 269 309 315 318 329 338 346 377 394 398 417 446 487 504 531 537 555 561 581 591 597 618 624
19 298 306 316 318 396 399 417 434 464 468 523 533 553 558 563 564 568 577 602
15 300 366 374 404 406 414 449 501 510 530 576 591 595 602 627
16 288 301 309 310 366 388 399 409 473 500 511 517 551 567 582 585
20 257 258 265 278 279 292 293 300 327 334 350 363 390 415 446 478 546 552 591 607
22 269 282 287 316 337 349 365 432 440 447 458 476 479 507 566 568 573 578 580 583 584 604
13 233 262 269 289 320 338 365 366 435 547 613 618 619
22 272 277 282 285 290 294 305 320 360 361 363 389 398 399 406 423 506 520 552 556 621 626
20 233 246 253 283 285 296 320 335 340 414 446 448 472 491 526 545 549 551 575 610
20 241 254 258 280 309 329 403 413 429 436 439 458 478 505 519 546 555 599 603 626
18 283 329 359 395 397 414 455 468 473 478 479 486 498 529 562 593 612 631
27 236 264 299 322 333 342 344 345 347 356 361 378 397 401 427 428 432 438 455 489 504 507 524 569 611 613 619
14 301 324 329 339 412 425 451 513 560 591 608 620 623 626
22 255 261 262 268 275 296 351 359 392 400 437 445 468 473 487 501 533 541 582 606 609 629
19 255 287 296 313 327 340 366 383 512 527 533 540 548 562 569 571 580 594 605
25 249 254 255 272 315 328 339 346 375 406 433 436 454 468 498 501 509 512 514 529 573 601 608 613 615
18 243 284 288 312 316 326 330 340 368 409 448 489 508 512 533 576 603 623
14 347 372 382 464 496 515 519 575 578 589 595 606 613 630
33 242 256 262 269 276 277 287 310 329 334 336 346 348 355 364 370 377 386 392 410 411 416 432 477 512 514 526 532 553 562 602 605 620
23 250 256 259 265 275 292 332 367 374 396 399 412 441 466 559 570 574 583 600 601 602 603 605
23 281 286 364 370 395 425 426 446 447 451 453 465 470 479 482 536 541 583 585 597 608 613 618
21 246 259 291 296 346 348 375 378 388 391 417 483 491 512 543 593 597 608 617 621 622
16 262 278 286 303 335 348 374 384 467 468 496 503 571 572 593 600
13 277 292 316 402 469 502 507 540 563 588 601 604 620
20 253 267 278 294 306 317 392 409 430 439 450 460 480 490 519 536 558 574 621 623
19 266 269 311 326 338 343 348 445 454 483 496 506 514 565 567 599 605 608 631
21 261 289 291 296 324 335 357 365 370 374 381 395 429 430 448 471 496 497 508 576 598
25 288 300 323 324 325 336 357 363 390 399 403 433 436 448 475 491 508 514 530 538 540 542 545 581 613
25 274 276 295 320 327 353 386 396 426 428 435 447 486 495 502 511 515 517 521 551 566 586 588 600 628
17 286 296 341 356 359 393 398 399 404 418 462 495 532 553 556 625 626
15 273 295 316 323 333 349 384 417 418 496 498 556 565 567 588
20 268 273 284 291 303 305 315 317 330 374 385 391 465 467 492 517 527 611 623 630
18 266 286 351 356 417 419 421 448 458 527 535 551 554 569 580 597 601 608
21 268 270 276 279 288 290 294 362 385 415 417 422 464 472 478 493 499 537 539 564 567
25 266 269 308 309 310 340 372 377 378 393 422 427 450 480 495 515 518 550 573 592 601 604 616 620 628
18 263 283 284 289 295 311 332 372 374 393 406 448 483 507 538 561 574 589
26 263 277 278 325 339 341 361 363 376 382 384 390 404 407 410 420 439 458 476 522 544 568 579 592 604 624
13 268 273 296 384 421 480 486 501 566 578 585 620 630
20 282 284 304 305 307 367 369 429 430 451 458 473 491 524 544 548 557 580 600 627
23 293 294 325 329 366 371 376 382 383 384 385 425 439 459 466 490 514 520 529 572 607 616 623
21 268 288 292 325 353 377 389 396 401 402 406 412 439 444 470 482 500 516 538 552 622
14 279 297 344 349 379 434 464 484 516 544 561 586 587 589
16 269 277 292 306 312 339 349 451 461 476 496 506 515 519 541 601
11 306 318 333 387 458 486 502 513 598 626 631
18 278 281 292 298 351 379 380 401 439 492 493 572 577 591 600 608 619 622
18 269 285 295 329 359 378 381 387 431 436 447 477 514 534 536 555 570 602
20 298 300 301 309 317 364 391 397 426 428 432 437 456 480 504 506 508 519 596 610
9 291 391 395 458 489 519 571 591 627
16 276 294 295 332 346 358 373 395 407 422 433 439 459 479 521 576
23 275 293 304 326 330 332 339 344 384 403 414 422 426 478 489 495 548 570 578 595 597 598 619
15 328 337 400 444 448 475 486 494 504 536 550 568 620 623 631
20 275 376 429 447 451 455 457 458 467 477 511 516 519 526 540 555 560 600 613 622
18 288 309 319 330 332 344 363 422 425 426 447 456 490 513 543 556 559 594
25 288 293 300 315 317 320 328 330 344 354 356 409 420 425 437 438 444 495 498 499 575 587 598 625 627
15 334 370 388 408 432 435 437 453 472 473 476 478 507 524 530
16 282 287 305 317 328 372 398 423 449 458 470 535 555 569 601 621
16 297 383 402 404 406 408 486 495 524 564 578 580 586 601 616 622
14 288 355 389 392 402 417 442 443 502 513 561 591 600 612
15 289 306 323 335 396 402 419 423 429 433 471 473 500 555 594
16 286 294 305 307 318 370 399 411 431 447 500 522 527 567 595 607
17 299 311 318 326 330 354 361 366 410 426 429 441 451 464 494 510 611
15 286 321 334 359 439 489 524 537 545 549 560 568 579 617 627
21 288 315 323 327 350 362 423 442 455 477 482 496 499 515 526 542 552 554 569 578 604
11 298 312 314 378 446 448 471 484 531 573 629
15 294 295 298 321 340 436 495 498 506 513 517 537 609 612 627
17 298 306 350 364 392 397 410 480 481 549 561 564 565 569 614 618 624
22 294 297 330 339 343 348 381 397 401 413 422 427 450 473 499 505 518 521 526 535 541 624
13 306 367 411 413 490 493 499 514 586 587 601 604 619
28 309 314 335 338 388 391 398 406 410 413 426 454 458 462 463 464 473 474 484 490 494 519 542 553 566 608 609 619
19 306 332 346 358 359 367 375 380 381 447 453 456 466 515 522 527 586 620 627
16 318 332 338 387 403 414 431 435 472 481 517 552 571 572 579 596
14 308 326 346 370 425 469 492 501 519 521 528 543 567 584
23 302 319 326 376 379 407 418 444 450 461 463 468 469 476 478 515 526 527 528 547 588 590 603
17 312 340 379 386 428 435 449 471 476 487 519 538 551 571 611 627 628
15 398 404 422 425 433 453 481 485 488 498 510 519 557 592 630
11 362 377 430 445 511 514 524 526 550 627 629
23 328 332 375 381 383 416 432 450 462 463 474 489 490 507 514 518 540 555 574 575 576 625 629
18 359 401 413 416 428 435 444 447 450 460 487 500 560 571 593 595 601 610
11 335 363 373 430 435 497 555 589 594 612 627
12 322 353 364 376 403 449 484 495 531 573 579 599
18 327 343 377 399 411 430 432 480 486 502 508 533 547 551 558 566 588 611
27 322 325 355 361 363 367 376 396 404 407 425 427 435 437 467 468 477 539 540 543 550 552 577 586 604 609 610
15 331 340 365 376 379 392 445 457 471 551 556 569 605 606 613
14 378 387 432 439 448 480 490 510 518 594 601 603 617 628
14 310 316 328 340 356 410 443 458 484 503 504 532 551 615
10 401 405 408 444 500 516 538 579 608 617
16 342 346 377 384 403 406 424 427 441 465 473 499 534 556 578 584
14 336 366 369 405 428 467 481 507 522 573 578 597 619 620
16 359 367 388 395 423 438 454 516 549 550 571 582 583 588 623 624
21 317 338 341 344 349 364 372 403 438 475 476 491 495 525 528 531 534 536 538 578 604
17 315 328 337 355 359 387 392 462 498 523 525 541 553 554 557 614 627
12 319 361 380 384 392 396 412 420 468 472 511 522
12 344 352 382 385 391 419 466 476 538 580 611 614
16 327 379 382 424 428 481 493 527 528 534 559 582 585 593 594 598
17 318 330 360 411 426 445 470 480 492 496 500 533 540 541 597 606 623
22 343 347 376 381 410 416 430 431 432 439 443 455 465 487 523 529 563 564 596 606 612 629
19 339 346 355 358 359 370 371 374 428 451 481 484 501 508 533 535 609 611 626
14 332 350 357 389 403 437 451 490 493 535 570 576 587 600
10 348 442 457 470 473 483 494 521 550 581
13 333 348 398 436 439 504 508 519 556 572 583 591 627
17 359 411 460 496 498 504 539 540 544 546 579 592 602 608 610 611 625
17 390 423 445 455 460 470 478 483 493 544 557 570 603 607 615 618 623
17 340 355 364 375 384 386 395 403 408 428 431 435 485 494 511 520 588
12 330 361 364 370 375 420 449 465 482 488 626 629
17 337 360 366 423 438 458 483 513 532 570 572 592 593 604 615 626 631
12 346 369 372 375 411 426 465 522 575 579 596 621
22 361 362 378 380 391 432 437 441 457 467 469 518 522 541 543 554 559 566 589 594 602 618
20 339 349 374 381 401 415 441 469 471 492 505 524 544 545 550 557 567 584 600 630
5 414 483 561 589 625
16 353 358 365 387 439 440 455 503 518 524 542 547 553 580 606 617
17 352 356 385 407 432 437 461 467 475 486 524 525 554 562 588 627 631
25 349 352 356 360 371 396 397 403 415 422 424 429 441 444 446 452 529 531 549 571 582 596 612 629 631
10 347 396 421 446 468 498 499 548 558 578
15 372 393 396 459 462 464 533 541 553 585 587 592 594 605 619
15 381 396 404 408 458 473 491 507 510 519 543 562 574 582 604
19 351 358 372 383 385 397 416 423 439 460 489 535 549 582 587 606 609 617 619
15 344 375 382 383 389 391 406 442 443 449 470 477 510 563 620
12 382 383 396 405 422 428 459 520 540 548 577 631
14 371 380 388 426 439 461 486 493 581 587 590 608 609 619
19 356 382 390 394 407 411 417 463 469 493 495 521 524 554 567 578 585 596 601
16 378 380 404 407 414 444 449 474 496 502 526 530 535 555 560 574
14 351 352 382 444 469 476 484 488 509 513 531 580 617 624
18 362 371 396 405 408 430 433 454 468 492 497 508 509 519 530 564 565 580
11 349 443 449 450 454 470 471 478 485 607 613
19 368 374 376 412 421 436 442 457 481 488 497 512 557 560 572 573 580 617 620
20 358 363 388 401 409 447 487 489 514 524 540 541 584 596 600 604 609 612 618 628
8 363 373 390 519 553 567 612 613
16 354 362 368 385 408 444 456 473 474 479 496 504 534 537 538 614
7 362 380 391 409 449 533 595
14 406 416 436 439 444 512 524 529 557 571 576 599 607 617
16 381 414 441 461 467 475 484 494 496 511 532 551 555 590 610 630
14 355 389 398 399 410 424 425 445 507 516 583 585 589 622
17 387 396 428 465 482 485 495 517 524 529 540 545 570 572 573 579 625
8 383 391 392 512 551 577 583 586
12 364 368 377 400 434 481 497 555 580 583 591 616
17 378 403 405 408 410 441 461 463 468 475 476 584 588 605 608 621 626
11 365 399 425 439 458 460 477 499 504 530 554
13 433 488 491 502 519 530 547 550 564 571 606 619 625
9 367 391 428 458 460 470 542 555 573
16 416 420 424 431 455 472 478 480 489 516 539 540 584 609 612 630
13 383 390 400 407 422 461 511 536 592 593 599 613 624
18 366 368 383 395 401 441 471 473 482 555 560 582 593 598 599 620 628 629
14 387 400 408 438 461 489 505 512 523 528 532 537 545 607
17 370 378 384 412 425 434 440 464 474 490 498 549 562 573 578 607 630
20 384 385 393 401 428 462 463 470 509 518 535 537 546 552 563 569 585 588 607 626
17 370 375 389 397 434 437 456 506 525 535 539 545 570 603 621 623 625
10 373 458 459 472 476 482 501 551 555 583
12 376 382 397 440 463 470 486 525 548 579 600 622
16 378 392 403 406 409 432 451 468 475 509 520 537 556 575 580 609
9 430 445 472 481 494 511 540 560 595
12 400 414 433 475 487 507 512 536 540 588 609 621
9 391 434 439 454 461 466 490 491 528
18 378 443 449 461 462 489 502 511 538 544 546 552 555 587 601 610 618 628
17 381 389 428 443 444 504 520 522 529 537 564 565 569 588 590 616 622
10 412 457 471 496 539 549 563 594 596 606
15 379 402 408 474 481 508 509 525 537 540 554 567 595 599 616
6 439 495 497 509 533 604
13 386 395 397 406 423 493 501 517 527 543 544 571 612
12 412 421 427 428 462 499 514 522 550 577 593 600
13 392 406 416 425 429 430 449 557 560 592 594 595 600
14 410 422 430 432 433 442 516 539 543 591 602 608 619 620
14 385 390 406 408 445 452 465 467 473 536 554 561 579 618
9 388 434 442 484 498 521 527 531 608
16 399 400 405 460 491 494 495 508 519 539 547 549 569 571 575 603
15 390 393 398 434 457 495 512 547 584 586 589 591 600 604 629
15 396 397 419 428 438 459 477 562 574 581 583 592 597 613 615
10 412 463 477 494 499 552 568 570 620 625
6 429 473 474 615 620 630
12 400 402 427 441 447 485 519 538 558 576 582 590
13 427 438 443 449 468 472 484 498 506 514 561 608 628
9 429 549 555 570 583 594 596 597 618
15 402 416 426 456 459 491 499 517 534 553 563 599 600 605 621
11 415 450 454 472 481 495 511 523 600 606 610
11 462 480 484 488 512 535 576 590 611 622 628
8 417 425 477 482 486 526 617 622
12 406 434 440 485 500 531 576 599 606 619 620 624
9 421 429 431 450 496 500 556 597 624
9 407 425 456 465 469 521 558 570 627
6 462 490 507 585 601 621
9 406 445 483 517 528 546 564 565 609
6 415 534 539 540 545 572
13 431 433 439 486 493 507 532 542 558 581 597 602 612
12 413 422 432 434 498 533 558 562 612 617 618 624
19 414 419 420 441 448 450 456 460 461 468 471 478 487 508 509 523 556 572 623
10 438 448 482 493 556 562 581 601 623 631
18 409 410 412 414 455 465 499 506 514 521 523 544 554 568 588 605 618 625
13 420 424 461 494 508 525 527 560 587 600 604 619 631
9 413 458 466 498 556 569 589 601 617
8 424 426 470 472 473 558 571 573
12 421 434 437 457 503 513 559 569 606 614 623 624
13 422 427 429 435 454 472 488 509 514 516 533 542 624
11 416 427 430 431 457 480 493 502 521 542 625
8 441 466 471 514 543 588 598 619
5 426 496 538 547 565
10 451 454 466 468 485 512 538 577 601 602
15 448 463 489 498 506 535 547 580 596 599 605 607 610 615 630
13 439 452 457 460 485 486 508 510 558 568 576 585 598
10 444 465 472 538 556 599 608 616 620 621
11 454 461 465 486 490 506 521 526 555 586 608
9 465 504 549 550 551 579 590 614 620
8 452 455 471 478 515 550 559 567
8 441 475 504 536 557 565 567 601
9 428 449 459 478 494 505 537 554 613
12 428 431 442 457 469 476 484 535 546 558 614 631
9 430 444 452 500 505 523 568 595 610
7 440 497 504 566 606 617 618
13 467 523 554 571 573 578 582 588 589 598 608 625 626
8 447 449 463 478 521 530 552 581
14 434 439 465 507 516 531 535 539 592 593 594 597 628 631
4 450 495 539 543
6 444 455 524 571 597 608
10 445 446 476 494 513 520 539 570 573 628
9 449 457 458 501 539 545 552 559 616
15 465 475 491 504 535 539 542 563 584 607 615 618 623 626 630
9 485 489 502 507 517 536 556 612 628
9 440 444 448 459 472 480 509 531 572
10 456 458 483 491 504 533 539 547 551 575
11 469 482 491 503 523 527 543 560 562 567 585
8 446 472 481 546 589 596 606 631
6 452 531 569 577 605 606
19 445 478 489 498 506 517 523 527 533 536 542 543 554 568 572 587 592 613 630
9 460 461 472 553 587 598 607 614 622
6 469 472 502 508 532 540
8 454 556 560 564 577 593 600 631
6 449 467 477 480 498 568
11 455 458 478 482 492 500 535 553 582 592 604
13 466 481 494 499 501 511 514 519 533 534 550 551 619
9 526 534 558 562 563 570 579 593 606
9 463 472 485 509 550 575 596 602 629
7 465 467 517 588 594 607 620
7 480 492 584 588 594 617 622
4 496 511 609 613
7 477 484 520 534 559 571 588
3 558 581 616
8 459 461 537 592 598 608 622 629
12 460 482 485 503 531 538 563 572 587 611 613 617
11 478 487 505 525 527 539 577 600 604 606 622
6 473 478 514 577 580 621
14 475 483 484 499 500 522 539 548 564 576 577 578 585 629
13 476 488 497 503 505 511 537 548 570 586 589 602 603
14 468 492 497 542 558 562 565 566 571 578 585 596 605 613
13 484 499 513 518 519 547 560 570 572 593 595 603 617
7 482 510 513 567 582 594 597
4 501 507 508 569
6 480 509 555 581 606 629
6 473 490 511 578 613 623
7 478 495 519 522 528 545 607
6 529 531 578 579 582 605
2 487 572
7 500 549 559 570 578 584 593
4 540 576 597 601
6 496 521 539 608 609 617
11 494 509 513 518 524 541 544 571 574 582 626
8 494 537 574 577 580 583 589 621
6 481 499 516 541 579 615
6 520 522 537 554 595 599
10 495 503 515 523 530 574 584 591 595 596
9 483 501 506 546 573 576 594 613 630
4 568 584 600 603
8 486 523 533 564 565 598 604 611
7 501 512 514 520 566 607 614
10 519 523 530 543 547 570 574 591 594 596
6 491 501 526 543 545 571
9 494 501 513 542 549 565 576 590 601
3 507 563 631
7 517 524 548 565 579 609 614
5 541 553 562 567 607
7 492 507 509 548 589 618 629
5 510 520 572 604 629
8 493 517 528 529 534 564 597 623
2 551 564
9 498 501 503 513 521 522 523 527 598
8 504 506 512 531 545 567 572 590
9 514 526 540 542 565 568 613 617 626
9 513 536 541 551 554 563 564 576 610
14 502 503 513 514 518 526 543 561 577 586 589 593 604 607
9 519 520 543 545 548 557 561 568 603
11 503 507 511 513 521 527 535 545 620 626 627
7 515 531 550 580 613 614 622
10 512 525 541 542 546 568 592 602 615 621
11 508 512 528 529 530 531 547 579 600 605 631
4 506 526 571 627
6 556 559 575 600 624 628
7 518 519 579 587 594 599 620
5 524 526 557 615 621
7 534 541 549 594 603 614 622
5 525 538 545 588 598
4 594 617 619 620
8 512 518 522 540 559 562 571 603
2 582 623
5 535 548 551 556 597
5 526 530 544 577 625
7 534 571 579 584 595 619 627
5 518 536 541 550 591
3 527 574 596
6 541 560 581 601 606 616
6 523 532 533 563 576 600
2 558 576
11 528 530 532 533 543 553 554 568 584 591 616
5 542 543 559 571 623
6 525 540 550 554 569 592
7 530 549 567 577 592 601 624
4 538 545 575 629
6 531 565 585 601 609 622
11 546 547 558 578 582 583 586 594 599 618 630
2 559 589
3 543 552 592
9 538 539 549 551 600 611 617 625 630
5 533 565 586 594 604
12 534 543 553 557 563 567 577 589 591 594 619 627
6 545 550 564 573 576 625
3 535 556 558
5 538 545 555 618 628
5 556 570 584 599 622
2 540 616
4 547 548 587 598
8 542 547 565 596 615 618 619 629
6 559 560 572 615 624 628
7 544 545 570 600 603 611 628
6 550 555 617 628 629 630
6 546 571 584 588 597 625
5 552 593 607 617 619
3 565 575 616
4 563 568 611 625
9 553 564 580 588 595 596 627 629 630
5 579 598 600 609 611
5 563 570 590 591 606
3 568 579 590
3 574 587 596
2 591 628
4 590 610 614 625
2 560 579
3 560 578 585
3 564 570 617
8 558 565 576 582 610 611 615 626
0
4 564 573 605 609
2 581 585
4 581 605 617 621
3 593 624 626
2 583 601
4 572 601 618 630
4 599 607 609 625
2 601 622
5 587 591 598 619 623
1 629
1 603
1 571
2 590 592
7 578 580 585 590 609 617 618
3 622 625 627
3 575 589 618
2 576 579
1 578
1 629
3 610 614 629
2 611 626
6 586 588 589 591 601 615
3 595 616 617
3 591 609 625
1 595
1 589
2 611 629
1 600
5 589 600 613 616 631
3 604 612 626
1 614
2 621 629
3 610 624 628
4 594 597 610 630
1 624
1 597
0
1 605
2 624 631
2 615 630
2 609 624
4 602 616 620 628
2 610 611
2 608 609
1 619
3 611 626 631
1 625
1 613
1 628
1 624
1 627
0
0
1 624
2 620 624
2 625 626
0
0
1 626
1 627
2 623 624
1 626
0
2 624 631
0
0
0
0
0
0
0
0
0
