490
25 19 26 35 48 49 76 86 98 107 110 121 159 212 242 249 292 294 324 331 367 376 389 450 453 484
24 11 14 38 56 79 169 184 191 204 239 264 285 297 298 313 315 345 367 380 422 442 451 454 472
21 38 49 71 75 85 128 142 157 162 206 246 289 293 298 346 357 378 379 385 457 471
19 20 36 69 88 90 92 166 180 200 214 251 259 271 297 308 322 453 457 460
19 25 35 47 131 159 160 168 177 210 256 258 270 275 314 329 384 389 432 484
33 12 24 26 27 71 93 115 119 133 177 178 180 186 188 199 201 207 220 225 234 242 282 343 361 364 384 391 392 393 401 423 433 465
26 26 31 46 50 53 65 81 86 118 122 137 139 148 215 235 262 266 299 318 334 361 376 381 407 411 489
23 36 51 130 133 143 204 211 215 231 240 313 319 323 333 391 400 440 449 451 471 483 486 487
24 23 84 95 118 140 148 166 172 197 213 231 271 295 359 373 381 382 385 398 405 416 437 462 466
19 23 30 46 84 101 123 143 179 200 209 230 328 338 386 403 407 442 448 456
21 45 57 61 72 84 103 141 182 183 223 229 250 251 286 289 319 389 406 411 433 479
23 19 32 34 89 120 150 235 248 259 268 298 311 321 324 332 353 358 359 360 366 399 416 470
18 27 30 41 59 84 149 161 194 279 307 317 343 345 390 413 422 439 456
23 42 46 101 147 180 182 186 190 212 234 238 279 290 310 333 342 361 365 407 412 425 451 452
23 19 25 49 73 154 167 180 195 209 212 251 263 273 300 316 348 363 373 383 410 455 464 465
16 24 52 145 148 168 189 190 220 236 244 285 340 377 400 424 456
21 88 108 132 140 144 173 183 202 216 223 224 235 259 277 362 419 438 439 450 470 480
27 36 111 124 139 172 173 192 195 196 212 248 262 276 292 293 321 322 362 364 376 386 432 439 464 465 471 486
19 39 42 57 78 118 139 168 173 183 185 210 211 248 317 370 381 426 432 467
21 41 54 68 71 88 90 99 102 107 122 130 147 274 277 321 347 396 410 420 450 473
24 41 60 69 72 79 80 140 171 230 266 276 282 292 337 357 374 400 415 419 427 429 441 446 453
29 97 116 134 143 198 223 228 235 239 244 252 269 284 290 291 305 326 329 342 354 361 370 376 400 422 425 463 472 478
23 65 79 93 100 143 163 165 183 217 231 250 254 278 303 320 321 358 387 407 428 431 435 452
19 48 63 82 101 141 161 184 233 238 239 256 274 277 324 349 406 409 428 478
26 51 66 68 74 95 113 150 174 219 230 241 264 273 284 303 307 319 330 341 349 384 398 409 448 466 473
24 47 49 59 63 125 127 141 143 171 202 203 229 244 255 276 287 306 339 385 446 455 468 470 471
24 93 105 107 137 140 145 173 175 187 266 292 309 333 336 345 346 347 353 355 358 382 402 445 450
25 49 55 83 91 116 132 135 184 190 199 202 203 229 232 252 280 294 319 324 372 380 388 462 463 478
21 129 132 148 176 181 186 205 216 225 228 233 239 273 281 295 437 444 450 458 463 469
16 66 100 168 204 227 283 296 307 332 358 360 397 435 442 472 483
21 63 88 89 98 107 129 154 191 239 241 285 331 347 366 369 391 392 449 451 460 489
21 69 80 88 99 115 128 130 142 147 164 192 198 214 215 220 325 331 333 368 379 453
20 65 109 130 176 185 189 194 196 211 224 227 233 236 272 297 318 385 406 443 455
21 79 80 116 118 163 171 200 206 220 266 301 310 314 322 344 349 363 406 437 471 483
30 41 45 56 88 96 116 132 152 176 181 211 247 273 274 281 287 291 321 351 355 358 363 368 389 417 444 475 480 482 487
25 63 92 94 103 105 107 121 186 202 233 258 262 269 285 288 293 347 384 401 433 460 475 477 484 485
25 64 67 79 106 156 164 167 205 210 213 215 263 294 326 336 339 341 368 383 408 409 412 429 430 462
20 51 63 87 101 117 123 130 131 135 137 183 187 297 310 330 347 354 388 463 485
26 39 41 84 135 156 160 171 177 234 268 270 273 309 340 367 383 403 409 412 422 456 460 466 475 478 485
26 45 55 76 80 110 142 143 149 152 165 166 213 225 238 245 280 284 306 312 331 333 377 378 383 386 391
22 67 98 122 131 134 158 211 249 283 297 300 321 332 396 399 403 406 420 428 447 452 462
33 84 86 110 120 121 128 131 132 165 187 197 205 210 211 238 246 261 311 316 328 332 333 342 357 365 393 406 419 424 433 457 480 488
25 47 89 101 104 117 126 157 158 159 175 219 247 258 274 281 334 363 366 370 396 424 448 457 462 484
23 121 157 202 263 278 281 282 285 299 302 316 319 361 365 368 371 377 391 418 425 449 467 483
20 71 88 109 155 157 180 202 220 226 232 235 281 291 353 360 380 413 445 463 482
19 52 69 123 138 255 286 298 311 320 322 324 380 413 455 458 471 477 480 487
25 50 70 72 102 114 131 160 174 177 183 195 208 211 227 285 302 372 376 400 424 430 464 473 482 484
24 58 61 64 77 148 149 181 195 215 230 254 271 287 310 344 351 352 367 388 398 424 430 464 475
24 66 72 93 114 118 122 137 139 151 156 176 240 241 266 278 299 331 354 369 381 385 426 430 471
17 70 82 128 135 157 161 179 181 219 272 275 298 321 341 351 363 407
18 76 107 158 189 213 234 235 251 256 274 284 287 357 379 385 441 452 478
26 69 72 122 165 169 175 204 216 220 226 227 276 295 300 303 313 343 350 375 390 410 418 457 475 479 484
20 79 152 163 192 233 251 291 299 314 318 336 371 382 397 430 432 435 440 473 476
22 124 131 148 192 199 215 256 269 293 318 322 332 350 352 358 373 404 405 415 441 471 475
22 69 76 84 101 111 122 165 206 208 230 242 277 291 297 302 319 407 418 441 447 466 477
19 72 105 175 183 197 210 256 261 320 349 379 382 401 402 416 439 449 481 482
25 94 96 105 112 151 200 210 227 229 235 249 252 264 273 286 302 333 348 354 355 379 388 404 436 453
36 71 78 87 98 99 119 121 146 148 171 189 195 213 219 223 224 238 254 265 275 281 282 285 317 318 332 393 440 442 444 461 467 472 482 486 487
19 73 105 111 118 197 200 246 247 254 255 265 286 300 307 358 370 433 434 449
26 86 115 126 137 145 146 164 180 208 209 210 211 222 239 289 293 325 337 345 350 359 389 431 444 449 461
22 73 75 79 125 134 136 168 186 191 194 221 248 249 250 259 281 322 329 348 382 418 456
25 74 93 106 108 149 156 176 193 203 234 279 281 317 347 350 381 383 406 412 419 440 454 459 466 468
16 95 125 153 189 200 206 232 248 269 340 352 371 395 475 480 484
30 129 137 142 147 155 161 205 206 226 228 229 232 252 256 267 275 284 298 302 316 337 346 362 391 403 441 454 458 464 478
20 70 114 127 161 166 226 254 266 291 302 320 359 367 383 385 392 409 410 470 479
20 96 98 111 140 163 184 201 202 204 253 263 294 416 419 436 442 448 459 461 470
20 106 115 140 152 155 158 184 219 242 243 251 257 296 323 339 345 373 422 425 452
23 77 85 115 154 189 194 203 208 251 254 263 295 297 336 338 353 383 390 417 444 468 480 488
21 69 74 76 106 116 125 142 146 156 193 218 228 231 233 330 336 342 369 453 474 484
22 125 126 139 208 209 250 263 293 303 308 329 347 377 378 381 401 414 428 429 454 456 464
15 112 148 163 208 214 250 252 276 336 341 360 380 415 480 483
17 83 105 116 130 157 206 228 251 256 285 315 370 385 404 422 450 463
17 88 126 129 149 171 189 225 271 274 290 336 362 376 403 405 428 447
19 85 132 159 177 179 209 210 215 226 239 242 419 426 435 442 452 453 466 486
13 99 140 182 184 205 263 278 290 291 313 333 370 397
23 82 103 122 148 190 200 224 254 255 263 269 276 410 411 418 433 434 439 455 468 474 478 489
20 82 92 105 114 131 135 167 175 185 221 236 240 280 303 344 372 398 436 444 459
16 94 158 175 182 201 256 269 279 280 299 304 305 326 385 444 485
18 110 111 120 144 155 161 195 201 206 242 244 295 308 327 339 360 427 437
25 109 115 131 138 143 153 164 178 186 218 228 229 276 322 329 330 376 378 388 405 416 437 440 471 488
18 113 127 213 235 259 288 311 322 324 334 343 381 384 428 437 459 462 485
20 96 118 133 146 161 168 191 211 247 249 258 265 266 305 315 362 377 387 399 424
20 104 108 110 132 155 260 275 278 291 321 342 350 358 375 387 389 405 411 432 449
17 92 104 105 121 123 147 246 254 258 277 303 374 390 400 426 450 466
21 97 146 161 196 210 214 248 250 257 280 318 319 367 375 378 389 396 397 404 414 461
18 125 127 135 166 167 191 205 207 211 260 269 288 339 368 375 392 425 481
26 96 109 124 128 142 155 158 167 176 179 181 185 214 235 268 281 317 324 338 367 375 382 393 398 411 464
23 117 139 140 152 159 165 181 204 222 232 236 274 276 290 338 359 380 383 400 404 418 445 449
13 96 109 114 116 198 287 295 303 307 318 334 336 426
17 167 211 234 236 265 273 282 285 289 310 335 365 380 433 447 456 458
18 114 132 137 151 152 195 221 237 252 276 285 287 310 335 337 338 364 407
23 114 115 122 147 191 220 238 260 268 278 286 301 329 332 350 370 374 382 392 396 440 454 464
26 115 132 154 161 179 191 193 197 200 203 206 218 226 227 317 319 322 328 370 403 415 433 435 438 461 475
23 122 124 146 152 168 205 210 224 226 263 279 285 290 303 318 338 347 355 435 442 445 447 487
13 147 165 196 199 246 257 282 418 422 470 472 473 476
15 141 177 205 257 259 270 320 321 330 339 356 370 396 481 486
20 154 165 180 227 241 243 265 267 271 275 291 293 306 325 338 401 428 447 455 459
20 118 121 201 203 252 266 292 307 309 327 329 340 342 353 370 379 393 420 456 479
13 129 161 169 179 223 276 299 310 322 370 402 471 483
20 131 136 165 193 210 221 228 278 298 307 342 358 366 378 396 400 436 457 472 474
19 122 150 156 167 193 221 227 241 247 252 269 296 299 334 357 413 420 449 455
21 110 118 119 126 138 158 178 191 198 200 206 214 219 275 296 303 371 394 446 451 462
18 111 163 182 189 214 217 234 274 280 327 337 353 394 395 406 428 448 483
15 134 141 152 193 205 230 314 315 328 329 344 404 440 441 482
21 148 163 176 183 196 209 242 262 282 284 316 324 355 386 400 414 421 429 450 454 473
17 154 166 194 233 240 259 263 323 331 342 351 368 419 456 464 466 482
19 116 127 136 140 169 188 212 257 259 268 275 306 329 330 381 386 388 423 465
19 117 121 125 147 182 189 221 258 261 262 273 286 310 312 320 333 365 370 385
20 137 140 152 158 167 168 194 219 235 273 280 281 296 339 374 377 419 454 464 483
24 121 150 175 191 199 224 225 237 255 256 261 272 287 303 307 308 319 321 356 368 396 400 434 453
17 140 157 158 178 219 233 236 256 272 328 336 352 426 428 441 445 482
25 131 151 161 170 194 227 230 231 247 250 270 277 304 314 325 340 356 359 369 370 401 412 430 435 455
16 139 145 171 206 239 354 361 362 390 397 398 403 421 454 463 484
23 129 147 159 194 216 232 234 235 236 256 259 262 265 278 283 304 307 346 368 420 452 469 486
24 140 161 175 186 195 199 216 223 244 247 283 284 312 315 327 364 367 380 389 432 441 448 450 477
20 127 136 177 204 217 220 231 250 287 294 325 334 338 387 405 406 408 413 430 439
16 148 151 171 188 245 251 300 303 354 361 378 384 405 445 447 472
18 149 171 185 200 206 225 254 282 303 312 316 361 368 380 416 440 446 450
15 135 137 183 187 207 208 270 271 275 316 335 377 421 458 464
20 154 155 182 204 213 242 263 268 310 328 329 332 361 377 395 415 420 450 476 487
26 127 129 134 157 165 168 176 191 195 248 290 305 330 340 348 349 350 353 375 400 404 435 446 475 477 478
14 131 139 156 169 188 206 208 218 260 335 398 415 443 484
23 126 178 208 216 219 230 254 283 299 312 313 334 337 344 349 357 385 396 401 443 469 471 482
16 177 190 203 208 210 230 320 323 334 375 410 442 450 453 466 485
18 145 180 197 218 220 242 250 267 274 280 294 328 353 365 377 379 384 401
14 185 201 228 264 337 338 352 364 376 402 417 418 444 487
13 179 181 227 248 251 295 358 369 370 379 396 476 485
21 145 156 168 184 192 197 218 229 242 261 277 300 307 312 321 325 328 346 371 415 436
19 170 179 185 208 213 219 255 259 272 293 311 357 430 434 444 457 470 481 489
12 142 169 201 215 228 241 302 351 381 391 408 444
16 141 191 213 232 256 258 267 293 310 341 369 403 406 421 432 459
21 149 155 160 177 219 224 231 249 306 325 328 341 360 374 384 400 405 422 431 452 457
16 171 193 274 301 309 314 371 391 398 451 461 464 467 471 473 479
21 167 179 201 205 220 222 230 275 282 313 318 320 326 334 344 353 391 412 439 456 467
21 159 168 181 223 239 266 274 280 290 298 301 311 337 369 375 385 393 397 419 475 484
19 162 165 174 203 221 226 229 256 287 299 340 347 355 374 395 421 452 472 475
16 154 159 197 206 209 230 277 297 320 332 334 347 351 429 448 488
27 167 172 179 196 201 216 225 239 277 310 316 320 342 354 359 379 382 384 385 400 402 431 442 449 462 479 484
15 181 187 218 223 266 345 346 350 362 424 435 445 453 459 484
24 145 162 188 192 210 217 219 229 232 242 254 298 335 340 344 355 365 369 389 399 432 463 473 482
17 144 150 161 164 173 203 249 266 296 306 314 360 391 392 414 444 489
15 211 238 248 270 271 297 308 349 354 376 425 432 444 467 483
20 144 157 208 226 238 264 266 292 302 317 341 360 379 382 399 424 442 474 479 489
16 156 178 214 227 228 236 278 280 291 358 365 372 374 379 405 483
17 149 178 203 208 214 215 230 242 269 300 302 356 369 374 381 435 457
13 179 227 277 286 332 354 379 391 403 409 419 423 482
16 160 168 171 180 201 215 218 241 278 289 318 359 375 413 461 476
16 170 186 214 221 240 242 248 287 321 409 424 438 451 472 478 485
17 164 176 179 190 203 236 243 271 310 330 349 392 409 411 413 429 452
15 167 187 213 221 235 278 282 337 350 358 430 441 457 481 482
12 187 227 232 309 314 357 372 377 378 397 458 474
15 186 224 233 244 266 315 326 337 339 347 359 416 424 429 438
22 166 177 186 191 222 263 273 281 297 300 323 329 333 359 404 420 443 446 462 474 477 489
13 274 277 291 343 354 379 389 404 425 453 470 475 479
24 164 195 203 234 301 311 312 333 337 351 352 353 362 373 377 388 392 411 444 457 461 468 469 477
11 203 234 253 325 329 378 397 440 443 454 462
13 245 276 338 340 341 365 373 424 426 438 456 475 486
23 178 187 206 221 224 232 234 238 243 259 267 294 298 299 328 339 365 394 431 440 441 467 481
15 169 175 190 223 224 235 297 304 359 383 455 478 479 485 487
7 193 258 283 304 368 406 473
17 169 205 213 222 225 228 242 257 300 301 347 350 354 359 366 390 481
18 184 233 234 240 252 272 280 282 312 325 330 332 372 396 406 410 423 425
20 170 174 224 227 259 260 290 312 342 345 347 353 362 380 405 418 437 447 462 484
19 179 214 216 253 258 261 282 291 355 358 360 369 372 375 390 416 437 457 463
14 200 222 225 241 251 276 282 319 353 354 388 418 444 452
22 187 223 235 245 249 250 272 315 322 350 351 352 354 383 396 397 420 428 433 437 440 451
17 185 223 268 276 296 299 327 367 370 396 419 420 430 441 478 481 488
17 196 197 210 212 216 237 303 345 348 359 363 399 423 459 460 466 478
17 198 210 217 258 312 358 377 379 381 419 441 454 461 462 468 476 478
17 188 197 209 223 228 245 298 333 334 357 361 382 405 415 421 449 478
15 186 213 247 254 256 327 334 345 367 375 432 464 466 484 485
16 200 224 245 263 275 298 301 307 358 384 414 417 422 430 442 451
18 186 198 205 238 249 251 253 283 284 313 364 384 390 391 400 403 443 455
15 193 202 217 229 273 298 308 311 325 339 347 396 410 438 443
12 211 229 240 254 282 300 352 392 435 442 450 485
15 204 211 244 263 264 272 286 287 293 299 350 417 482 486 489
16 192 199 234 248 256 258 267 268 324 360 372 377 394 412 416 461
15 201 226 259 260 275 293 335 352 375 401 415 436 438 464 483
14 232 263 269 272 285 286 317 357 448 449 454 457 470 484
16 207 230 234 285 287 333 359 363 380 424 429 435 444 451 470 483
22 186 192 195 198 211 212 213 221 255 266 287 310 347 379 386 395 409 426 427 430 432 461
13 196 207 226 235 245 348 357 378 406 416 427 445 460
13 191 230 240 250 258 275 298 301 380 393 399 432 456
13 223 255 301 334 344 351 359 362 380 411 419 451 470
10 221 259 365 393 413 423 438 459 472 487
17 200 222 242 280 298 309 315 360 365 372 374 378 398 419 427 449 480
13 208 215 280 288 300 348 360 400 404 419 450 460 483
11 214 224 245 260 267 281 290 398 422 480 488
19 207 228 241 242 289 325 333 367 370 387 414 420 443 464 470 473 479 484 486
13 215 259 284 312 313 324 334 343 348 356 382 434 483
8 284 292 376 392 411 419 464 488
11 208 248 281 300 322 381 383 389 417 427 439
13 209 216 219 256 274 286 342 354 373 398 417 454 457
16 219 276 277 287 321 325 330 331 346 391 396 418 430 432 473 489
19 213 244 251 252 266 272 292 296 312 349 390 413 437 442 447 464 474 475 476
14 204 231 235 255 266 284 297 306 311 318 436 437 442 470
19 201 234 244 249 305 313 316 317 320 328 345 362 369 374 402 406 449 458 474
13 222 266 275 286 295 322 327 331 350 415 422 435 442
17 214 224 226 230 238 268 293 304 317 372 374 410 436 442 447 460 481
12 232 243 246 258 299 314 371 380 424 432 466 480
14 235 243 250 267 291 306 323 329 393 424 429 444 466 479
9 231 238 241 283 290 298 345 372 393
16 224 252 282 287 290 301 318 357 373 403 438 459 468 469 477 480
13 220 241 247 257 272 273 323 347 439 441 459 472 487
13 222 248 275 296 319 336 344 359 362 380 397 415 465
10 257 258 332 390 393 396 409 410 472 475
14 228 236 270 300 301 317 321 324 330 334 336 352 407 423
12 224 225 236 252 290 347 348 372 412 423 458 487
10 275 298 316 335 336 338 397 422 473 483
13 222 227 309 314 379 395 400 416 437 439 443 459 473
14 227 232 235 236 287 336 337 354 377 395 402 447 453 469
13 237 264 272 276 277 295 383 398 425 442 453 454 463
14 228 233 245 249 267 300 308 346 362 370 436 475 483 486
15 221 246 287 293 301 309 331 332 347 369 373 396 402 446 484
10 231 239 325 334 348 419 424 439 450 470
14 266 267 276 293 296 319 339 366 390 403 413 439 462 482
8 283 322 333 430 431 433 468 487
13 246 289 312 321 354 361 372 394 420 437 450 453 460
17 256 305 308 310 336 359 369 381 382 417 421 426 453 459 462 482 486
9 241 271 288 338 347 416 436 438 477
10 254 292 327 366 374 411 413 419 453 461
13 244 303 312 338 385 399 412 416 420 430 454 461 482
16 261 263 290 298 299 302 306 311 313 349 363 370 378 429 435 471
19 238 247 257 267 274 276 298 303 324 354 361 365 366 376 435 448 457 464 478
11 240 263 267 310 367 397 415 419 420 460 486
15 238 244 278 282 285 329 330 396 408 414 425 438 444 445 471
14 240 245 279 300 301 341 365 367 390 391 406 414 415 481
7 246 294 334 343 357 429 453
6 254 394 421 431 448 465
15 241 243 261 265 269 283 308 325 330 387 394 417 424 439 447
11 234 272 287 294 310 342 384 412 445 455 469
18 257 261 311 317 325 334 337 350 353 364 386 387 409 425 455 480 481 485
12 242 270 304 310 327 332 334 355 357 432 442 489
15 261 270 287 306 308 314 332 359 378 387 395 412 415 453 457
14 251 301 303 306 319 324 335 349 366 397 406 428 432 448
12 258 271 276 278 292 334 375 378 431 446 469 486
12 263 270 284 296 304 309 328 352 407 422 435 468
13 266 289 295 329 341 343 350 408 417 423 448 458 487
14 259 265 285 291 328 332 335 362 393 423 424 437 454 469
18 257 259 265 267 295 323 329 339 350 392 404 431 435 440 449 466 471 488
9 251 266 282 292 302 373 378 403 480
11 260 270 298 314 331 337 385 401 424 434 471
24 276 280 293 297 300 311 320 325 327 332 347 381 387 388 404 423 424 436 437 444 445 457 470 482
12 251 273 289 306 338 348 353 359 423 427 462 483
11 256 292 298 371 379 401 404 420 434 469 488
11 264 305 334 348 431 436 454 470 471 487 488
10 254 270 273 320 344 389 402 420 442 478
14 255 268 287 288 298 304 333 361 362 364 377 383 445 454
11 268 271 275 282 285 354 356 368 388 396 488
10 302 317 359 365 398 405 409 438 439 468
15 259 308 310 321 332 333 383 391 397 420 449 453 457 462 480
17 259 309 318 324 365 367 380 397 410 413 436 437 442 447 464 468 471
12 272 273 299 303 308 347 371 372 412 421 422 431
9 273 290 329 333 351 368 382 421 428
16 260 269 297 301 312 317 359 360 368 372 383 386 438 440 461 468
10 302 325 362 376 400 432 443 449 458 470
8 296 323 357 359 360 379 398 403
11 302 306 360 373 424 427 433 437 446 479 481
9 278 289 303 306 352 370 372 394 483
13 280 282 292 301 356 371 387 391 398 406 413 443 454
6 355 402 438 441 457 468
9 284 316 330 350 368 381 455 463 487
15 277 282 284 285 298 308 316 340 344 348 376 389 410 417 463
12 303 319 328 333 359 363 379 397 410 417 431 476
10 298 322 380 386 437 444 454 475 478 484
12 289 309 311 313 334 356 364 374 411 420 424 437
13 281 323 328 331 336 356 363 389 404 446 448 453 460
10 333 336 340 356 378 391 394 419 435 456
13 296 309 313 319 347 351 396 404 431 440 443 453 473
7 328 378 416 430 453 473 488
16 311 312 314 327 349 367 378 388 391 414 430 469 472 478 481 489
6 366 412 428 433 474 482
11 302 332 336 361 375 425 434 454 458 465 481
14 278 280 281 282 293 304 305 318 340 345 397 418 435 488
9 297 306 344 409 412 415 449 467 488
11 350 365 369 373 380 395 422 431 447 462 489
10 294 299 308 309 317 346 379 445 446 467
4 292 295 331 422
10 291 294 295 314 327 354 355 375 426 457
15 302 325 328 329 330 346 355 368 370 372 392 422 429 441 446
9 301 332 383 402 406 425 429 450 476
12 295 297 301 302 363 392 415 439 461 464 487 488
12 297 322 339 341 372 422 433 437 440 452 476 489
7 300 302 334 340 361 405 439
16 287 308 311 314 318 334 338 340 358 360 363 378 407 425 447 488
6 303 312 352 427 435 446
10 297 315 352 357 380 396 442 447 469 473
8 305 323 384 408 415 417 427 441
7 309 317 346 349 392 396 405
6 294 309 331 341 366 487
7 356 367 373 397 431 453 470
6 302 312 343 371 373 374
7 358 369 374 463 469 474 479
9 294 343 374 375 378 412 443 457 488
6 323 332 355 417 447 454
7 326 369 425 435 457 460 461
8 324 340 349 360 442 466 468 482
6 320 354 366 391 441 465
14 324 325 327 332 348 356 363 377 381 382 389 437 450 457
4 347 355 446 480
6 362 371 430 434 452 467
11 317 325 328 329 331 336 355 375 379 413 440
6 329 333 344 390 403 458
12 316 337 346 348 363 381 389 392 435 451 468 482
5 327 361 397 420 484
13 321 325 350 361 373 379 391 402 408 421 472 478 486
8 338 353 358 381 406 417 430 446
5 331 340 347 388 413
7 379 388 390 399 459 465 475
10 342 347 366 381 392 399 427 441 465 477
15 323 326 334 352 362 371 415 427 442 454 456 470 474 483 485
5 331 366 406 444 472
11 333 345 354 371 378 408 415 420 452 454 477
10 324 325 350 354 356 367 449 467 471 485
4 360 396 428 442
8 341 356 409 428 443 448 452 485
11 355 359 361 385 407 424 429 458 484 485 489
10 334 337 358 376 384 389 393 398 424 465
10 335 336 357 380 402 417 436 456 475 481
6 337 375 421 457 464 489
7 328 363 381 409 420 450 452
8 337 340 373 389 403 429 458 479
9 379 414 417 433 435 439 443 450 484
10 328 334 365 372 381 421 434 457 462 477
8 331 350 356 397 405 462 470 471
10 330 331 341 350 361 373 380 423 469 474
8 334 344 351 403 404 460 474 477
5 333 415 438 444 455
9 344 353 391 392 465 469 470 472 476
11 343 356 365 403 410 441 448 453 457 477 483
9 406 411 437 439 442 454 459 463 473
5 362 378 383 428 473
7 349 366 373 414 430 444 468
7 346 356 384 418 441 451 474
7 356 417 434 437 439 447 458
10 345 353 362 379 398 405 421 468 473 487
7 359 378 387 424 450 452 477
12 341 343 344 345 347 391 393 407 413 438 441 467
7 366 367 400 420 426 470 479
4 340 351 356 370
7 366 368 375 395 457 468 482
8 385 410 422 425 438 444 449 472
11 373 382 401 403 442 446 452 458 459 465 484
5 365 403 434 455 465
6 364 381 391 438 449 475
5 379 423 439 478 480
5 361 374 379 400 486
7 360 379 397 411 471 475 477
11 362 374 381 395 399 406 424 426 428 448 473
3 413 466 468
7 383 394 403 418 452 459 477
9 377 391 400 406 420 432 452 458 471
14 374 380 419 421 427 429 434 443 447 458 471 476 485 488
6 405 421 423 445 471 482
11 398 413 418 438 451 454 469 470 477 484 489
3 430 472 484
7 381 391 407 410 414 441 487
7 375 376 379 432 448 452 465
4 416 453 472 477
4 367 416 425 452
3 414 416 452
10 396 403 413 420 424 437 442 468 479 484
4 364 371 373 462
6 383 400 421 422 423 446
6 388 402 434 437 477 480
6 396 416 418 420 457 471
3 393 486 487
5 382 389 403 454 456
9 382 386 400 410 413 420 426 450 452
4 423 428 473 475
6 394 395 406 434 447 489
8 404 408 413 433 446 473 475 488
10 378 387 391 405 409 416 417 445 480 484
11 383 387 408 410 413 420 422 440 446 449 482
5 404 409 454 468 482
9 395 427 437 438 439 454 466 467 486
6 396 421 425 439 461 477
6 396 411 431 434 467 476
2 412 451
5 411 425 434 441 446
4 397 416 424 477
8 407 413 418 444 468 469 471 474
4 401 411 434 439
7 398 403 404 413 447 470 481
3 434 447 471
4 401 434 437 486
6 405 458 461 464 473 474
6 404 409 427 450 475 486
5 409 412 413 414 453
5 414 438 451 462 482
7 410 412 436 448 453 470 475
6 396 431 450 461 465 471
2 433 444
3 409 429 432
4 411 414 435 470
4 437 443 448 481
2 452 477
4 405 421 428 483
3 458 462 466
5 418 433 458 464 466
8 423 429 432 442 456 465 484 486
6 405 442 449 457 463 486
6 416 427 446 454 468 470
2 413 449
1 476
5 439 445 465 472 473
1 447
2 435 466
2 428 447
3 436 437 465
4 436 454 462 486
1 470
1 445
2 427 480
8 449 452 454 457 465 469 470 476
3 433 447 465
3 432 451 466
4 450 451 469 472
2 460 488
3 452 466 469
3 445 454 470
1 486
4 430 435 450 473
3 428 433 467
5 432 444 465 466 478
2 437 439
2 443 465
2 449 458
1 455
4 438 462 468 480
4 448 476 477 487
3 436 454 478
2 434 438
2 447 485
4 437 462 474 486
4 444 456 458 473
4 445 467 469 473
3 473 478 489
1 454
0
1 452
2 466 478
2 449 461
2 470 473
1 451
1 458
0
2 466 476
2 481 484
1 475
5 454 455 482 484 486
2 463 487
1 471
2 466 480
2 487 488
1 464
1 465
1 483
0
3 476 484 487
2 471 472
0
0
2 481 488
2 473 474
0
1 484
0
3 478 479 488
1 478
0
0
1 486
0
2 476 477
2 477 482
0
3 478 481 483
0
0
0
0
0
0
0
0
0
0
0
0
