944
34 10 14 26 76 104 174 208 234 256 281 286 294 325 329 358 420 433 440 450 458 476 559 579 627 675 756 762 767 779 791 879 912 928 930
51 11 12 23 26 32 33 72 102 104 106 124 131 142 149 185 195 244 249 255 260 285 290 350 361 375 386 445 523 572 584 626 665 674 677 683 695 707 712 719 735 747 765 768 780 806 831 835 856 896 919 933
47 31 71 74 97 106 155 156 187 191 222 232 267 323 325 330 341 359 388 393 434 462 473 492 496 498 499 505 508 545 611 621 730 760 802 826 832 840 843 847 849 867 878 880 882 884 913 939
39 68 104 125 134 155 160 180 191 243 244 250 257 277 285 312 352 368 369 407 504 507 548 550 576 636 639 648 710 711 718 725 773 809 814 825 834 890 897 927
46 29 36 49 52 103 127 140 168 205 216 238 245 253 275 293 314 325 371 375 377 418 421 434 435 460 477 485 506 517 555 612 632 642 644 647 648 660 671 679 699 730 739 744 792 887 925
41 55 86 128 148 160 161 200 230 235 241 252 262 276 313 319 341 369 370 374 438 514 523 534 575 581 620 634 637 650 667 669 763 776 826 829 867 875 895 901 902 924
51 13 51 64 99 113 118 130 180 191 209 228 248 258 262 309 339 351 372 379 420 427 442 446 461 462 466 473 478 483 553 601 608 650 684 704 709 714 717 739 794 797 798 801 823 826 840 848 850 937 939 942
34 41 53 101 120 133 229 249 276 283 304 350 365 375 403 439 454 486 492 580 595 603 626 651 668 688 699 704 708 733 744 759 798 860 915
38 23 26 49 71 152 171 184 185 246 265 317 338 345 350 379 381 442 514 516 525 529 573 583 584 585 653 691 694 714 748 757 787 797 830 846 867 882 915
44 21 26 28 101 105 121 152 165 178 203 225 270 304 311 332 348 373 379 391 480 494 495 537 558 564 575 610 666 673 692 699 726 732 751 810 814 815 816 833 836 837 865 872 875
50 59 66 69 71 73 120 121 148 164 186 214 217 243 276 278 295 334 346 362 372 379 385 394 452 455 458 482 509 514 540 563 580 589 596 646 647 656 666 688 694 714 736 742 749 822 832 850 895 910 912
54 25 59 69 83 98 105 147 201 202 208 223 262 269 273 303 306 315 353 370 404 406 414 426 427 470 494 499 501 502 508 520 522 534 569 591 673 674 745 748 760 765 774 787 789 834 871 887 888 893 906 911 919 926 940
41 13 83 165 186 205 219 220 222 237 255 265 296 309 338 371 373 424 437 497 596 598 615 626 641 649 668 687 691 721 724 743 756 773 797 820 858 869 899 910 932 934
51 16 29 31 50 55 75 76 80 81 87 88 97 162 172 198 206 209 308 315 319 344 432 443 452 460 474 476 485 488 512 515 541 616 651 653 668 706 723 732 734 745 755 806 819 831 842 843 850 871 888 921
48 15 19 25 46 48 61 70 73 88 113 129 139 146 151 159 185 298 325 364 397 433 470 474 490 510 530 532 534 544 569 582 594 599 628 659 697 698 773 780 791 808 882 894 912 917 921 932 935
52 142 159 201 228 256 273 276 280 290 294 308 329 349 369 382 392 394 439 440 460 469 487 493 511 522 540 544 558 642 651 661 663 668 681 695 705 718 721 746 760 767 787 834 869 877 885 902 918 919 937 941 943
52 23 37 53 105 119 132 139 148 172 189 191 243 250 266 273 300 302 311 316 322 331 368 369 402 415 476 486 493 509 543 564 594 620 632 680 724 733 741 749 758 764 790 814 821 835 846 896 918 921 929 940 942
44 18 20 32 42 89 100 106 121 128 151 170 207 220 254 286 318 334 335 345 366 428 437 443 477 511 542 590 627 633 656 661 664 689 743 752 766 782 791 826 843 847 863 879 882
41 19 21 25 183 200 264 271 278 297 314 341 371 385 404 405 419 445 446 513 514 523 526 541 558 560 618 645 649 650 652 662 666 719 729 771 803 816 835 863 887 907
50 40 147 150 162 180 203 213 225 285 287 319 320 321 344 345 346 352 355 378 381 407 415 477 479 501 504 513 529 534 545 559 563 574 575 577 580 630 641 650 672 731 763 765 843 859 869 900 919 938 942
56 96 100 102 153 176 199 215 217 231 232 236 240 242 246 255 262 269 270 290 306 318 319 330 333 341 343 401 418 463 479 481 496 518 530 531 541 546 582 593 596 608 618 622 635 639 651 655 657 701 741 749 889 893 896 914 925
40 66 115 136 138 170 185 254 264 283 291 305 361 376 380 381 439 456 471 502 544 562 622 626 632 643 669 674 727 765 770 780 796 805 829 888 893 909 913 933 935
35 46 67 87 134 158 220 239 245 327 346 393 409 417 456 463 479 483 494 497 540 555 560 578 611 640 654 657 711 729 823 858 882 891 902 941
39 68 77 84 105 136 141 152 172 195 221 225 250 255 288 348 367 370 387 403 470 487 489 496 544 559 581 599 648 665 682 699 720 732 734 744 757 796 828 855
28 25 36 77 107 158 199 201 231 243 244 247 259 282 377 507 523 641 657 752 815 833 870 876 879 929 933 935 943
43 27 28 32 53 57 73 76 97 143 144 166 184 198 223 242 266 283 290 303 312 315 334 355 372 374 406 408 418 459 477 526 531 541 588 652 696 702 739 751 848 875 894 900
41 29 37 62 64 106 164 184 189 190 191 231 251 275 291 300 312 340 341 348 393 449 472 506 541 568 581 584 589 590 596 682 703 706 721 725 771 790 816 844 872 942
47 65 69 84 99 100 119 126 135 136 142 175 203 237 245 262 270 291 322 331 386 395 400 403 420 455 465 467 482 484 497 501 517 546 547 567 615 620 670 706 715 765 777 803 859 882 913 936
45 64 148 181 208 223 256 258 279 297 303 337 339 360 361 384 405 447 452 468 494 541 550 565 571 610 616 652 671 693 714 744 759 776 787 792 793 811 824 853 858 865 886 897 900 918
40 62 85 98 152 188 199 234 245 249 255 266 274 275 292 298 305 341 349 367 420 432 518 525 527 530 540 556 592 689 695 725 807 829 830 836 854 856 899 905 909
57 31 37 51 72 85 135 148 152 169 183 195 196 197 224 227 252 281 305 311 312 314 356 377 386 388 435 448 462 495 501 502 544 546 550 589 619 640 675 687 750 754 759 780 782 794 799 807 810 821 840 845 850 874 888 900 911 934
54 73 102 107 108 113 169 175 187 200 213 241 256 273 291 296 297 315 316 333 372 389 408 421 426 447 477 547 622 623 637 639 647 648 660 696 716 730 747 751 768 771 776 797 801 811 813 814 828 862 867 870 889 909 931
45 51 72 83 108 139 172 198 211 255 256 291 295 376 389 412 427 439 453 474 484 490 542 566 568 569 590 601 620 627 651 668 691 696 717 720 771 777 798 809 812 813 826 856 923 926
38 54 63 71 89 108 116 167 170 195 240 257 271 277 282 286 339 376 382 405 410 434 446 456 561 568 657 662 673 724 753 775 816 828 841 861 887 898 940
43 36 43 76 89 121 125 157 163 171 309 323 329 337 354 361 372 396 408 454 462 464 470 484 506 532 547 629 653 655 658 666 667 771 775 782 784 786 801 847 859 861 882 896
39 45 57 59 90 120 124 152 170 177 224 292 300 302 404 470 488 492 514 533 542 543 547 553 591 615 646 676 690 704 729 775 803 857 886 906 916 924 926 933
52 57 70 75 78 90 121 123 145 146 186 246 249 251 264 290 296 325 351 357 367 396 398 410 411 424 440 472 481 505 513 540 541 569 585 640 665 683 689 713 720 722 737 779 791 824 833 842 867 876 879 890 917
49 59 79 80 149 154 161 165 183 250 298 309 312 366 371 399 403 427 432 443 456 457 475 492 505 506 524 530 576 590 591 597 614 621 673 681 701 706 711 718 722 750 755 778 804 822 840 845 875 939
48 46 57 148 209 225 240 256 280 375 383 386 399 422 445 474 475 488 492 493 497 503 512 570 575 590 607 617 619 638 647 649 659 662 667 683 704 711 717 741 752 753 771 816 826 863 875 913 929
46 56 66 69 81 138 140 162 177 178 189 203 204 221 243 246 274 279 332 337 341 370 402 408 427 435 449 526 557 565 570 585 615 620 647 659 698 715 743 747 776 777 805 810 829 831 834
44 77 106 164 189 253 266 272 303 349 350 367 372 444 448 451 461 466 496 506 518 526 576 585 605 641 650 673 745 751 762 780 781 827 830 834 844 850 861 864 870 892 896 897 938
43 52 60 76 84 91 133 137 142 202 216 217 222 243 247 259 260 285 417 420 424 453 462 489 506 518 572 573 581 591 602 622 625 628 656 683 688 694 738 844 851 861 875 887
40 43 45 86 138 167 170 180 238 239 256 266 291 350 372 399 406 407 427 430 441 455 504 554 572 587 619 633 640 644 679 686 706 739 748 784 808 812 838 862 933
56 71 79 89 105 116 131 132 176 194 242 253 254 271 335 339 345 359 362 363 377 378 387 389 421 422 436 437 443 474 478 483 509 515 550 551 580 581 598 602 672 675 718 720 744 763 787 833 856 861 863 874 884 887 910 923 928
44 50 77 98 109 110 141 159 164 260 271 279 314 322 326 337 339 370 449 476 491 526 566 575 586 590 688 692 700 701 724 746 810 827 836 838 857 868 900 904 906 932 939 942 943
53 66 71 72 96 105 124 140 144 151 153 172 185 193 236 285 306 318 326 343 344 371 380 381 395 416 439 541 554 559 601 612 635 648 654 707 713 729 745 764 769 781 791 805 813 815 841 850 862 877 909 934 937 940
41 65 98 121 167 181 226 236 271 285 311 333 400 405 474 523 535 550 558 569 601 603 646 675 698 719 720 734 760 763 774 787 790 797 800 826 828 835 847 870 908 912
39 54 137 147 183 184 199 230 231 236 253 256 259 304 306 336 404 418 437 441 477 502 516 528 592 601 612 620 668 669 691 712 735 770 775 784 829 836 845 850
42 61 62 83 91 116 162 168 208 217 266 273 326 349 359 373 410 438 471 484 499 515 555 562 608 631 632 649 703 729 768 774 801 813 844 868 874 888 905 916 920 936 942
43 88 93 94 113 142 155 159 185 192 226 247 250 289 305 346 352 359 421 436 438 476 490 507 521 555 558 575 577 620 622 648 673 737 758 762 799 833 846 850 875 912 923 937
42 58 77 82 122 163 238 275 283 325 336 356 367 377 409 432 433 437 452 458 463 483 499 560 561 596 599 614 667 701 746 764 790 791 792 808 831 845 858 860 864 884 926
40 98 110 123 166 173 182 205 222 263 290 306 328 370 390 439 475 485 500 526 548 568 598 599 618 629 638 666 677 730 780 796 817 847 863 865 872 902 904 915 940
39 75 79 96 116 118 190 194 196 198 200 215 216 217 273 276 333 364 373 387 409 444 479 510 512 514 563 585 648 743 770 815 860 878 893 897 912 932 936 943
37 92 93 134 140 156 169 179 192 209 211 265 272 297 322 326 327 506 508 510 523 560 569 593 598 627 635 661 672 687 689 744 777 819 870 872 882 894
45 58 66 71 100 125 128 148 160 184 195 196 235 237 272 279 289 312 330 336 343 366 378 413 459 493 501 520 524 557 580 592 596 603 621 636 640 651 672 708 722 746 751 770 812 848
40 68 70 110 126 142 179 198 204 227 245 283 300 355 360 376 443 455 473 486 522 525 539 547 551 582 617 642 664 684 686 692 713 735 737 746 807 835 867 912 927
42 63 66 68 72 96 111 130 184 197 206 257 278 309 349 397 421 441 453 542 575 588 616 624 625 679 683 720 722 723 755 787 792 808 810 831 855 859 863 875 920 935 937
41 59 79 81 92 109 120 122 129 138 173 176 184 187 285 331 390 429 479 503 523 525 554 559 578 607 631 655 673 682 701 761 800 807 819 830 846 848 852 859 891 903
45 78 81 90 96 139 147 154 157 185 197 203 225 228 249 254 280 293 312 317 323 350 364 366 414 423 455 490 522 528 529 543 596 626 651 703 710 726 787 824 825 842 850 855 882 883
45 69 79 81 94 112 121 179 207 212 213 221 232 259 292 334 343 346 348 353 374 375 388 417 485 503 511 516 521 523 531 545 590 633 720 738 739 783 785 818 848 894 919 927 938 940
45 83 128 140 145 146 172 195 212 267 311 317 332 333 336 343 374 393 422 427 435 465 501 503 526 535 543 553 564 575 584 604 620 636 652 669 693 702 730 849 865 870 880 910 915 937
47 87 135 150 167 169 175 247 260 262 289 291 334 352 356 372 376 414 440 456 478 496 509 551 569 574 580 598 609 623 653 681 687 710 734 768 775 776 780 781 814 853 861 862 876 885 937 939
47 76 93 96 105 106 123 136 150 177 185 195 213 240 252 330 341 360 403 414 473 474 487 501 516 543 544 587 598 609 617 622 665 682 723 725 750 752 761 801 832 842 849 865 882 936 937 943
42 71 93 114 135 136 148 166 188 235 255 273 287 289 313 322 327 432 433 444 495 500 533 576 583 624 649 714 723 733 770 783 789 797 817 818 819 842 886 892 894 901 906
40 84 86 103 109 113 127 132 134 156 180 191 209 232 240 256 324 326 328 360 388 418 455 457 488 503 507 509 529 532 588 590 627 666 733 752 810 879 897 933 937
40 76 91 96 119 137 177 206 230 320 352 370 376 397 410 424 439 510 524 525 527 534 538 562 589 591 617 648 687 688 707 735 742 747 770 781 785 827 855 901 909
53 128 145 159 165 191 234 236 243 246 247 250 263 277 296 310 336 346 365 396 406 409 418 429 451 477 489 524 562 583 587 597 614 627 629 635 643 644 671 696 717 727 750 752 762 777 790 803 819 875 876 886 906 927
49 69 72 91 96 97 115 142 145 160 183 184 187 218 222 228 242 287 362 369 389 393 413 439 446 456 534 536 542 551 566 574 598 615 647 648 657 685 687 697 717 745 800 807 836 842 920 927 934 938
42 71 73 77 127 144 148 153 163 170 226 264 310 345 376 406 429 438 479 485 518 524 534 631 640 671 683 686 692 712 717 758 797 821 824 836 870 893 907 911 919 931 940
46 116 125 139 209 224 225 232 274 295 366 393 410 442 484 488 507 523 566 571 620 626 627 631 632 670 689 698 717 751 752 758 777 790 820 824 831 840 869 875 882 887 888 894 904 908 941
46 157 163 184 195 198 206 217 276 297 340 346 378 398 437 438 446 454 462 509 522 540 589 601 614 615 617 640 647 686 689 704 716 737 739 746 749 809 818 846 867 881 900 901 909 921 943
50 79 88 117 153 195 197 236 265 281 283 303 307 352 415 417 434 460 464 469 471 512 513 533 535 567 572 579 626 627 632 639 664 672 673 707 723 741 742 755 779 785 787 804 805 836 839 854 870 879 898
36 98 116 117 122 170 175 187 194 205 231 278 286 298 323 358 373 390 396 460 558 560 570 578 600 638 639 641 704 725 739 754 778 806 854 875 933
45 87 93 158 162 178 193 198 212 215 225 250 288 298 312 320 322 336 338 355 448 512 546 563 577 614 637 654 661 663 666 693 699 751 758 766 778 780 781 792 807 823 849 884 888 938
55 102 112 113 132 142 152 161 167 198 202 224 274 276 282 288 335 336 341 346 370 375 378 395 407 416 419 430 433 438 468 480 493 517 531 536 559 585 600 625 628 642 649 681 686 709 715 747 762 792 801 820 845 888 908 939
39 80 89 91 95 102 104 232 233 253 268 273 306 319 371 396 400 484 516 525 574 588 607 610 625 626 629 631 647 652 661 692 728 762 764 784 841 895 930 933
38 128 131 161 201 227 235 239 249 295 328 357 364 367 373 434 481 550 580 605 613 619 624 626 666 687 718 740 758 760 779 782 837 841 890 892 900 912 932
56 151 153 161 167 168 177 178 186 209 211 226 231 233 243 261 278 281 290 292 354 360 393 394 395 424 428 441 443 444 447 454 458 496 534 573 581 592 610 631 660 670 680 719 725 740 741 752 769 807 819 847 861 863 864 884 891
41 108 116 152 187 232 237 246 254 306 307 317 326 335 348 358 374 387 405 423 435 466 471 488 491 517 590 620 654 690 695 726 761 788 795 815 846 847 864 873 885 896
49 138 143 157 163 187 191 211 219 234 235 270 305 329 335 345 350 368 386 462 465 494 504 512 558 580 582 611 623 650 656 657 671 693 751 763 772 779 802 812 814 816 822 827 833 836 865 886 908 933
33 103 133 155 163 164 180 231 232 265 268 278 285 292 315 355 440 445 468 480 522 529 570 589 671 677 693 778 794 822 849 868 905 919
46 128 141 149 159 162 180 191 196 219 230 264 271 278 286 306 311 324 327 370 401 417 432 470 478 479 501 504 540 546 551 560 564 568 576 618 648 663 699 723 736 828 847 854 878 893 902
39 112 141 153 160 171 179 197 214 243 266 316 323 325 338 342 351 352 359 410 490 499 520 574 615 646 669 678 683 737 758 771 781 785 790 904 926 931 934 936
31 109 134 221 237 249 255 260 323 336 349 356 379 390 394 398 431 435 469 474 495 535 591 674 740 758 766 770 840 872 900 907
38 105 136 156 168 226 245 257 259 290 355 357 377 430 444 458 499 519 527 547 573 579 636 675 682 695 729 738 742 782 799 830 833 864 865 869 898 914 925
45 91 95 96 114 132 137 140 144 152 153 167 209 224 230 244 254 287 292 345 356 360 392 399 430 448 457 463 538 596 602 605 641 659 667 694 742 773 806 822 867 868 885 890 929 935
38 88 112 180 184 231 241 265 297 337 341 342 346 380 404 478 492 504 533 564 572 574 577 608 609 622 637 638 641 646 666 740 747 804 845 886 896 917 930
46 101 119 154 171 179 205 229 283 296 300 310 345 346 353 367 424 443 451 457 462 472 485 508 551 581 594 610 611 612 656 690 728 731 744 748 749 759 764 774 784 819 825 845 857 880 905
49 131 139 151 178 194 219 226 239 242 270 278 308 311 337 348 356 358 386 397 398 411 419 433 453 463 512 527 550 578 590 594 672 691 696 697 709 757 758 813 817 835 853 856 889 915 918 927 936 938
37 99 101 222 250 266 301 316 354 358 361 375 394 422 429 456 457 487 515 518 533 555 618 657 675 678 696 710 741 765 773 789 795 797 822 880 897 930
49 151 165 169 179 185 205 209 218 237 242 244 252 260 303 305 335 356 357 369 379 386 410 421 428 438 443 459 476 485 489 512 585 629 638 658 660 686 703 722 727 746 777 793 833 861 876 883 893 897
42 97 135 140 143 197 238 240 256 296 297 300 320 329 331 378 380 398 427 433 476 488 504 507 508 518 523 531 543 553 655 683 714 808 824 830 838 848 877 880 921 922 934
37 96 108 120 171 212 216 233 243 249 257 273 295 321 324 333 402 457 484 501 545 564 567 628 640 670 693 717 725 738 763 794 826 854 857 860 891 892
38 119 129 162 188 201 207 209 322 325 333 349 386 398 415 418 443 467 472 509 533 547 549 551 565 572 605 616 631 634 666 669 713 749 797 882 914 928 933
41 103 145 146 177 202 213 242 275 295 331 336 356 367 374 413 468 470 472 506 525 532 539 548 575 588 618 640 664 714 723 746 771 785 791 842 843 847 869 894 911 915
50 100 105 111 169 185 223 231 250 264 279 285 291 299 316 331 338 339 340 349 362 375 383 390 451 454 461 473 491 530 540 570 573 582 622 647 675 680 730 745 771 778 782 792 802 843 844 890 893 924 925
60 105 109 111 120 153 154 171 180 191 217 237 247 274 294 295 302 313 325 349 358 363 374 389 394 463 465 480 495 516 530 532 541 543 545 564 569 647 652 667 717 751 752 763 768 776 800 804 806 808 811 839 844 854 872 901 903 904 923 926 936
43 101 123 131 145 154 164 167 185 201 205 211 225 267 276 294 297 298 309 355 391 400 427 446 449 463 495 526 553 566 573 594 605 648 655 706 734 750 796 815 865 874 897 910
44 106 111 152 189 240 258 266 274 291 336 358 362 406 415 430 433 446 451 452 478 488 491 499 501 503 531 533 540 542 547 571 573 590 621 649 702 715 737 772 828 843 877 883 895
42 100 132 144 150 153 159 205 230 234 256 260 273 286 354 369 371 414 416 436 479 483 491 497 519 523 532 538 549 561 653 658 679 757 774 777 842 846 861 868 886 916 929
46 129 137 148 149 163 171 178 180 183 193 212 225 245 247 258 268 289 326 353 379 382 398 430 440 449 460 461 578 625 628 634 636 671 677 691 706 711 714 721 737 781 823 834 902 921 935
46 107 108 111 127 144 193 194 206 284 287 300 332 385 389 399 408 414 442 446 479 549 563 577 594 596 626 631 635 642 657 680 682 698 724 735 737 739 757 762 781 793 811 819 898 929 938
36 132 147 153 168 177 179 197 244 260 278 295 344 348 413 426 477 498 537 539 548 558 562 599 617 666 676 754 775 782 793 811 829 857 891 919 941
40 121 141 150 173 191 239 301 313 333 358 390 397 423 524 527 536 546 548 559 599 615 647 653 660 669 674 693 698 705 749 799 808 824 831 858 895 909 916 925 931
40 151 166 168 196 200 202 234 243 252 320 331 341 352 372 433 446 456 463 483 484 495 554 604 612 633 655 663 674 681 721 729 738 772 773 777 808 867 882 907 909
56 108 112 114 160 170 199 228 260 270 330 350 353 358 362 367 398 425 433 476 534 547 553 576 577 604 611 616 640 644 652 663 681 689 691 706 720 742 743 776 786 788 830 831 840 844 867 877 891 898 899 904 929 930 937 940 943
36 126 148 172 196 229 237 292 319 322 369 370 373 423 432 458 480 506 511 522 528 561 575 590 663 671 681 703 709 734 786 792 848 911 926 929 930
37 115 130 155 160 177 210 263 298 343 348 349 350 351 369 399 401 472 508 514 532 537 541 562 565 586 612 614 618 643 645 788 851 861 866 881 887 925
31 114 119 124 153 156 181 189 239 352 359 409 424 460 522 550 604 620 646 653 674 707 744 796 800 845 856 888 894 898 926 934
53 151 156 165 166 178 183 184 214 222 237 251 253 262 281 312 328 335 345 394 398 404 407 428 451 464 465 485 502 523 533 568 607 618 644 647 648 664 674 684 687 693 723 781 788 790 873 889 892 917 924 927 935 939
39 133 153 180 185 231 260 362 394 416 434 458 470 506 524 530 561 562 575 588 594 600 623 635 640 662 688 721 735 744 764 769 772 816 818 841 858 864 897 910
41 117 124 126 153 186 187 197 200 205 219 271 300 344 359 371 383 386 425 426 471 481 494 501 509 522 527 560 644 670 692 695 714 738 752 768 775 841 850 872 916 943
50 130 135 164 172 181 190 213 244 247 292 301 304 306 319 437 438 470 471 504 516 528 563 566 568 590 591 619 624 644 648 654 659 660 675 727 739 793 826 830 832 833 839 842 847 859 868 877 903 917 923
39 125 127 142 144 157 169 191 201 222 250 279 301 352 365 377 386 397 426 427 463 485 514 516 520 538 567 576 591 620 629 633 670 673 706 761 805 824 857 858
38 206 213 219 227 232 290 304 314 323 326 346 381 406 411 455 457 460 503 514 520 563 578 584 590 601 604 618 676 729 757 758 765 777 801 805 839 911 922
37 137 142 168 216 231 236 297 302 336 373 378 387 398 400 421 450 457 459 478 487 517 590 616 696 697 710 717 807 810 838 844 871 874 893 898 908 911
57 119 140 149 173 178 184 186 211 235 254 260 267 269 272 280 284 291 305 316 328 356 360 366 370 387 403 404 415 454 463 514 529 532 557 584 637 640 679 720 733 748 762 764 782 787 788 812 816 830 842 860 862 882 912 915 924 936
46 134 146 151 192 207 210 227 268 278 283 316 344 361 403 423 437 475 482 496 511 526 527 531 533 536 544 547 550 552 592 598 623 659 682 690 716 725 777 778 800 821 884 909 910 917 936
42 119 158 179 214 236 254 291 314 325 388 433 440 442 457 465 466 496 576 589 595 624 658 674 683 690 699 711 714 722 725 737 767 783 792 821 830 855 859 868 869 889 927
36 140 151 157 190 236 256 274 298 302 432 466 477 493 521 532 556 565 570 583 633 683 694 718 735 747 769 775 797 816 869 877 885 887 893 916 933
41 124 165 172 177 205 215 247 255 264 279 392 419 432 474 568 576 620 622 638 654 690 696 705 712 724 725 732 734 766 779 788 790 795 802 843 881 891 894 901 920 938
36 144 189 194 205 245 257 258 279 290 297 313 317 349 368 371 378 382 399 401 459 462 536 537 658 671 673 722 739 782 811 814 836 872 891 917 927
47 131 140 164 172 174 182 187 212 223 236 282 299 307 369 381 389 391 393 394 409 414 431 446 447 452 489 497 533 573 604 612 680 694 717 736 748 762 764 766 771 785 850 882 903 916 918 928
43 146 147 160 185 226 271 272 279 285 288 289 305 313 371 377 385 388 431 445 448 456 463 472 479 494 505 571 612 613 633 641 650 668 673 675 707 725 755 767 781 787 923 936
41 126 164 195 200 292 299 303 314 376 393 434 441 454 456 509 524 527 555 570 585 586 594 602 637 654 655 662 669 691 751 771 777 787 807 821 844 849 859 894 898 915
44 131 139 153 180 200 204 206 211 214 216 301 315 346 354 357 423 425 435 444 457 494 518 528 567 575 580 584 595 628 707 711 727 739 743 745 748 771 850 856 861 867 926 939 940
32 143 149 172 185 215 236 246 257 274 333 339 357 359 418 509 559 649 663 675 678 691 751 755 760 775 789 810 844 857 869 875 891
34 147 157 185 189 215 223 231 283 321 340 384 418 424 426 476 482 496 504 512 547 607 621 629 657 667 691 704 713 736 820 834 844 861 927
34 166 177 221 269 281 343 396 415 416 483 490 494 511 567 613 621 622 627 651 672 680 681 686 690 698 828 845 879 880 886 890 921 932 940
36 278 288 376 383 388 389 418 469 473 489 494 500 512 549 563 652 670 675 682 699 711 763 774 782 809 815 820 828 831 845 855 872 878 902 911 929
39 140 143 152 167 213 242 250 278 317 368 374 376 379 383 392 393 416 460 473 521 536 583 628 637 668 700 718 733 734 740 741 813 827 847 849 861 864 914 925
50 142 154 156 163 211 276 279 287 289 292 304 306 308 333 385 390 393 433 447 449 452 455 469 496 562 566 573 582 591 600 639 640 654 718 727 738 741 753 772 809 820 836 838 846 888 893 896 916 917 928
40 160 165 172 188 281 321 330 354 357 361 376 391 405 409 419 428 455 466 493 518 525 531 543 549 554 597 653 672 682 683 749 772 773 857 859 879 888 892 898 930
46 149 156 172 192 240 259 281 309 321 326 343 347 349 396 448 474 501 504 510 513 529 538 542 590 592 610 630 666 696 710 734 744 747 749 769 796 805 811 826 831 835 843 869 879 929 941
38 162 215 286 297 300 309 317 358 399 426 443 464 506 522 543 580 617 636 686 690 701 712 719 737 761 768 777 778 818 876 887 897 898 910 915 916 921 926
37 138 140 159 190 191 192 211 212 213 216 260 320 373 414 440 444 445 516 535 608 624 626 652 687 692 702 748 776 782 798 832 850 854 886 900 930 939
29 138 148 201 226 249 281 283 336 432 456 467 478 485 494 499 511 553 606 616 629 638 695 716 717 768 857 881 885 943
42 143 150 155 165 168 172 201 208 222 244 248 269 272 277 284 321 349 421 445 486 503 506 525 526 553 570 575 612 623 697 735 736 755 764 773 817 842 857 864 878 888 908
39 143 149 171 328 329 331 341 393 401 409 420 445 484 494 509 512 519 520 560 568 571 576 600 653 685 709 732 736 740 765 787 810 826 842 871 889 901 913 923
42 173 184 185 194 199 237 259 266 280 290 326 335 339 379 415 427 438 439 445 516 552 561 581 597 604 634 688 701 709 723 736 750 766 779 787 832 858 875 893 923 926 931
46 151 177 182 202 206 222 232 279 281 282 323 327 373 379 402 421 431 439 472 487 489 497 521 536 581 600 634 648 655 668 706 707 715 731 734 756 773 786 794 819 847 885 891 902 909 918
37 142 172 175 180 220 250 253 266 283 298 309 321 361 396 444 503 520 527 532 534 544 562 592 604 628 665 697 722 745 769 795 796 799 808 831 911 922
34 155 192 200 215 223 251 262 295 319 359 370 381 391 398 442 445 457 496 564 606 627 646 653 675 690 692 743 759 794 800 850 874 883 916
41 144 181 187 217 233 235 283 290 298 313 321 355 360 380 381 406 410 515 530 545 556 621 626 629 632 633 648 651 678 683 689 710 719 764 797 821 845 856 871 873 940
41 186 192 194 211 230 246 284 287 293 302 311 318 346 349 385 439 440 455 466 490 504 506 525 533 560 575 606 609 629 637 653 665 673 690 717 727 746 828 841 902 908
47 172 174 176 197 202 239 252 254 266 273 302 311 332 337 381 389 403 436 451 464 492 499 501 504 569 573 589 619 687 739 740 748 764 777 778 782 783 801 802 808 818 821 840 846 871 881 941
31 171 175 208 228 231 259 262 298 316 325 332 346 399 423 441 537 539 564 587 595 673 711 734 751 798 801 803 819 891 937 939
36 157 158 179 186 195 222 223 259 283 301 316 317 346 362 372 442 453 471 495 507 527 590 618 654 692 733 749 752 802 830 856 861 872 892 908 925
40 171 195 220 229 249 254 276 288 301 407 410 424 444 455 463 483 493 499 527 528 537 545 573 586 587 592 612 615 655 670 679 713 726 753 777 778 790 814 857 904
45 171 180 212 220 246 249 264 273 279 286 343 345 359 399 402 447 452 454 533 543 550 553 554 556 603 604 610 632 656 678 693 719 738 740 747 751 781 789 817 832 841 844 868 907 929
39 151 155 156 164 252 266 274 279 357 394 408 430 445 499 517 523 541 604 614 643 650 687 698 708 710 714 723 750 762 764 784 786 830 831 835 850 861 866 927
40 160 187 224 228 231 258 266 278 282 294 304 347 360 361 366 414 416 418 495 515 532 552 566 579 582 605 613 653 654 677 708 727 744 834 847 866 889 893 928 933
42 164 168 172 182 186 190 214 221 225 228 229 255 258 279 331 357 362 386 413 434 461 506 507 573 594 601 615 623 631 643 647 651 693 704 707 722 727 782 794 879 901 922
39 196 243 267 299 336 389 418 438 454 502 509 530 548 549 562 563 571 572 577 602 605 613 624 632 645 732 743 772 781 799 825 850 855 862 864 877 900 911 936
49 167 175 176 184 205 207 208 240 265 268 317 324 334 335 337 419 429 436 446 453 513 533 535 546 549 563 568 594 595 625 652 702 749 753 770 772 777 778 789 804 837 848 856 887 895 897 905 915 926
43 179 193 215 233 240 248 271 279 322 357 381 422 459 500 510 524 536 548 553 565 598 609 616 623 626 645 657 665 716 731 759 760 768 779 789 819 823 842 849 851 862 900 943
30 171 212 240 247 250 264 292 302 346 349 355 407 417 461 478 503 524 652 670 709 726 731 743 763 839 850 868 880 919 936
45 182 185 247 266 291 295 314 325 344 348 350 351 352 358 382 417 434 471 474 489 492 503 512 517 542 557 588 590 646 685 692 697 701 720 754 796 821 850 860 867 873 882 897 913 942
34 166 172 175 183 215 275 281 310 313 329 342 365 382 435 444 557 562 578 593 595 604 663 668 671 717 731 754 831 857 874 877 908 913 916
28 162 174 196 203 207 211 217 237 251 263 363 393 395 419 572 592 594 608 628 669 741 761 831 880 917 923 927 943
43 182 200 217 235 254 265 292 318 354 363 364 398 411 435 483 491 493 502 512 514 532 533 535 546 591 624 722 729 757 762 770 794 801 802 837 865 870 877 887 893 913 938 939
39 179 203 225 236 252 257 271 273 275 305 319 338 341 347 375 380 421 427 428 453 469 480 493 506 526 534 542 597 668 689 705 720 766 780 837 863 885 935 939
33 248 298 302 327 337 345 348 388 418 421 426 438 440 475 477 486 519 539 580 608 664 676 735 739 741 764 786 808 848 849 882 901 910
46 169 182 201 229 257 277 283 298 308 353 373 384 393 424 429 437 441 476 483 485 498 505 510 591 596 651 669 675 677 680 682 713 714 738 764 799 808 815 849 857 860 888 890 904 905 932
40 176 180 198 232 245 259 308 325 342 347 350 419 422 427 437 486 508 528 551 595 619 621 640 653 664 688 710 747 786 795 801 810 815 818 833 899 918 923 928 938
47 169 176 195 237 241 252 270 273 286 297 304 315 332 345 346 371 405 412 462 489 513 544 580 583 590 591 607 613 615 651 658 685 691 711 712 713 714 720 724 776 799 865 893 910 917 921 942
39 171 218 225 272 341 360 384 389 392 407 419 448 459 467 518 551 552 561 590 605 634 661 670 675 708 734 746 747 796 809 823 834 847 862 864 878 909 916 941
26 189 191 195 231 251 255 261 305 335 399 422 432 434 450 565 583 600 675 678 683 694 758 760 789 863 872
37 196 239 299 306 385 403 429 439 456 469 511 513 524 537 566 585 613 624 663 669 676 701 733 742 778 792 803 804 823 832 839 845 871 876 880 921 934
32 175 192 199 208 212 218 271 274 294 368 393 404 425 429 462 535 539 565 593 608 612 644 657 673 779 811 823 835 862 864 900 938
43 172 188 211 214 226 257 302 304 337 338 358 369 405 415 422 448 467 486 490 499 513 528 531 549 622 626 649 657 674 680 692 710 716 727 742 794 799 810 821 827 832 862 909
39 173 179 210 233 252 263 271 333 342 350 353 357 360 370 428 437 458 470 482 512 513 548 561 566 571 656 686 717 783 796 809 816 821 863 868 877 892 913 915
37 229 235 241 265 292 301 302 325 344 455 461 463 473 503 507 563 576 579 588 598 599 607 641 645 655 702 731 732 740 752 763 770 791 796 878 893 902
37 196 197 214 220 269 272 401 424 444 447 452 460 503 510 533 551 579 583 586 589 615 630 641 711 712 753 760 777 790 794 803 806 825 828 831 915 922
35 182 199 203 204 206 256 340 380 411 416 418 428 450 467 469 507 522 545 548 581 583 603 671 680 695 806 819 821 834 847 891 914 918 932 941
44 188 202 205 221 283 289 332 351 364 377 433 444 455 504 510 537 548 549 561 586 596 599 608 612 639 646 661 662 667 668 687 692 700 720 774 776 779 793 843 865 896 908 918 941
38 203 218 224 262 270 301 312 314 318 330 336 357 399 412 438 456 537 541 559 595 597 637 645 649 660 693 768 771 785 801 802 837 888 891 893 917 923 937
32 194 237 243 250 262 272 329 363 384 397 413 432 449 453 467 505 549 555 562 617 634 663 672 691 736 754 759 770 782 860 867 880
37 204 206 224 252 263 264 277 283 285 292 300 349 357 371 381 390 406 432 443 452 529 542 544 566 638 648 652 705 809 818 840 852 884 891 893 902 908
30 199 216 220 278 303 314 319 320 384 412 470 496 507 551 571 578 607 618 635 643 698 711 775 810 811 843 845 863 865 896
31 196 209 227 236 269 310 323 344 372 388 480 552 553 597 636 637 653 692 696 710 724 727 745 786 792 821 879 886 923 941 943
33 207 208 219 245 252 267 293 301 345 393 442 468 481 528 543 618 619 624 628 664 668 699 701 737 738 744 789 791 816 863 875 880 935
49 187 196 213 221 232 233 239 242 252 270 313 314 319 374 388 413 476 494 508 518 542 560 593 598 607 640 662 688 693 708 719 721 723 729 737 748 749 752 756 764 779 781 788 796 853 864 879 893 903
49 193 196 203 229 245 247 250 271 279 311 312 324 327 342 348 365 372 377 396 399 408 412 421 437 457 479 498 514 518 525 554 576 580 611 616 660 697 698 753 860 862 866 881 884 887 895 916 937 940
37 185 197 215 232 256 294 327 337 369 390 403 447 458 497 517 521 563 580 587 599 638 642 661 683 695 707 713 730 738 759 804 819 875 917 928 929 938
41 212 272 274 278 282 320 333 338 344 357 378 390 421 422 442 455 456 463 539 605 611 620 648 692 715 731 733 749 761 767 785 790 828 842 845 854 860 866 880 901 943
41 188 192 193 230 249 251 265 271 273 279 290 292 334 367 375 421 467 470 496 518 532 555 575 578 579 594 691 718 719 730 777 788 823 827 840 854 861 864 865 898 931
32 224 261 327 332 376 406 421 448 480 490 499 538 554 560 565 627 628 640 654 696 700 781 818 862 863 864 874 891 900 904 918 926
37 192 199 204 224 238 241 278 286 338 377 436 449 464 516 517 529 558 568 573 577 591 631 643 648 665 688 692 705 772 808 820 841 842 858 881 884 916
42 209 216 294 307 309 311 324 364 365 366 380 400 409 411 426 434 454 456 469 496 498 552 555 610 637 657 681 687 696 705 709 720 731 795 809 810 826 859 863 871 874 909
42 230 305 307 321 331 353 390 393 395 396 402 415 417 422 454 473 474 490 498 500 505 509 514 555 576 622 628 631 638 663 690 716 721 739 746 754 794 807 847 848 896 928
38 217 228 241 247 291 313 328 348 367 376 396 419 424 477 487 508 532 533 563 579 580 610 613 644 649 690 719 721 724 791 802 851 863 902 903 908 918 920
31 214 264 289 301 315 348 356 394 452 456 459 507 513 558 560 570 599 602 626 662 668 701 723 727 759 774 807 816 831 845 893
40 210 217 228 232 236 261 265 268 269 273 287 301 364 380 387 447 469 492 512 516 543 560 581 607 611 614 622 632 668 711 727 809 814 819 823 854 865 897 913 915
41 264 276 285 303 306 352 357 371 395 397 422 431 481 490 522 526 556 563 566 567 590 594 605 623 625 632 638 685 693 701 726 741 743 748 778 782 804 807 826 903 941
39 235 249 250 256 288 305 324 367 373 432 468 476 494 497 499 509 512 515 521 530 548 551 553 574 622 635 648 672 693 745 750 817 833 849 856 901 914 916 932
46 206 210 215 224 265 275 318 344 345 348 381 382 399 406 433 435 464 468 480 496 511 514 529 549 605 609 635 644 660 671 684 693 733 736 747 767 791 800 842 843 857 875 885 903 904 905
45 208 263 269 285 290 291 310 324 327 351 363 365 370 383 439 491 505 507 519 559 582 590 605 616 626 627 641 655 662 683 701 759 773 802 810 820 823 833 864 870 878 895 901 902 929
36 201 209 297 305 317 320 345 358 378 398 408 413 424 445 460 469 485 488 544 550 551 577 627 651 688 719 726 761 772 786 827 844 891 905 915 927
35 226 266 285 294 327 390 427 435 471 511 515 541 566 580 582 583 593 599 601 607 612 652 658 664 688 713 753 802 830 855 867 875 885 898 913
40 227 252 259 261 291 323 363 406 424 441 480 511 522 550 561 569 599 600 601 614 624 673 677 687 748 757 760 788 797 835 874 883 890 892 905 918 921 928 938 941
33 219 261 267 280 320 342 353 382 402 407 442 467 492 519 527 538 546 572 580 586 598 601 651 652 667 703 731 749 779 794 866 882 904
45 233 240 242 244 268 294 298 300 327 355 371 403 436 451 464 474 482 484 491 493 512 526 532 550 560 565 587 592 630 632 645 663 690 717 744 747 754 770 778 822 847 856 913 917 943
38 222 272 337 357 374 377 402 415 430 446 455 477 493 505 530 563 565 587 599 647 708 717 729 744 753 762 773 778 797 800 801 803 811 829 844 845 925 927
51 206 207 236 251 265 267 271 274 283 286 287 304 340 343 345 351 360 377 382 441 454 507 514 522 532 552 566 570 571 602 614 616 618 642 680 700 706 728 730 736 766 769 779 793 806 816 828 836 842 885 927
37 222 236 261 276 295 325 350 351 353 355 404 426 472 499 500 503 506 509 521 542 547 591 634 645 700 715 751 782 804 811 828 841 844 854 882 898 913
38 236 268 303 311 326 377 379 399 408 409 426 443 444 459 480 486 538 539 545 606 619 648 660 677 703 704 732 757 775 797 820 831 853 858 875 911 923 936
32 289 295 339 391 399 410 415 424 443 449 451 477 481 488 497 527 531 621 630 646 673 698 732 767 775 821 835 844 867 875 890 933
38 218 224 235 263 273 302 307 334 349 350 396 397 410 415 431 446 479 480 488 499 587 591 598 607 620 665 678 714 738 761 781 783 794 858 870 906 936 943
38 219 220 268 326 327 343 352 411 434 446 480 495 504 541 555 569 618 647 648 656 666 683 694 701 731 735 747 805 827 840 868 872 881 887 897 907 913 939
35 228 256 284 299 310 317 321 345 373 414 422 447 455 489 491 495 504 548 560 572 628 638 687 698 730 735 757 764 869 885 890 908 921 925 940
44 214 218 223 231 249 253 262 277 298 315 323 337 349 360 410 449 504 505 508 524 532 546 551 586 596 620 646 652 677 683 713 720 740 745 779 787 791 793 805 818 854 856 857 894
45 246 284 299 307 315 343 347 348 371 373 409 425 467 484 486 498 501 519 536 562 588 591 609 622 646 680 684 686 687 695 697 701 729 742 743 798 843 845 850 890 905 910 923 933 940
40 222 240 241 265 280 287 292 307 330 337 352 371 380 424 433 458 475 483 485 531 553 558 608 636 651 663 667 669 678 771 775 790 797 813 833 842 845 858 891 935
37 224 230 242 268 299 303 318 348 363 396 450 495 511 518 528 544 545 556 564 572 607 610 614 620 658 672 703 709 730 772 780 808 811 822 850 895 896
32 258 268 313 319 334 358 361 371 372 390 402 413 489 504 545 549 553 634 645 672 676 684 734 754 758 786 826 840 842 849 856 909
27 237 266 267 279 299 314 345 382 434 445 475 548 607 615 639 649 651 664 670 698 708 736 752 788 923 928 934
31 236 261 264 342 358 377 382 387 402 403 433 441 443 444 448 454 488 489 515 516 554 618 732 757 767 794 796 818 862 899 940
36 224 247 252 290 330 354 363 372 383 411 434 465 475 487 503 525 545 552 576 578 581 592 601 626 671 682 783 802 812 813 837 889 891 906 916 923
37 230 238 266 279 340 375 417 419 421 424 474 476 480 481 564 597 611 620 621 667 683 690 693 720 721 765 768 779 784 827 834 859 862 872 912 931 942
38 240 245 252 278 281 304 359 373 378 405 406 417 422 491 504 561 564 576 608 621 626 639 703 712 721 752 753 754 784 811 827 841 883 910 915 917 924 932
33 232 265 270 298 333 347 349 366 419 423 459 466 485 486 512 556 562 565 576 577 626 692 711 715 733 790 848 859 865 872 886 926 938
35 223 227 233 259 267 295 344 360 461 496 506 515 518 554 589 611 619 711 721 724 749 779 804 827 841 847 852 856 860 869 879 887 896 909 926
41 241 249 257 272 298 332 344 368 431 444 451 457 473 491 506 511 521 531 572 604 621 649 651 654 667 670 671 673 706 734 747 765 770 773 774 817 826 839 911 928 941
34 230 246 250 253 271 293 294 295 299 313 383 431 446 459 563 573 598 615 622 627 673 743 753 759 785 831 834 861 873 893 926 936 937 942
29 252 319 320 408 416 417 465 468 518 542 550 560 562 571 581 602 603 653 655 681 742 796 825 840 853 860 861 897 926
35 243 244 258 269 278 300 322 333 352 439 450 456 459 489 501 529 560 608 636 652 655 658 660 693 707 721 726 793 817 831 844 847 862 876 890
30 239 257 312 328 340 347 401 460 467 493 507 535 544 547 561 582 624 640 661 662 701 703 723 729 748 768 778 804 917 926
24 271 292 301 324 343 350 367 376 483 515 537 583 664 686 689 712 714 732 772 804 855 914 927 931
33 240 246 325 333 342 366 412 445 453 490 502 504 516 525 545 596 623 667 687 731 732 756 766 777 792 805 810 822 844 856 901 927 942
38 231 240 241 256 287 294 296 304 366 401 410 427 458 461 469 478 488 490 499 543 623 634 637 649 682 697 715 724 746 804 823 827 842 853 866 888 892 936
33 264 270 301 309 322 330 423 438 453 465 473 505 513 532 552 581 584 586 595 613 620 621 642 647 689 725 759 761 868 884 894 902 938
21 246 289 371 397 425 439 472 480 641 667 673 693 698 721 768 807 813 868 892 898 929
31 276 359 361 363 389 402 459 470 474 492 536 542 546 566 586 592 641 642 657 668 751 766 767 769 783 819 829 842 868 875 942
37 247 284 304 317 319 321 341 361 398 406 437 439 465 469 505 537 553 559 603 609 620 647 653 654 661 667 684 756 816 842 844 851 863 864 882 903 933
38 249 261 297 320 338 339 341 345 346 365 388 405 417 440 442 449 479 496 549 553 574 591 633 649 658 669 672 679 684 685 701 731 837 838 858 879 903 905
32 244 250 257 323 343 349 382 412 425 461 495 521 539 542 555 592 597 603 608 618 627 659 689 722 731 781 782 846 859 917 930 940
40 250 316 322 325 330 335 350 384 388 411 426 459 461 559 580 589 592 606 608 639 645 646 675 690 693 714 715 730 735 745 761 789 804 823 836 855 887 907 909 925
37 240 277 300 362 378 383 387 418 435 437 460 470 488 505 525 537 553 599 632 634 636 640 649 671 725 807 814 822 825 828 849 860 903 909 920 925 927
40 262 267 269 274 323 356 366 385 398 428 448 450 470 473 477 490 516 523 536 583 586 622 664 666 694 700 706 711 733 752 837 846 858 883 884 885 905 910 926 932
41 246 251 260 272 275 293 297 298 311 312 354 359 411 435 447 475 483 507 519 558 568 579 586 602 634 637 673 686 698 705 721 760 804 810 829 853 875 913 914 928 941
24 258 324 347 353 369 433 449 453 463 470 477 579 586 591 595 623 667 669 670 760 781 794 798 827
43 267 268 286 301 318 332 365 368 375 382 392 394 410 424 427 430 436 474 498 541 550 553 572 577 584 604 614 655 660 679 707 730 740 780 801 804 814 871 882 896 912 929 943
36 258 274 301 306 314 315 320 354 413 434 440 462 475 480 554 557 596 597 607 665 666 668 677 707 763 785 809 813 816 823 841 883 895 898 912 939
33 251 270 289 317 341 359 364 413 414 438 444 482 501 518 523 561 580 593 601 609 628 716 795 807 820 834 841 848 850 878 897 903 921
32 268 289 300 338 345 352 369 421 451 453 516 529 548 561 585 621 626 629 656 701 726 735 741 780 786 795 807 822 835 930 932 942
25 255 265 282 289 300 318 327 392 476 490 498 551 553 611 626 687 698 716 719 748 767 793 810 896 924
31 273 291 292 334 349 355 407 457 479 484 493 515 540 547 560 598 639 664 695 704 717 722 782 813 815 834 835 845 882 935 937
40 262 283 291 298 334 341 347 367 368 371 394 431 441 464 495 504 514 516 531 600 612 634 667 668 674 683 687 694 727 775 778 791 794 833 903 909 922 927 928 938
39 274 285 289 295 302 313 323 342 356 371 408 427 469 502 512 513 539 562 566 585 586 589 629 648 651 653 679 701 720 764 776 816 840 852 862 890 928 935 937
33 261 296 304 343 346 365 464 508 521 522 550 552 565 577 588 600 605 655 692 707 734 742 746 752 786 800 827 832 859 866 885 925 926
36 265 279 328 334 338 340 365 371 377 385 390 399 409 422 443 457 462 512 521 526 593 597 617 670 693 702 714 725 740 799 801 805 827 831 842 943
32 264 315 337 341 345 354 375 396 415 420 436 480 495 504 555 562 600 619 625 651 666 681 704 752 779 791 830 854 864 870 884 895
35 254 292 327 349 358 376 413 436 502 513 526 535 540 549 554 592 610 664 669 688 748 749 752 780 793 797 847 848 850 872 881 887 897 926 937
31 261 263 299 355 365 384 389 415 457 467 502 503 517 558 566 615 670 715 742 826 833 834 843 864 865 870 892 903 912 925 936
31 276 359 377 380 397 407 412 471 493 504 508 526 577 608 623 628 641 653 673 693 740 746 788 830 844 878 882 886 893 894 943
31 259 267 352 360 367 374 414 418 420 423 458 461 489 513 565 582 593 661 702 717 718 762 828 840 856 875 918 926 935 936 941
34 267 270 275 288 307 320 355 370 379 440 453 472 500 520 561 592 612 613 638 644 670 672 675 693 705 737 794 823 829 838 886 897 938 940
35 259 274 317 364 379 403 420 493 528 531 556 564 595 626 652 654 661 689 697 709 718 772 773 774 792 834 851 856 867 880 884 927 930 934 939
43 286 302 304 317 330 335 352 377 456 472 491 497 498 500 518 522 525 536 559 567 569 573 599 647 668 676 682 692 697 709 722 724 726 729 766 779 785 794 797 868 880 890 940
34 276 304 331 376 416 428 439 451 463 471 476 525 538 556 582 583 593 600 618 642 685 690 697 719 720 731 765 800 855 878 896 904 924 927
35 280 285 308 321 333 334 345 394 421 451 472 479 480 521 576 613 615 616 643 647 713 766 768 782 784 808 814 824 836 858 872 894 908 914 924
36 267 271 284 294 295 300 346 392 396 437 442 453 484 488 493 502 524 589 612 625 635 647 674 681 722 736 784 813 831 841 859 884 897 910 912 922
34 276 279 289 321 337 353 358 385 391 394 398 415 436 472 529 543 630 637 642 658 702 716 740 742 763 767 804 849 851 855 867 877 896 913
39 266 290 301 304 311 316 324 343 347 367 368 386 393 410 415 446 447 477 489 528 560 570 593 625 638 666 695 703 706 741 782 795 799 825 852 855 898 902 920
30 294 313 326 327 366 375 390 406 422 448 498 511 535 536 588 589 625 672 688 723 758 766 769 804 826 841 846 869 879 908
37 342 420 421 423 426 429 433 449 450 454 456 471 493 558 565 572 578 581 584 605 615 642 644 661 694 701 711 729 793 832 845 892 900 902 908 923 931
23 319 341 362 390 397 400 418 421 454 481 514 574 589 593 692 708 719 739 763 855 870 913 934
21 298 372 391 473 568 569 605 636 771 779 800 813 865 866 871 873 890 893 914 927 930
29 310 330 338 414 416 421 440 445 478 487 489 580 581 612 650 651 656 659 663 676 716 767 768 796 827 842 872 890 929
31 282 289 293 327 355 382 395 412 455 473 476 489 514 516 549 593 598 605 610 634 654 669 709 728 736 746 754 792 811 812 921
30 281 287 307 324 386 401 455 458 483 490 509 563 603 625 641 652 689 693 699 709 722 723 733 738 743 764 839 883 898 902
29 289 305 322 336 359 405 409 455 463 473 498 515 554 571 596 639 673 688 706 712 736 753 790 826 866 904 908 914 922
37 286 343 356 358 360 370 393 404 417 419 436 476 500 515 528 547 551 588 595 596 597 602 616 617 633 634 681 686 718 743 766 781 789 794 810 822 851
42 329 348 360 368 372 386 418 421 447 449 453 460 472 520 526 533 542 546 559 577 587 590 639 670 716 741 757 779 791 813 841 846 862 869 883 887 897 899 902 936 937 938
40 303 311 338 341 344 361 370 371 383 389 390 404 409 438 446 453 455 468 566 595 598 626 628 639 649 660 676 682 705 714 720 737 795 837 840 889 893 906 913 931
43 278 297 303 324 349 420 455 460 464 496 499 512 540 572 573 588 592 599 611 630 639 640 648 662 706 708 709 736 744 752 761 779 783 786 788 809 818 822 845 846 852 880 882
40 303 310 356 385 394 412 413 457 477 484 502 506 508 534 540 543 548 555 584 626 630 650 718 723 732 738 739 741 746 764 786 809 833 854 861 862 876 906 907 936
31 307 318 334 383 387 408 424 446 462 485 502 518 530 570 606 625 633 636 653 681 686 701 737 757 815 818 848 871 894 914 930
28 289 320 351 354 359 361 366 400 404 461 469 476 510 530 534 579 618 638 643 688 835 847 872 873 874 899 918 920
42 301 328 330 347 356 374 377 394 423 454 463 484 493 495 499 512 535 571 599 612 614 628 654 662 663 675 712 737 742 746 783 792 794 838 860 872 882 883 886 903 925 942
30 295 347 364 366 381 389 392 416 457 527 528 535 548 565 603 607 636 684 713 737 794 795 796 815 816 858 863 881 883 893
30 313 336 342 343 360 449 518 538 551 571 573 582 601 605 607 682 692 710 742 764 789 805 814 830 845 852 856 858 891 896
33 298 311 317 326 331 349 359 402 408 426 443 456 475 476 495 500 523 533 536 538 586 595 601 659 702 724 773 783 819 824 855 896 916
28 301 349 350 398 428 434 445 455 460 477 486 497 513 542 616 629 640 666 710 727 738 782 787 838 879 881 887 888
38 305 311 352 371 375 377 390 406 415 419 438 464 490 494 496 497 518 575 578 593 616 617 638 675 714 733 761 793 814 820 855 857 878 903 913 933 938 942
44 306 311 319 333 334 346 369 372 373 406 415 423 435 463 483 494 517 536 549 552 558 605 612 623 624 633 636 640 643 703 706 736 742 754 809 831 856 868 869 870 884 890 923 933
38 296 312 320 351 357 376 386 389 396 417 476 490 491 502 524 535 537 573 612 615 646 674 677 701 723 724 752 782 788 791 807 825 836 845 867 897 910 932
34 320 394 395 434 443 469 473 483 489 509 513 520 546 621 623 652 668 675 688 702 705 752 761 800 839 854 860 863 919 923 927 934 938 943
34 323 330 336 373 410 430 431 432 441 464 479 495 511 537 538 543 573 607 610 628 629 653 667 694 712 727 765 780 788 832 860 879 888 903
49 309 310 335 366 412 429 433 440 455 482 485 496 501 505 537 546 552 559 560 565 573 588 604 616 621 650 653 708 724 725 736 758 769 770 775 791 801 810 813 823 835 848 855 861 862 881 898 901 934
28 302 323 377 390 399 408 412 440 445 452 497 512 549 575 605 608 638 643 682 745 759 765 775 786 809 846 896 927
42 331 401 416 429 430 433 452 468 478 497 537 559 560 580 582 610 620 638 656 676 700 703 717 719 721 736 750 753 761 773 785 809 826 831 842 866 869 873 887 916 926 937
33 316 336 363 412 414 422 424 436 441 476 507 527 535 555 587 592 599 603 624 646 656 718 736 798 842 848 880 905 908 914 919 924 940
30 302 329 343 362 406 411 448 458 471 484 527 539 540 541 551 561 613 631 680 691 704 712 739 755 809 829 835 866 871 882
24 300 342 383 399 448 467 498 514 550 555 566 586 587 597 618 623 631 680 784 799 881 901 904 930
29 320 330 357 380 405 430 455 477 509 545 583 590 614 619 637 651 658 669 776 782 786 814 823 824 891 902 916 934 935
19 300 313 359 418 442 504 513 574 600 618 648 659 692 749 775 801 810 869 918
22 339 344 364 375 385 389 418 500 519 527 537 609 610 659 677 783 794 801 818 847 872 892
27 315 356 401 425 431 445 483 504 512 524 527 550 570 608 623 686 699 756 782 796 797 804 848 882 897 910 917
37 304 325 328 403 437 438 456 467 488 493 508 545 595 609 617 623 631 640 683 708 715 718 741 804 825 827 830 838 841 865 875 877 878 903 919 927 939
25 304 306 325 327 343 347 355 369 380 414 437 439 521 525 533 547 623 648 700 740 884 910 915 931 939
33 303 368 401 414 434 485 487 490 511 531 551 553 562 564 566 583 599 609 653 662 673 694 704 718 730 731 749 759 801 815 824 829 881
29 345 364 374 389 404 410 422 423 438 482 574 582 586 604 605 611 627 675 699 704 705 720 732 750 844 862 878 881 897
36 321 325 392 416 433 463 468 485 510 537 541 552 593 597 618 620 622 645 668 696 703 760 797 815 823 832 847 853 855 877 895 912 919 928 934 935
37 350 353 356 378 384 396 418 443 478 479 482 578 599 601 614 621 660 663 678 691 697 715 730 744 752 753 757 807 851 852 856 857 865 873 875 927 937
29 326 362 376 420 441 447 507 521 522 541 590 599 627 636 641 673 703 720 722 729 754 771 784 887 891 892 898 916 937
30 328 345 352 353 377 425 435 439 495 504 513 538 557 572 581 587 607 635 641 691 786 791 802 840 851 856 857 874 875 939
29 326 330 337 356 381 393 409 415 445 474 505 524 575 619 629 664 699 728 772 803 818 839 846 869 880 900 904 916 933
35 321 325 328 355 360 361 371 380 398 486 487 498 501 509 512 528 570 578 594 596 599 604 643 683 713 741 756 769 782 836 868 880 887 914 930
35 335 348 375 393 406 411 425 437 442 461 464 484 488 493 500 513 529 541 560 594 641 657 683 717 778 790 791 799 807 828 841 883 897 922 935
31 335 338 347 354 374 378 379 411 424 476 477 490 517 521 530 542 556 670 698 705 710 753 798 807 812 868 882 888 917 921 924
32 329 339 401 432 440 443 466 468 491 524 552 564 651 660 669 699 726 754 796 797 815 831 832 834 852 864 867 870 891 916 917 939
29 317 331 358 376 456 467 472 494 539 542 552 567 570 574 596 612 622 627 633 723 724 728 787 816 829 859 929 933 942
26 353 391 420 423 425 436 439 467 519 543 554 569 572 628 638 644 737 744 774 802 804 809 822 876 884 888
33 316 317 326 363 368 411 436 452 484 489 496 513 514 527 534 569 588 593 603 608 625 673 682 689 706 735 745 756 773 789 873 895 939
31 358 367 373 429 442 452 465 486 527 577 619 625 669 670 681 698 708 727 749 764 775 784 801 812 813 826 847 848 886 905 942
33 346 361 365 368 375 386 387 405 408 413 416 442 459 464 466 487 489 498 514 535 560 574 632 659 672 716 721 735 738 748 796 833 922
28 370 373 376 394 424 453 464 498 531 647 666 681 703 720 731 748 758 770 779 783 801 808 816 862 876 890 896 907
29 324 334 339 347 376 380 406 464 465 470 523 545 550 563 576 584 589 590 665 696 701 714 719 792 816 820 840 846 892
41 367 381 389 404 406 413 427 429 462 464 472 476 497 501 557 561 568 572 596 599 631 662 664 704 710 745 753 759 814 816 838 840 864 865 892 893 911 920 921 933 940
31 403 411 415 441 448 507 511 515 552 555 560 566 580 596 603 633 635 664 756 760 801 830 850 852 862 896 902 905 925 930 941
31 325 329 336 339 371 424 436 464 467 483 487 508 521 522 541 577 735 737 738 757 759 772 803 812 829 851 870 875 879 885 919
20 335 368 392 448 453 466 479 492 551 592 623 705 750 795 844 889 908 911 922 934
26 332 349 370 373 377 391 417 498 501 505 521 531 555 584 603 605 630 695 741 745 755 764 811 879 894 903
29 326 350 356 357 359 360 393 433 449 459 477 495 496 504 526 540 617 646 653 663 694 711 761 784 831 842 875 893 919
41 345 379 402 409 417 419 421 433 452 459 490 514 559 564 583 593 643 644 651 656 684 690 701 707 731 746 756 800 807 813 831 838 839 855 865 871 879 881 900 913 923
37 329 336 342 343 357 417 428 439 479 497 514 528 550 566 587 596 598 608 618 620 633 661 697 706 747 755 762 770 789 809 812 821 851 905 927 929 934
29 331 359 370 384 388 418 432 441 453 504 552 553 619 666 677 697 734 739 759 779 782 786 817 823 825 830 845 864 942
29 367 408 423 432 495 516 534 538 547 576 587 603 607 637 646 658 673 675 689 720 748 786 806 830 874 895 913 918 941
42 381 382 393 405 424 448 497 501 509 519 539 541 551 559 571 577 603 607 608 632 647 653 680 682 698 706 728 735 759 771 775 797 802 826 839 846 872 880 883 887 907 922
33 345 364 380 386 392 419 429 453 475 545 547 638 645 648 669 672 687 694 726 727 737 740 753 785 825 830 831 832 855 860 863 895 922
23 392 397 422 449 450 458 498 513 517 536 539 578 636 648 671 738 762 792 801 811 845 855 873
26 349 384 408 432 478 489 499 502 504 549 551 602 628 675 687 688 690 716 753 759 766 769 777 825 836 938
29 356 359 361 364 436 452 469 548 551 553 562 580 583 595 596 597 607 612 640 711 730 749 771 785 813 832 841 847 870
31 341 352 353 376 392 399 417 420 466 468 471 504 521 524 555 582 641 659 667 670 680 719 720 733 775 778 790 849 900 908 917
33 343 345 350 354 396 433 504 521 529 595 637 649 650 666 672 696 700 728 729 740 754 764 773 797 849 859 881 886 906 912 916 922 925
44 377 397 407 408 433 452 458 460 462 481 482 527 528 549 551 554 561 568 575 602 672 683 684 707 723 726 730 733 734 735 740 747 752 758 773 779 781 822 843 848 850 894 901 938
24 355 361 376 390 503 527 592 626 664 681 723 724 729 742 760 786 818 830 832 847 868 896 900 903
33 349 358 359 371 423 434 454 513 520 522 523 530 540 552 569 612 629 642 652 656 660 672 688 699 722 749 755 848 884 908 922 923 925
26 346 414 425 449 464 492 503 504 546 562 564 593 594 598 703 712 722 734 761 774 849 851 867 878 924 936
33 345 353 382 406 409 411 414 424 456 466 534 552 563 600 608 615 618 635 643 648 671 681 711 720 753 757 771 837 858 861 879 932 938
27 355 387 405 419 509 513 520 521 531 532 608 616 649 723 741 763 774 797 806 818 830 843 864 894 911 934 942
27 381 385 397 442 489 500 515 554 564 572 574 619 654 672 690 767 806 815 841 846 847 853 864 872 888 932 938
29 347 368 375 387 405 410 434 456 463 465 555 559 565 582 589 604 623 628 630 641 670 676 704 733 737 746 800 839 842
37 356 366 384 394 398 402 412 452 483 490 492 523 528 533 571 577 578 591 603 635 655 666 681 710 717 791 792 807 820 833 839 850 859 865 920 928 939
28 384 394 463 489 510 520 587 623 647 663 677 679 689 696 774 779 787 805 812 826 827 843 859 883 889 906 911 912
29 351 357 379 396 398 430 444 458 465 520 526 552 612 620 637 645 670 673 674 675 681 699 714 728 845 887 892 903 938
33 354 378 426 430 449 458 462 465 469 526 553 560 569 584 592 650 660 677 700 701 709 767 787 802 812 818 821 841 876 885 932 935 936
30 371 385 400 402 406 412 422 423 430 493 494 517 529 536 553 560 574 575 595 602 704 764 781 817 824 826 835 879 889 943
27 352 392 416 425 448 453 454 521 524 533 575 587 611 705 748 764 787 790 815 819 856 884 893 911 924 936 940
32 352 364 452 454 478 485 496 518 521 545 548 583 595 601 621 627 636 639 675 696 720 732 793 801 819 852 853 882 883 904 940 942
36 383 389 411 438 449 455 458 508 529 530 546 554 560 593 595 609 658 661 686 711 719 733 755 778 782 799 803 811 818 841 858 866 872 889 902 914
28 370 391 406 418 435 486 487 510 515 521 599 601 644 669 679 680 697 753 780 782 808 816 819 868 877 911 931 936
34 361 376 377 414 427 440 451 475 498 499 507 524 536 538 541 550 555 582 605 621 626 629 642 648 669 720 768 770 778 815 836 862 925 933
25 408 413 469 521 555 566 568 587 633 636 639 653 663 692 722 754 763 800 806 807 813 818 830 831 867
35 383 411 416 418 444 446 451 454 457 463 472 503 508 516 551 558 572 600 626 644 662 690 691 740 759 772 779 818 836 841 848 868 888 910 911
27 387 393 400 407 425 442 485 488 515 574 609 686 697 705 722 742 746 748 758 774 787 802 832 840 846 907 925
24 369 426 526 558 566 587 629 638 642 649 657 666 673 699 722 730 747 794 795 832 833 871 896 912
34 362 392 418 422 468 474 483 490 539 560 562 576 610 614 661 703 727 738 749 759 764 779 780 799 814 833 834 840 884 887 889 903 908 931
33 365 369 403 414 417 428 435 478 479 523 537 586 603 613 615 644 645 667 683 702 720 736 757 767 778 803 814 830 834 836 851 864 879
32 378 398 400 402 421 448 490 510 514 557 561 575 583 595 635 660 693 742 748 750 779 793 814 836 844 862 863 866 875 877 911 933
27 368 397 416 458 462 483 494 512 514 556 594 655 685 732 738 746 759 776 780 792 796 876 909 916 924 929 936
22 393 408 413 509 524 531 533 557 564 639 652 695 704 738 772 820 898 899 905 913 933 940
21 371 386 427 460 565 576 591 603 613 677 704 742 791 804 820 865 886 889 893 931 932
31 367 381 395 404 419 427 432 433 436 456 490 521 529 553 555 565 591 598 621 623 634 643 695 738 774 798 818 824 830 872 918
28 379 395 476 491 514 518 530 532 544 567 571 595 617 628 632 651 668 678 710 730 764 797 808 823 826 851 855 934
21 395 414 428 433 443 459 463 499 557 573 599 637 724 771 814 850 870 888 896 933 939
24 389 426 433 436 440 442 461 462 474 556 566 582 593 641 653 667 684 687 757 777 809 841 869 943
27 374 382 399 403 442 444 470 515 546 557 578 586 587 628 637 645 675 694 792 816 823 846 847 873 898 902 910
42 373 381 453 488 503 505 525 526 543 544 567 582 592 605 614 621 622 649 653 655 666 672 696 701 714 735 739 756 766 768 770 788 793 802 831 841 853 869 883 912 915 935
23 389 476 488 493 497 504 509 533 557 561 612 646 649 654 667 720 737 755 792 809 842 869 900
27 375 380 385 464 526 548 579 594 599 613 631 649 679 684 711 731 766 790 797 808 828 836 862 879 880 923 931
24 389 414 463 485 512 528 538 561 590 604 628 671 673 675 702 721 748 765 767 821 833 835 853 915
31 402 455 482 485 510 530 545 558 591 598 650 697 715 724 725 742 753 775 787 791 829 837 839 845 864 883 895 919 927 933 939
32 381 385 406 422 430 491 515 519 535 544 552 556 584 590 596 625 634 670 720 726 733 741 756 777 780 809 819 873 875 881 916 933
30 380 383 391 394 416 418 432 437 440 457 494 576 611 647 702 709 713 736 744 749 754 794 796 817 869 880 883 890 891 914
25 380 401 420 423 436 464 487 529 534 557 560 608 611 659 674 679 726 778 793 840 857 864 883 898 909
39 386 411 419 430 440 451 475 512 522 548 553 561 564 589 591 594 598 615 618 641 656 670 694 695 707 739 749 765 774 784 792 798 801 807 813 830 849 870 910
34 387 400 406 425 483 498 499 518 524 527 541 556 567 581 583 588 595 632 639 643 667 709 722 737 741 844 853 877 881 903 924 931 932 933
24 423 426 440 480 503 524 525 560 582 589 649 715 741 747 759 784 806 822 825 827 878 890 913 931
31 396 415 438 448 449 459 518 525 539 563 576 592 603 604 644 659 685 716 718 737 741 761 810 842 845 864 923 924 928 929 942
35 391 461 480 488 492 496 497 505 518 524 530 565 589 595 634 638 645 653 660 678 725 751 760 767 828 837 839 845 851 857 859 864 886 890 938
27 385 444 455 466 472 485 510 569 573 579 592 606 628 657 666 669 684 768 770 817 839 845 846 848 895 897 938
33 389 405 415 425 430 453 454 497 515 523 540 599 616 624 636 644 654 665 667 730 748 761 770 813 839 844 869 879 887 893 907 916 923
40 396 401 412 416 422 429 437 441 455 457 477 482 498 528 534 535 537 546 579 598 615 616 640 658 705 707 713 723 737 746 749 759 760 771 807 828 829 840 918 925
35 395 398 412 420 446 452 458 466 478 516 558 565 567 575 579 615 628 683 702 728 740 742 747 752 795 821 841 852 867 875 896 900 916 934 942
23 400 454 515 556 634 639 671 675 686 692 701 708 726 762 778 792 806 844 845 897 903 906 914
26 393 398 403 421 427 452 469 494 535 554 567 571 611 612 669 683 687 789 796 804 824 831 883 891 925 936
30 411 438 489 507 510 514 534 551 559 576 581 594 606 633 641 657 679 700 730 737 753 765 795 796 804 827 831 882 930 932
22 402 405 447 455 458 463 492 500 535 554 571 579 592 663 750 754 755 767 780 825 854 868
18 396 486 507 518 524 534 557 616 634 635 683 770 866 869 894 908 917 924
32 418 423 459 464 479 483 528 540 552 558 563 577 581 608 609 612 613 618 645 652 676 729 786 831 873 878 880 893 899 917 918 925
25 415 425 429 459 493 498 524 542 549 617 652 662 716 756 769 776 777 780 783 815 861 892 903 908 938
35 398 415 425 433 471 488 511 519 530 531 540 552 569 573 581 607 615 617 625 644 707 720 723 727 747 752 753 760 766 768 776 785 823 855 915
31 434 454 455 476 483 494 528 559 585 591 622 650 669 685 687 699 702 801 809 827 840 843 845 882 888 893 906 915 929 933 939
31 423 427 437 448 492 538 543 600 612 635 653 661 662 669 687 693 722 736 748 758 766 772 776 794 821 848 871 877 904 914 934
28 404 429 452 462 484 488 530 533 564 571 605 608 617 623 634 666 674 683 725 732 751 752 763 821 841 855 899 913
33 420 424 428 436 481 487 503 506 507 512 535 553 589 601 602 616 621 677 722 736 752 784 787 816 819 830 878 889 905 922 933 939 942
23 463 470 508 510 516 525 547 586 599 622 625 630 633 637 682 702 761 767 789 826 863 889 898
21 405 419 465 487 505 527 528 530 576 602 610 620 643 649 701 738 770 777 812 829 885
40 407 446 451 453 461 469 470 495 503 530 545 559 573 583 585 587 622 627 631 641 680 689 703 704 717 723 739 749 753 767 769 770 783 786 827 839 865 886 925 941
29 405 409 413 452 541 583 584 586 595 623 635 672 728 739 761 778 799 815 817 818 846 847 860 873 883 893 913 916 935
26 470 476 514 517 546 575 586 607 618 649 683 686 690 695 707 730 751 754 761 819 842 851 874 878 901 916
22 412 455 468 510 574 575 620 652 653 688 706 756 764 767 805 811 837 874 882 904 921 926
27 406 457 458 467 475 558 584 620 637 649 653 677 684 690 731 753 765 770 777 784 786 794 852 858 866 878 883
18 479 485 496 497 545 566 654 682 707 732 745 775 776 816 822 844 857 941
36 425 439 442 480 482 484 486 491 493 500 502 509 515 526 539 545 556 584 594 601 616 630 666 694 703 747 766 777 780 801 810 882 883 906 911 939
27 415 456 457 474 480 538 544 572 577 613 616 637 639 651 652 665 690 692 741 820 855 868 890 921 922 929 932
24 418 465 485 490 499 517 532 553 569 590 607 609 637 650 669 683 701 707 750 804 819 855 883 893
32 412 424 436 449 461 504 524 529 544 554 556 590 603 606 630 634 641 672 716 725 727 744 764 793 804 813 815 824 873 889 902 910
19 497 519 547 614 650 677 697 718 725 734 741 748 770 812 832 868 882 890 898
19 437 477 543 565 624 642 688 694 696 736 770 783 813 825 831 834 857 874 941
21 423 450 477 483 503 504 511 572 594 634 639 642 742 777 795 801 813 838 886 905 927
32 427 465 509 514 522 550 554 574 582 633 637 642 646 651 671 685 703 717 718 737 798 808 868 890 898 900 902 920 925 931 932 943
21 424 434 449 486 572 573 588 632 684 696 729 801 807 813 828 862 894 903 936 939 940
23 418 437 446 482 485 500 542 565 574 590 597 609 697 731 741 747 796 851 869 918 919 921 934
34 420 431 437 461 524 532 536 544 569 596 619 643 650 723 745 765 770 794 796 805 812 814 835 838 846 850 863 874 887 900 901 911 928 931
25 420 426 435 436 463 477 500 565 591 640 642 656 658 713 715 743 758 761 771 779 790 808 812 875 925
19 435 484 494 546 566 578 638 680 710 713 755 772 787 801 809 812 832 847 933
25 442 447 448 486 492 497 516 541 633 643 654 662 690 694 710 715 718 739 765 788 819 821 839 929 933
30 422 455 467 471 472 546 557 591 643 644 652 669 681 693 695 717 728 736 770 777 784 796 799 800 812 864 865 879 929 931
24 437 443 476 503 559 562 565 569 589 590 625 644 675 676 713 738 748 790 823 831 834 846 860 939
38 425 431 451 452 460 475 480 527 542 548 560 573 580 582 593 595 627 638 651 661 668 670 693 715 736 759 761 803 804 806 820 823 856 862 872 903 920 922
28 447 468 470 537 568 634 645 646 667 685 688 689 697 720 742 745 746 760 808 826 836 838 857 873 883 906 924 934
31 439 442 446 482 501 516 534 536 547 554 562 576 607 644 649 670 700 716 725 755 758 761 767 796 813 815 839 844 901 906 911
16 502 546 559 634 646 648 663 676 685 686 698 708 717 756 761 911
22 456 467 475 502 516 554 654 656 670 694 715 731 743 761 786 852 887 893 917 929 934 941
21 430 446 465 477 510 581 675 690 700 753 781 782 785 796 811 825 832 840 850 874 916
23 466 504 541 554 558 589 597 673 702 708 719 768 784 787 794 804 818 824 883 902 904 909 933
21 485 519 532 551 559 595 605 619 642 653 691 727 744 785 793 804 851 900 908 932 941
28 435 439 448 473 476 481 484 498 526 547 552 573 581 586 596 606 654 711 731 742 763 769 793 797 798 816 880 902
22 443 445 447 458 527 547 559 565 603 606 615 621 642 657 658 696 724 756 796 838 861 879
22 460 495 587 595 602 623 653 696 730 734 758 762 781 815 816 838 851 853 868 879 892 927
36 443 457 469 470 475 476 481 484 490 516 524 581 584 586 626 631 632 642 656 674 702 710 714 737 753 768 773 796 805 817 824 849 877 895 913 942
19 440 457 524 573 576 604 608 631 666 718 736 756 759 761 777 786 807 879 908
23 461 477 522 536 566 663 674 686 687 724 738 746 763 779 794 813 826 859 888 903 911 925 929
22 458 474 512 521 526 549 599 615 622 698 713 734 831 840 859 869 892 906 908 909 911 937
22 472 502 524 581 582 603 656 673 701 722 723 752 771 777 785 791 800 807 816 893 909 915
24 466 484 502 530 548 562 563 575 577 583 593 616 667 710 739 743 747 808 828 829 853 875 885 943
20 502 530 531 543 588 620 627 630 646 669 759 762 806 808 830 857 869 889 909 911
19 450 467 474 487 495 527 582 591 592 621 685 705 715 727 745 770 801 839 902
23 457 493 508 539 554 568 631 638 660 667 677 729 733 743 769 770 788 836 859 891 892 899 922
25 465 470 491 498 502 570 577 578 591 594 600 615 636 655 658 668 683 685 687 758 766 781 857 860 910
30 450 458 463 464 492 560 566 589 600 634 640 665 666 684 704 722 723 748 760 783 796 801 812 849 883 884 888 907 926 941
25 477 491 500 504 510 531 560 563 578 596 609 640 654 660 664 677 696 727 803 807 820 851 852 906 917
20 504 564 627 628 629 640 693 701 711 728 729 748 776 780 808 820 858 903 911 922
28 450 461 515 522 567 569 571 596 606 615 636 645 669 670 680 681 694 714 721 787 792 836 851 869 882 897 934 936
23 458 461 469 482 512 528 534 545 549 589 596 636 638 656 659 686 706 709 736 776 804 847 892
26 458 470 537 543 565 568 571 599 608 633 649 685 694 704 719 730 735 760 771 808 811 839 862 886 910 931
31 455 471 477 504 547 572 592 650 658 680 685 686 690 706 714 738 763 775 778 782 787 806 817 820 828 831 846 860 871 892 917
28 455 502 506 531 572 586 592 600 665 672 675 687 713 750 752 762 767 770 790 792 803 806 833 852 893 895 930 932
26 493 509 543 544 551 553 568 578 602 604 616 617 659 676 710 723 761 766 781 784 817 824 865 887 911 928
30 463 469 527 529 539 553 554 598 599 631 636 650 686 695 709 738 746 747 749 765 803 811 815 818 843 860 885 916 933 939
24 461 479 498 510 522 552 557 568 580 612 624 689 706 742 791 830 835 836 837 841 848 901 913 928
28 458 482 497 503 534 561 580 614 616 661 702 708 718 722 727 761 778 780 791 793 796 839 841 843 896 919 934 942
27 465 485 490 495 497 523 536 550 590 597 611 621 633 652 683 696 766 785 820 823 840 863 867 873 884 899 934
23 459 476 506 531 545 616 624 652 664 680 703 717 764 770 779 854 872 877 881 887 889 927 938
26 462 520 528 545 561 575 577 647 663 704 705 731 735 742 749 755 812 819 821 826 853 866 869 880 881 883
25 469 471 529 537 587 619 644 645 646 663 670 672 675 715 720 746 760 761 764 820 828 880 900 921 928
23 496 506 528 529 531 532 550 560 566 592 600 610 613 636 645 649 677 699 715 730 754 921 935
23 475 493 503 509 522 539 556 597 598 600 609 693 695 699 712 714 716 718 769 797 802 831 838
15 468 480 511 514 572 578 604 614 631 732 755 762 768 773 776
25 475 497 552 559 587 627 655 677 685 702 717 734 748 817 818 825 826 842 855 856 876 887 910 917 935
34 488 493 521 525 540 550 551 562 572 588 591 599 601 609 619 635 643 649 652 662 684 686 694 702 745 768 775 796 811 855 860 873 900 932
28 473 486 494 498 520 530 544 548 571 580 609 611 614 616 642 647 677 713 733 745 773 824 852 856 865 878 902 942
28 510 519 534 576 607 613 625 632 638 648 659 680 696 701 721 737 744 769 771 790 797 801 834 839 842 857 898 928
17 564 580 647 650 685 723 769 785 818 881 888 904 913 914 916 923 939
28 482 504 508 534 538 543 555 577 581 601 648 676 682 684 695 713 718 723 725 733 764 769 807 832 858 889 891 936
22 480 517 547 549 590 591 617 625 633 639 682 699 738 770 771 795 803 845 869 886 894 919
17 504 506 526 592 600 603 627 662 668 709 710 719 729 763 824 875 892
32 509 511 523 537 549 550 551 557 591 595 600 607 611 613 616 680 709 712 713 727 775 781 788 811 837 845 877 886 916 928 935 938
24 477 494 519 531 564 572 591 598 631 657 679 742 750 755 764 778 781 824 830 843 851 917 931 932
25 474 475 476 553 612 655 709 715 722 729 733 735 748 808 820 831 845 861 865 896 897 906 915 930 937
21 477 498 522 567 576 587 588 619 673 678 679 751 755 768 787 799 815 877 905 916 918
24 478 489 514 519 542 544 638 650 701 718 750 767 771 776 790 798 825 827 845 847 851 860 863 871
26 513 515 535 556 570 591 615 618 629 633 641 682 707 719 729 778 781 792 798 820 843 872 893 902 927 931
20 498 515 535 539 568 582 594 634 648 694 715 718 789 825 854 862 885 889 901 917
27 483 486 497 526 534 567 598 618 643 649 664 674 690 716 739 756 773 780 798 805 808 851 854 874 906 918 921
20 504 511 512 520 540 547 552 569 593 608 641 764 783 858 861 881 894 905 930 942
29 485 494 504 516 533 545 548 552 555 558 561 566 602 619 671 678 688 712 746 752 827 867 872 887 899 903 922 929 939
28 482 497 506 518 529 530 577 579 590 596 609 628 642 652 654 725 727 752 757 791 795 800 832 835 898 899 937 938
23 494 501 511 530 538 545 556 562 563 566 573 596 633 658 741 749 754 812 813 842 859 900 921
23 496 526 531 537 554 576 658 671 687 714 726 737 768 769 771 781 820 822 824 847 902 931 936
28 486 499 504 529 547 555 556 567 611 634 646 694 712 714 731 759 761 768 770 771 772 776 797 821 874 878 893 923
23 549 558 574 602 657 667 705 727 731 739 759 772 774 781 791 805 812 825 842 843 859 874 889
25 496 497 509 556 562 563 566 575 596 617 623 642 695 706 707 708 789 808 811 829 835 840 851 914 922
25 539 545 558 573 575 576 593 609 615 621 670 693 694 708 723 725 824 870 876 883 898 903 909 913 917
31 505 512 540 579 584 586 589 625 635 639 640 685 686 701 711 712 713 720 724 726 747 754 788 801 883 889 912 915 921 931 934
20 498 532 575 604 616 633 655 700 701 728 748 769 773 832 833 847 915 917 933 937
18 527 541 564 573 617 655 677 696 741 749 779 846 848 901 905 910 921 933
17 498 542 549 554 563 623 642 686 701 732 756 757 798 869 883 902 932
14 493 506 510 514 527 558 642 721 769 772 787 871 906 936
28 504 520 553 559 561 586 594 600 606 610 622 625 674 679 684 685 692 705 710 711 752 781 796 855 861 919 929 938
24 501 551 561 575 586 639 681 694 721 729 758 759 763 809 818 819 847 891 901 907 909 918 926 943
28 500 518 541 567 608 630 645 671 673 683 688 724 737 745 751 766 813 822 827 830 831 855 878 891 921 932 933 935
28 503 508 513 518 558 575 601 645 652 680 687 694 697 698 721 725 738 764 765 782 807 831 839 852 855 879 935 936
24 552 590 606 609 637 644 651 656 693 715 735 741 773 783 784 799 822 828 880 898 919 926 930 935
18 525 559 567 627 628 636 653 693 764 781 788 824 839 857 861 883 884 908
21 520 521 528 541 601 608 705 722 735 736 744 756 770 775 806 840 851 860 881 903 936
23 538 588 635 636 641 659 661 680 681 688 726 731 733 748 760 765 799 808 825 826 827 846 881
25 511 519 527 559 564 587 600 603 650 668 707 718 742 743 761 786 802 821 824 844 866 869 885 907 909
24 503 527 583 592 602 612 615 624 640 656 659 672 726 731 752 759 778 779 823 846 898 905 918 919
22 511 541 587 594 609 613 653 654 655 662 727 762 771 773 778 787 802 852 876 889 896 914
18 523 529 562 606 634 639 643 654 681 685 715 716 757 765 854 885 928 931
17 553 569 579 635 680 685 694 703 724 761 766 804 811 821 843 895 937
26 540 566 582 605 608 628 637 639 652 677 726 732 733 738 751 765 766 808 816 818 831 856 883 894 895 930
30 509 568 578 605 637 642 648 656 658 665 667 685 690 722 724 733 736 754 763 766 769 770 777 794 835 855 862 894 908 929
18 534 542 556 567 583 606 612 620 649 684 743 779 784 790 820 831 861 939
24 543 559 586 590 620 627 632 657 670 740 756 758 780 804 835 845 868 869 879 888 911 929 932 936
25 529 533 552 555 568 641 654 657 670 686 719 758 761 765 790 804 808 833 849 856 890 894 895 917 927
30 538 540 545 565 567 571 586 589 604 619 630 636 652 659 668 673 679 682 707 717 732 733 738 762 763 770 799 801 809 834
28 515 517 520 547 564 577 582 596 606 650 689 705 713 714 735 761 775 805 814 835 840 850 855 860 861 863 908 933
17 521 546 561 570 579 587 645 727 789 801 802 828 895 905 906 929 938
21 543 548 575 585 587 608 631 671 689 697 703 735 750 764 770 781 785 823 843 907 943
26 521 542 546 564 571 582 637 665 698 728 738 775 788 795 810 824 834 835 859 868 900 912 917 920 921 924
22 518 524 527 538 581 591 619 641 647 664 691 728 735 740 748 764 826 844 849 871 928 936
28 520 539 551 567 575 576 579 619 622 638 642 661 680 682 764 772 816 818 821 822 834 841 843 880 895 906 913 942
22 527 539 564 572 577 579 632 637 641 685 687 693 697 731 733 739 790 804 839 878 881 933
15 535 567 570 614 625 628 648 703 718 777 792 869 883 904 913
15 524 586 590 593 596 723 770 777 842 860 869 909 926 928 929
16 526 532 594 624 642 646 659 693 705 722 753 788 818 822 828 882
25 523 528 531 567 573 579 590 609 621 639 690 697 711 721 757 778 790 799 800 822 827 838 856 890 939
20 558 561 563 567 583 612 620 627 632 665 712 753 828 873 882 905 913 914 929 938
21 536 542 544 545 573 577 587 596 623 638 639 649 657 705 786 815 840 870 881 935 939
14 535 553 598 604 621 690 730 735 761 837 876 879 889 903
21 549 562 571 573 601 631 655 663 686 689 690 713 733 753 768 770 819 851 860 863 928
18 598 618 626 633 658 680 688 696 779 783 818 846 855 896 899 904 912 916
16 534 558 575 612 616 715 730 761 790 795 807 816 852 856 859 936
16 618 624 638 716 735 810 817 818 836 854 876 878 885 892 895 909
17 541 563 571 582 595 603 639 648 682 753 757 833 858 864 889 915 932
17 538 544 557 576 588 668 677 693 700 710 724 740 793 817 840 884 925
23 540 567 575 589 644 672 675 678 705 706 732 743 790 796 801 810 815 841 848 850 878 884 932
23 546 558 561 613 615 646 660 679 694 695 711 738 767 795 818 823 858 859 883 894 906 930 939
26 545 551 553 561 575 581 618 627 636 663 681 695 714 736 748 756 772 773 811 813 901 909 912 927 930 940
34 536 541 547 561 566 588 593 594 630 650 659 672 677 680 699 713 741 744 765 771 778 797 808 833 848 860 873 907 908 917 921 931 936 942
22 594 602 605 621 624 633 652 681 728 754 770 796 800 802 807 818 845 865 873 878 914 931
21 558 566 593 647 650 656 685 689 729 748 817 828 876 881 890 894 900 912 931 935 936
14 551 552 618 661 688 695 713 758 776 840 843 847 848 928
14 550 554 575 648 654 686 730 732 742 756 880 906 937 940
29 547 555 564 565 599 600 610 651 671 693 715 751 756 764 767 775 803 810 818 839 891 894 895 918 919 922 923 932 936
24 574 580 585 590 597 598 616 621 624 650 655 662 720 722 727 745 801 815 824 846 855 898 906 943
29 551 564 576 579 591 592 595 643 654 655 660 676 688 692 699 732 758 759 797 809 810 835 837 852 880 884 895 913 937
30 547 586 592 604 606 618 630 632 634 658 670 684 726 729 733 737 741 747 761 778 797 799 802 808 811 866 896 910 929 937
16 555 568 586 598 599 635 680 688 700 746 789 813 846 856 889 932
21 548 550 569 580 594 604 605 606 623 677 736 740 764 845 846 872 898 900 923 925 933
13 658 678 726 740 792 812 816 819 829 861 862 882 892
20 571 574 611 635 640 656 701 713 719 731 757 759 782 813 817 819 856 906 912 917
15 562 565 568 576 588 611 658 689 713 717 758 767 809 848 908
14 550 681 686 706 711 728 740 819 845 868 884 902 906 926
27 554 557 561 577 616 625 632 639 640 668 695 709 744 747 779 785 789 797 810 831 837 866 879 919 920 928 936
18 554 558 604 614 624 675 678 696 710 726 741 750 783 807 813 842 912 921
16 568 577 652 672 691 706 714 745 781 782 810 814 817 835 913 929
14 562 605 635 660 683 736 746 751 757 777 788 848 854 910
18 557 585 630 638 654 689 700 748 754 776 794 826 856 865 893 899 935 936
16 580 585 680 697 739 787 788 797 804 834 851 854 858 862 913 922
18 570 574 575 577 613 629 647 669 696 722 723 729 751 840 862 868 926 942
14 593 611 656 657 660 665 684 689 733 739 765 843 920 930
18 629 630 667 685 693 702 706 710 726 731 751 774 796 809 817 846 864 929
16 575 611 618 657 718 727 747 773 795 810 827 868 882 912 937 938
15 588 599 607 619 627 652 678 733 756 782 805 806 815 840 923
14 584 600 638 674 710 740 761 801 804 821 845 879 908 912
17 587 612 617 664 670 679 681 687 735 752 758 794 860 867 920 929 941
12 564 585 606 631 636 645 671 681 689 766 795 830
18 568 572 619 630 631 679 685 691 709 720 768 769 805 806 810 814 843 913
25 583 590 596 607 622 641 647 653 672 696 715 734 776 777 799 807 829 839 843 857 885 892 903 918 930
16 614 617 636 644 673 711 718 719 757 824 842 862 878 892 895 938
19 587 589 626 656 668 682 692 696 701 704 736 748 809 811 823 825 833 874 875
24 583 611 632 645 654 655 659 685 694 705 713 719 723 732 733 760 771 776 843 853 859 865 907 934
17 580 658 666 667 681 704 706 712 764 797 807 826 829 838 844 851 920
13 601 611 672 673 716 787 818 823 852 869 907 913 930
24 587 608 609 612 616 637 658 679 691 700 714 716 724 738 765 773 789 808 827 831 860 867 903 931
17 576 578 590 620 647 656 734 740 747 751 766 772 868 874 901 922 934
16 593 597 598 612 645 686 712 717 759 777 792 818 819 889 896 938
26 585 586 587 601 612 625 631 654 672 677 681 688 723 736 750 761 830 831 842 858 862 863 889 902 911 930
22 580 609 618 620 632 635 642 687 698 705 716 739 750 760 841 848 869 879 881 882 911 932
19 598 599 603 615 626 633 636 677 679 687 692 696 711 735 773 794 844 913 918
24 578 606 624 625 631 636 651 668 704 725 739 746 763 772 790 814 815 828 853 875 884 898 933 936
25 603 617 643 655 667 675 686 705 708 716 728 764 782 816 822 826 830 834 847 855 878 881 893 922 935
15 586 619 623 642 657 674 685 699 709 762 812 902 905 930 939
21 590 591 594 597 612 626 653 655 664 719 726 746 769 780 817 833 847 849 867 872 923
11 617 703 742 768 800 816 820 829 842 851 911
22 605 622 628 637 666 693 714 735 738 750 753 754 763 777 785 808 866 873 891 926 927 941
20 594 613 615 623 627 645 688 693 707 730 734 742 743 746 765 784 848 851 867 934
15 600 610 645 672 720 721 755 784 817 825 827 877 893 905 936
19 606 610 639 654 656 659 686 698 741 754 764 765 826 837 843 844 872 876 935
20 590 592 624 633 634 640 651 661 681 696 743 753 781 801 822 832 844 845 855 874
20 605 607 621 644 645 656 665 666 702 717 722 725 727 733 743 757 763 800 871 941
16 631 656 687 724 726 773 784 794 805 806 825 827 848 896 908 932
19 597 603 627 666 677 695 708 716 728 736 771 816 827 849 887 902 903 918 934
21 599 608 636 659 673 694 695 697 723 730 765 772 779 801 809 826 844 856 857 917 928
23 596 610 625 629 682 689 692 693 696 706 741 755 771 781 788 805 832 846 851 875 896 915 931
15 616 644 687 697 712 770 797 826 849 861 871 908 911 915 933
23 683 694 698 721 726 729 740 745 749 753 795 808 822 839 871 876 890 895 896 906 921 924 930
16 610 619 639 676 686 688 710 727 743 747 770 774 814 833 894 905
15 597 618 651 707 715 740 748 773 794 815 877 906 916 917 918
16 665 709 715 717 746 758 773 806 817 857 887 909 918 929 939 941
22 611 627 695 704 722 737 750 757 762 785 833 854 855 864 869 871 873 880 886 889 939 941
26 606 610 617 632 633 643 657 666 710 716 729 763 793 815 816 819 852 871 872 876 900 915 930 936 937 940
17 628 636 648 692 695 714 737 747 750 760 764 796 816 843 850 925 937
16 610 620 643 686 704 708 736 774 794 840 859 876 888 909 920 928
17 667 698 724 727 746 768 777 790 816 829 855 864 873 903 912 930 942
19 603 639 660 685 703 706 723 738 752 781 784 791 800 833 835 845 872 884 922
24 611 632 634 637 663 679 681 684 711 731 754 765 775 817 820 846 848 885 896 897 907 914 931 938
22 629 646 669 688 690 699 702 729 751 773 800 820 836 840 865 866 873 875 882 891 918 925
15 680 687 693 708 711 713 733 744 768 804 807 847 881 889 891
17 624 627 646 663 683 690 693 732 744 755 775 833 862 872 891 923 924
22 611 640 655 656 672 690 743 748 758 760 769 784 799 812 830 858 870 873 881 886 887 891
17 622 626 642 644 646 680 683 766 779 808 813 831 845 850 873 878 882
23 620 627 630 648 662 683 687 695 696 712 714 725 734 774 789 803 835 866 899 915 916 917 942
14 614 618 630 640 644 664 687 700 739 740 749 826 831 929
23 625 627 631 657 676 692 716 728 739 768 780 782 791 800 803 838 843 852 874 893 895 899 929
16 648 651 669 670 690 712 717 726 746 753 754 757 775 781 789 870
20 648 668 685 690 692 699 703 737 761 763 785 789 802 822 826 830 840 901 909 932
10 617 625 664 726 786 807 815 820 906 927
20 626 627 655 664 670 683 684 689 694 701 707 771 785 786 800 810 869 880 911 918
13 630 640 645 701 702 709 718 725 813 846 854 913 927
18 646 657 684 694 697 702 709 728 739 751 759 792 832 839 859 920 921 943
13 636 653 682 688 700 722 782 830 856 866 872 901 930
16 624 629 635 653 666 670 704 722 755 781 801 813 820 823 845 850
16 624 638 642 704 713 725 726 738 756 771 779 780 865 881 894 926
22 630 631 632 636 662 675 678 706 724 737 753 754 758 795 823 836 856 872 886 891 908 937
20 629 642 648 656 659 669 675 694 696 750 752 779 783 802 803 821 868 894 909 910
14 625 670 688 691 692 727 732 747 770 832 833 846 921 941
21 646 657 680 682 700 718 737 757 793 796 798 799 821 836 841 850 858 920 925 935 940
15 696 707 721 758 771 787 822 831 866 876 880 888 893 894 902
17 686 711 719 738 743 767 769 784 819 820 839 868 877 880 892 906 917
16 629 640 655 680 762 772 773 793 823 831 872 878 909 912 937 938
10 660 685 777 837 841 857 864 894 935 943
26 632 652 661 663 681 683 716 722 727 729 730 770 775 786 793 817 819 825 843 857 887 889 895 908 909 927
18 633 651 691 696 697 703 707 708 727 797 803 809 820 826 896 911 931 937
19 635 639 643 682 686 721 775 791 805 810 825 828 831 832 862 876 915 917 934
17 638 667 668 673 687 732 741 759 783 788 809 848 917 919 921 931 932
14 634 716 732 775 779 782 787 827 837 851 862 895 912 927
17 644 645 653 677 679 708 775 794 821 834 841 853 856 860 876 880 885
25 652 705 710 713 715 725 736 754 755 771 775 785 788 801 833 842 846 851 876 900 906 910 919 920 932
13 651 657 672 682 708 746 774 780 802 827 898 921 938
15 639 642 649 733 757 781 786 806 812 820 863 882 883 896 940
14 641 651 659 685 708 726 746 782 786 795 848 871 890 938
20 646 664 741 744 762 785 788 796 801 806 808 851 861 863 884 901 914 918 919 929
12 641 644 737 772 777 794 797 813 820 845 878 922
10 671 703 749 760 780 824 886 888 907 917
13 702 719 733 777 778 782 792 793 794 798 799 904 915
17 669 708 748 763 787 795 805 812 821 832 845 853 864 866 914 924 933
19 647 689 697 699 704 711 716 727 754 778 780 781 784 817 828 851 910 919 935
15 656 657 665 666 704 800 805 810 812 824 845 897 927 933 940
19 660 661 676 677 689 695 702 703 716 750 787 790 818 827 838 852 868 884 925
14 670 671 683 707 713 726 742 790 817 833 841 866 868 896
6 717 738 767 790 825 835
14 674 685 701 804 832 841 851 858 895 918 922 924 933 935
14 689 709 775 803 822 823 849 862 863 907 909 926 936 943
8 659 664 713 714 715 785 788 835
12 667 759 793 802 858 863 872 873 874 896 928 934
13 664 701 745 764 775 778 796 806 874 882 904 911 937
10 663 703 739 750 753 755 824 853 879 908
17 670 683 687 698 700 704 719 729 732 744 809 825 833 838 876 899 940
21 668 697 705 715 723 748 761 792 794 805 809 816 824 871 872 882 900 912 918 919 921
15 658 682 699 709 714 728 793 795 843 875 906 907 929 931 934
15 690 717 725 731 743 774 857 862 879 903 907 914 924 927 940
11 696 726 735 757 809 810 833 896 910 915 927
12 691 740 749 800 855 873 880 883 893 904 908 923
16 678 680 683 712 719 723 730 756 762 835 836 840 875 882 897 917
14 681 711 715 747 763 781 807 823 845 869 908 912 934 941
12 695 698 732 775 843 845 858 878 891 902 914 916
17 672 679 682 683 724 727 744 750 764 778 810 822 832 836 845 850 942
16 671 691 707 719 744 768 811 823 851 861 864 877 897 902 905 916
15 669 689 741 753 761 773 792 819 849 866 874 891 908 913 914
14 691 697 710 715 722 759 772 780 789 834 844 863 930 940
8 691 767 782 803 804 878 926 930
8 712 731 743 780 815 827 829 926
11 686 702 723 738 756 850 853 901 909 929 942
18 705 720 760 774 788 822 823 824 826 849 862 897 899 924 926 936 937 943
11 675 702 706 767 804 825 835 858 874 901 916
5 695 786 832 897 943
14 677 702 703 767 777 809 825 831 839 842 858 871 885 938
10 698 734 761 797 835 871 881 892 898 943
18 705 708 763 765 772 774 775 783 787 797 818 834 865 880 900 912 918 929
14 685 689 703 706 719 733 751 781 793 843 872 894 903 906
14 691 706 720 740 752 784 792 811 838 871 872 895 908 916
14 685 737 745 748 749 798 828 836 856 858 884 919 925 927
14 681 685 688 699 712 745 749 788 850 863 901 914 930 931
13 687 700 740 772 774 791 810 818 824 867 891 901 921
5 723 736 759 827 938
16 690 702 707 718 720 738 760 761 763 768 780 786 803 846 863 906
17 695 714 786 793 819 826 829 831 872 877 889 898 902 915 938 939 941
15 694 699 752 782 819 830 874 878 881 883 898 901 902 905 911
6 739 807 809 827 900 926
12 698 726 817 830 854 864 873 885 897 931 937 939
16 708 741 805 811 816 843 850 855 867 875 878 905 918 926 929 940
14 700 710 720 754 773 777 778 793 811 832 849 875 881 937
11 697 717 745 751 779 783 799 844 902 919 922
19 706 708 709 731 742 749 764 786 805 830 833 860 872 893 898 918 920 926 936
12 700 735 745 782 789 817 853 868 870 872 902 939
12 699 710 764 807 822 872 877 880 883 890 923 939
8 717 786 787 853 854 863 873 921
12 697 714 717 735 769 791 817 847 871 874 915 942
11 725 750 758 766 812 840 895 909 915 921 929
15 730 738 758 761 776 777 780 796 798 799 820 841 884 895 897
14 702 730 757 777 780 794 839 843 844 853 905 910 918 939
9 704 706 713 740 810 852 861 892 939
7 708 732 765 780 789 857 896
11 705 789 793 795 833 870 871 907 921 926 930
10 771 794 797 808 824 850 921 922 925 941
22 714 717 718 720 721 729 778 785 799 806 812 813 818 825 827 829 842 874 884 890 899 911
16 735 737 753 758 761 769 794 825 851 856 857 896 911 918 927 933
13 711 729 759 790 799 814 826 834 881 904 907 908 914
14 727 740 756 802 814 832 838 867 882 897 900 911 915 925
14 743 744 749 750 773 794 809 816 870 894 895 899 902 918
11 722 740 782 788 812 823 843 872 889 905 927
16 733 743 780 784 803 808 812 813 824 834 838 868 871 884 898 930
12 796 799 806 815 824 827 838 858 862 901 904 920
13 713 719 729 744 754 776 796 802 808 828 829 884 887
9 715 729 745 782 824 877 908 913 939
10 736 753 788 796 826 841 850 853 878 905
11 741 754 764 802 816 817 829 875 897 899 929
7 745 802 816 820 878 880 939
12 732 736 771 778 782 869 873 876 880 901 926 938
10 732 763 767 775 814 832 840 876 896 915
15 731 757 773 778 781 802 837 840 847 852 859 860 879 913 933
9 759 788 789 796 828 842 843 849 896
5 724 761 795 874 898
11 732 740 743 764 781 797 799 819 878 896 907
12 740 741 746 798 817 830 882 899 906 917 929 935
12 727 732 744 756 818 858 868 873 878 880 915 931
12 796 809 815 839 844 855 860 868 870 886 898 925
7 793 803 804 845 900 936 943
11 743 762 774 790 793 810 820 849 888 915 931
10 728 750 756 762 816 819 835 855 859 938
6 732 817 825 833 840 872
13 732 753 762 763 783 799 804 826 836 843 875 877 892
14 738 760 765 806 825 835 869 894 899 901 904 913 934 939
4 784 811 825 853
8 733 739 784 791 796 838 854 925
8 735 753 782 807 870 871 888 920
4 790 888 913 931
12 768 792 806 825 829 844 855 878 883 902 922 933
8 739 818 842 860 886 897 913 932
12 739 810 813 819 837 841 860 877 885 911 913 920
10 749 753 761 771 775 793 839 902 908 920
6 782 845 849 856 876 918
11 765 776 791 832 848 852 885 887 917 918 941
9 747 760 776 803 863 883 895 920 923
7 821 838 843 846 869 899 924
9 780 795 810 826 847 864 868 893 942
8 779 787 799 825 849 854 877 915
13 749 751 759 760 780 792 809 812 819 828 839 899 940
17 759 765 770 790 794 818 820 830 833 863 875 876 902 911 919 933 940
9 749 776 793 802 814 884 890 896 924
12 788 807 812 821 823 826 838 874 885 888 892 934
9 776 781 812 815 856 899 914 926 927
8 771 802 818 827 849 859 901 905
13 770 772 780 795 797 798 799 813 822 827 882 889 929
8 796 813 817 828 839 871 882 891
9 770 839 841 870 880 903 913 921 932
6 807 817 870 874 892 914
11 767 800 802 826 841 851 877 892 899 919 935
6 770 813 835 866 871 894
11 775 794 856 874 876 886 920 926 928 938 942
13 772 773 805 829 832 840 882 896 909 924 928 939 943
12 760 774 803 812 855 857 878 879 884 919 920 930
7 781 796 852 872 890 908 923
7 765 795 838 839 861 918 939
7 775 783 840 853 885 888 921
9 785 787 804 858 863 882 902 908 915
10 814 835 849 884 898 902 915 919 922 925
9 775 835 842 847 850 855 860 930 934
11 801 814 843 851 859 878 881 914 916 924 936
6 789 791 864 902 926 930
10 793 797 833 851 852 877 881 904 924 930
11 785 825 838 844 845 848 882 901 914 923 932
11 779 781 793 851 859 862 863 871 917 921 924
7 796 809 830 862 879 882 898
12 778 808 826 835 849 866 872 923 927 929 938 939
11 811 833 856 878 890 891 897 904 924 926 936
8 796 801 830 832 833 850 890 935
8 776 795 820 827 847 862 883 912
10 783 785 790 798 800 833 852 855 913 920
8 807 812 814 821 842 880 888 916
10 805 813 815 817 853 870 880 907 909 935
5 844 869 903 904 907
8 787 802 839 866 897 919 936 938
7 786 807 847 870 886 908 919
5 816 828 846 867 887
8 788 805 807 835 849 871 884 908
8 795 797 823 827 828 855 868 922
11 827 849 850 865 867 869 875 883 890 922 932
6 793 813 821 842 855 914
6 803 832 837 854 859 926
11 794 811 825 844 855 857 866 876 899 931 938
9 800 807 818 838 895 898 916 924 925
5 808 835 836 865 902
7 806 807 813 832 870 917 937
7 793 863 874 924 932 934 936
8 808 839 841 891 896 907 921 924
6 796 801 829 840 913 914
7 805 808 862 870 884 902 913
6 863 867 873 890 928 943
14 799 801 813 819 832 833 862 866 870 894 897 913 914 927
8 799 800 812 815 836 841 889 941
6 817 891 916 919 938 943
12 803 824 825 830 845 856 858 886 909 918 931 939
7 816 851 852 877 881 896 942
11 803 807 812 832 855 862 875 902 905 926 936
9 820 833 844 856 875 879 891 901 913
2 826 898
8 814 828 840 864 890 918 922 929
7 820 828 851 865 866 904 933
8 811 854 861 889 905 915 930 936
3 841 842 869
6 821 851 853 888 917 930
9 821 827 844 854 877 886 888 924 933
8 826 829 836 849 852 863 879 942
5 844 860 899 915 943
5 832 886 903 904 936
9 828 840 846 848 867 875 891 898 905
6 857 858 890 899 911 942
4 823 869 917 937
7 823 884 892 912 915 932 940
3 851 915 939
8 840 857 871 881 895 910 928 930
5 853 860 883 898 934
7 827 858 859 862 887 914 919
6 840 843 876 904 917 922
5 850 855 887 916 927
6 832 847 856 858 925 941
1 840
3 849 888 933
5 842 845 885 892 902
5 831 846 874 884 934
5 884 907 919 936 943
5 837 874 885 892 902
5 851 882 903 917 941
7 843 848 851 868 878 911 943
2 855 900
4 895 896 899 932
2 851 900
8 837 849 851 857 871 873 878 912
3 869 874 920
11 846 849 852 862 872 878 880 893 914 934 943
1 918
5 890 901 904 913 917
6 870 912 918 920 922 940
2 872 890
8 852 861 887 908 912 915 919 920
3 846 864 890
4 850 856 857 893
7 882 893 896 904 906 920 923
6 872 891 907 912 923 926
3 853 885 934
4 855 903 923 942
6 857 901 911 913 923 927
4 894 906 926 942
4 872 909 910 931
3 870 872 930
3 896 932 935
3 869 893 894
4 863 890 919 938
6 864 870 896 897 935 939
5 863 871 878 881 919
6 870 896 906 907 942 943
4 861 864 871 886
4 878 879 884 934
3 873 915 937
4 870 873 897 907
2 907 937
1 866
1 916
9 880 883 895 905 919 921 928 932 935
1 881
8 871 878 879 882 888 905 930 932
2 888 919
1 907
3 880 889 892
3 894 901 909
3 885 901 930
1 927
2 923 932
6 883 896 916 923 938 940
1 941
3 926 930 931
2 904 929
5 915 924 934 936 938
1 888
3 908 921 930
1 919
3 933 934 940
4 910 925 932 939
6 891 906 919 927 931 941
3 892 902 911
3 920 921 922
3 919 924 930
3 914 934 943
3 905 919 939
3 897 934 939
1 927
2 912 924
2 900 914
2 899 903
3 931 937 940
2 902 939
2 915 928
4 908 918 920 921
1 915
1 923
1 925
2 909 926
3 914 928 943
2 913 943
1 922
3 928 941 942
1 916
2 916 939
0
1 939
1 922
1 920
2 919 932
0
0
0
0
1 937
1 924
1 931
1 932
1 929
1 927
1 937
2 933 938
0
0
1 933
0
2 934 943
1 935
0
0
0
1 942
0
0
0
0
0
