591
33 4 10 63 68 81 97 130 149 150 164 192 271 279 281 284 319 331 334 352 364 392 407 411 441 447 524 540 555 567 577 583 584 588
22 98 109 119 178 192 213 217 249 312 329 336 339 365 379 472 474 484 523 534 551 558 566
31 21 27 31 41 81 84 92 106 143 156 157 182 185 197 205 226 256 260 263 287 327 333 336 345 397 402 411 500 521 529 551
23 43 59 93 112 133 138 186 222 241 243 255 265 300 341 379 421 425 460 513 536 553 560 563
27 6 9 11 31 34 54 141 144 174 179 192 196 236 263 279 292 295 301 317 322 326 351 377 378 423 454 536
24 15 27 63 67 104 146 165 223 228 280 307 373 374 394 429 446 476 500 520 527 528 531 547 569
27 55 61 98 116 140 152 153 172 178 181 242 259 289 319 345 412 414 471 472 481 485 486 487 490 491 512 550
23 40 49 64 70 115 128 159 167 173 202 228 264 279 379 448 449 458 465 469 474 492 528 565
26 16 27 54 66 67 115 133 141 181 185 211 243 247 323 368 407 420 436 476 501 525 526 555 570 576 588
30 33 35 90 106 112 120 127 131 212 227 247 253 303 307 318 321 327 347 359 360 400 401 428 434 440 491 494 524 535 589
32 16 25 38 54 64 81 93 110 128 177 195 226 231 242 256 285 292 351 367 372 380 400 420 436 467 470 499 518 551 560 562 588
23 23 33 83 96 109 132 155 169 177 201 216 275 280 327 354 449 514 526 540 546 548 555 563
28 18 19 54 56 108 149 164 193 196 274 277 286 303 312 317 328 341 348 385 389 409 431 433 458 463 472 498 539
23 40 50 68 142 181 186 246 279 280 317 355 372 382 388 412 421 472 487 515 534 535 548 580
27 18 43 50 68 74 89 126 133 134 138 139 157 185 247 253 282 290 292 347 354 395 400 427 448 454 464 563
27 17 57 84 85 150 151 191 213 223 233 289 290 291 358 380 395 432 472 482 497 498 513 551 562 564 572 585
29 34 38 59 71 121 134 182 193 204 207 211 238 241 248 255 282 283 284 300 312 361 400 465 498 499 522 568 580 583
38 57 58 64 71 76 86 111 138 161 166 169 194 217 226 246 250 264 270 276 308 315 316 330 349 356 359 398 404 410 417 459 471 479 522 527 555 565 582
29 28 85 116 135 142 153 155 157 180 181 183 196 201 272 283 292 328 359 386 409 426 440 450 482 489 506 516 527 588
31 30 44 70 71 78 104 133 141 144 172 183 214 238 242 275 280 292 298 322 336 356 365 393 396 439 475 477 512 531 559 581
30 29 38 64 74 102 138 164 168 185 207 236 274 296 301 332 336 363 391 396 403 421 435 491 498 508 532 563 575 577 589
27 26 33 58 75 84 86 90 100 101 121 136 152 156 247 303 326 377 389 392 434 449 454 470 486 500 531 570
28 54 80 92 94 134 161 211 228 253 258 261 262 263 277 299 306 315 403 405 410 424 434 439 456 460 511 515 581
27 104 128 142 152 173 177 196 202 214 280 285 294 312 329 340 348 360 380 405 410 426 461 473 552 562 563 576
32 58 96 103 128 147 149 180 181 200 204 245 270 281 285 308 338 343 345 349 372 412 425 430 454 476 477 505 516 540 541 564 581
27 39 51 56 61 79 93 100 159 178 196 197 203 218 231 270 294 301 326 335 367 374 407 414 476 518 520 572
29 35 49 59 118 138 140 179 227 245 247 260 268 274 302 322 347 366 374 381 409 419 441 444 473 478 491 510 541 554
19 50 95 103 106 193 342 343 344 354 367 404 437 454 477 496 504 523 549 587
32 80 82 85 92 120 131 132 137 150 183 203 219 220 241 242 251 259 289 365 366 390 401 436 465 470 479 492 524 562 578 581 582
35 56 74 82 88 89 93 135 140 141 143 164 168 173 174 189 195 200 207 213 243 277 288 305 315 317 331 345 366 390 408 418 430 435 480 552
20 77 93 129 144 172 205 220 232 260 275 332 387 389 408 411 433 500 527 546 574
18 56 88 135 141 158 161 198 210 235 243 348 365 383 441 448 503 530 567
24 56 105 107 161 188 203 210 225 256 281 318 354 377 394 400 420 438 458 471 539 541 556 567 572
30 52 62 78 133 142 150 179 189 201 213 242 303 327 338 349 376 383 404 410 433 444 465 477 490 494 503 507 539 540 563
28 46 65 76 113 117 121 146 181 193 227 230 274 287 289 302 305 319 387 407 419 421 474 475 494 514 520 525 582
30 48 66 74 78 88 103 119 151 154 234 241 248 251 253 264 272 300 312 313 353 367 372 430 464 514 515 528 547 572 580
37 44 78 98 100 108 122 216 221 229 246 256 302 306 307 313 320 335 348 351 356 373 385 391 409 414 433 439 506 511 523 551 563 565 571 578 584 587
29 58 63 93 97 108 112 132 149 159 165 175 179 188 255 289 304 353 369 386 425 454 461 500 505 520 540 575 577 581
21 49 89 111 165 169 207 209 258 263 310 330 347 382 391 435 442 490 504 518 533 583
24 86 89 122 131 144 164 218 228 276 283 284 326 328 359 365 379 407 432 472 475 488 492 517 573
30 58 119 142 145 223 247 250 253 255 258 276 293 327 338 341 393 401 449 472 485 501 512 518 526 556 570 571 575 576 586
27 90 98 110 142 155 159 190 217 284 311 326 330 348 373 386 425 434 456 463 472 473 500 511 525 538 547 578
33 60 66 67 74 88 143 146 157 167 197 214 217 224 225 234 252 253 298 311 345 350 384 393 402 424 434 453 466 485 495 552 556 562
31 47 58 59 62 78 109 117 143 161 187 195 196 244 251 285 306 319 331 348 368 444 453 475 488 500 522 555 557 558 565 590
31 61 62 82 93 103 106 124 144 166 176 179 211 227 228 238 264 265 295 351 386 395 399 422 426 428 464 480 497 529 553 566
29 51 95 126 165 181 182 235 246 281 285 296 306 346 354 391 396 407 409 426 442 465 507 518 554 556 565 574 576 578
31 59 66 80 92 126 144 171 177 179 180 187 192 234 278 313 322 345 353 359 371 397 398 434 477 511 516 530 533 538 560 563
30 82 118 154 183 204 207 213 216 231 232 250 251 274 318 344 370 377 379 399 403 429 430 446 471 492 504 510 519 530 555
22 56 114 122 150 184 210 219 223 230 261 279 281 286 288 289 331 358 369 419 448 491 564
27 71 108 151 156 188 200 201 215 242 247 248 267 269 341 351 360 420 421 425 436 450 464 474 481 521 571 581
21 65 118 262 295 306 350 358 361 383 384 385 395 400 403 405 424 455 469 474 507 567
21 57 62 104 194 250 254 278 279 285 314 336 342 425 429 449 472 486 493 527 571 589
30 65 110 133 140 185 193 194 232 252 294 327 340 355 374 385 386 396 405 412 417 445 449 450 482 495 497 501 517 525 577
30 56 61 75 102 116 120 124 170 192 203 235 250 284 288 304 309 340 357 379 385 405 432 438 517 529 535 576 579 581 589
26 105 114 130 145 161 168 186 223 225 238 264 285 288 352 354 375 382 389 393 397 401 431 470 501 530 563
37 56 66 74 81 82 119 133 137 146 155 165 174 178 209 210 244 258 283 301 321 366 378 392 406 413 424 431 432 463 469 475 502 508 511 524 569 584
38 61 157 158 170 194 210 222 230 231 232 235 240 245 275 296 307 317 337 371 379 390 396 422 428 432 434 464 466 475 480 483 486 492 495 507 517 540 565
39 63 74 86 116 118 124 134 162 178 189 200 207 221 223 232 251 255 263 267 288 300 337 340 360 367 385 421 427 431 432 441 445 537 552 553 557 564 577 590
23 86 153 171 186 202 236 240 287 290 293 307 312 320 330 382 403 449 519 556 558 571 579 581
39 77 81 82 117 169 181 209 214 220 232 237 241 250 252 257 291 292 295 313 315 317 338 351 352 358 362 378 397 418 490 501 518 521 527 531 534 536 571 572
24 72 108 112 118 155 226 232 260 268 271 278 290 293 308 321 354 393 402 437 475 503 520 534 546
26 73 87 105 123 126 133 138 147 166 186 206 229 269 279 331 339 356 376 445 448 508 515 523 552 561 569
23 120 143 158 209 238 286 299 310 336 360 362 373 393 402 408 460 462 467 477 525 532 533 560
30 80 139 159 164 172 185 208 215 216 226 258 283 307 312 326 342 343 356 359 363 381 476 479 482 524 547 565 567 586 589
23 104 121 123 152 191 204 228 236 261 263 275 286 296 326 329 359 371 399 420 436 472 509 553
20 96 109 132 149 170 222 230 256 260 309 352 407 415 452 466 489 504 548 579 590
39 86 110 127 134 136 141 165 169 194 215 217 235 248 268 277 290 312 319 364 376 391 397 424 439 448 471 483 488 498 500 524 526 534 538 544 560 568 579 585
17 87 193 205 251 268 273 350 408 446 464 475 480 532 533 573 581 589
16 90 102 151 179 184 198 218 236 256 281 318 344 349 356 385 387
25 78 91 100 103 105 125 201 209 238 280 299 310 325 331 344 382 384 402 410 422 426 450 516 547 570
24 87 115 117 126 134 167 174 193 198 266 284 285 299 300 363 378 412 419 459 468 558 562 585 588
29 72 91 100 161 182 186 266 305 327 329 335 351 384 402 413 416 424 429 456 465 467 473 498 534 547 550 562 582 583
25 76 84 106 118 129 135 170 186 200 216 240 257 288 319 331 395 397 406 417 429 441 491 499 514 531
17 108 142 147 200 217 301 316 334 338 342 413 417 449 485 565 583 589
26 82 87 104 107 145 211 214 216 257 268 276 297 303 318 328 335 357 438 473 478 479 487 547 570 583 588
32 77 78 117 155 168 207 214 248 259 295 325 337 349 365 366 373 386 400 402 413 434 450 460 478 480 493 522 528 550 553 561 577
17 97 107 110 118 127 130 150 179 220 329 331 351 367 443 538 543 565
33 80 135 138 143 153 159 167 187 195 202 205 223 251 253 261 263 280 300 302 325 340 341 355 375 382 387 399 402 440 545 558 559 572
31 82 84 91 116 140 169 197 206 223 234 240 262 286 302 337 354 356 371 381 419 440 445 460 504 514 520 523 526 539 547 568
26 81 116 124 145 165 173 191 209 228 241 253 254 277 285 302 320 335 378 393 414 432 434 440 442 458 542
33 96 105 126 127 143 170 204 208 213 247 253 265 271 274 290 292 328 335 348 349 352 353 359 387 401 447 461 483 485 510 517 528 560
32 84 97 105 113 115 126 132 149 159 181 195 202 239 300 302 325 326 368 377 378 385 400 436 439 445 482 501 537 545 560 566 582
25 87 96 98 137 156 167 190 201 240 259 264 285 376 381 382 393 418 433 439 505 535 560 565 570 572
27 98 119 128 132 135 227 236 241 276 292 313 338 352 371 375 385 413 437 500 507 521 533 538 546 559 571 584
24 104 140 152 164 197 199 203 222 228 234 277 296 344 354 366 382 395 397 404 459 470 479 506 522
30 97 167 185 205 211 226 232 236 269 309 311 328 338 341 408 412 427 438 452 461 479 491 502 504 509 514 515 525 534 543
33 141 152 175 176 201 207 239 247 249 280 283 310 319 364 372 397 406 430 435 454 458 468 470 471 489 499 513 518 527 556 577 579 580
33 94 98 129 134 155 158 182 185 193 202 220 241 258 267 287 324 334 342 360 365 385 407 423 444 466 467 475 479 480 500 522 529 570
24 158 192 194 199 202 211 215 277 284 287 315 324 330 336 360 361 422 423 425 515 549 551 566 573
24 108 118 121 180 183 221 224 232 247 261 282 285 288 315 345 386 402 444 486 519 531 537 567 573
28 99 105 111 206 245 246 247 255 269 283 284 322 326 337 361 373 388 407 417 418 449 457 486 503 542 544 559 586
21 158 160 193 261 288 300 301 342 349 350 356 369 394 401 469 471 494 495 508 565 580
24 96 131 145 167 182 189 200 250 266 280 308 309 318 321 325 332 375 377 393 397 408 431 488 562
28 103 143 176 178 191 228 232 241 243 315 321 352 360 418 441 442 445 453 458 461 481 488 519 547 557 559 578 580
17 127 163 227 242 258 295 336 353 366 373 424 447 461 469 501 513 573
28 120 174 180 184 194 201 206 208 239 244 256 302 303 304 306 319 321 358 360 368 370 379 388 463 506 526 558 589
26 97 117 135 150 151 155 204 232 250 252 257 261 265 284 352 358 434 439 469 486 495 510 524 546 556 571
18 135 153 155 196 209 211 226 261 278 297 301 372 374 377 382 428 584 590
27 142 166 191 226 249 257 278 283 301 312 313 318 327 333 351 386 390 439 455 466 470 477 523 550 566 570 571
22 121 190 196 246 263 269 280 283 295 319 362 381 392 415 461 475 544 546 554 569 580 585
21 117 133 142 171 199 246 265 275 276 330 415 428 438 508 559 560 565 566 574 577 585
19 156 187 206 221 231 232 235 236 244 251 263 264 307 334 383 392 434 444 529
25 113 131 133 173 194 230 234 256 313 323 345 349 359 370 430 431 440 474 486 530 535 549 563 579 589
26 120 131 160 192 194 215 231 232 236 304 326 357 393 397 410 436 449 450 452 469 493 519 522 543 562 574
17 128 162 165 166 180 191 221 233 272 311 348 395 396 440 555 575 576
19 153 158 166 176 195 197 213 251 262 332 359 362 369 372 401 403 433 448 505
31 112 132 142 151 154 166 167 168 191 210 217 237 253 259 290 302 329 338 370 390 397 422 438 445 469 486 533 536 558 570 579
20 112 142 147 154 160 169 253 272 274 313 323 348 353 385 408 413 416 423 460 491
20 125 162 218 235 271 286 337 371 415 429 431 453 458 471 474 482 498 527 568 578
23 126 167 179 241 243 250 252 267 274 307 324 329 352 372 451 485 489 500 505 536 542 573 589
21 166 184 188 190 191 220 226 252 281 311 329 337 401 408 462 477 502 511 573 584 587
25 129 134 135 148 160 179 187 207 213 252 271 281 304 312 342 351 412 418 460 462 503 521 534 571 575
22 114 123 144 145 159 188 198 230 287 293 309 320 353 371 407 413 414 440 441 454 524 543
26 118 138 147 154 158 169 185 191 194 195 204 206 228 229 242 286 299 307 311 376 386 521 537 543 569 590
26 134 135 142 163 225 279 288 308 313 315 319 323 356 367 410 415 416 466 488 495 519 526 545 564 583 584
17 200 202 227 244 307 313 359 380 391 394 410 413 456 481 529 535 584
21 153 173 193 200 203 281 282 289 292 295 308 332 342 373 379 423 425 507 512 553 579
21 127 140 147 184 230 235 241 277 304 325 345 346 408 478 487 496 509 522 539 575 588
27 139 148 183 195 220 227 236 246 249 280 286 292 308 359 384 399 406 411 424 476 499 520 548 562 564 573 580
23 122 137 159 173 174 224 225 233 249 257 282 408 423 481 482 498 507 513 528 537 540 564 566
25 124 132 153 158 180 190 210 234 236 256 262 283 303 331 363 367 377 379 402 414 441 455 466 490 532
28 139 158 164 167 180 181 220 239 261 301 322 360 362 364 415 430 443 444 446 483 487 500 516 546 548 558 562 575
24 129 138 139 150 182 193 205 223 241 245 246 286 289 321 389 398 399 400 403 459 473 506 528 563
22 167 176 202 218 249 253 265 272 307 326 333 362 384 386 387 401 481 500 516 531 543 564
19 131 178 245 258 264 272 300 301 313 346 356 370 386 433 450 462 554 556 587
24 146 152 160 161 171 196 199 208 228 229 266 307 336 341 346 351 407 438 469 471 486 498 500 571
15 152 161 193 221 245 289 315 347 361 365 375 387 451 472 485
15 148 160 164 171 256 264 300 356 388 427 464 471 514 517 570
31 142 163 167 168 186 188 202 204 210 222 248 255 301 302 306 312 359 363 365 388 401 475 478 479 484 503 505 508 527 580 581
21 139 153 166 173 184 218 230 294 324 330 361 364 380 388 430 445 487 530 551 589 590
29 137 147 199 201 202 206 216 223 230 236 255 283 336 355 357 373 377 382 412 413 457 488 493 494 497 498 501 513 521
21 140 150 201 225 257 260 309 377 417 431 462 463 466 471 480 504 510 562 564 570 580
15 186 206 208 241 245 375 384 396 408 436 457 458 487 533 573
21 164 193 194 220 235 236 258 269 283 287 288 300 326 349 366 368 437 440 451 500 534
21 142 147 173 198 238 274 281 290 303 321 326 333 403 418 455 499 524 525 533 553 561
19 146 161 170 178 236 281 301 343 357 364 460 465 496 529 535 540 547 549 562
27 164 183 188 191 217 225 234 264 284 286 287 295 324 345 376 386 406 440 470 482 493 497 498 507 536 565 572
22 194 238 256 267 270 307 319 324 351 370 377 382 394 434 442 471 475 519 538 542 563 569
25 158 172 203 217 221 224 229 237 259 298 301 307 333 342 376 400 421 462 463 481 486 530 534 556 562
26 141 143 161 191 201 209 227 249 283 293 311 317 338 362 384 433 446 458 489 492 495 504 534 538 545 589
17 145 164 191 236 243 254 301 309 341 343 370 421 465 508 525 543 586
19 152 203 211 213 237 238 266 270 302 390 448 449 460 512 520 545 557 563 580
25 152 177 188 201 208 221 225 249 259 285 289 290 295 330 332 333 441 443 448 484 496 508 534 569 575
25 154 169 178 182 218 225 251 264 265 286 297 307 318 340 362 369 380 406 421 458 459 495 541 551 552
25 148 155 179 197 232 234 236 261 309 318 341 364 373 380 392 414 421 451 452 477 493 531 551 561 578
18 236 237 238 239 246 263 307 346 388 433 434 446 505 520 522 528 558 577
25 148 173 175 183 188 212 219 277 300 311 325 376 382 406 455 460 483 484 528 533 534 535 542 564 578
15 165 208 238 286 297 311 357 381 389 433 434 479 528 542 550
24 167 190 207 229 232 235 239 241 286 287 289 292 373 376 410 433 435 449 495 516 522 539 551 559
25 156 169 193 222 249 260 275 281 288 314 320 340 391 397 440 450 475 507 515 520 543 548 553 587 590
20 156 179 181 203 214 235 237 243 299 332 338 419 436 441 488 543 545 560 579 584
17 156 162 195 202 204 225 234 238 256 259 313 353 381 431 476 490 509
18 180 184 194 214 219 272 276 287 303 374 394 433 453 498 504 559 564 584
23 171 185 204 218 238 243 255 257 275 310 317 320 335 393 466 474 494 496 514 518 520 563 564
31 163 208 210 226 238 247 250 251 268 283 315 340 352 358 373 379 382 383 397 407 430 431 449 450 479 516 533 548 581 583 584
20 196 223 237 263 265 346 367 375 376 400 415 418 422 429 447 454 498 515 539 569
18 205 267 298 309 315 321 324 340 374 427 472 477 495 512 532 548 564 583
9 236 391 400 422 450 472 540 548 569
22 214 227 229 237 276 280 296 316 339 348 392 409 440 462 490 513 518 519 543 548 560 586
22 208 210 276 278 290 301 323 334 355 371 372 392 452 469 477 513 530 538 562 575 583 587
19 173 178 198 260 301 338 339 378 392 403 405 427 430 458 471 495 519 533 575
22 165 206 209 244 261 306 312 315 351 354 363 372 447 480 500 529 545 547 555 565 580 585
23 172 225 229 244 246 260 277 331 337 341 345 398 402 403 407 424 495 502 506 567 585 587 589
21 168 182 192 202 244 257 317 326 409 415 441 462 466 472 482 491 512 513 530 533 535
22 172 198 235 253 269 275 279 284 286 306 356 399 403 415 422 432 436 483 494 533 539 579
20 172 198 202 212 279 310 379 381 405 422 440 441 444 448 478 505 523 531 540 581
15 171 204 205 220 228 291 297 323 325 358 386 403 427 437 545
38 171 172 175 189 192 227 246 248 253 280 284 285 286 302 308 315 317 324 327 345 363 390 394 429 430 447 458 463 469 470 479 532 539 543 548 569 571 572
23 174 175 178 183 232 251 253 286 311 348 389 398 401 421 426 441 446 466 496 507 521 534 584
21 193 199 200 205 236 238 240 243 257 266 310 314 319 324 352 359 489 558 573 576 584
21 255 273 276 281 284 295 347 364 451 478 480 484 497 502 504 538 547 556 564 574 583
25 193 200 208 246 272 279 329 355 363 364 366 398 425 426 444 457 470 473 479 488 492 495 554 556 562
23 177 193 196 199 228 246 262 271 277 314 334 335 350 365 370 392 408 435 476 507 512 536 543
26 189 201 215 237 239 253 290 309 349 369 374 420 421 436 443 456 482 485 493 508 521 524 547 564 569 572
15 199 203 216 229 237 260 278 342 365 372 439 453 454 532 568
17 198 208 278 283 296 319 335 346 358 367 372 375 476 486 489 518 582
20 216 218 236 240 258 322 325 383 387 405 416 424 429 432 451 489 501 507 533 555
17 198 234 249 285 288 298 318 320 339 352 361 379 415 444 556 570 573
21 214 225 238 256 267 269 273 277 362 369 374 375 386 392 433 455 466 509 518 575 589
15 184 206 273 278 285 288 321 331 349 367 369 477 502 511 561
15 189 224 225 240 275 311 352 384 389 402 414 449 455 489 527
14 183 253 294 335 337 341 342 412 432 444 505 521 535 554
23 207 220 222 227 255 323 328 335 363 364 386 392 407 434 436 437 491 500 544 546 554 556 570
27 186 202 204 216 264 270 271 273 276 347 369 388 418 431 453 455 482 489 499 505 543 550 557 558 561 583 585
14 233 263 306 309 324 344 348 367 392 414 475 507 524 551
19 201 211 218 225 251 274 297 317 320 338 364 370 419 440 501 506 547 565 570
17 213 214 218 224 254 255 264 321 345 377 380 431 517 522 570 572 582
20 215 217 241 255 298 323 326 340 359 390 402 444 456 459 465 480 482 497 527 568
28 200 218 229 239 252 266 274 276 298 314 395 397 404 429 430 443 454 468 491 496 501 516 527 539 544 567 585 589
21 202 205 214 239 257 272 309 378 389 421 424 434 436 442 513 517 527 532 537 546 565
19 193 209 217 249 258 274 280 286 287 315 349 364 396 407 430 455 461 481 515
15 210 235 243 274 280 290 295 348 350 409 422 429 486 528 564
23 201 220 229 270 285 292 311 333 362 381 417 446 447 450 463 494 509 511 515 522 527 580 581
27 198 204 227 233 331 347 361 362 393 406 413 421 427 440 448 450 453 458 462 493 501 516 539 543 566 575 585
16 211 255 263 311 343 393 418 438 440 451 494 521 561 567 572 576
19 203 209 223 235 249 292 365 366 374 386 405 420 430 434 445 518 536 570 573
17 212 255 258 259 310 348 352 360 370 388 416 420 458 535 573 578 590
23 202 204 237 240 251 313 324 336 374 381 392 393 395 415 426 431 441 467 497 517 534 554 565
26 218 249 279 281 283 291 301 304 305 315 367 388 428 432 437 444 452 457 460 463 475 496 538 545 559 576
20 201 206 235 266 290 299 348 352 370 376 391 396 410 416 428 447 459 522 570 571
25 220 224 248 274 284 291 319 325 375 376 385 388 398 401 416 430 438 444 505 511 518 562 573 585 590
29 219 226 229 233 238 250 309 316 317 322 323 379 394 397 412 434 440 446 483 511 517 521 523 533 536 547 553 564 569
19 226 231 245 277 281 301 315 327 349 360 377 381 428 430 504 531 545 556 584
22 236 240 247 255 295 323 324 347 355 432 438 454 463 470 476 482 492 496 508 530 557 566
17 228 239 263 280 281 289 290 301 308 371 390 392 408 442 448 464 479
18 237 241 291 292 394 405 441 451 455 494 502 539 543 549 552 555 568 590
13 223 278 347 364 380 401 469 472 502 533 544 573 589
17 221 232 291 357 361 379 384 401 427 433 436 463 473 494 500 524 548
14 276 281 286 298 336 337 345 352 378 401 466 504 510 518
19 224 225 258 265 296 297 342 351 374 412 439 451 462 473 495 498 551 563 584
22 214 230 253 263 289 297 298 317 320 325 326 330 343 365 375 416 435 468 485 506 556 580
15 244 252 274 307 312 357 410 451 470 512 515 516 536 566 587
9 356 439 452 477 491 515 547 561 583
22 225 249 259 293 313 326 335 343 347 359 366 384 399 467 475 482 498 501 502 556 574 580
29 228 243 250 254 265 268 272 295 344 373 379 387 389 399 405 419 433 435 441 474 488 489 498 536 543 545 552 559 575
25 230 237 252 256 260 291 298 317 321 322 324 356 367 379 382 430 435 465 478 495 535 542 544 558 583
17 221 224 244 249 274 329 330 346 351 352 368 394 403 415 442 485 493
23 233 245 263 306 313 321 324 337 340 349 373 389 405 408 432 483 485 503 517 527 566 568 571
14 226 275 276 306 343 371 388 402 426 461 477 504 513 556
17 254 259 283 325 345 347 359 364 383 406 408 450 488 499 521 569 585
22 232 241 247 307 311 337 352 356 369 373 379 388 397 413 453 461 472 516 533 545 550 558
14 240 255 256 317 349 354 405 426 473 487 544 547 561 567
16 231 242 247 248 267 321 335 352 362 364 395 441 450 454 470 508
26 234 263 265 279 287 288 297 325 391 403 416 442 443 445 456 460 479 483 485 486 487 514 538 552 563 571
20 248 259 267 268 284 333 348 351 355 384 398 411 424 431 444 452 464 506 539 557
23 231 258 265 296 299 305 316 335 348 358 362 376 402 408 419 429 463 470 471 472 526 550 568
18 239 274 333 357 372 380 395 400 421 425 453 470 483 492 521 559 570 580
26 259 260 280 291 292 296 306 320 348 353 360 363 367 369 382 394 411 412 414 450 498 505 518 551 552 556
10 266 320 375 383 412 432 459 528 535 564
24 254 255 276 291 297 323 328 332 372 376 392 403 418 419 421 426 462 467 481 482 493 559 586 589
18 251 324 371 378 410 414 433 437 462 482 487 512 517 545 548 553 559 582
28 236 244 246 266 272 273 297 315 338 350 374 380 446 459 463 478 485 490 497 518 521 523 525 531 541 548 549 550
14 278 306 324 346 350 367 387 424 429 534 537 539 551 555
12 329 348 366 369 372 380 421 441 471 507 546 560
17 262 287 288 313 327 389 397 412 426 441 477 485 530 533 553 576 580
25 236 265 294 315 316 337 340 358 362 372 393 398 400 404 418 437 449 454 471 499 507 512 516 537 538
16 239 249 252 268 273 324 363 416 442 447 485 497 538 547 548 587
17 240 253 271 279 306 312 327 359 386 389 406 437 443 444 445 517 573
23 258 316 361 362 372 378 400 407 409 418 436 442 463 468 482 499 500 528 558 560 569 583 587
11 278 308 327 331 361 380 452 463 477 485 569
19 261 285 289 308 314 322 323 344 362 382 392 398 495 508 530 540 565 566 584
16 246 248 252 286 314 316 384 388 399 413 418 453 463 489 503 583
15 253 273 278 293 381 394 487 496 509 514 526 530 538 550 559
18 265 270 274 354 359 367 374 377 378 413 453 455 490 544 556 563 565 568
25 263 279 282 291 299 310 319 324 326 333 350 353 363 365 369 385 401 406 412 419 471 492 524 542 561
11 311 363 385 440 452 466 490 505 546 549 552
20 258 282 296 297 299 321 335 351 402 410 417 418 424 434 475 477 520 540 566 578
24 257 270 285 288 319 343 346 351 353 375 386 397 412 417 437 444 459 489 500 535 551 560 583 584
25 267 280 296 297 344 359 392 419 423 426 452 456 458 465 471 484 504 507 509 515 525 542 550 556 569
17 272 317 327 338 344 358 369 372 397 427 429 464 488 499 529 542 580
11 284 287 372 424 433 437 498 500 501 529 555
16 262 266 275 278 279 332 339 347 353 354 382 400 480 501 567 573
18 304 324 368 370 376 382 410 416 447 469 488 499 510 523 533 541 546 554
19 270 284 293 311 314 337 339 348 349 356 433 434 441 446 477 495 503 532 544
13 258 259 286 351 371 463 491 499 502 528 547 560 576
19 276 278 283 343 366 408 410 424 450 462 489 516 523 550 553 569 578 582 590
12 279 300 313 340 342 348 363 400 487 494 535 553
9 292 301 340 371 373 479 488 569 588
12 294 372 374 383 398 420 438 487 499 509 586 588
16 262 263 316 334 341 347 375 437 441 454 456 476 530 536 539 550
16 275 277 303 310 320 360 416 426 440 441 485 522 539 551 570 575
14 272 285 311 320 348 362 365 431 446 447 479 521 552 569
14 264 282 326 333 341 360 411 434 436 459 465 492 520 551
18 289 355 357 364 394 402 403 404 413 449 475 482 517 521 523 548 551 573
16 267 311 324 356 360 435 441 448 455 510 512 525 531 541 554 574
17 291 349 352 357 384 397 416 496 509 531 536 541 550 558 568 571 573
15 290 308 311 349 357 390 417 439 465 514 515 535 544 570 575
15 273 279 310 325 350 408 444 453 455 507 512 553 559 563 586
13 275 290 353 379 384 386 391 432 433 465 502 519 533
14 273 321 327 333 402 407 424 444 456 472 480 497 502 563
19 287 296 306 362 388 397 426 437 465 483 497 510 522 530 538 539 569 587 590
16 292 305 316 347 382 406 423 435 450 474 475 505 516 519 525 546
12 305 317 334 374 378 380 421 455 469 477 497 562
15 284 294 362 367 375 420 425 448 458 476 509 520 536 541 573
18 283 285 345 357 373 378 382 397 403 405 461 471 472 488 516 528 564 569
15 279 309 341 344 367 372 453 463 474 476 492 495 501 534 538
15 284 299 335 360 362 366 398 428 456 501 517 527 535 565 575
12 298 317 370 401 424 482 548 551 572 577 580 584
15 283 304 334 350 371 381 383 419 424 443 446 453 485 504 537
12 301 304 314 356 407 417 421 428 451 497 518 554
14 282 292 311 333 336 361 389 392 416 420 451 472 549 571
16 375 409 411 422 440 451 480 502 517 524 538 562 567 573 574 582
12 300 311 355 383 413 448 454 469 491 520 522 586
7 362 365 434 464 493 532 555
23 286 292 303 318 320 332 365 381 388 393 409 444 452 488 504 514 520 545 548 560 568 585 586
9 318 319 320 369 370 477 494 537 551
14 287 310 321 337 340 386 396 433 437 485 488 563 572 588
11 295 332 353 378 428 456 489 498 506 508 529
11 333 353 359 363 368 389 417 465 467 534 555
12 320 343 360 369 415 422 425 428 476 513 569 585
22 318 328 335 343 350 352 377 397 407 416 420 434 442 476 483 484 487 510 523 527 541 544
13 362 396 423 458 475 480 485 495 537 542 544 565 586
17 313 319 324 332 339 411 412 416 425 445 462 467 497 537 553 564 566
16 299 314 330 334 346 349 357 358 378 411 416 456 498 524 535 539
12 328 352 364 417 453 469 472 474 500 515 543 557
13 309 312 336 393 401 403 421 424 431 439 504 539 587
19 301 347 357 363 369 375 389 400 405 416 429 474 492 511 557 558 578 579 582
19 300 304 313 330 332 346 354 385 413 415 450 455 466 475 498 521 551 556 587
12 305 317 394 417 438 461 466 478 519 530 536 556
8 327 328 406 436 485 513 520 576
13 316 322 325 328 330 355 362 371 382 418 429 547 565
19 303 315 321 334 351 371 372 415 419 427 437 447 459 471 473 506 549 559 569
17 304 321 328 383 392 426 430 433 438 445 473 487 499 534 535 542 579
19 312 348 354 367 369 410 413 443 471 474 476 497 499 529 537 562 573 575 584
18 316 318 320 361 366 370 373 381 382 407 424 484 491 505 529 555 561 581
11 316 317 355 380 389 400 421 430 505 529 585
13 334 344 375 408 433 451 452 474 495 506 526 546 572
14 313 345 356 402 403 420 423 435 480 483 488 490 501 546
9 317 394 410 431 470 497 516 568 586
16 310 319 341 361 391 430 440 478 517 537 543 548 563 566 567 585
12 331 335 357 376 377 380 391 422 464 465 497 511
7 347 449 507 535 552 555 583
9 340 354 357 430 438 469 514 552 556
9 340 357 425 451 520 570 578 582 583
9 384 424 444 477 479 546 547 549 578
9 378 383 400 449 472 478 481 577 588
8 417 442 461 481 492 493 524 546
15 351 362 367 431 451 456 468 478 511 515 527 538 540 549 587
10 369 398 423 432 511 520 544 571 582 586
16 339 341 357 358 369 436 437 471 499 514 528 531 553 558 577 587
16 323 335 359 362 375 395 431 453 461 482 487 507 511 521 524 538
13 338 350 362 421 423 476 479 483 499 510 537 549 552
13 371 380 401 411 412 450 467 486 488 493 548 569 590
15 336 345 403 409 421 423 426 429 436 483 486 538 542 555 578
5 433 442 463 556 564
9 350 386 444 446 462 484 522 523 584
11 414 427 439 447 452 497 506 512 516 544 553
9 328 392 430 480 521 525 533 567 572
16 370 410 415 431 432 457 458 479 495 537 539 545 554 568 572 587
19 346 352 354 357 389 421 425 429 430 434 451 488 498 503 516 526 535 543 558
14 333 342 368 370 443 458 480 481 495 506 526 570 580 584
14 356 361 390 412 432 451 452 456 461 498 518 539 555 587
10 337 433 446 458 459 487 509 529 560 589
15 334 355 366 420 440 446 449 454 464 493 523 529 562 583 587
10 347 365 381 402 418 446 451 476 527 531
11 354 366 428 454 460 505 510 513 525 531 540
12 343 356 370 406 460 473 522 548 554 557 570 577
18 383 385 404 420 425 435 481 489 509 518 542 543 569 574 577 578 583 587
11 349 357 419 420 427 430 467 477 489 563 586
15 344 396 398 406 411 440 467 472 479 494 497 516 537 564 576
18 343 352 354 359 361 383 404 414 418 433 447 462 465 473 489 499 510 547
14 346 373 386 401 406 415 445 458 468 490 498 522 570 571
12 369 377 389 412 428 486 503 539 553 560 571 573
12 408 421 451 491 496 498 507 538 547 554 568 570
13 352 415 456 459 466 469 471 491 497 507 516 540 586
9 434 458 470 517 519 522 528 569 583
14 370 393 429 431 446 447 481 501 507 561 565 574 577 580
15 351 379 396 410 416 419 421 438 457 462 471 483 524 548 551
7 349 367 408 469 477 490 578
6 373 388 395 472 486 547
16 376 386 404 405 429 443 477 485 487 489 490 505 524 541 561 575
10 357 359 378 428 470 480 506 508 540 584
12 371 373 457 476 495 507 509 543 561 573 576 587
13 376 394 410 433 437 444 448 491 494 498 532 551 568
11 377 396 411 450 453 472 481 512 526 542 556
15 370 371 401 414 422 438 451 459 476 488 510 521 530 566 590
10 373 396 442 460 464 465 478 505 555 586
14 373 377 381 388 446 460 491 509 521 544 557 569 573 574
13 361 375 381 432 454 464 480 515 518 521 526 542 583
5 367 400 417 441 537
10 387 399 407 420 431 437 441 548 574 576
9 368 412 414 428 471 491 529 561 575
16 370 378 385 404 429 458 482 492 505 513 515 517 538 543 557 559
9 373 378 382 404 452 479 508 521 531
11 410 418 425 445 446 455 517 542 550 582 590
7 419 428 474 510 524 533 581
11 379 390 392 450 459 463 518 529 532 544 551
14 372 378 437 448 456 458 463 465 505 513 534 556 558 586
10 395 405 439 487 528 536 539 546 547 559
7 409 411 438 443 518 534 552
13 386 390 402 415 425 499 504 513 529 545 547 548 551
11 399 412 461 483 503 517 530 532 537 538 552
15 375 385 422 425 438 443 489 507 515 522 528 557 560 571 574
8 377 390 399 422 441 447 452 566
9 399 418 428 430 484 534 542 547 580
10 400 448 449 486 490 509 521 534 543 566
15 389 408 422 430 439 450 451 473 480 525 534 538 551 557 570
3 384 509 528
9 417 430 438 455 504 516 533 542 562
4 380 385 479 559
12 406 407 426 427 438 449 452 492 516 547 559 569
16 390 409 413 419 421 446 457 467 473 497 507 516 525 535 561 585
6 396 408 431 448 493 566
12 395 407 409 412 457 458 499 506 523 529 547 576
9 481 500 503 512 529 546 552 555 584
12 395 435 437 441 445 471 492 531 556 561 578 582
8 427 431 446 464 480 540 557 590
8 411 454 464 473 486 487 501 524
12 402 433 438 461 465 473 478 494 509 566 570 574
7 398 402 412 501 512 524 528
9 394 407 420 431 448 459 480 545 574
6 428 449 467 520 549 554
14 398 400 402 404 431 436 448 459 501 503 526 530 553 590
7 453 489 491 493 496 516 560
10 440 458 461 468 471 482 489 509 534 541
9 435 444 454 488 511 539 568 578 587
15 402 411 431 435 457 462 468 493 503 519 525 526 555 585 590
5 407 419 470 500 589
14 405 412 417 422 429 430 436 453 464 519 527 529 539 568
11 410 434 439 444 451 455 459 476 478 570 584
8 403 423 455 470 472 500 510 573
5 431 469 479 515 539
5 412 414 494 496 589
9 411 458 461 462 470 477 479 493 517
11 452 461 466 482 495 498 511 517 535 558 568
6 412 503 509 551 557 567
7 412 433 458 459 491 506 513
5 463 496 532 547 574
11 425 450 457 467 479 495 509 526 560 563 572
11 413 415 434 440 471 479 514 526 528 537 571
11 421 430 438 484 524 552 568 575 585 586 589
15 414 446 456 468 473 475 484 494 500 508 514 535 552 566 572
8 442 443 451 481 513 536 563 576
17 414 417 436 443 448 455 458 462 463 477 483 499 519 545 562 564 576
11 427 436 446 459 470 496 499 512 539 540 574
5 481 526 548 587 589
12 430 431 436 492 511 512 517 519 522 524 534 573
8 423 428 466 475 485 518 571 573
5 478 513 514 519 583
12 446 471 473 474 479 489 531 553 559 563 575 582
6 433 437 443 486 577 578
10 426 438 444 455 458 515 518 521 538 557
12 433 444 457 458 473 491 507 560 563 573 574 577
8 426 433 464 473 489 492 522 534
11 435 437 454 469 472 473 474 478 490 509 575
7 452 464 524 555 557 566 582
9 439 477 481 490 508 511 521 556 573
12 431 443 444 449 540 550 555 559 577 581 585 586
6 496 497 500 511 527 562
5 476 540 542 548 573
10 440 464 480 486 493 498 505 517 549 573
8 437 448 463 501 514 534 577 582
5 439 485 507 512 583
6 446 465 471 490 522 559
10 458 491 503 512 518 520 525 547 575 579
10 440 469 479 481 498 518 529 530 538 579
8 476 497 502 521 533 538 554 585
16 439 444 447 469 470 479 498 502 510 514 523 529 530 537 539 575
6 451 453 464 490 536 587
6 446 470 491 493 524 553
13 449 457 483 500 521 525 529 530 546 548 578 583 588
4 500 504 558 578
6 468 524 527 553 571 574
7 446 469 478 488 518 556 589
8 462 499 512 519 530 531 548 568
8 452 502 504 527 543 565 573 584
6 447 481 486 514 548 553
4 462 482 546 589
7 481 507 520 558 572 588 590
7 480 488 489 490 502 518 525
7 467 483 508 513 541 557 559
3 492 522 575
8 463 470 482 484 486 519 528 548
12 455 460 461 496 502 511 525 527 564 565 566 574
5 504 513 527 534 543
4 463 515 582 589
5 462 520 524 575 587
8 461 471 481 499 517 530 572 574
4 484 501 513 582
3 489 522 590
7 481 502 519 556 567 573 581
7 472 473 488 500 506 576 583
9 491 493 498 541 561 563 572 575 576
6 476 517 523 549 573 586
3 474 520 573
8 468 475 478 486 497 504 541 582
6 495 501 503 507 514 534
11 472 483 516 543 550 551 562 565 580 581 582
10 482 489 502 529 530 545 550 551 561 586
5 480 481 527 542 554
14 474 486 504 505 506 523 530 558 559 563 574 577 585 586
8 479 482 487 496 501 510 575 577
9 474 476 493 506 546 549 563 566 572
9 479 486 490 510 511 525 528 540 576
4 495 516 586 587
3 518 536 570
2 522 578
7 481 493 498 557 572 574 588
4 495 512 523 556
5 503 504 505 576 577
5 487 508 541 566 580
5 528 532 548 561 568
7 495 500 541 543 557 559 587
2 505 510
2 489 561
11 497 508 509 510 514 540 553 558 560 582 585
4 529 580 586 590
8 516 521 525 533 550 563 567 589
5 493 513 533 535 570
9 492 496 501 502 506 558 559 561 565
7 493 495 501 503 540 560 580
8 496 500 517 527 531 538 545 578
3 528 547 569
4 500 503 548 583
13 503 512 515 517 520 533 537 542 550 553 554 556 588
8 498 507 510 548 556 571 572 585
4 503 511 577 589
3 506 543 568
5 527 555 557 573 579
2 520 524
1 549
6 515 540 543 571 581 584
7 526 527 543 561 571 572 579
5 510 525 547 562 572
6 512 560 576 577 579 585
5 515 527 532 566 578
6 514 516 522 536 553 575
7 511 514 521 533 549 558 559
1 551
8 519 526 527 533 539 541 565 588
4 538 564 586 588
6 524 541 555 571 581 583
6 516 518 559 571 574 586
2 521 529
3 538 540 543
4 548 559 561 585
1 526
4 557 561 565 586
1 523
2 544 569
7 523 544 548 553 556 569 573
1 535
4 547 559 577 580
6 524 542 544 553 581 589
2 549 572
1 577
2 535 536
4 543 548 559 584
2 559 590
0
2 567 580
2 537 541
3 540 550 559
3 538 583 589
2 543 550
2 545 571
2 562 579
0
1 574
2 564 575
1 577
3 547 575 585
6 548 572 574 577 584 589
1 568
1 552
2 564 570
0
2 561 569
1 581
0
2 562 571
4 559 560 575 580
0
2 556 589
0
1 582
1 576
2 576 589
2 587 589
2 578 584
0
2 578 590
1 574
3 578 581 582
1 584
3 571 572 590
2 569 572
1 581
1 586
0
3 571 580 583
3 573 574 588
2 586 589
1 585
1 589
0
1 589
0
0
0
0
0
1 586
0
0
1 587
0
0
0
0
0
