716
41 18 22 23 43 48 67 68 73 74 118 168 196 233 240 276 278 310 400 401 415 426 434 484 513 516 530 532 555 557 573 577 580 602 605 654 680 682 686 687 688 695
29 18 51 117 144 164 204 209 222 242 281 288 354 397 410 435 468 479 513 528 534 555 557 561 613 615 619 627 672 712
45 39 40 41 67 68 69 113 114 150 154 174 178 197 218 232 247 249 301 302 380 411 423 457 494 503 515 516 558 568 569 587 588 592 596 607 609 614 621 627 645 646 649 665 691 697
31 6 23 35 73 83 103 110 151 283 317 333 340 369 375 393 406 453 471 476 503 506 514 544 546 575 590 598 599 625 674 701
39 11 12 47 80 88 95 101 104 121 124 130 145 185 192 193 231 239 245 253 257 265 267 270 285 289 320 404 411 459 477 479 548 566 589 644 657 671 710 715
26 49 109 122 130 131 133 143 177 192 222 258 272 296 311 317 370 398 436 444 471 479 498 513 576 635 701
42 17 29 64 112 129 144 151 152 158 180 218 228 307 312 329 369 385 390 397 405 413 416 420 443 452 453 458 467 510 523 537 576 593 600 608 635 674 688 693 698 704 710
35 118 128 132 156 165 184 191 212 257 265 266 278 292 294 308 334 354 419 432 463 483 491 495 532 573 581 583 585 600 605 619 684 689 693 694
25 25 28 109 114 162 226 269 319 358 362 381 390 419 435 488 508 551 554 557 561 628 660 668 677 699
36 86 92 103 155 169 176 183 207 218 223 225 243 246 288 346 350 357 365 386 393 408 419 432 439 483 503 505 509 520 528 592 619 664 667 682 712
24 57 61 74 81 147 154 160 221 227 358 444 464 498 517 533 572 581 582 616 649 655 688 707 708
35 19 23 57 98 112 129 155 162 182 183 202 228 245 262 271 339 360 368 387 401 425 452 486 513 516 517 523 565 600 602 611 649 670 693 708
48 35 56 59 60 62 69 76 77 107 109 134 157 170 173 180 186 253 264 266 270 288 291 318 323 343 363 378 385 388 395 407 410 421 456 475 513 516 531 543 544 602 612 654 678 682 697 707 710
33 23 39 42 44 59 66 81 113 165 210 226 258 289 315 331 352 422 424 429 471 487 494 510 513 560 580 598 602 619 631 686 695 708
33 16 20 38 48 64 68 77 94 139 182 193 224 230 278 290 294 313 317 400 410 415 444 463 471 503 518 544 580 591 593 662 665 697
30 22 24 29 87 116 131 170 192 224 240 241 258 269 376 402 407 416 500 514 527 528 543 549 579 581 583 612 655 667 705
31 66 93 104 152 156 162 195 199 240 257 260 262 274 361 373 390 413 438 439 449 463 495 524 534 546 554 559 606 682 685 706
35 21 90 132 147 152 162 170 188 216 242 266 272 287 314 331 353 364 374 421 440 448 476 488 514 548 574 606 641 643 660 661 675 679 685 690
38 24 31 59 82 142 149 156 160 231 246 276 297 300 317 325 343 350 356 394 431 434 435 441 451 470 483 488 519 577 580 596 606 607 608 642 652 688 706
47 21 30 36 41 44 61 72 124 132 164 171 182 202 208 215 228 256 267 274 275 304 306 310 314 317 340 360 386 398 421 434 454 506 508 560 569 581 595 612 618 647 657 658 663 664 673 713
39 38 55 56 66 82 119 137 141 159 164 165 176 225 242 255 265 271 283 288 295 305 333 361 392 423 435 437 486 500 522 541 542 548 665 672 690 694 695 705
38 33 67 85 168 169 171 220 265 293 305 314 366 376 377 395 418 449 458 464 475 476 483 496 503 507 512 518 537 578 589 611 628 642 660 662 686 699 714
32 40 58 62 71 79 81 92 100 127 134 138 157 164 216 277 280 356 386 407 408 434 447 448 469 493 512 555 571 586 619 628 693
43 148 149 185 197 201 203 213 217 232 237 239 246 251 253 286 312 327 343 359 363 384 395 406 449 500 512 516 520 531 533 537 544 547 575 603 642 651 657 664 674 680 690 711
32 35 95 99 124 156 197 222 227 248 299 303 306 321 340 351 423 425 436 463 467 474 505 519 525 533 561 610 660 674 678 699 708
41 29 36 51 65 80 89 97 137 157 178 200 210 241 249 252 253 264 300 320 352 386 422 458 465 474 478 493 495 501 529 530 561 569 586 599 612 622 644 652 668 711
46 33 94 107 110 116 118 121 160 164 175 184 216 224 235 237 239 271 281 311 313 318 327 339 343 349 372 383 389 406 407 419 432 456 458 475 583 589 591 635 640 665 674 679 707 711 712
32 58 63 81 106 121 155 191 217 335 355 392 416 428 439 475 495 499 505 527 532 573 585 587 589 605 613 639 646 651 659 672 684
36 34 37 42 49 71 80 92 103 139 147 164 204 216 226 253 263 273 298 312 330 334 342 344 372 386 405 412 484 499 524 535 543 622 645 648 665
33 37 75 87 113 114 127 129 138 139 154 163 184 196 252 273 297 305 348 355 373 407 444 462 480 539 561 578 594 619 654 668 694 700
34 71 107 141 151 166 181 188 193 196 212 228 277 306 321 324 335 393 421 428 435 459 476 484 488 497 505 506 526 553 555 567 627 685 693
31 52 118 185 244 248 303 308 355 360 373 380 402 405 413 444 448 456 460 461 479 482 538 540 551 604 615 641 649 659 682 684
42 35 62 98 105 106 111 141 143 148 151 183 221 227 239 267 271 282 341 382 410 422 427 431 432 468 477 502 523 554 574 579 589 592 613 618 619 621 625 630 647 662 684
30 73 77 126 147 160 167 169 190 197 254 272 317 331 343 363 427 429 431 461 470 477 482 485 548 570 583 592 611 677 709
39 36 46 57 59 62 63 95 99 117 144 150 169 171 202 205 212 257 262 265 284 351 369 372 384 388 406 407 434 441 470 524 532 534 548 558 626 632 655 711
33 50 118 122 178 198 211 218 233 239 285 298 315 358 370 378 387 428 430 435 442 455 458 461 471 506 508 513 518 543 562 572 589 670
26 62 108 139 167 191 194 250 252 290 294 317 325 354 436 458 473 507 512 535 600 603 622 633 637 648 677
40 40 51 65 91 127 142 144 149 174 204 228 230 245 274 294 300 342 346 356 382 384 424 442 463 473 499 507 526 564 613 639 657 662 678 681 683 687 699 700 706
44 40 50 72 79 96 105 120 178 215 242 257 275 297 306 325 332 337 339 358 366 368 375 429 477 479 481 504 505 510 514 519 534 537 544 545 593 610 623 624 648 658 666 693 704
35 53 65 92 95 104 126 135 201 206 215 222 286 307 308 335 362 383 420 436 467 504 520 542 543 548 550 555 558 582 604 612 657 690 713 714
37 49 74 89 98 99 100 178 179 201 224 226 254 260 285 301 326 362 364 375 438 444 451 458 481 502 519 569 581 623 649 654 661 677 695 702 709 710
42 62 66 67 72 75 92 118 135 140 162 209 241 248 267 293 316 350 356 359 361 364 376 385 395 403 408 432 450 455 457 505 527 541 579 592 601 606 626 631 643 688 689
29 80 82 113 168 170 227 233 274 305 310 314 317 319 344 346 365 379 419 421 448 450 508 510 588 606 621 650 664 686
25 86 97 106 125 127 149 175 217 242 250 251 290 331 401 406 429 463 526 548 551 589 608 641 683 694
32 47 61 66 103 165 166 184 186 190 214 251 254 257 268 269 290 299 323 335 338 339 364 376 422 472 477 506 523 542 566 604 698
29 46 49 60 65 133 155 161 167 257 266 288 291 294 297 311 322 335 348 351 368 453 484 492 493 527 613 636 694 703
36 48 60 67 77 104 113 115 119 173 201 204 207 216 224 254 301 361 364 385 417 423 454 459 467 477 483 490 519 575 593 626 655 674 689 691 692
34 54 70 91 120 121 130 194 211 238 248 257 280 291 318 324 329 351 373 390 406 414 456 457 498 541 545 550 570 572 673 680 689 695 702
31 61 71 82 106 127 136 138 151 174 191 198 211 233 252 302 325 341 381 396 427 488 520 523 532 542 651 654 671 678 682 706
36 58 59 65 73 83 185 196 199 200 238 246 248 254 273 278 298 300 305 311 358 367 397 427 428 436 461 534 537 548 570 579 603 619 685 686 691
39 51 109 112 118 131 136 172 174 203 210 229 249 252 263 268 272 304 307 324 358 364 378 399 407 446 471 476 480 504 536 546 552 573 641 642 659 685 693 706
41 54 59 69 93 113 116 136 146 162 190 193 195 207 217 222 244 245 289 291 304 316 337 405 406 412 425 426 438 442 454 474 481 506 507 542 545 557 583 612 658 659
40 74 99 116 121 127 211 216 224 227 228 245 268 299 313 327 340 351 374 391 392 394 395 419 423 424 432 446 469 480 537 544 549 571 600 624 642 667 679 704 707
25 113 133 137 198 202 212 226 251 269 330 373 400 469 480 524 597 600 616 622 658 668 669 677 679 699
29 69 102 154 178 181 199 217 248 268 273 316 355 362 384 387 393 396 399 400 406 428 455 468 470 493 673 678 703 713
37 60 64 82 92 99 141 166 178 224 251 255 260 263 301 333 340 344 353 378 407 421 423 438 460 556 564 566 580 581 614 616 634 640 642 646 676 700
40 75 78 83 85 108 132 142 179 186 192 194 202 204 216 220 221 284 318 329 330 367 376 377 411 430 463 504 543 578 596 604 608 623 632 639 662 676 691 707 708
40 68 72 80 85 115 176 196 202 211 224 226 232 234 278 290 302 326 377 404 418 431 438 499 501 517 521 538 564 570 571 574 579 600 607 623 625 639 646 669 676
41 78 115 128 144 156 160 171 172 178 203 220 224 238 242 255 269 272 281 287 306 314 319 346 347 361 373 407 450 459 473 502 503 517 520 559 560 591 593 603 659 662
37 92 114 130 153 154 172 196 204 224 251 254 317 330 354 363 365 380 398 404 407 413 414 418 428 434 446 464 484 518 540 544 630 657 658 659 675 678
41 65 89 100 169 174 198 206 209 211 223 241 246 260 268 272 276 279 296 298 327 339 359 370 396 425 435 461 473 486 510 523 529 535 548 551 561 627 633 644 682 683
30 107 199 229 254 286 292 305 365 370 379 386 412 416 426 433 499 503 528 533 534 549 560 601 616 620 659 667 670 688 692
33 65 67 93 133 159 192 198 200 216 331 343 345 356 372 386 390 403 411 426 432 478 500 511 522 569 584 599 612 638 680 688 699 711
37 106 121 135 166 179 201 232 237 274 338 351 363 385 387 396 403 459 466 489 529 539 541 545 567 576 577 578 584 586 594 613 617 624 634 679 681 711
26 76 96 144 176 202 205 231 358 363 368 384 386 407 410 448 467 473 518 535 558 573 584 591 638 691 714
31 67 116 139 140 206 243 253 263 283 343 365 372 374 376 402 407 428 464 531 540 550 554 558 562 563 569 581 587 590 622 675
40 68 79 99 100 114 173 196 208 211 233 272 283 295 319 335 343 346 353 359 399 467 468 486 496 503 513 519 530 541 546 562 566 580 611 612 613 636 647 659 671
22 69 77 105 122 133 153 164 183 220 296 349 414 442 513 522 531 542 543 569 643 696 713
25 77 110 135 206 210 222 246 256 261 302 305 312 354 396 403 444 446 482 497 574 638 646 657 669 688
31 76 92 110 118 140 159 167 183 184 228 229 235 261 323 331 341 350 357 404 405 485 527 530 576 590 597 609 628 651 670 680
36 79 89 96 99 142 167 169 179 201 219 221 239 245 248 289 298 313 328 333 338 358 365 400 405 415 424 441 459 474 492 514 542 543 570 616 629
37 113 153 155 158 164 196 212 215 221 300 319 344 378 399 412 432 437 446 451 455 488 508 528 534 547 552 557 592 605 613 619 644 652 682 695 703 714
34 92 108 111 118 121 124 136 140 148 180 182 189 235 277 279 329 340 360 366 375 385 439 443 460 485 490 528 549 560 572 638 647 687 710
25 108 184 185 219 314 331 361 362 365 378 430 431 440 475 484 485 503 506 547 549 562 605 615 627 697
39 143 150 163 170 204 214 221 235 273 289 304 310 339 350 357 390 401 408 417 421 446 460 464 482 507 521 543 548 562 563 581 597 611 624 647 658 686 695 703
29 115 152 154 161 167 191 198 215 262 307 317 341 386 388 413 441 450 517 535 555 558 576 600 613 640 647 666 695 703
20 83 183 209 259 260 354 382 438 446 474 487 512 539 540 543 571 577 614 687 696
22 95 124 166 175 261 297 308 333 424 444 450 462 503 559 572 598 629 642 666 679 688 690
34 90 97 115 143 160 226 233 260 281 282 294 314 326 347 359 360 394 415 434 467 477 496 506 508 520 549 567 570 583 605 635 683 688 712
24 122 135 163 224 263 294 317 323 441 451 461 475 480 514 536 562 608 614 621 635 648 649 665 714
38 84 104 117 143 156 161 171 178 212 238 285 287 291 361 363 364 401 418 446 448 459 501 502 504 523 558 561 565 572 574 578 581 638 652 667 669 679 710
36 96 103 116 142 174 193 203 221 233 253 274 304 307 326 373 385 406 431 435 455 466 483 493 508 510 559 570 577 578 589 616 622 649 650 665 674
39 86 145 147 153 168 179 183 199 201 228 233 252 266 274 298 333 335 344 362 368 369 389 400 419 422 450 465 477 511 530 531 558 586 625 655 656 666 682 699
18 101 160 197 249 260 264 269 277 284 290 308 336 394 458 630 645 683 698
37 85 112 113 136 143 170 192 236 249 251 273 280 309 328 366 373 379 382 421 428 458 459 461 462 463 475 491 503 507 522 554 592 615 648 658 683 691
26 93 97 126 139 160 200 201 270 299 302 306 333 345 441 471 569 584 587 595 635 653 660 680 685 709 711
31 103 109 124 134 162 172 174 177 238 250 259 260 314 353 375 386 391 398 446 451 495 496 521 569 593 598 606 615 647 659 667
30 94 104 133 146 153 174 199 233 256 309 327 345 355 368 441 466 511 523 524 528 567 634 644 655 659 665 672 676 693 695
25 102 112 125 153 178 190 205 279 324 347 361 370 387 411 454 461 462 484 497 505 529 535 588 626 643
35 120 125 145 156 186 188 211 222 234 238 268 314 338 380 383 415 422 425 433 450 472 529 553 576 594 603 612 634 639 647 658 659 661 708 711
29 92 106 109 131 132 153 188 201 222 235 241 261 273 301 310 319 349 350 401 410 412 430 442 475 533 555 569 595 712
35 127 150 171 175 177 185 234 238 248 258 279 294 339 370 399 400 461 471 475 490 509 536 540 543 562 579 596 607 619 635 640 656 660 686 702
31 100 124 125 137 143 173 235 256 267 269 281 286 293 297 362 377 419 433 436 475 577 591 599 602 624 632 661 676 683 687 705
36 138 164 165 177 245 260 261 308 310 330 358 369 382 387 436 469 472 485 513 545 548 553 558 562 571 579 589 599 602 604 605 618 619 645 668 677
37 127 130 137 156 165 180 192 197 215 216 219 245 256 275 296 304 352 358 394 432 450 473 480 489 509 559 562 601 607 658 668 688 690 692 693 709 711
23 104 105 106 132 180 201 233 247 269 306 312 322 323 341 409 443 446 456 471 485 498 566 690
37 104 137 166 168 173 198 201 247 256 262 269 296 367 378 391 406 433 447 451 466 467 526 546 558 562 565 566 598 611 633 636 645 646 671 674 694 702
28 105 109 134 146 206 208 250 256 262 316 341 347 360 396 423 437 448 458 494 510 522 546 562 619 630 634 652 688
22 113 148 210 261 264 302 330 350 397 402 416 439 477 500 501 532 545 561 601 604 622 629
22 106 155 171 194 220 230 235 249 256 258 279 342 403 410 427 482 513 544 548 600 611 635
39 113 129 151 223 250 256 265 268 270 282 290 291 341 342 348 410 413 416 417 451 460 467 505 513 525 543 549 551 556 582 602 607 615 616 625 634 656 671 700
19 113 128 185 197 248 372 408 417 447 463 514 565 629 652 663 672 690 698 706
33 112 129 137 151 155 160 175 183 194 217 242 253 263 267 271 311 322 333 351 368 371 477 485 512 535 548 565 580 628 645 650 654 676
25 109 113 250 384 406 423 442 443 450 456 478 487 500 511 546 547 573 613 634 646 656 658 662 701 714
32 113 151 160 161 163 223 232 256 301 312 352 364 387 396 401 405 423 440 458 466 469 493 545 571 579 605 606 647 656 682 683 706
35 144 155 178 192 198 203 255 256 264 273 275 280 287 291 293 311 360 373 415 417 425 428 442 451 452 455 473 480 484 564 583 595 636 648 677
23 141 243 274 282 298 351 355 404 481 488 503 538 572 577 588 589 593 597 662 669 687 698 707
31 112 136 162 191 244 250 264 274 318 335 338 345 355 357 377 397 419 425 447 463 480 518 541 570 571 575 582 663 679 707 712
21 116 186 187 193 223 260 372 377 399 448 488 500 502 507 518 591 612 632 644 652 712
24 120 156 187 188 204 210 219 220 226 244 245 265 282 352 371 395 412 459 502 589 590 641 652 689
20 144 206 262 276 303 322 360 404 466 487 526 560 562 569 601 626 648 652 653 655
33 114 138 146 180 198 205 209 251 283 337 351 358 383 395 428 432 454 456 458 469 478 502 511 530 541 545 549 583 650 651 681 683 701
35 133 164 203 230 238 249 263 266 267 276 316 331 346 350 369 400 414 429 477 480 527 537 563 565 578 584 595 599 611 615 625 628 663 685 689
41 142 148 178 198 286 290 302 313 315 317 321 323 327 356 378 392 419 428 443 458 471 501 525 528 556 559 576 585 600 613 614 621 638 641 650 651 655 675 679 686 699
23 122 130 168 181 209 211 219 223 377 390 422 425 493 500 522 564 567 616 652 659 678 680 708
22 125 129 134 238 262 264 305 337 365 382 451 467 497 499 567 572 603 615 643 648 712 714
31 157 159 281 288 292 313 318 342 369 381 385 391 395 399 400 414 418 431 463 467 477 487 507 531 538 546 560 582 674 679 701
22 166 188 202 234 259 297 339 349 363 399 427 442 451 474 476 505 506 552 564 625 659 682
25 149 152 174 246 248 251 276 294 309 332 380 424 437 461 492 512 546 547 571 621 645 684 688 694 698
37 132 141 143 149 213 228 234 235 247 281 323 325 327 375 384 393 433 438 439 441 445 462 476 493 502 513 525 533 575 587 598 635 653 666 668 714 715
31 157 166 214 217 246 264 272 325 331 380 420 462 470 482 492 500 507 508 516 557 572 616 646 648 653 660 670 680 684 697 701
24 124 142 148 192 193 217 221 263 291 300 367 377 412 450 466 473 474 497 511 554 575 608 635 704
27 125 148 229 247 263 286 288 306 352 356 395 413 422 455 482 493 496 524 525 548 610 617 646 655 657 701 705
23 135 161 202 228 236 273 290 306 346 369 380 390 444 445 492 512 528 531 567 574 595 627 710
33 128 150 153 156 212 225 226 252 304 332 338 352 375 384 386 415 419 491 503 504 525 538 540 557 575 617 618 621 655 657 668 694 695
28 130 199 287 299 305 334 342 347 369 370 439 448 483 484 500 516 537 580 591 619 631 636 668 678 686 687 698 715
34 127 160 169 197 205 208 230 238 248 260 306 311 329 341 354 355 374 377 395 411 417 430 434 437 468 490 506 513 533 537 551 554 568 698
27 147 175 180 184 188 230 282 366 378 384 401 425 440 441 451 483 488 499 527 576 591 595 600 622 679 697 706
29 175 177 186 191 247 259 295 296 351 357 366 397 413 433 476 491 493 504 512 522 524 557 562 570 677 681 687 700 711
28 139 191 206 216 228 233 248 312 313 319 331 345 365 368 398 436 472 507 549 553 584 627 639 645 646 657 668 684
29 149 199 244 248 250 254 279 288 289 290 293 298 302 373 398 402 410 433 446 483 536 537 567 588 593 626 637 671 712
20 154 155 164 199 215 255 308 328 372 389 397 427 473 496 509 539 633 640 659 706
22 177 189 194 210 231 248 311 398 431 434 443 447 448 449 472 526 531 626 631 672 681 712
31 147 150 174 187 249 267 291 322 328 338 345 355 382 385 399 455 460 467 468 480 491 505 515 555 562 569 584 585 647 656 692
31 139 143 151 157 169 183 188 210 216 231 240 255 258 325 335 397 422 437 455 477 539 547 567 569 586 639 644 666 676 680 713
32 148 159 189 191 194 229 230 258 292 335 345 375 380 384 391 408 413 433 438 444 507 546 562 584 615 617 630 635 655 657 680 691
28 149 200 220 244 254 262 266 273 291 339 353 354 379 389 399 409 418 422 437 459 479 493 508 542 557 573 645 670
31 153 241 263 273 291 297 316 320 326 405 411 444 466 494 529 548 550 552 562 593 597 611 614 620 626 633 648 651 657 693 703
27 158 191 200 205 207 220 225 233 235 280 290 312 316 347 348 361 377 482 516 529 562 616 618 625 644 668 688
23 211 272 287 296 339 344 366 388 464 480 486 505 512 543 554 583 584 605 609 620 626 640 652
25 142 157 158 161 164 217 220 228 229 305 308 343 349 354 356 377 400 402 431 433 443 502 584 603 638
28 152 188 217 232 237 261 274 328 332 333 342 355 396 461 500 502 511 530 556 580 597 629 637 642 650 670 693 710
29 195 236 247 249 285 295 323 341 348 391 404 408 423 446 458 462 511 519 530 543 546 573 607 619 638 675 678 681 715
29 184 200 201 238 263 286 288 289 337 346 412 419 430 432 457 498 511 528 529 554 568 597 610 614 617 630 682 686 694
28 177 212 215 227 237 239 261 277 282 284 289 293 309 331 343 364 477 479 504 513 551 579 585 641 648 650 653 708
40 171 187 199 214 216 262 292 297 330 365 371 381 384 393 399 412 416 418 423 436 437 438 460 463 479 489 492 516 522 533 545 551 606 610 645 650 668 672 678 687
23 169 192 200 202 229 267 272 273 282 298 315 337 346 412 419 446 526 573 611 615 618 626 663
31 150 169 175 205 269 271 286 290 316 351 388 393 413 414 452 455 479 520 525 528 531 540 563 581 585 608 619 646 652 658 702
28 159 176 178 192 207 208 211 243 269 272 287 315 318 374 404 417 455 484 509 527 549 572 611 622 627 638 653 661
27 161 207 248 280 333 338 339 352 360 362 370 385 395 408 422 430 455 456 468 502 507 516 534 538 543 602 632
41 155 173 175 195 196 214 223 232 254 280 308 309 311 330 342 343 362 365 370 393 396 414 467 470 492 504 513 516 525 537 542 549 563 566 585 607 612 643 670 704 713
28 193 198 200 223 277 279 286 291 314 316 320 322 344 372 383 414 454 480 490 498 506 534 572 574 678 693 704 711
19 176 178 202 223 226 231 302 368 417 423 448 543 589 630 631 640 649 662 679
29 164 168 191 220 221 227 231 248 266 269 279 337 339 369 438 454 458 478 509 564 567 571 584 593 596 611 642 657 699
30 162 199 209 210 211 217 238 241 250 257 270 276 317 328 340 408 415 466 500 547 562 585 586 592 600 626 638 652 690 700
34 165 184 226 238 240 248 266 268 284 359 375 383 393 406 434 456 464 472 507 515 521 557 564 574 586 635 637 653 658 669 677 683 690 711
22 170 224 225 229 289 314 368 393 407 415 468 493 497 519 613 627 647 649 688 690 697 707
31 161 165 195 206 224 241 257 273 281 298 358 385 430 451 462 485 490 505 507 515 522 568 573 580 589 599 600 688 695 708 710
30 160 177 184 193 203 225 226 263 271 272 277 292 322 335 353 371 383 404 411 453 495 516 561 600 620 649 651 672 684 709
21 163 181 194 200 277 374 377 432 433 531 583 585 594 596 632 676 681 688 702 709 713
23 164 206 220 265 275 287 310 341 344 420 434 435 489 502 507 538 553 568 572 581 599 677 687
34 189 194 204 207 224 234 237 247 264 332 341 342 354 360 405 407 446 451 464 469 477 495 506 514 527 534 541 595 602 635 637 641 698 700
36 174 182 197 198 208 233 246 296 316 332 333 337 357 384 413 430 448 451 454 478 487 522 542 544 560 565 618 619 641 648 650 651 653 660 703 704
27 187 204 228 236 247 290 301 304 305 322 335 369 382 405 409 418 454 465 475 504 555 583 587 626 630 667 706
33 185 202 203 231 238 241 248 274 282 308 321 350 366 367 376 410 421 438 443 462 465 482 484 488 518 554 561 589 646 650 659 693 704
27 171 180 196 247 261 273 318 344 381 400 414 498 504 508 535 545 554 564 605 615 626 633 642 651 674 686 712
24 222 245 250 252 268 281 299 312 322 342 352 357 373 377 404 486 522 583 604 613 645 646 693 704
20 232 234 381 414 431 471 511 512 520 525 527 577 578 583 636 669 689 703 706 711
25 217 265 271 279 288 290 308 320 329 345 351 388 405 416 437 453 562 591 650 651 664 668 692 705 715
29 173 178 219 230 239 265 308 312 314 325 353 377 378 389 412 413 437 446 449 495 511 555 561 576 577 634 659 687 711
33 171 181 186 233 234 236 240 260 269 270 307 343 372 379 384 385 387 423 427 428 436 503 539 552 568 571 572 613 618 650 662 680 688
39 183 196 207 209 218 232 237 238 241 249 268 276 289 303 307 308 324 353 363 367 371 385 424 428 434 472 491 512 518 519 540 550 554 559 563 583 608 621 637
25 206 210 218 227 248 254 256 261 267 334 336 344 359 403 437 509 535 549 557 570 595 611 612 661 682
29 196 224 236 255 258 259 270 315 319 342 347 363 371 386 403 419 438 448 467 536 553 561 601 603 607 626 630 648 712
19 261 289 309 325 332 337 362 367 437 453 459 469 475 506 514 531 577 581 607
24 217 261 272 280 291 310 324 357 384 385 396 411 413 427 468 477 480 534 569 570 596 606 613 657
25 217 227 253 257 276 292 295 348 350 359 386 428 464 490 506 507 512 547 554 559 572 585 589 642 700
22 210 223 267 280 323 340 377 391 444 453 483 496 503 520 525 556 602 650 672 673 705 713
24 219 222 258 293 299 332 376 377 381 386 405 442 538 539 555 561 570 576 595 599 618 645 693 709
23 185 202 216 217 218 219 221 249 263 308 394 409 464 472 501 518 529 572 606 637 647 659 680
37 185 191 204 205 208 220 241 249 257 261 266 280 309 345 372 400 401 409 415 420 431 439 441 445 459 471 503 527 554 561 572 602 615 637 660 686 701
22 249 270 275 290 319 325 330 359 365 366 367 389 421 444 471 488 494 512 627 634 665 708
37 184 227 246 252 266 270 289 302 327 338 360 362 372 381 395 413 462 483 491 504 544 553 567 598 606 613 622 638 658 659 662 663 675 690 707 709 710
29 186 211 227 230 249 258 287 296 318 323 381 408 420 439 463 504 520 567 568 578 612 613 617 625 658 670 685 691 714
29 199 207 267 274 328 343 345 359 379 394 398 400 422 429 440 476 533 553 571 593 616 628 664 665 684 690 696 697 710
28 220 226 236 257 263 269 270 291 302 313 333 393 405 417 424 431 441 475 490 530 557 562 578 597 614 679 705 712
35 191 196 223 228 245 265 271 295 320 340 367 435 441 452 454 467 468 483 527 529 537 543 552 556 563 612 615 623 627 634 660 678 691 701 712
32 201 219 220 230 333 355 356 357 368 369 389 397 401 420 432 440 449 474 481 492 495 496 519 527 533 564 565 604 653 675 697 707
25 202 204 213 227 234 236 300 307 374 387 422 442 466 490 493 521 537 543 549 558 591 678 682 691 711
26 190 224 274 281 294 295 314 316 323 343 351 393 402 404 409 450 493 532 572 587 590 627 630 654 656 700
22 229 237 261 272 297 336 340 363 372 401 404 428 459 483 485 487 508 608 621 628 657 678
21 193 194 242 253 301 305 328 336 337 367 381 398 399 479 483 527 563 575 600 670 685
34 193 208 214 224 228 252 280 301 307 308 331 366 380 383 392 406 413 416 424 433 444 466 488 497 524 561 598 621 657 677 678 697 700 704
26 203 214 255 263 304 325 387 423 424 436 455 457 487 522 547 548 550 586 605 615 627 629 647 654 661 708
25 211 256 263 275 301 305 338 353 444 474 500 517 527 535 589 595 597 606 609 618 623 632 647 661 673
22 223 237 253 278 293 297 327 353 395 410 494 514 542 548 558 576 601 624 638 653 661 663
17 316 355 420 421 476 496 567 592 615 622 638 662 666 676 677 685 707
17 209 300 306 308 388 448 477 494 504 505 543 550 578 635 671 683 695
33 202 232 249 266 267 292 307 321 349 366 372 376 403 413 415 432 440 513 518 521 523 527 574 578 601 607 618 645 676 688 694 696 712
30 204 256 270 274 275 293 302 304 326 330 342 371 385 416 435 460 463 465 497 522 530 536 547 590 595 621 624 636 664 705
21 249 291 295 307 308 330 363 408 423 442 458 464 481 522 554 570 580 639 662 665 687
33 205 228 279 284 285 313 322 338 386 402 414 418 429 438 442 466 494 515 524 540 544 556 562 566 579 607 619 640 658 674 691 711 714
23 233 237 242 262 293 317 333 346 371 396 417 452 457 463 486 491 498 521 536 543 578 638 641
25 206 208 215 272 275 321 328 352 358 395 438 455 459 461 503 508 557 599 600 637 654 663 664 672 677
23 227 272 283 326 343 354 357 388 420 433 468 485 486 490 497 513 546 554 587 597 620 646 669
35 215 253 263 282 300 323 337 352 359 360 375 381 390 414 420 448 466 491 497 530 549 562 565 566 617 625 629 651 654 666 675 695 704 711 715
16 234 237 342 355 366 396 439 520 530 574 595 619 663 694 701 710
24 234 246 257 264 277 346 358 398 424 425 436 444 505 522 543 554 560 563 623 688 692 697 703 706
13 270 297 363 390 396 460 487 494 530 617 684 696 698
27 210 212 213 221 222 240 322 323 348 365 371 415 445 464 466 476 575 576 581 584 594 612 617 620 643 698 699
23 225 233 259 289 335 400 413 435 467 469 490 505 507 513 546 550 564 571 576 620 635 666 713
27 221 226 236 245 246 263 285 307 349 361 370 381 383 392 425 430 455 463 465 495 503 594 622 625 671 684 700
22 218 222 271 337 363 371 375 390 403 408 457 516 543 562 586 599 625 641 642 658 664 694
26 263 272 333 348 350 411 422 433 464 474 478 503 527 532 562 577 578 595 617 639 658 669 682 686 702 713
23 247 255 277 313 381 401 463 477 485 497 500 548 561 583 586 604 606 621 651 653 681 713 715
31 217 230 241 265 273 277 332 337 351 370 375 382 388 424 425 431 470 480 502 507 510 544 567 594 601 614 617 652 653 658 682
33 223 285 298 315 318 325 333 359 373 401 402 427 449 458 463 490 505 507 512 547 559 562 587 593 628 659 666 680 685 693 700 711 715
25 221 223 252 275 284 401 442 447 473 511 513 528 556 573 608 611 621 642 646 658 667 675 680 709 714
28 229 230 241 256 271 281 297 299 305 324 343 359 374 382 383 386 393 403 412 436 455 494 529 543 556 569 656 659
15 277 278 282 340 373 378 384 456 459 537 548 564 570 591 685
27 232 251 302 321 333 342 362 398 413 437 446 460 472 477 495 506 517 523 536 546 590 596 615 633 670 681 684
23 229 231 240 256 286 297 328 355 368 395 397 503 512 520 523 536 587 588 593 607 642 654 691
28 239 258 262 284 288 317 387 393 397 420 434 456 478 491 495 497 506 508 523 541 555 604 630 639 640 660 674 698
19 239 261 273 286 351 370 372 386 400 411 455 583 585 594 606 658 663 677 694
22 254 256 276 321 327 381 389 397 407 440 453 477 489 529 533 558 576 590 605 617 634 637
26 265 266 272 282 289 318 320 326 336 347 357 358 387 445 456 463 473 475 497 501 550 558 578 614 655 671
28 227 264 274 328 345 352 372 392 403 419 442 448 453 482 499 505 521 538 559 560 589 605 627 640 675 695 709 714
18 264 289 298 307 319 373 375 392 398 439 490 556 581 604 650 670 683 706
24 276 289 294 377 385 401 404 416 435 459 462 472 473 478 502 508 515 535 544 577 589 690 702 709
27 255 277 279 280 296 299 314 324 326 344 370 391 413 429 464 475 477 482 499 507 525 595 608 610 638 669 671
23 247 255 261 271 363 390 420 468 471 473 497 498 534 543 546 611 625 630 632 651 690 701 712
27 238 277 315 320 335 336 369 376 388 396 414 426 430 435 448 469 476 504 517 555 573 598 620 674 680 681 704
20 236 244 254 264 269 271 275 369 417 441 464 523 528 532 587 588 592 633 640 654
20 270 275 334 365 454 472 487 488 502 505 523 543 559 597 630 637 640 650 658 685
25 238 241 253 267 279 308 356 377 396 403 415 429 475 477 489 498 529 543 548 572 599 637 687 698 703
35 238 242 243 245 260 271 302 304 305 316 354 372 391 395 398 401 445 455 467 479 532 545 552 587 592 610 618 629 640 650 653 667 671 679 711
20 292 334 358 365 380 443 469 495 533 558 594 611 618 625 650 663 679 687 703 706
28 267 278 292 296 306 327 336 337 347 383 396 426 445 449 481 498 561 587 594 603 613 620 645 647 659 667 673 705
20 267 282 321 334 346 371 406 431 462 484 513 518 556 562 616 629 632 660 704 708
27 242 251 276 291 297 375 386 403 416 442 460 480 503 516 541 542 557 561 590 599 604 609 618 643 649 659 673
24 268 278 284 352 410 424 464 487 488 508 514 519 539 563 570 590 596 605 630 638 654 658 686 714
32 249 253 323 352 357 366 381 391 405 439 448 478 488 499 522 545 549 572 585 599 605 624 628 639 646 649 654 663 671 680 690 709
20 324 329 335 340 360 378 384 390 424 464 510 519 522 555 572 586 620 632 649 699
28 247 255 295 325 338 344 354 373 391 396 405 427 437 442 448 450 452 475 483 527 558 571 638 663 664 673 695 700
29 263 275 300 311 320 321 342 361 362 363 367 370 378 387 400 431 437 451 460 481 586 613 619 623 640 646 678 691 696
18 259 268 309 329 331 363 431 453 468 489 498 581 590 611 629 673 692 712
30 248 297 301 307 316 317 348 355 376 417 430 440 461 491 496 508 532 537 542 547 549 565 598 630 640 651 668 673 695 711
23 256 294 305 345 365 389 399 401 412 450 453 472 484 499 505 506 511 525 550 627 664 672 688
17 271 284 288 316 328 343 367 392 413 441 498 502 507 513 552 596 698
24 260 273 281 293 312 323 325 326 348 390 447 448 461 521 541 548 549 553 580 650 656 662 676 682
25 254 267 269 277 285 314 325 352 380 396 404 441 446 459 495 496 546 553 572 600 631 632 671 677 695
21 252 256 291 293 342 349 383 396 398 457 458 573 608 610 618 636 655 669 674 679 698
22 324 411 412 425 457 477 479 492 495 500 502 517 518 531 611 631 641 651 680 686 688 697
21 283 289 294 295 312 335 338 346 368 375 426 443 446 475 490 494 524 587 664 684 709
24 269 317 326 345 354 359 361 380 388 406 451 453 479 494 501 535 536 544 571 586 621 639 649 705
24 258 292 322 348 359 363 382 387 418 421 452 474 477 508 549 552 590 606 625 634 635 636 691 706
22 296 319 332 389 390 414 431 483 486 514 521 531 555 598 639 642 678 684 688 692 695 710
20 299 300 303 386 391 396 402 415 432 439 476 538 539 543 566 571 587 617 685 715
18 330 359 373 379 381 391 454 493 502 512 532 543 544 562 579 602 615 706
28 304 352 362 368 374 383 388 411 413 416 420 427 458 489 491 496 513 514 520 575 584 600 605 610 616 621 633 700
23 306 310 313 317 339 353 363 364 382 407 421 472 484 488 518 578 580 614 632 649 655 659 703
25 266 268 281 290 293 303 319 333 334 346 365 372 380 382 437 444 528 543 560 610 619 623 691 697 699
22 272 315 317 326 334 350 359 375 393 397 406 416 452 515 521 547 549 613 617 640 682 705
24 287 294 309 350 387 396 402 410 416 439 449 464 495 511 535 545 552 633 637 648 681 686 704 708
36 266 289 299 335 353 354 374 379 401 408 424 429 437 440 441 458 466 467 475 476 498 499 513 514 541 542 574 590 594 610 635 638 641 665 685 692
18 283 289 324 327 335 387 395 428 472 474 477 521 541 567 595 684 703 715
23 280 283 305 309 313 331 352 392 393 403 410 424 436 478 485 524 536 540 569 581 645 646 672
23 291 362 375 380 386 409 433 443 459 468 485 492 511 534 565 615 617 633 640 672 685 688 700
26 272 277 287 301 324 327 339 365 395 403 406 441 447 463 474 500 552 559 576 598 605 632 652 656 663 688
14 287 308 312 378 387 389 426 519 548 549 550 595 626 689
29 296 308 329 337 375 386 393 447 454 475 483 484 507 520 523 533 534 563 582 608 626 635 636 650 680 692 701 707 715
23 321 334 345 390 397 401 426 427 442 446 462 487 498 500 515 549 560 580 643 674 696 713 714
22 288 306 307 372 377 401 431 446 499 511 543 567 602 611 612 642 674 691 694 697 703 708
15 286 302 315 326 383 408 454 537 564 588 592 594 623 636 676
14 290 337 338 353 374 424 442 459 497 506 593 617 638 675
20 277 285 309 311 327 355 384 395 431 475 480 502 525 526 549 584 659 684 691 706
22 280 297 318 330 336 337 341 410 430 432 433 466 514 525 530 541 563 568 597 617 648 656
19 303 335 343 388 399 400 411 433 449 488 531 552 560 604 609 618 627 687 697
23 327 342 354 365 401 414 425 444 487 540 556 567 583 592 599 607 608 647 655 663 664 697 708
18 284 297 320 372 378 379 391 418 431 447 536 545 565 574 581 588 668 707
25 283 313 316 355 382 397 405 409 418 444 464 476 495 548 573 586 610 633 661 670 688 689 703 706 713
24 318 332 379 400 413 418 432 439 443 461 500 507 513 520 529 557 566 644 653 666 682 702 709 712
30 289 299 317 339 364 410 411 427 441 481 485 492 507 541 555 568 573 603 616 619 620 626 645 656 668 682 687 696 709 714
24 290 306 338 362 403 413 431 445 451 453 470 471 480 482 532 558 564 571 587 605 650 673 696 707
13 321 364 376 392 425 454 461 564 634 637 674 706 709
22 292 299 313 317 363 368 371 403 410 443 456 468 473 529 542 588 591 593 628 645 660 691
20 291 331 353 374 424 431 467 506 509 523 527 576 587 607 611 624 673 689 713 715
21 333 349 353 362 421 437 447 449 475 502 505 508 532 615 630 654 675 680 693 695 700
21 314 365 367 379 402 407 418 484 506 513 515 545 592 596 642 659 676 685 700 703 711
18 351 353 364 366 377 390 402 408 437 464 526 556 598 638 655 678 682 713
21 293 302 313 335 339 341 359 363 373 381 393 397 442 484 562 570 574 601 603 664 677
24 318 325 347 369 400 405 407 424 451 456 470 479 512 519 534 537 547 552 582 589 627 634 687 712
15 309 349 387 405 414 421 440 458 508 526 553 583 584 631 695
30 305 308 321 332 378 393 397 429 432 448 460 465 467 485 487 489 502 505 538 540 545 551 563 619 620 658 666 673 706 707
23 309 334 340 346 409 426 448 460 484 492 498 520 542 565 583 586 593 604 621 631 683 691 694
20 330 332 349 355 359 368 381 419 430 447 510 518 524 558 564 603 625 666 672 678
25 328 345 353 369 371 400 413 421 424 451 453 458 538 543 552 560 562 597 621 623 649 659 663 688 703
21 303 308 309 316 328 340 352 364 367 381 398 430 434 494 514 528 529 666 681 690 706
21 307 344 362 368 395 397 414 415 448 509 539 555 603 619 638 643 663 672 690 695 701
19 318 326 361 436 449 451 477 489 506 540 569 572 575 655 656 668 676 688 712
24 310 321 325 345 373 377 390 417 458 489 497 502 512 539 541 572 609 616 631 639 642 688 703 709
27 305 336 354 381 399 401 403 424 466 468 474 489 509 514 516 534 538 554 601 611 621 644 649 683 695 699 701
18 308 324 335 368 389 470 497 514 562 614 617 637 646 694 697 699 705 710
17 304 333 350 439 470 480 536 564 574 601 623 630 634 659 680 686 698
19 318 343 345 404 410 458 481 493 536 559 572 578 598 619 622 665 677 679 696
25 307 331 350 354 395 400 407 418 419 421 446 478 483 492 497 514 517 549 554 560 599 600 617 644 667
22 319 320 338 348 352 359 365 400 426 457 482 533 534 543 545 562 563 575 631 656 685 710
24 318 337 342 359 381 397 400 405 423 449 450 483 486 512 544 602 626 650 652 664 703 704 708 712
18 326 331 341 357 367 391 433 453 476 494 530 532 555 560 597 658 663 691
15 327 335 365 395 421 433 443 470 478 512 575 598 634 651 698
21 336 361 364 383 389 414 436 478 503 523 533 536 541 555 563 579 603 635 647 663 672
15 317 348 409 451 460 499 525 545 563 580 605 629 638 653 682
14 336 339 390 433 455 530 538 548 633 655 658 668 675 698
21 324 364 403 424 464 511 512 515 517 518 519 529 541 542 568 578 587 593 594 620 632
16 318 339 367 372 397 418 432 488 490 529 535 545 627 639 655 660
17 332 338 368 382 386 473 509 512 514 535 579 583 595 617 620 646 651
22 318 326 343 346 350 355 378 389 402 419 444 460 470 484 489 493 508 515 529 539 542 585
17 385 428 443 474 476 477 485 502 523 542 562 566 602 615 648 653 668
7 347 385 393 434 461 608 641
26 323 325 353 373 464 484 486 490 495 540 547 548 552 577 578 579 592 626 631 635 655 669 675 694 709 710
18 329 331 344 386 492 497 507 540 580 594 599 607 620 622 623 658 671 700
14 372 385 401 419 432 486 588 595 596 612 630 675 689 697
19 325 350 382 385 388 428 455 474 533 535 547 563 587 595 601 611 630 648 683
14 366 377 427 452 458 464 479 482 511 545 552 637 651 675
19 352 364 388 390 414 427 461 462 479 489 499 536 566 575 642 656 663 674 682
15 347 354 356 364 368 373 378 396 441 490 502 514 563 639 692
26 341 370 376 399 453 463 475 486 496 501 502 512 526 561 573 584 595 620 637 646 657 680 682 688 692 714
22 329 339 380 386 389 393 451 458 525 534 551 561 573 583 587 615 662 668 682 683 689 707
20 357 363 372 376 380 414 447 478 510 514 545 575 596 609 613 616 619 654 657 704
25 373 377 384 425 460 487 491 503 508 512 536 540 554 563 569 587 596 624 654 683 684 707 708 709 715
23 337 363 368 398 427 448 451 459 474 497 519 532 536 545 562 565 568 605 619 666 674 676 707
16 340 353 365 420 484 497 520 522 560 590 598 616 633 652 673 685
20 338 385 390 411 449 451 462 467 496 506 528 561 565 618 629 634 640 669 692 703
28 344 355 368 377 379 424 439 445 446 488 496 497 561 562 566 571 573 578 598 619 631 638 655 659 678 689 707 715
20 363 374 375 421 426 441 455 482 492 497 525 538 563 618 619 650 676 684 692 698
19 343 370 381 387 415 442 462 477 480 514 556 557 590 614 635 639 641 665 704
15 356 357 380 399 461 473 535 542 550 594 619 649 652 680 685
28 345 351 363 382 407 420 480 499 539 542 543 545 552 564 566 571 572 583 590 597 603 605 616 620 638 648 690 704
15 364 374 381 395 426 432 455 542 573 605 607 643 652 683 686
28 357 358 361 380 397 410 420 427 444 456 467 470 496 507 538 541 546 569 578 601 615 660 670 671 675 687 698 708
20 350 353 378 406 417 432 511 527 537 551 555 569 610 612 656 660 688 690 693 698
29 347 364 392 393 398 401 429 438 439 443 446 481 497 499 504 520 522 575 581 607 625 634 644 656 658 669 687 702 712
18 408 423 433 474 497 513 533 536 537 538 545 574 641 649 674 683 695 709
20 350 361 369 402 411 415 449 465 479 527 591 617 627 631 636 637 669 699 700 706
27 351 363 368 372 380 392 406 413 432 436 449 470 475 477 495 522 546 553 579 592 644 646 670 674 692 696 707
17 351 365 371 384 414 435 471 475 486 532 570 590 617 657 661 682 706
17 382 389 428 457 458 494 505 534 592 603 617 627 664 674 686 698 703
22 355 383 403 404 412 421 429 451 463 472 493 502 528 598 605 618 623 625 659 672 701 705
12 393 426 493 507 534 556 582 618 625 692 710 713
15 375 397 433 479 493 522 540 555 603 627 652 671 696 703 706
16 363 365 440 466 474 479 485 493 519 592 593 613 675 682 683 698
26 357 361 363 412 452 454 460 464 470 477 488 527 558 591 596 599 613 614 626 635 647 652 668 693 701 704
17 362 406 423 428 443 447 456 464 472 501 553 595 599 603 634 644 690
25 378 383 389 401 419 422 455 474 475 478 483 495 522 534 543 544 556 568 595 618 658 664 683 704 706
15 431 444 462 471 495 507 554 560 564 568 577 672 678 686 707
15 360 396 452 478 481 524 540 583 604 640 675 677 691 695 707
27 362 364 401 415 424 440 452 453 471 535 546 566 574 581 582 621 632 661 666 671 675 688 692 698 701 708 713
21 373 388 407 428 481 498 541 561 601 602 605 609 630 636 642 646 654 655 671 684 689
25 369 401 411 416 418 439 457 462 487 515 521 526 553 554 557 568 569 601 624 645 646 657 671 677 700
17 363 393 419 458 464 476 522 525 530 539 555 610 630 647 655 679 686
20 374 382 386 405 406 407 408 435 477 478 480 501 503 538 561 578 616 631 654 684
16 420 434 454 467 468 473 508 567 568 583 610 618 619 620 639 681
16 381 404 415 442 470 479 485 492 496 514 528 598 608 613 631 642
18 366 378 383 390 414 433 465 500 504 566 569 572 577 580 669 674 676 705
20 379 393 406 433 435 489 491 560 568 591 600 604 606 619 640 674 686 688 695 703
23 406 436 446 459 465 489 490 491 518 537 546 548 550 555 569 570 629 655 673 677 680 702 704
9 388 412 457 474 537 592 620 694 702
11 399 406 445 459 483 542 589 600 614 626 660
20 382 399 400 402 424 449 466 476 485 519 528 565 601 608 609 613 624 678 686 715
19 382 395 399 405 419 464 500 520 527 542 546 553 563 584 623 624 626 630 703
17 390 395 419 442 454 460 498 500 519 522 533 558 562 576 584 625 660
18 407 417 419 425 438 459 467 474 532 542 550 568 598 607 647 648 704 708
13 426 435 443 454 486 487 513 519 534 593 611 640 664
20 384 399 405 421 458 501 507 509 522 531 534 535 546 579 599 662 666 669 679 690
12 385 435 476 515 554 559 610 668 671 684 685 695
15 383 406 426 441 445 473 503 521 525 539 579 597 619 677 693
10 393 416 488 547 570 577 582 594 673 693
17 384 385 401 416 426 474 509 515 547 557 637 641 648 661 681 682 684
18 415 418 426 437 445 462 465 487 497 501 522 526 594 619 645 681 696 712
13 390 401 425 427 545 548 559 572 583 589 614 619 683
16 389 391 394 408 409 448 471 508 600 626 631 639 652 663 687 708
19 411 430 442 484 487 492 500 540 544 545 546 611 621 640 645 650 666 672 713
17 394 401 408 458 459 473 498 534 543 557 575 633 661 673 676 700 714
17 397 416 434 457 500 513 521 535 538 562 577 624 638 649 669 687 707
16 390 393 450 474 475 504 512 530 538 544 560 568 659 694 700 705
20 386 426 433 457 463 491 493 496 527 550 594 595 614 615 622 631 647 657 693 705
17 399 450 452 496 501 524 531 564 570 601 602 648 651 662 670 690 711
20 424 468 472 476 495 511 536 555 563 593 607 624 642 667 670 689 696 699 703 706
20 402 408 416 440 450 508 523 558 560 562 580 590 594 628 657 667 669 689 694 714
7 415 482 564 624 667 687 715
24 393 412 415 450 470 476 482 484 529 541 544 546 555 574 604 605 609 616 623 629 634 676 699 709
21 393 408 410 418 456 473 513 555 556 586 627 637 650 655 676 685 689 690 701 704 706
15 403 425 431 463 552 583 610 630 647 648 658 659 675 691 699
17 401 406 421 438 461 468 472 492 516 569 582 641 664 670 700 703 715
16 396 419 450 458 486 514 538 555 573 577 586 594 659 684 702 704
12 421 430 437 464 490 491 498 499 524 546 596 637
26 400 405 410 414 422 472 474 498 500 504 514 537 538 539 542 569 583 603 630 638 671 673 692 698 706 714
12 399 468 476 485 487 498 539 590 615 622 627 671
14 399 429 449 466 469 472 537 562 565 625 626 658 672 708
12 436 464 485 498 529 574 591 627 659 668 679 694
20 434 455 463 509 521 522 565 575 578 585 586 596 608 626 655 656 669 691 710 714
14 405 407 417 420 443 462 518 567 602 618 632 693 696 710
7 423 493 498 536 559 609 657
12 427 432 433 435 456 494 624 644 649 650 702 714
10 423 426 466 488 490 495 496 560 580 595
13 414 447 489 582 588 612 640 649 654 655 684 711 714
18 465 474 489 493 533 556 582 593 599 602 606 608 629 649 667 672 673 706
17 409 414 425 428 451 488 501 557 561 581 598 613 682 683 689 695 708
18 409 413 423 436 486 516 525 547 577 634 639 670 674 684 704 706 709 713
17 414 439 446 451 477 479 482 489 507 508 534 545 563 596 597 664 674
24 425 470 473 480 493 506 525 526 529 537 542 548 583 588 593 599 607 610 626 633 644 655 706 710
19 414 416 418 438 445 522 527 582 603 614 637 640 646 659 668 680 682 697 714
12 445 461 555 611 615 657 659 682 688 702 706 714
16 464 486 495 502 519 527 538 575 579 585 592 648 652 687 689 693
10 416 433 473 475 486 564 571 664 688 689
17 440 465 467 477 480 482 488 492 534 541 563 586 594 596 630 659 710
19 469 522 540 563 573 607 616 621 625 637 652 665 669 686 689 692 696 701 704
23 469 481 490 502 510 512 528 553 556 570 573 586 591 599 604 616 626 627 653 664 694 697 703
22 420 445 451 473 485 486 523 536 538 553 559 563 593 609 618 634 639 664 673 683 699 706
20 440 450 474 478 481 491 497 502 506 533 549 579 608 609 616 624 638 677 685 689
14 475 482 526 558 582 584 586 612 616 620 623 647 675 682
9 445 512 531 577 580 615 634 668 690
10 444 530 551 554 557 566 584 587 590 703
21 424 429 435 452 468 478 499 506 510 513 549 554 564 599 606 637 639 657 675 694 700
15 448 463 477 519 552 555 576 617 625 637 648 686 695 699 703
20 428 461 499 507 527 533 544 550 565 566 574 583 608 617 627 633 642 658 673 710
20 427 430 449 450 459 486 488 496 510 554 560 589 591 597 655 666 669 680 698 711
13 453 481 515 546 578 580 603 605 606 616 617 680 705
13 452 465 474 484 485 501 511 533 570 648 658 677 687
21 433 449 453 469 473 477 486 517 527 543 555 619 638 641 656 686 689 692 694 708 710
15 440 483 493 497 503 538 543 572 580 583 584 624 631 693 701
12 433 498 524 544 553 556 568 573 585 639 651 714
15 437 452 467 470 496 522 526 537 579 606 628 631 633 711 715
13 461 491 511 515 539 564 611 620 656 682 689 695 704
10 533 579 582 589 598 645 673 685 705 709
11 476 496 525 605 630 635 650 671 681 684 707
18 442 474 482 507 509 542 552 581 607 658 670 673 680 682 689 691 697 708
15 469 492 501 516 550 554 555 577 593 602 604 639 650 661 709
10 450 481 482 527 566 574 615 636 663 678
11 451 484 487 490 575 583 590 679 684 686 700
16 447 462 476 503 553 565 567 570 616 637 660 663 675 676 699 711
14 454 489 520 523 537 542 545 567 617 627 634 661 662 676
17 446 449 463 473 502 510 514 521 545 553 555 581 590 639 645 689 698
12 444 455 514 543 572 625 645 658 669 672 705 709
8 451 462 488 508 523 607 649 708
20 447 461 470 482 498 513 517 537 547 552 561 580 629 662 673 675 683 688 689 700
12 455 464 497 547 555 577 579 584 617 660 689 705
11 454 488 493 494 545 602 604 616 623 630 631
12 449 486 522 525 532 540 554 556 562 638 698 699
10 504 531 617 625 628 656 668 689 701 713
13 466 472 503 513 526 530 556 569 584 598 603 648 699
12 463 476 480 509 557 566 585 631 634 641 667 673
17 463 466 478 493 522 544 556 581 588 589 590 631 643 650 652 684 691
11 485 528 533 567 584 588 595 607 629 638 641
19 483 485 504 523 555 563 567 579 582 585 614 630 640 643 648 649 662 676 706
14 469 498 525 530 590 619 635 651 658 659 678 681 694 704
11 485 503 528 549 578 587 619 630 643 645 661
12 476 479 495 521 547 563 647 657 676 695 703 715
3 479 557 583
16 464 473 485 497 517 526 537 551 569 600 609 612 639 667 684 706
10 522 530 536 565 594 603 621 647 663 680
15 474 487 504 513 541 562 578 588 589 613 629 648 649 673 701
9 465 479 547 555 556 589 596 623 647
16 494 497 498 537 552 555 556 582 587 594 599 605 607 626 656 689
14 475 494 501 510 515 521 542 557 575 586 594 634 664 713
15 466 473 488 513 520 536 537 586 604 614 641 652 670 680 711
12 474 483 495 497 520 557 592 593 617 680 687 705
4 576 590 628 653
15 500 518 521 525 543 547 573 602 622 636 644 661 663 676 693
9 538 551 577 637 657 660 664 677 702
13 534 557 566 588 590 604 609 629 642 669 671 676 704
16 486 499 507 535 536 537 566 582 590 600 610 615 659 683 698 708
20 508 538 559 565 570 572 580 581 599 604 605 620 627 631 637 648 668 681 699 701
16 482 503 518 530 532 542 545 576 591 615 649 659 673 680 687 698
12 484 490 530 531 558 567 641 646 680 690 696 713
11 479 484 489 519 535 568 651 656 660 700 706
11 485 486 497 520 533 541 570 589 706 711 714
15 481 514 517 552 561 571 584 594 608 627 640 657 672 705 708
7 483 485 573 621 632 654 680
10 486 490 522 547 550 606 632 668 698 715
11 491 492 499 501 503 516 528 529 536 645 673
11 493 539 562 571 585 609 636 640 660 678 709
9 501 531 590 623 675 677 680 693 714
14 487 517 519 538 549 570 579 611 634 663 698 705 713 715
4 496 499 653 667
12 492 549 550 557 563 566 590 594 596 612 628 695
8 533 552 602 648 652 683 689 698
11 521 554 556 568 595 609 619 622 687 690 708
13 517 527 531 533 550 552 556 557 581 620 638 665 666
7 500 536 568 595 634 635 711
11 501 512 535 556 576 603 607 634 650 672 713
10 502 504 510 525 541 557 591 600 660 661
13 496 499 501 507 515 517 592 621 651 666 686 697 714
14 507 517 554 556 598 631 642 648 666 679 699 703 707 713
8 518 521 562 574 595 605 630 694
19 498 502 515 522 526 528 530 568 584 588 595 596 601 610 622 649 663 666 684
9 505 536 546 551 658 668 674 675 709
8 504 604 631 677 690 694 699 700
13 499 510 520 553 575 583 585 600 638 653 681 701 705
6 509 522 546 563 614 653
13 511 521 531 603 622 637 660 661 668 691 696 702 709
9 517 568 590 612 619 632 638 678 693
8 509 520 537 565 623 625 672 715
12 517 547 549 551 583 594 601 628 637 651 657 670
9 539 566 598 603 634 652 695 700 707
12 516 542 561 574 577 579 624 639 648 673 694 707
9 520 523 541 561 585 609 649 662 668
9 521 559 577 587 590 592 600 626 665
15 543 567 575 579 592 611 620 628 632 658 672 686 687 712 713
12 520 537 555 557 573 622 629 646 685 690 695 707
10 552 558 586 599 617 623 638 643 656 674
9 559 560 591 597 607 620 631 650 697
12 526 560 561 612 618 629 636 649 652 675 676 708
12 521 529 531 544 550 603 606 647 652 660 691 696
7 523 530 548 571 572 656 707
7 554 605 607 675 689 695 707
10 533 560 570 615 624 630 666 682 695 712
9 562 582 596 607 621 631 642 667 671
13 543 552 566 567 570 590 610 626 651 686 687 710 712
10 527 547 567 583 584 590 640 686 692 701
11 525 550 568 573 586 617 624 629 653 673 707
10 525 528 562 570 605 626 633 634 646 672
9 529 536 560 608 614 619 668 687 693
10 529 597 603 650 678 685 692 705 710 711
11 525 537 603 630 632 658 659 662 671 681 688
5 560 616 634 681 707
13 551 571 581 588 602 611 624 633 649 651 653 710 714
7 561 576 584 598 650 658 710
8 562 564 571 600 620 666 671 672
9 534 541 558 559 564 565 628 653 660
9 583 611 614 661 668 673 684 691 712
13 544 551 629 632 638 639 640 663 667 674 681 692 709
12 544 554 569 578 579 583 595 610 633 636 646 684
12 536 550 554 557 595 611 635 648 653 659 685 705
7 538 594 628 668 678 687 709
12 549 584 585 597 605 651 654 658 667 674 685 692
12 539 545 557 570 599 608 625 634 644 695 697 703
11 538 551 558 579 611 617 621 624 652 655 702
13 547 549 564 609 613 624 626 637 651 653 665 683 707
5 553 560 565 575 617
7 544 546 599 612 630 642 689
4 543 580 598 626
12 558 560 574 585 616 619 620 639 671 675 680 683
8 584 603 611 631 667 668 685 715
7 548 550 627 643 674 680 700
11 546 551 559 573 595 604 610 624 669 675 714
3 568 592 706
7 557 586 643 645 648 670 713
8 561 563 580 588 637 687 696 711
5 571 658 681 703 709
9 578 597 614 622 637 641 674 686 708
9 556 595 612 645 657 667 692 709 714
9 597 603 609 627 648 668 692 708 714
12 557 562 601 613 614 617 653 658 694 704 713 714
7 570 609 651 686 692 693 699
10 588 607 645 652 678 693 694 701 703 704
7 605 615 617 623 675 690 701
8 566 597 598 601 634 645 652 713
10 594 619 621 629 651 652 661 666 689 695
8 586 587 588 594 607 643 687 710
7 580 591 605 631 658 682 694
10 569 573 576 585 628 630 633 662 675 707
6 576 593 630 649 682 693
7 574 575 594 613 654 671 691
6 567 593 652 653 657 672
12 579 583 591 595 616 624 625 641 647 662 671 684
7 593 643 646 655 670 680 692
15 576 582 583 593 594 612 614 619 654 659 677 678 682 706 714
6 573 578 579 596 612 712
6 570 596 599 613 693 703
5 632 637 667 679 699
6 573 577 643 660 677 697
8 575 581 587 606 614 639 643 689
4 608 610 623 655
9 633 656 660 673 683 692 695 697 707
5 578 637 643 663 698
10 577 598 610 626 630 653 657 675 688 700
9 605 610 623 638 664 669 677 694 698
5 586 588 614 631 632
6 603 624 641 665 670 677
7 601 613 620 654 666 704 711
13 594 596 609 643 653 655 669 671 681 685 693 695 699
10 585 605 637 642 670 676 680 693 701 709
5 611 624 648 651 679
4 612 622 689 698
6 605 633 669 677 693 712
2 587 606
8 598 610 611 646 658 666 714 715
9 591 593 625 629 663 680 681 685 693
2 602 696
11 598 603 604 641 652 674 682 683 689 695 713
9 604 612 627 656 664 666 673 695 711
5 602 648 676 695 709
8 605 624 633 658 659 664 681 715
5 607 613 646 663 688
6 599 605 615 648 670 713
5 602 637 647 672 684
4 611 614 682 708
3 628 668 698
4 620 621 643 705
7 615 641 650 666 699 707 711
9 602 609 615 617 631 644 646 691 709
3 605 608 611
8 646 660 669 672 675 682 683 690
8 609 614 626 636 641 688 705 714
3 688 703 704
6 656 665 675 676 696 714
7 611 627 656 664 666 689 707
3 653 680 685
3 633 658 664
6 623 629 647 670 682 708
6 618 626 646 690 694 696
5 624 671 679 685 701
7 628 638 667 670 674 686 711
5 616 620 638 659 690
2 683 712
6 677 692 698 705 708 712
8 637 644 654 659 666 681 692 701
5 657 670 675 682 706
5 634 641 650 674 691
8 633 655 660 678 685 689 693 710
2 678 700
3 652 664 710
5 642 643 651 699 712
2 638 701
4 643 660 694 713
5 639 645 659 668 686
4 629 637 706 711
6 647 661 666 669 670 678
9 636 639 644 649 661 668 693 697 702
2 632 659
6 647 656 657 680 684 705
4 641 649 665 677
4 671 701 706 715
3 705 710 713
6 645 647 654 655 697 701
3 642 679 708
1 659
5 671 687 693 696 711
5 659 690 702 713 715
1 687
5 664 673 689 690 692
1 710
1 675
2 695 713
2 660 682
0
3 666 669 700
2 686 701
3 673 682 710
3 655 661 712
3 689 690 693
2 698 707
4 655 658 661 697
3 662 689 704
2 707 711
5 672 677 695 696 710
4 663 664 682 709
3 670 675 686
2 681 703
1 679
3 662 683 686
2 683 712
5 667 692 696 697 698
2 678 687
1 710
4 675 682 684 695
2 679 683
1 685
3 681 695 711
1 674
3 673 679 708
6 683 684 685 688 705 708
0
1 687
0
1 713
1 712
1 688
2 700 710
3 681 691 693
1 682
4 683 689 699 705
0
4 700 708 711 712
2 702 709
0
1 700
1 709
3 696 708 715
3 703 707 713
1 707
1 702
4 705 709 712 713
0
1 715
2 701 713
0
3 705 706 713
1 714
2 704 709
1 711
0
0
1 713
1 713
3 708 709 710
1 713
0
0
0
0
1 715
0
0
0
