717
34 3 37 44 74 86 149 155 182 224 229 270 275 280 303 345 358 390 417 426 434 450 490 548 550 570 582 583 585 599 622 624 673 677 708
42 13 46 63 73 104 122 196 211 214 217 220 246 250 274 283 306 307 320 328 334 362 387 414 416 418 436 448 457 479 489 523 538 554 566 579 589 597 606 607 608 703 714
32 10 11 28 34 40 43 47 53 134 145 223 224 231 266 272 290 295 301 310 311 357 429 449 464 469 484 508 549 569 595 663 683
41 26 32 41 49 73 77 79 94 102 137 144 176 198 229 233 237 257 258 280 281 315 339 377 395 416 445 454 473 485 490 519 523 540 565 567 593 614 648 653 714 715
32 20 25 45 64 72 73 106 119 143 147 158 175 178 212 231 246 249 250 307 308 325 327 381 386 429 489 508 550 558 668 692 694
45 47 49 66 86 104 131 169 225 244 263 264 273 283 300 319 323 333 357 373 384 386 390 391 403 409 418 442 452 464 483 486 490 498 506 508 558 593 614 616 617 623 650 661 666 699
36 11 22 77 126 158 170 192 195 207 240 244 259 278 297 335 336 351 390 399 408 411 421 470 487 489 510 522 563 566 599 612 626 638 639 656 671
32 55 83 102 123 161 206 233 271 324 343 399 414 445 472 476 478 507 537 578 624 629 634 635 639 640 649 650 659 671 673 688 689
32 67 70 135 184 226 240 251 255 265 305 325 370 409 412 429 458 500 507 510 520 550 552 554 557 591 621 635 637 643 671 695 701
38 28 58 65 75 79 131 145 167 170 179 187 196 211 250 271 310 322 324 334 335 352 356 368 416 449 453 460 517 523 550 581 587 596 605 618 633 702 705
30 32 40 66 87 91 94 97 114 122 127 129 140 187 207 225 250 256 262 282 325 329 369 370 426 515 575 578 628 662 686
28 32 71 118 121 123 128 158 184 245 297 326 335 375 416 451 473 532 555 579 581 626 643 647 666 671 679 682 702
36 18 38 58 108 119 136 139 171 198 203 228 282 289 321 363 366 376 388 406 430 450 480 485 523 532 560 602 605 608 624 626 647 670 689 695 697
40 31 38 61 96 101 134 169 229 233 234 239 297 300 304 305 371 388 396 408 424 444 494 506 527 528 534 572 597 605 606 610 611 630 645 648 654 696 698 703 705
33 33 34 36 37 38 81 84 147 160 226 297 325 355 363 397 407 421 435 436 462 476 480 504 554 578 581 613 617 639 649 652 703 707
35 27 43 44 75 84 92 102 141 154 194 208 214 251 261 284 311 314 328 335 344 350 356 380 413 451 455 462 541 552 604 607 608 690 700 713
25 39 48 102 142 147 160 204 230 254 266 270 294 350 392 539 555 563 565 589 613 626 694 696 703 711
31 50 93 102 121 126 133 187 222 291 296 298 302 326 348 362 378 401 432 437 458 470 474 514 519 523 571 576 598 621 706 715
29 131 141 195 216 260 265 273 274 278 332 347 400 402 413 433 446 461 471 498 519 526 535 543 576 580 581 623 648 679
38 29 55 80 81 120 123 144 157 188 192 197 198 220 229 252 286 297 310 326 344 443 445 447 456 498 512 519 535 620 623 628 633 636 664 670 675 684 707
34 55 66 89 90 127 139 164 177 183 209 211 227 240 284 300 319 324 349 369 398 405 420 442 485 535 591 641 649 654 658 666 678 696 716
34 28 29 33 67 100 103 146 208 222 253 277 282 319 325 380 399 441 482 491 515 518 524 528 568 614 625 628 636 656 670 697 700 702 709
33 43 50 115 132 134 141 146 150 155 182 183 196 224 239 242 255 274 308 319 373 384 400 408 414 423 432 440 483 492 503 593 652 706
25 88 97 153 163 178 212 216 246 296 304 338 360 428 450 465 474 490 492 516 534 636 646 677 688 708
30 29 51 61 74 94 116 133 170 179 190 198 241 256 258 285 287 316 348 366 389 465 506 522 529 543 554 569 615 673 713
41 35 53 58 65 71 92 99 125 155 167 219 239 253 254 268 274 278 316 373 375 424 438 491 493 519 520 531 550 561 564 610 614 619 646 666 674 682 687 691 692 703
38 49 53 61 63 119 124 135 136 145 178 248 278 313 337 356 371 390 402 411 419 421 435 457 476 487 506 518 527 543 558 579 588 589 596 616 662 683 698
36 30 32 55 58 101 140 161 165 174 208 213 263 284 286 295 328 356 385 434 445 458 505 514 518 526 538 548 565 569 586 609 646 658 666 710 714
40 35 43 44 47 82 91 96 103 105 150 157 159 168 221 259 283 306 311 312 358 378 386 402 422 427 429 432 464 482 493 507 540 566 605 607 618 621 641 674 703
40 31 45 56 67 78 81 93 118 120 123 131 174 196 204 212 214 230 243 259 260 263 290 291 300 308 384 388 460 474 496 497 565 616 643 650 669 684 697 704 710
28 57 73 74 123 151 152 173 207 261 302 303 346 372 406 439 476 503 542 550 594 626 628 634 635 667 696 705 714
31 45 49 51 57 76 85 87 107 120 152 169 199 218 253 285 289 353 384 431 453 464 475 485 499 507 536 550 570 610 627 635
35 43 54 57 99 125 129 159 164 177 192 263 271 278 285 308 336 367 382 383 395 403 439 451 479 497 505 507 510 550 565 579 599 625 671 703
38 85 90 95 100 109 114 122 170 174 238 239 262 298 331 341 350 359 379 397 417 442 469 476 508 516 517 524 534 538 541 568 604 608 609 610 658 668 716
28 36 70 82 94 122 124 142 175 182 183 209 299 309 404 435 459 477 492 506 528 532 555 556 572 614 636 659 688
43 55 66 70 71 95 125 131 141 156 184 208 215 253 255 256 257 282 330 335 347 364 384 407 436 447 464 482 489 507 511 522 559 569 572 574 589 608 621 624 668 680 696 708
23 40 59 84 93 172 196 204 208 209 218 230 253 254 283 392 404 439 472 480 532 541 545 695
28 115 143 148 189 198 226 227 252 265 303 324 383 393 395 401 463 470 483 507 509 528 545 547 605 645 673 711 716
39 60 86 100 103 108 117 143 149 159 165 181 205 210 213 218 230 312 327 333 336 366 429 430 454 469 476 481 525 548 579 582 585 588 620 627 650 662 671 681
29 62 73 91 123 129 140 141 172 208 272 277 350 354 370 373 399 435 481 510 533 551 582 586 626 660 669 685 708 716
39 63 104 108 115 117 124 167 203 208 221 222 246 288 316 327 370 375 389 411 427 440 444 457 474 477 485 495 501 519 523 526 555 560 565 600 620 625 670 713
32 85 89 109 123 126 146 157 166 177 196 260 266 275 277 301 319 324 339 414 429 458 464 469 503 515 523 530 545 552 649 689 691
29 52 93 97 102 123 171 187 199 206 220 289 293 353 383 395 473 515 546 573 589 590 591 598 620 623 667 678 693 710
42 103 108 114 139 192 206 214 221 223 292 298 302 322 329 347 355 377 381 382 386 392 437 455 506 531 543 557 564 569 584 601 630 635 637 649 664 666 677 694 711 712 714
37 45 52 54 55 73 77 173 194 215 222 251 263 268 283 342 344 367 376 380 394 426 462 466 483 492 510 530 535 585 587 591 624 655 663 672 679 689
44 76 79 91 104 118 127 142 150 203 238 248 253 267 285 293 323 343 344 360 363 375 376 393 404 447 459 510 556 585 599 613 617 618 648 662 680 681 682 689 697 700 702 704 705
29 57 72 91 102 126 151 184 221 252 266 278 284 285 334 349 358 401 471 473 510 513 528 534 545 547 576 577 613 671
35 58 68 88 93 97 111 135 145 148 173 193 206 211 215 233 275 295 303 354 389 390 445 446 457 480 557 567 582 615 618 625 629 630 642 659
48 59 76 85 89 109 120 132 141 143 155 163 194 203 207 209 229 245 247 270 275 284 324 353 374 407 410 416 448 456 468 486 487 498 528 532 551 561 563 565 584 618 625 628 643 656 697 708 713
24 84 131 177 190 215 257 323 363 398 400 408 470 495 512 531 559 562 569 609 618 632 665 675 698
38 59 76 81 128 134 151 156 160 184 193 236 240 263 279 291 325 356 358 384 405 421 426 431 446 466 470 500 517 518 519 534 576 593 601 630 632 687 716
33 86 100 110 120 140 145 157 168 195 196 209 234 252 261 282 284 305 310 350 377 406 413 417 418 510 516 542 582 589 595 683 702 711
33 53 54 60 117 133 198 218 231 273 302 314 317 345 351 401 403 413 427 436 437 439 476 504 521 524 527 529 540 571 586 649 667 674
34 77 90 92 108 115 156 170 183 184 190 219 242 255 257 311 312 349 379 439 472 490 510 514 566 567 594 601 627 644 686 697 699 700 710
38 59 72 79 83 118 123 157 158 175 189 201 204 208 214 232 298 308 339 345 375 376 402 447 472 502 517 528 532 552 634 636 639 663 665 681 683 690 715
28 62 92 103 123 129 133 151 257 269 290 293 305 358 375 402 422 466 521 600 609 632 645 648 658 676 688 704 716
37 60 71 92 98 99 118 126 128 162 177 209 224 226 227 262 268 288 313 321 333 355 365 435 438 447 451 480 488 504 516 585 588 599 619 632 639 713
32 76 89 95 127 141 142 149 174 220 230 242 257 282 287 297 321 325 387 399 472 473 498 506 524 549 600 602 613 615 626 635 670
33 64 68 83 92 111 114 186 188 209 224 236 239 247 284 311 369 370 402 439 444 458 487 499 502 505 535 556 575 577 607 639 658 695
37 74 101 134 153 164 182 190 200 210 224 247 249 265 277 284 287 298 306 329 334 336 349 403 434 443 450 476 498 524 536 579 585 590 617 661 704 707
47 101 105 126 142 149 153 167 203 211 236 242 246 253 280 289 296 313 343 348 380 382 389 394 413 443 467 469 472 482 485 516 550 563 578 611 631 634 641 642 654 668 671 672 693 702 703 707
32 63 172 180 232 261 285 294 296 302 339 359 367 385 392 448 451 460 473 525 549 550 551 555 573 584 599 640 669 685 696 705 709
37 77 105 125 141 170 171 177 226 233 258 278 296 308 309 318 324 360 365 377 378 438 456 477 478 482 514 533 558 589 598 602 616 630 660 670 679 690
45 81 160 163 179 184 189 195 202 203 214 216 217 225 248 251 260 291 309 320 325 335 357 368 389 391 404 421 426 427 452 471 494 508 511 515 540 572 592 594 618 623 628 635 684 685
34 82 115 136 160 174 197 225 227 241 243 274 280 302 323 334 340 357 362 436 450 463 472 477 503 504 513 540 545 573 604 621 623 657 702
35 66 72 88 161 163 164 167 212 342 347 349 355 359 367 395 423 429 430 432 434 443 449 467 506 510 522 542 581 590 645 649 662 696 702 707
33 119 176 198 204 208 209 211 219 248 261 275 300 306 307 351 370 405 418 436 455 457 463 476 535 543 550 552 570 574 634 658 696 703
52 68 71 73 77 85 101 104 109 117 128 138 139 152 164 169 194 205 207 209 230 250 261 268 271 272 274 275 303 343 352 358 362 363 382 388 394 405 411 443 451 464 469 494 524 531 599 609 615 642 645 686 706
32 73 104 136 155 205 241 251 259 265 278 294 307 320 324 381 386 400 422 424 475 482 485 492 515 532 539 567 615 616 637 640 661
23 97 110 113 253 281 284 287 296 344 379 396 402 474 483 534 540 627 637 680 683 685 697 712
29 90 128 144 155 184 211 241 267 278 298 320 328 329 340 341 359 360 400 405 412 431 544 573 595 605 614 619 627 683
41 75 84 122 124 163 165 167 171 173 190 202 204 226 236 262 275 292 297 300 322 325 326 356 371 384 458 497 529 540 548 608 620 621 634 637 655 663 665 670 679 699
40 76 92 99 109 131 172 173 180 195 214 227 267 274 336 341 372 379 386 420 422 428 442 460 470 481 498 527 552 579 581 588 589 596 606 613 626 635 677 692 700
34 103 106 134 173 190 197 201 212 244 247 274 299 343 372 417 446 473 499 536 563 569 572 603 618 630 683 686 690 696 697 700 703 705 710
28 81 93 112 114 132 166 230 260 286 342 358 367 370 394 396 402 436 440 448 509 512 514 533 604 614 636 651 696
30 96 118 147 149 217 222 238 282 313 340 363 367 374 384 385 394 426 494 521 523 535 581 585 597 598 607 617 646 674 683
22 79 102 123 126 137 152 173 177 231 260 347 375 383 399 411 459 494 518 582 584 643 713
21 98 167 196 226 229 242 259 281 288 292 371 450 482 523 527 537 550 590 674 679 691
32 102 124 128 139 152 156 179 187 225 256 265 276 291 296 307 313 315 318 340 378 381 398 407 420 486 490 518 535 537 643 677 696
34 95 97 98 115 148 182 194 197 216 237 242 249 253 336 343 354 358 388 416 423 424 427 455 469 470 476 524 525 537 548 591 625 640 683
25 86 117 132 149 157 163 215 304 313 334 406 433 462 473 525 566 569 576 643 652 653 688 693 698 709
44 121 128 147 150 163 169 170 193 217 219 236 264 267 298 304 311 323 331 337 339 356 361 375 379 390 411 413 423 491 495 500 509 588 596 603 609 619 623 640 643 664 665 699 704
44 88 100 107 120 131 164 213 239 258 264 265 305 318 320 346 354 361 372 438 441 445 460 466 495 497 508 528 535 544 560 574 587 595 610 626 638 641 644 658 669 680 689 690 691
35 114 117 122 129 168 169 172 179 238 284 294 299 302 334 350 358 411 425 429 488 499 503 525 526 535 537 554 560 570 571 610 617 631 670 685
31 108 127 137 159 168 178 196 198 206 212 217 229 249 262 302 330 353 424 428 440 480 485 502 526 548 574 582 601 626 693 708
34 146 149 203 218 221 237 255 259 264 282 335 338 353 380 405 421 430 449 453 459 472 475 476 477 497 545 552 558 568 594 607 612 666 691
28 149 150 152 156 195 230 266 339 359 379 389 416 489 511 513 517 526 534 548 607 611 625 636 643 664 677 689 711
30 104 112 143 171 179 194 224 246 256 258 269 278 313 323 326 347 425 434 469 494 498 521 539 575 626 628 648 680 699 704
24 111 170 234 286 327 344 377 389 391 428 445 458 463 471 521 531 540 566 575 630 636 658 662 706
24 109 118 146 281 287 293 308 391 399 401 421 445 453 488 519 553 557 558 580 607 624 643 669 698
36 111 127 132 136 156 198 205 231 256 276 284 344 374 396 421 434 441 451 454 459 463 465 477 491 509 544 553 567 582 590 628 638 659 661 700 706
42 94 116 119 122 123 149 156 162 195 218 271 275 287 295 321 326 330 355 359 367 370 427 432 464 465 468 471 481 489 517 523 528 532 540 555 581 592 596 608 614 657 695
33 126 135 155 157 167 182 188 204 207 257 300 310 322 326 329 358 362 374 378 392 404 487 511 550 571 574 585 640 653 670 679 686 700
23 97 113 117 123 152 181 186 257 374 440 448 504 522 541 542 543 555 565 605 612 613 677 692
24 169 185 203 231 359 381 424 432 444 445 452 474 475 489 528 563 596 618 658 666 674 692 704 715
36 97 100 129 144 151 159 163 209 219 231 280 312 327 373 395 403 420 422 429 437 470 497 500 509 511 514 525 526 559 566 584 632 649 682 688 697
40 111 135 140 180 205 213 303 335 336 381 400 405 428 443 445 463 482 496 520 537 546 548 555 563 571 576 602 610 627 628 632 633 636 642 648 680 683 687 707 716
36 126 148 188 194 224 229 242 268 341 345 349 350 366 379 390 392 422 443 460 503 508 510 538 549 577 593 603 624 628 647 650 652 677 686 705 715
37 143 150 157 163 202 209 219 232 234 241 246 261 295 310 315 324 400 413 415 436 443 446 473 477 494 510 524 529 542 550 578 682 685 687 704 713 716
21 107 120 121 131 160 205 262 263 268 313 358 383 414 457 563 566 570 608 618 647 695
32 127 145 157 165 170 177 178 234 236 240 246 307 311 313 352 387 402 407 428 435 468 489 492 513 540 560 573 578 601 616 632 680
30 110 119 218 237 239 261 325 338 361 373 381 401 463 474 488 502 524 558 586 588 597 630 637 644 646 659 671 680 693 710
38 125 141 198 222 271 290 293 297 300 305 307 309 312 316 337 372 426 432 475 477 490 509 519 538 544 546 551 552 567 584 590 592 594 598 611 623 676 712
38 105 110 120 127 129 134 164 202 212 228 242 246 266 278 305 324 325 333 339 346 396 434 437 447 462 482 497 501 549 559 582 593 616 666 690 697 708 714
31 119 138 146 150 206 246 288 295 329 335 352 357 371 377 416 484 488 528 538 548 559 590 610 619 627 651 676 678 686 697 701
29 119 176 193 201 202 233 243 250 251 302 307 308 364 366 410 441 482 509 516 533 547 559 564 572 605 616 662 709 711
18 162 194 223 269 287 301 346 383 413 470 473 502 516 529 539 540 544 692
28 183 203 215 217 226 259 297 318 322 331 333 343 413 416 435 439 441 452 462 543 553 569 606 607 626 632 677 710
24 135 143 150 157 221 238 271 282 313 321 364 365 397 416 420 433 468 498 501 518 581 586 666 706
25 111 124 286 287 314 327 330 333 335 347 369 460 474 501 513 526 533 555 600 634 637 642 669 676 694
37 138 161 166 176 185 196 207 211 228 248 287 291 319 333 339 364 377 400 422 439 444 448 454 456 471 504 510 555 565 604 640 663 679 691 694 711 715
27 144 181 218 230 240 246 272 347 362 387 404 408 419 430 466 491 509 525 576 606 632 641 650 658 669 693 715
31 116 142 159 184 200 211 257 279 282 300 310 366 374 405 419 433 457 488 493 500 524 537 541 560 566 573 613 650 664 689 702
31 122 136 156 237 240 260 274 289 302 317 343 344 366 379 393 467 486 538 548 589 598 609 629 637 666 667 674 675 695 700 711
24 154 172 189 219 251 253 337 373 378 382 419 428 451 503 521 531 547 566 630 642 662 676 682 699
29 133 146 172 180 183 213 221 289 295 329 338 347 410 428 432 433 454 464 477 478 509 570 589 594 615 617 639 688 705
20 120 141 152 180 218 237 289 360 422 454 478 491 579 586 618 639 670 688 693 708
27 138 142 143 151 240 292 302 303 313 391 396 416 424 454 466 477 479 493 508 527 545 559 568 579 584 645 702
36 131 164 165 173 191 211 218 226 229 233 250 252 255 290 293 299 324 339 345 346 381 382 400 427 442 514 524 577 581 594 595 614 646 665 670 690
32 121 142 169 192 211 223 232 265 328 349 407 422 425 439 440 459 467 523 526 529 544 557 558 560 567 604 609 625 638 644 688 696
33 175 181 183 187 203 209 225 226 284 287 301 322 399 404 405 470 485 495 500 544 545 552 565 590 600 616 617 630 634 641 670 683 716
28 123 128 137 163 262 280 300 313 317 337 349 367 407 468 472 480 497 545 546 564 587 599 640 641 672 692 710 713
23 155 166 209 219 263 306 318 321 323 365 411 442 504 549 558 577 594 614 623 626 632 670 710
27 136 154 168 222 224 255 267 295 299 347 350 354 367 398 439 457 509 558 562 590 602 622 627 641 672 690 705
30 177 178 253 258 287 293 303 319 338 366 390 415 418 421 440 452 466 468 523 532 533 573 613 618 627 643 666 676 680 712
25 130 159 193 194 228 233 255 281 343 370 372 389 406 426 457 460 477 487 502 542 559 640 642 690 699
26 151 152 168 173 184 198 257 286 289 352 479 483 496 505 510 537 548 565 603 611 622 631 664 665 694 713
29 158 186 212 217 219 240 262 269 288 303 306 313 387 402 476 480 489 499 508 531 543 552 563 613 616 617 622 629 640
28 148 167 172 183 187 206 207 208 215 224 227 311 322 329 335 343 348 424 431 476 490 528 555 591 601 622 684 687
25 152 166 173 212 214 216 239 262 278 280 294 326 343 345 411 434 436 459 534 536 603 628 644 692 711
29 134 183 219 230 237 254 322 327 332 340 355 376 378 408 436 442 459 505 515 518 532 575 583 600 646 680 691 696 705
32 145 170 187 195 235 278 283 298 304 315 330 347 351 354 366 372 389 445 484 493 503 532 560 564 572 582 594 630 645 683 685 693
39 134 141 146 152 154 180 181 186 201 208 210 223 228 230 237 275 286 287 330 340 353 366 393 399 410 411 431 435 451 464 489 494 519 548 648 666 669 689 693
31 161 222 233 252 256 274 282 283 311 316 326 331 336 339 343 346 358 388 395 413 490 539 559 593 613 615 617 654 697 700 716
26 136 173 184 266 289 309 327 335 355 356 449 460 486 496 509 567 577 593 595 600 607 652 660 671 672 680
26 150 164 188 212 215 247 253 278 323 342 366 376 394 401 435 444 481 488 523 535 548 559 565 593 612 616
25 139 148 155 215 234 283 298 307 321 330 343 359 414 419 431 439 444 466 478 536 543 590 593 636 689
33 149 184 195 226 236 239 244 271 307 330 339 348 358 471 478 485 503 521 537 544 555 560 580 585 595 597 598 614 620 628 658 687 705
28 149 156 158 160 199 215 237 290 302 362 424 429 436 438 463 467 495 504 529 545 547 588 590 598 613 626 645 687
33 153 159 187 202 212 230 247 253 262 313 314 332 364 366 375 383 384 390 421 495 499 503 530 536 550 553 555 586 599 603 628 641 687
24 152 243 251 277 300 303 354 426 456 484 521 524 561 572 579 584 612 648 649 664 673 677 678 698
22 142 194 239 272 280 370 392 416 424 434 438 452 453 475 482 512 594 614 640 665 668 685
36 145 172 175 176 186 191 194 205 212 241 248 250 258 280 310 355 359 371 379 405 451 491 556 576 579 596 597 615 625 637 645 674 679 690 698 708
30 157 184 194 216 236 261 272 305 307 313 358 371 403 404 415 433 445 455 480 482 492 524 532 536 554 570 615 663 692 712
31 146 147 162 164 169 254 293 309 331 371 406 439 440 482 507 536 543 544 557 563 565 585 586 597 601 618 643 660 664 698 716
33 195 196 200 225 237 241 315 335 363 364 441 449 468 498 506 521 535 551 552 563 566 570 593 599 609 617 639 653 677 682 689 699 709
22 167 223 225 252 253 289 328 390 469 484 496 497 500 542 551 562 568 592 604 621 623 687
32 162 171 180 185 189 192 198 211 217 261 273 276 284 294 344 357 369 397 400 440 461 470 493 494 506 524 580 586 589 623 641 708
28 160 171 177 178 211 213 331 350 391 393 405 449 472 475 528 534 555 558 589 599 612 628 630 645 652 666 707 712
21 198 199 228 250 366 369 396 405 469 484 512 517 553 560 570 584 608 615 625 639 677
24 176 218 271 284 289 291 296 316 333 349 384 423 424 436 455 486 494 549 569 628 682 686 692 699
27 169 197 209 217 238 259 295 312 313 315 397 412 426 433 454 472 524 525 548 568 596 619 628 638 639 671 684
31 165 172 203 206 248 279 286 289 302 335 362 425 431 435 454 455 457 463 500 502 514 519 529 531 548 555 560 578 590 603 711
38 169 173 176 178 209 211 233 236 264 268 294 298 320 369 387 401 403 418 420 422 423 427 468 499 501 502 534 550 556 579 591 592 593 675 693 699 702 716
26 173 176 205 213 241 281 290 310 327 328 335 376 380 426 461 475 489 535 577 579 589 605 614 624 662 667
28 175 180 202 223 227 230 264 292 301 312 325 353 378 399 401 427 462 493 502 544 562 563 564 629 640 662 694 708
36 159 166 171 172 224 227 228 243 251 267 271 280 287 306 311 326 335 336 346 348 357 364 391 410 439 497 501 502 530 581 606 646 664 671 679 708
26 165 171 198 200 202 211 232 233 251 262 279 285 332 360 451 467 539 541 575 596 601 623 637 639 658 704
39 170 180 220 224 232 253 260 263 266 306 311 316 355 373 379 384 391 398 403 408 411 418 450 454 518 535 536 552 581 586 594 618 628 644 656 658 691 707 714
40 171 176 187 216 226 233 257 312 326 329 338 347 360 369 404 411 414 421 425 463 474 492 517 531 548 557 580 595 599 609 617 628 646 659 663 670 673 683 694 701
31 161 167 176 219 223 236 268 270 281 301 381 388 426 464 466 468 470 474 487 499 530 556 568 591 595 599 600 621 664 691 707
25 168 237 246 313 347 355 367 397 427 432 472 488 493 499 526 537 539 554 595 628 639 651 657 661 692
35 184 232 245 291 297 307 308 340 387 401 407 410 417 447 464 484 491 499 503 511 523 527 544 562 572 581 600 627 634 645 649 682 688 700 710
27 164 173 180 186 197 211 215 229 244 263 283 292 370 422 444 445 473 533 537 552 562 569 595 639 647 673 675
18 177 214 228 242 291 332 360 371 374 458 503 539 553 668 671 698 701 703
30 185 238 273 281 292 320 354 357 382 390 400 412 414 437 443 456 470 478 540 544 591 610 616 625 630 638 655 664 677 694
34 167 169 215 221 222 227 236 248 299 351 356 369 395 396 403 408 413 427 440 441 444 446 472 495 496 497 509 517 527 565 569 669 676 712
24 230 260 297 330 356 367 434 440 449 455 479 493 497 505 522 530 540 581 630 641 664 699 705 714
30 184 190 207 208 217 233 251 276 281 340 378 398 404 436 447 470 484 512 516 523 529 538 544 550 555 570 586 608 610 616
26 209 228 237 241 245 249 345 377 389 392 422 434 453 468 471 500 527 533 605 607 621 628 640 652 689 713
24 178 187 216 226 235 252 315 396 419 458 467 511 521 540 559 561 563 573 583 626 639 641 642 669
28 206 223 240 259 272 284 320 339 343 391 405 422 446 450 480 507 515 587 588 602 606 643 667 670 677 686 702 712
34 185 190 192 201 253 275 288 292 309 310 316 369 371 391 397 414 417 427 428 435 448 473 479 487 490 492 505 524 538 579 674 677 692 716
29 175 237 255 282 334 338 351 369 375 392 394 417 423 436 445 456 463 472 481 490 547 556 572 576 635 654 670 693 714
20 183 219 224 241 345 356 381 429 441 470 486 520 523 592 605 607 620 656 670 707
27 189 211 229 243 265 279 281 303 312 366 433 441 466 470 491 502 513 550 565 598 607 612 628 631 656 681 701
27 186 204 237 252 291 298 303 313 376 397 434 457 478 479 483 495 535 584 585 589 592 609 611 625 632 647 656
26 195 233 256 281 344 350 357 395 399 406 417 421 470 474 495 523 540 543 557 563 568 601 625 641 665 688
24 183 189 195 205 233 277 360 368 422 447 454 472 474 492 541 555 597 604 615 623 633 654 680 703
22 202 276 342 361 376 381 413 415 454 464 466 470 474 478 529 615 616 630 632 638 654 665
27 181 186 195 228 268 274 290 303 356 364 379 381 387 470 477 479 489 511 532 556 560 592 595 625 659 689 715
25 226 268 285 299 305 312 337 340 344 345 357 358 362 373 377 440 443 583 626 631 654 675 686 707 716
26 223 226 248 259 280 297 322 333 369 381 398 423 424 459 467 490 513 534 552 586 597 641 656 663 670 683
22 213 217 235 250 292 302 312 439 483 530 546 558 562 593 602 603 606 607 614 625 648 661
26 186 192 212 227 261 264 273 276 281 316 318 331 340 344 355 373 406 411 481 520 541 550 665 690 713 716
23 191 192 229 237 303 339 377 401 457 512 519 532 555 566 591 592 596 637 658 682 688 698 706
22 200 229 245 271 351 376 417 431 432 456 470 540 562 567 572 579 581 611 614 632 676 677
28 195 272 284 289 341 342 345 392 399 404 408 447 468 483 497 509 534 536 558 580 583 608 611 613 628 643 687 692
23 207 216 263 333 358 362 417 432 435 436 439 453 489 491 523 546 560 571 587 622 644 707 710
31 215 219 254 257 267 318 319 325 352 376 384 386 402 403 406 416 435 436 474 535 551 565 571 578 584 616 642 664 683 689 694
23 213 229 253 255 257 259 264 346 353 375 387 404 421 487 507 541 566 568 590 677 691 694 711
28 212 222 276 285 297 303 374 419 457 472 475 504 516 533 540 545 567 570 573 575 578 584 597 610 615 624 646 669
23 230 282 286 326 395 396 400 412 450 454 481 497 502 522 528 573 602 607 614 653 670 706 712
37 210 226 229 264 304 318 328 335 344 352 355 382 386 404 415 441 442 447 449 473 479 506 511 522 530 538 540 541 547 554 583 626 642 676 684 686 691
32 203 219 247 273 298 299 315 326 329 342 355 381 385 387 392 394 409 414 426 446 506 524 543 581 615 636 645 692 693 695 700 702
36 218 246 247 251 254 255 258 282 286 287 288 308 355 430 442 451 463 474 488 505 512 516 531 534 540 592 616 627 634 640 646 649 662 693 709 713
21 211 223 252 294 309 323 347 352 380 393 476 481 495 540 573 576 588 621 652 656 708
28 203 249 253 283 291 337 358 367 407 415 445 450 464 468 481 528 560 574 604 619 636 637 647 662 665 670 689 694
27 211 214 218 233 253 278 287 311 340 378 415 444 450 462 470 503 548 558 564 597 645 647 661 671 672 678 686
18 232 263 265 335 361 379 409 410 416 543 558 606 612 632 634 649 675 705
23 239 272 277 280 281 287 358 380 410 447 468 510 516 520 531 534 550 558 619 661 675 686 693
27 220 237 243 247 296 311 328 351 369 383 396 442 462 483 524 528 529 556 563 583 635 636 646 659 686 701 712
30 240 265 273 302 304 311 312 315 332 371 373 388 407 411 413 434 444 457 478 514 520 524 555 564 581 614 615 684 712 715
28 227 252 279 283 301 316 324 351 396 408 410 417 420 427 458 463 479 512 514 568 576 589 600 627 642 643 647 693
27 209 232 237 252 256 258 260 274 275 363 374 382 387 415 424 470 501 515 544 560 606 617 618 687 704 713 715
34 220 225 227 228 240 250 270 280 363 366 392 422 423 451 457 490 493 510 518 530 560 565 570 588 593 611 617 618 688 691 697 700 701 707
27 237 259 265 286 311 345 347 392 417 425 436 451 455 461 497 502 523 533 553 571 577 614 629 647 659 664 709
23 212 225 227 287 298 309 339 382 399 450 485 499 505 520 521 526 548 570 592 633 651 662 684
26 222 265 273 282 327 329 335 349 389 403 416 420 436 462 500 501 502 518 532 611 620 631 671 685 686 687
32 228 255 260 262 271 309 310 312 331 360 363 371 382 395 415 431 440 446 465 479 502 545 550 637 646 660 668 678 681 691 705 709
21 226 246 260 300 323 328 335 341 375 430 438 447 458 469 498 505 507 520 559 576 696
25 214 215 232 253 324 339 357 373 375 380 390 394 453 498 518 551 572 577 605 660 671 677 687 690 692
23 235 252 254 256 280 308 346 348 350 375 399 411 431 439 479 486 501 514 539 547 609 627 693
18 250 287 292 301 310 322 340 341 349 402 438 464 533 539 650 659 669 672
31 226 237 257 289 297 340 379 381 391 394 410 413 420 423 433 444 447 485 518 549 554 576 584 630 631 644 649 650 658 665 714
12 218 257 267 279 411 418 520 535 560 588 644 703
20 232 240 270 278 314 328 340 344 359 467 468 502 505 513 556 587 589 590 637 709
16 231 318 320 389 413 443 467 495 524 525 548 581 614 628 687 709
21 229 240 246 281 286 325 326 363 367 408 536 548 549 554 572 603 615 669 679 697 704
20 252 265 269 297 306 313 321 337 341 385 441 503 526 558 611 617 657 668 677 682
35 239 247 252 308 314 323 342 353 357 359 382 401 410 420 454 471 477 492 501 506 513 517 530 532 534 548 551 555 559 572 585 641 672 679 703
28 254 271 289 321 335 337 387 406 407 409 411 417 420 430 455 465 549 557 560 585 597 616 634 682 691 693 701 711
25 232 241 244 251 262 282 347 350 375 406 418 482 501 517 520 562 575 582 603 627 628 633 645 681 682
23 233 254 327 329 339 349 368 393 405 430 452 454 484 496 524 532 550 614 628 659 663 671 684
18 264 284 322 351 386 451 467 479 537 538 544 561 563 600 643 690 691 695
26 258 265 278 281 298 335 353 354 357 358 414 428 446 477 482 506 534 564 598 603 642 645 659 663 671 714
23 230 245 252 262 264 295 312 324 391 446 458 465 506 529 543 568 580 650 664 680 698 700 711
25 232 239 249 251 306 338 345 375 392 400 434 441 447 453 463 475 515 565 580 612 613 638 662 689 712
27 231 288 308 313 317 324 359 387 401 440 450 464 478 497 504 536 558 605 628 654 655 657 667 668 673 693 698
28 241 250 254 255 276 300 311 323 414 444 447 458 470 494 498 519 530 532 536 563 582 606 612 631 638 674 680 687
21 269 315 331 341 344 345 377 436 454 486 495 555 565 568 576 589 614 693 705 708 712
27 251 273 284 313 335 365 376 387 393 402 407 472 493 543 550 590 593 599 607 627 646 663 665 672 693 697 715
18 247 298 343 374 401 406 412 477 485 500 517 576 577 589 623 666 672 709
22 249 260 281 301 311 397 410 412 445 458 505 540 555 560 562 581 582 606 609 615 670 703
25 271 310 347 357 366 397 414 424 431 468 472 494 510 516 521 537 549 563 589 610 611 617 625 634 649
23 242 248 268 335 342 346 358 380 394 412 429 507 511 518 557 596 601 602 603 618 620 635 681
25 256 269 272 276 326 336 346 347 366 390 396 433 443 476 523 530 591 622 635 641 643 676 704 706 715
18 244 287 311 320 381 383 418 432 470 482 536 611 625 650 652 669 692 693
24 244 299 308 316 324 351 378 380 382 406 408 413 438 443 468 549 552 599 606 627 659 660 662 709
19 282 350 352 374 396 407 422 458 467 506 509 572 592 600 605 615 662 681 697
31 257 263 265 309 312 357 373 374 390 398 419 426 432 438 453 468 495 497 518 532 551 571 579 605 612 613 640 653 664 711 714
28 275 276 277 295 299 303 307 308 313 336 337 360 383 409 434 467 490 531 537 560 575 602 603 616 618 626 680 702
20 307 326 358 386 411 440 451 501 527 568 597 605 618 622 630 637 650 675 682 707
27 311 332 342 362 364 371 379 385 405 438 445 464 468 500 510 514 522 531 544 550 565 595 648 653 660 672 673
27 271 275 295 301 343 345 380 443 464 497 515 522 524 532 545 549 556 560 570 590 595 607 617 620 677 684 697
22 301 312 344 346 394 407 422 423 453 492 497 515 555 569 571 591 615 622 630 648 650 671
37 250 251 301 320 349 355 373 380 395 401 418 427 431 432 442 445 465 471 497 530 553 557 558 569 589 594 607 608 617 620 631 637 639 666 668 685 696
30 253 271 290 326 335 345 354 376 402 420 431 443 449 455 461 464 468 474 489 490 495 527 529 564 604 609 614 637 676 710
27 251 252 270 282 318 322 334 342 351 390 394 401 403 432 449 465 468 483 506 582 628 636 660 662 677 696 705
23 251 268 276 278 335 386 409 424 434 448 451 502 519 540 545 591 597 648 654 659 693 704 716
35 253 261 265 274 277 314 317 336 337 342 358 360 362 366 371 377 393 395 421 432 439 448 470 475 488 493 505 524 527 584 619 640 641 651 687
14 269 292 377 402 449 488 555 560 571 588 630 656 694 696
21 279 283 284 359 366 424 464 473 478 493 521 532 533 563 573 595 603 607 613 687 702
15 273 377 382 466 490 507 555 556 588 610 629 666 675 688 706
19 305 357 359 365 370 443 491 500 502 518 553 559 560 578 617 643 649 659 699
20 305 312 320 358 367 369 372 397 412 462 477 499 552 565 602 639 646 673 679 714
34 257 264 293 298 303 346 355 363 373 375 390 421 434 448 450 503 505 510 514 516 564 567 587 591 594 597 613 617 623 629 635 658 659 702
21 259 281 291 306 340 408 419 439 461 464 497 527 544 556 598 601 651 681 687 700 702
24 270 290 312 333 351 355 380 408 416 467 489 501 521 544 563 579 591 603 613 643 652 655 683 692
29 286 294 296 297 309 357 376 381 429 439 441 442 450 453 457 458 491 528 567 568 597 623 628 648 649 676 679 692 715
27 262 299 312 356 362 364 391 396 420 426 434 445 449 468 494 503 511 550 560 570 573 579 585 619 640 657 687
17 373 419 453 460 473 485 500 511 517 552 560 569 600 618 623 636 647
21 286 314 318 338 370 382 383 399 410 440 451 493 540 557 559 563 590 615 622 683 698
22 277 293 296 349 365 382 386 415 419 425 458 459 498 499 502 552 575 576 613 616 636 692
27 309 314 319 334 341 407 418 428 438 450 462 509 516 535 544 550 570 609 617 618 631 634 646 660 663 677 715
24 303 323 324 336 347 357 381 417 419 430 439 478 493 496 513 518 560 573 594 595 601 688 698 703
27 283 323 359 360 364 375 382 394 411 444 456 468 469 484 525 544 545 561 572 573 593 598 608 661 672 687 701
20 270 309 337 353 363 422 477 485 494 501 508 517 528 550 556 610 655 672 674 694
19 292 305 324 341 415 428 470 502 542 543 566 611 631 634 637 650 660 685 698
26 277 341 343 352 354 355 358 378 379 397 480 550 554 561 565 569 571 575 588 592 600 650 664 679 684 711
25 279 286 321 329 355 370 378 383 392 411 420 432 469 495 521 550 573 615 624 651 658 681 683 693 697
22 346 390 415 428 429 455 497 503 530 556 557 565 578 588 630 631 638 643 685 689 691 708
24 274 287 294 329 347 352 356 358 368 369 421 452 501 508 509 557 576 604 635 638 657 664 672 707
22 281 290 292 300 315 327 336 358 416 419 486 512 513 518 529 559 609 625 632 640 690 698
22 281 312 315 366 372 391 393 405 437 441 465 473 485 534 547 553 575 579 595 623 627 678
18 340 391 404 444 451 452 478 480 497 500 526 549 577 608 644 645 659 663
24 299 306 316 326 339 379 399 439 458 486 570 587 610 611 631 634 636 642 646 652 668 681 698 706
25 278 286 293 303 315 356 362 421 429 444 456 488 507 549 565 580 587 600 630 655 671 673 681 693 710
27 281 289 337 354 416 420 434 435 461 495 532 536 545 567 587 589 595 618 630 631 639 640 669 673 683 697 708
29 331 368 374 383 391 401 406 408 421 428 459 471 477 498 512 519 529 545 577 578 593 597 602 616 622 629 632 645 706
20 283 300 309 360 364 384 418 436 443 444 519 532 537 574 580 590 649 653 656 679
16 293 322 338 347 379 460 478 495 507 545 556 558 561 585 603 691
36 294 333 335 390 394 400 404 410 411 426 427 429 434 436 466 469 489 493 523 536 539 544 557 583 598 600 606 608 615 626 629 651 652 655 683 688
22 306 307 338 355 357 399 403 411 436 443 445 532 561 571 579 584 587 601 608 656 684 710
22 294 296 315 328 359 362 367 373 381 392 408 411 457 526 583 594 619 647 650 688 694 709
28 286 304 307 309 332 334 340 375 385 390 393 419 423 474 486 500 525 560 568 569 575 597 654 659 675 697 701 712
14 299 357 385 387 411 418 428 433 435 459 630 636 664 691
26 288 292 321 387 395 400 406 435 459 489 503 505 519 526 545 567 572 592 616 624 633 651 665 680 696 700
26 302 331 342 350 360 373 394 400 406 434 467 468 510 542 556 581 592 603 611 613 619 625 639 657 692 716
25 301 346 347 348 356 368 376 403 447 451 462 496 500 501 520 568 575 577 642 652 658 677 686 710 713
20 294 305 319 321 326 350 394 436 439 454 476 487 536 537 540 564 690 699 700 705
17 338 345 362 399 432 460 476 488 505 536 576 594 613 621 654 680 686
18 295 370 377 380 391 397 413 425 481 491 548 556 573 592 594 620 650 699
17 306 312 316 331 373 413 465 531 551 560 565 566 575 593 636 638 705
17 338 355 387 406 451 455 457 465 489 493 505 561 573 577 613 646 661
20 384 397 412 420 421 432 452 470 474 508 513 532 533 582 610 612 627 636 638 663
15 355 402 407 458 494 506 514 519 550 552 563 584 598 636 704
16 315 335 367 397 402 461 529 585 610 617 689 696 703 709 711 715
20 329 367 382 411 453 466 473 477 480 521 525 552 567 601 603 604 607 619 681 699
12 310 430 445 510 515 520 554 651 652 660 694 712
20 310 322 379 415 470 496 516 541 552 558 559 560 564 571 581 605 637 671 677 688
13 344 373 430 437 500 506 533 548 550 582 668 686 712
20 351 360 364 384 446 459 465 484 487 526 542 547 550 555 565 577 601 690 708 715
24 329 335 354 359 371 379 424 431 436 447 459 464 482 535 543 588 606 610 618 638 664 674 675 677
20 308 317 338 372 390 417 441 459 514 518 533 601 610 617 628 636 676 684 693 694
23 320 331 397 398 424 465 470 473 478 479 548 551 584 592 611 615 621 626 638 673 676 677 685
18 328 335 380 386 393 406 463 486 489 519 548 550 554 570 582 588 646 660
13 354 395 399 444 472 501 519 559 582 621 651 688 710
17 368 393 430 461 465 476 521 534 561 568 578 581 594 601 628 693 714
19 316 322 339 378 402 403 446 472 488 528 574 589 598 616 673 680 706 712 713
21 320 326 386 390 415 443 444 448 468 506 513 534 560 567 570 597 609 616 666 686 691
17 383 432 451 454 507 516 521 522 558 575 645 655 656 670 683 689 711
15 359 386 435 476 516 545 553 569 575 601 604 613 628 632 691
18 322 368 379 382 398 411 423 443 456 491 506 571 612 665 677 697 700 710
20 330 345 350 391 397 400 407 411 437 441 446 456 493 495 501 571 593 614 689 694
18 359 374 376 397 447 492 507 525 560 572 582 588 598 621 622 674 682 695
15 332 397 451 556 596 606 620 621 667 672 673 676 681 682 704
17 319 342 352 379 385 422 435 445 446 454 555 577 623 628 642 706 714
21 323 329 351 355 396 405 406 408 429 439 469 478 517 554 556 557 609 646 661 674 690
24 327 372 375 378 382 399 405 425 427 429 439 472 475 478 500 551 594 619 630 642 674 683 694 711
18 350 356 398 416 432 458 465 472 501 532 535 537 550 659 672 675 691 692
18 355 376 385 404 423 447 449 489 492 545 579 582 590 668 691 692 693 713
23 381 387 397 410 429 474 482 548 563 568 571 579 586 588 593 605 614 615 626 644 648 684 701
16 371 385 386 415 421 427 463 490 493 505 523 534 547 570 624 707
9 356 411 421 430 458 510 522 548 665
19 329 354 376 387 397 418 421 429 441 501 522 585 611 626 640 678 698 700 711
19 337 355 362 376 393 412 418 439 475 477 487 510 530 561 570 582 610 634 647
15 337 340 348 396 456 469 491 502 547 557 590 617 649 698 710
17 339 386 431 449 467 478 509 515 521 525 544 551 565 575 579 599 615
16 349 355 412 421 425 429 456 458 466 491 565 591 613 626 657 694
12 392 418 440 456 463 481 489 572 582 638 651 706
18 336 362 363 401 404 441 497 527 528 563 564 569 574 599 601 650 657 673
14 367 392 411 413 458 460 510 529 559 571 660 661 679 688
22 343 350 359 378 404 424 447 448 473 493 509 545 555 556 578 588 598 616 617 644 700 709
18 346 357 365 401 445 465 468 486 489 497 539 594 595 603 633 644 676 692
17 339 368 400 462 466 469 504 512 519 557 605 631 633 650 653 682 713
22 348 385 398 416 491 504 509 520 536 584 592 596 605 612 619 620 628 636 640 644 668 694
23 339 367 385 395 419 426 442 454 498 519 555 558 559 570 575 579 632 652 659 661 670 692 710
16 415 429 462 469 503 549 552 554 572 577 601 620 634 682 691 696
23 347 363 366 399 406 410 481 483 494 515 531 568 569 591 597 600 611 628 643 661 671 681 688
21 381 415 435 438 443 448 458 485 513 532 566 619 625 633 643 653 676 686 694 700 710
15 388 394 396 439 462 532 541 555 615 641 667 669 672 704 714
15 344 351 370 376 444 506 544 568 584 585 595 620 661 695 713
16 349 380 386 451 477 525 561 562 604 626 636 639 653 668 674 679
15 367 383 392 407 422 426 436 455 471 474 495 525 569 613 697
19 362 391 410 413 435 438 439 466 486 507 526 559 578 597 604 648 665 706 710
16 350 351 357 364 380 436 471 482 493 509 512 516 562 592 675 708
23 359 364 372 376 404 407 411 458 469 553 561 564 571 609 614 631 636 639 641 647 666 674 710
19 380 423 435 439 454 484 533 544 558 608 621 622 623 626 633 661 663 683 708
21 367 370 374 376 388 403 456 475 481 493 499 522 548 554 560 571 574 654 693 708 710
19 395 412 451 484 505 521 531 544 550 578 581 585 591 592 599 613 665 694 702
17 359 371 391 411 458 488 520 523 535 547 575 583 607 608 617 628 682
12 371 397 426 440 509 566 586 633 671 675 677 692
22 355 374 381 407 427 429 456 479 509 524 525 543 559 561 609 642 660 664 668 674 682 715
19 379 427 457 480 488 495 519 553 581 583 589 600 621 640 656 668 691 693 696
9 363 472 483 489 575 578 589 605 606
18 358 360 362 390 412 413 438 465 471 486 487 587 594 597 619 636 686 688
12 389 444 467 473 511 547 553 577 594 611 639 657
17 370 383 467 504 533 541 543 548 551 563 567 634 638 645 652 657 696
28 362 368 392 417 422 433 438 442 458 486 489 497 498 520 523 547 549 554 558 561 565 574 584 604 605 668 682 698
15 420 453 461 463 478 513 540 569 574 599 619 657 686 696 709
13 377 393 397 443 464 486 493 520 577 618 633 637 682
20 367 396 405 412 420 438 450 453 468 497 534 555 569 573 585 589 591 618 685 688
24 412 438 441 445 446 453 461 469 482 510 524 539 545 556 573 636 654 657 663 672 678 680 683 709
11 369 465 483 516 529 535 588 603 627 655 711
16 372 425 447 458 468 478 514 560 566 604 606 619 629 637 650 682
18 402 409 415 416 450 458 495 498 529 530 564 567 601 615 628 641 643 710
18 396 413 418 443 452 463 468 497 531 544 565 566 572 598 643 646 676 714
19 369 370 372 404 440 461 485 501 516 624 631 651 672 678 681 682 685 686 706
24 398 411 412 434 440 452 459 462 518 519 551 566 567 579 587 596 602 606 631 643 646 649 680 711
18 385 420 441 443 466 492 513 543 547 567 587 604 606 626 634 649 677 709
14 389 405 428 476 533 558 577 579 615 621 634 635 656 698
28 377 396 399 402 406 407 412 424 438 447 466 488 504 507 524 559 571 577 592 595 599 633 648 669 670 680 701 710
27 390 394 401 404 411 412 497 510 513 523 536 543 548 557 576 577 606 616 622 641 651 674 678 682 691 697 714
17 375 381 418 447 490 496 513 519 550 573 580 581 585 586 672 683 709
20 376 384 458 459 482 510 514 521 522 540 610 612 622 637 638 646 653 692 693 698
19 385 401 417 445 452 473 477 515 523 537 541 550 585 597 678 684 695 705 708
20 390 398 416 419 428 439 455 466 495 523 524 535 549 555 570 605 651 674 684 688
14 409 415 446 458 465 495 516 525 545 587 632 670 672 699
17 414 425 426 427 449 463 510 542 570 595 600 621 638 664 687 692 715
19 422 431 474 475 497 517 536 540 546 556 574 590 594 639 644 649 650 673 707
22 399 441 460 465 476 477 487 545 555 557 563 572 582 595 634 645 647 651 660 662 687 689
17 390 398 406 419 437 487 495 579 580 582 587 607 612 646 660 689 707
17 396 401 447 474 478 482 494 500 513 523 539 545 586 595 599 622 653
19 414 426 488 495 498 503 505 513 519 552 558 563 591 620 623 660 669 670 705
19 389 403 413 442 443 445 466 476 514 517 545 563 567 572 596 604 697 698 710
17 420 440 442 511 553 556 592 618 619 644 649 650 660 670 677 682 699
13 409 420 435 437 471 588 616 643 653 663 667 678 692
28 389 400 410 411 422 431 445 461 465 487 508 518 522 526 527 563 569 579 580 591 604 612 636 658 660 666 668 696
23 405 412 445 465 485 487 503 521 554 557 570 574 579 590 620 625 643 646 666 670 687 696 712
11 416 466 494 523 539 550 578 619 631 670 703
11 415 421 424 447 477 539 540 569 594 647 709
9 427 458 488 522 528 530 534 604 695
17 398 405 435 502 529 546 551 554 569 611 642 643 649 652 655 691 713
17 400 418 435 448 455 504 531 532 569 602 606 618 622 632 640 648 687
14 439 457 470 502 514 589 613 630 639 645 653 675 680 684
20 402 406 429 453 460 491 500 501 533 569 592 619 633 634 647 665 684 694 699 701
10 460 509 511 524 556 559 562 573 613 650
15 413 421 460 472 478 483 526 559 587 628 637 685 693 694 698
16 405 417 424 455 457 464 515 521 539 549 604 609 639 649 673 691
17 407 435 449 469 522 523 565 574 575 579 583 600 627 633 686 700 710
19 428 429 443 462 510 515 525 540 564 576 588 603 636 637 646 683 692 701 714
12 421 423 449 455 514 537 547 574 582 610 651 689
15 410 425 430 433 452 501 517 555 557 600 647 656 667 699 702
11 457 459 467 473 571 589 613 627 634 657 683
19 454 464 467 469 472 488 531 536 549 557 567 570 575 576 592 630 641 644 668
22 409 422 429 434 447 455 468 487 489 507 521 539 545 562 580 591 603 623 664 667 687 688
19 422 424 428 471 488 500 519 533 534 553 569 581 604 613 634 646 682 694 696
13 443 451 507 510 513 540 543 562 570 624 674 680 698
20 414 430 447 448 459 471 479 498 550 562 567 582 583 619 638 649 665 675 690 713
15 414 416 474 500 534 559 581 598 608 633 641 651 683 701 709
19 427 432 463 499 502 503 516 518 535 556 583 587 593 607 638 648 653 676 695
14 426 459 475 507 539 540 592 597 607 616 644 657 662 694
14 415 504 505 521 531 572 585 600 619 638 639 660 675 715
11 420 451 489 494 498 517 526 549 557 579 696
8 453 469 470 519 578 617 700 714
12 418 502 561 569 583 592 622 647 665 666 667 680
11 421 441 481 495 588 615 638 651 658 668 677
14 427 446 505 506 529 587 597 607 616 618 633 648 686 714
7 495 500 585 598 622 631 700
14 427 445 453 462 469 470 472 477 507 576 606 675 693 695
8 428 461 487 598 615 625 627 684
18 432 445 506 512 530 583 588 594 595 625 630 635 650 665 679 699 711 716
17 451 500 506 558 563 575 591 606 607 640 641 655 660 676 682 699 707
14 437 442 443 448 465 466 480 494 495 572 590 659 699 715
17 467 494 499 517 530 539 565 567 608 645 651 655 666 673 685 709 711
18 434 444 445 494 498 505 509 526 539 540 545 578 610 613 636 654 683 694
19 474 485 489 495 505 506 510 542 559 588 609 623 634 669 671 687 691 702 709
18 429 445 459 464 483 492 513 517 528 539 568 578 579 585 603 635 655 667
22 432 444 446 454 460 461 482 504 511 514 519 532 537 571 573 590 605 647 656 687 691 697
12 454 483 485 488 499 517 526 553 566 577 663 699
11 479 506 542 552 605 613 628 639 644 645 659
20 451 453 456 459 502 518 521 525 532 533 538 543 561 590 613 614 621 631 638 650
6 444 593 604 662 709 711
15 438 443 461 469 478 495 512 567 616 620 649 661 696 705 715
14 438 442 444 448 449 459 470 501 520 534 576 607 644 703
14 448 470 497 506 517 518 519 520 573 578 587 589 659 677
15 449 459 475 509 513 519 557 594 596 599 619 638 657 704 708
13 467 475 481 492 508 565 611 630 636 662 696 703 713
10 483 544 567 574 587 590 616 629 636 657
16 443 471 472 487 528 576 608 627 646 656 658 669 680 681 694 707
10 469 516 538 559 566 568 600 624 645 714
13 505 515 589 599 604 614 633 636 648 651 658 685 706
17 458 470 487 500 518 525 538 558 582 604 616 630 653 663 688 700 701
19 448 460 462 480 484 486 493 513 540 543 546 588 595 603 657 664 677 697 701
19 451 455 488 496 508 535 540 567 574 593 616 624 635 649 655 672 674 681 693
20 450 459 472 492 499 510 516 550 553 567 573 587 602 644 656 667 670 699 703 714
19 450 477 484 492 494 506 523 525 527 553 562 602 614 634 643 661 663 669 682
13 465 562 570 579 600 611 631 650 655 662 679 698 705
13 479 486 493 510 511 522 563 601 604 669 685 698 709
8 456 488 490 502 508 645 671 675
13 453 467 530 543 561 568 571 620 626 634 654 701 715
14 493 560 570 575 579 583 599 623 636 637 641 666 671 712
24 456 460 479 481 490 513 520 523 540 547 558 568 611 614 622 626 668 676 681 687 688 694 702 716
11 478 484 500 506 559 590 614 619 649 667 695
11 462 470 504 507 578 587 590 592 601 607 691
14 463 501 518 536 550 558 603 621 639 649 655 663 712 713
16 463 516 517 534 566 573 575 621 628 651 655 657 695 699 704 707
14 462 476 486 489 509 515 552 607 634 637 642 668 682 688
13 461 479 480 525 529 558 603 615 637 642 648 670 701
12 461 487 512 520 531 571 607 657 666 681 704 711
11 473 477 485 510 512 524 577 597 610 702 708
17 491 495 508 509 534 535 536 538 572 599 625 649 657 667 674 694 716
15 506 535 543 545 565 567 608 623 647 663 664 687 688 693 711
6 505 544 547 599 635 691
12 467 472 492 494 541 564 575 602 621 648 675 707
14 500 547 563 566 578 602 620 627 643 644 657 677 683 686
13 470 515 529 554 587 588 596 605 645 674 701 709 716
12 500 517 542 552 614 619 622 646 652 658 684 704
12 495 530 561 579 600 604 629 640 646 659 694 716
12 472 521 549 568 587 615 620 623 649 660 665 716
9 480 509 516 523 532 564 573 638 658
12 517 536 546 547 577 592 604 625 635 682 700 710
16 491 498 511 514 521 524 534 556 572 577 585 602 613 618 651 668
14 513 529 560 573 578 590 596 645 654 664 668 685 698 704
10 491 498 605 607 614 629 638 649 685 699
8 478 504 505 508 625 677 694 705
15 481 519 534 539 552 572 579 592 619 620 655 660 686 693 705
16 501 511 518 530 538 539 571 574 616 634 641 645 668 692 698 714
15 489 547 586 589 602 610 633 639 668 671 673 693 702 706 710
15 502 513 531 553 575 606 620 633 641 649 653 688 694 705 712
16 492 510 551 567 581 596 601 603 607 608 611 620 641 645 650 700
16 485 550 592 593 620 624 633 641 646 652 655 659 687 695 704 716
11 484 486 500 524 529 535 589 603 643 694 713
16 513 531 555 572 573 588 614 641 657 659 679 686 695 696 703 713
13 486 495 503 533 546 571 595 637 653 691 710 713 715
20 488 534 541 575 585 586 589 595 610 623 624 634 637 639 641 642 656 679 701 704
11 490 493 516 534 558 586 598 611 617 646 694
11 490 503 525 573 626 639 670 681 700 703 705
12 548 562 564 574 582 599 602 609 650 660 662 690
19 505 509 516 537 538 550 559 618 629 646 647 649 653 654 658 690 691 700 716
4 598 612 669 706
9 499 503 532 600 616 626 650 674 675
11 513 535 564 602 609 659 675 683 691 700 716
10 509 540 546 620 637 648 655 662 690 711
13 511 515 529 551 558 601 603 626 627 665 690 699 713
11 516 522 545 554 576 583 635 636 641 653 684
9 519 526 552 556 601 615 638 668 679
16 499 516 530 549 554 568 569 584 599 603 615 641 643 646 684 690
12 504 535 541 559 595 616 623 675 678 688 699 713
9 558 577 596 608 621 640 650 696 716
11 505 530 532 541 565 612 622 660 664 673 715
9 531 572 573 585 619 639 649 663 692
10 514 574 578 595 603 623 648 678 692 702
20 527 555 575 576 589 599 604 607 610 618 627 631 648 649 652 664 677 692 704 716
16 508 537 539 541 543 545 570 592 602 607 615 635 638 672 700 702
8 544 562 579 599 601 646 672 709
10 508 550 622 628 629 638 640 652 707 715
11 532 543 556 583 598 610 611 621 647 665 697
16 525 547 553 567 585 590 605 607 618 619 660 670 684 699 702 710
8 515 530 640 641 670 675 684 692
8 558 572 577 611 612 621 641 691
12 539 540 567 574 575 609 613 617 640 699 700 713
9 517 533 563 581 596 646 651 703 714
7 549 568 633 634 672 679 706
13 529 564 596 609 638 649 656 659 661 668 680 685 707
14 520 526 534 544 551 589 603 623 642 657 684 697 706 712
11 520 527 538 579 593 626 629 631 651 658 701
11 522 547 573 592 602 603 639 659 682 695 711
8 552 595 608 640 659 687 708 715
14 525 538 552 557 562 568 594 628 631 635 640 666 677 692
11 563 569 592 631 635 638 650 667 671 698 709
9 530 570 573 576 586 602 652 678 707
8 553 566 597 603 606 619 682 706
7 537 565 573 595 621 689 695
8 560 599 600 621 628 630 641 646
7 547 560 590 613 648 695 714
4 602 640 641 713
11 555 557 559 592 613 625 645 662 681 687 691
9 538 554 564 572 588 621 649 680 686
5 561 563 613 643 661
12 536 549 594 599 635 641 643 646 658 687 689 697
9 540 545 590 610 639 669 682 683 707
8 548 583 607 612 621 653 666 712
8 541 562 565 585 596 635 640 645
8 563 575 592 606 615 623 642 646
8 583 589 627 672 674 700 702 712
8 578 592 593 611 652 662 668 672
5 569 630 632 639 674
11 572 573 581 583 584 605 655 657 685 692 695
3 577 579 702
17 542 549 563 566 568 575 588 607 620 642 666 674 686 690 692 705 710
9 558 574 581 605 618 631 646 695 707
5 564 618 631 649 702
6 553 575 599 600 682 697
7 606 617 631 669 670 701 704
8 591 602 607 620 684 693 700 706
9 553 566 572 585 590 647 682 688 704
9 552 588 592 594 622 643 677 680 716
8 589 614 615 620 643 647 694 715
13 556 567 570 577 604 620 631 644 657 678 680 685 706
15 552 559 563 571 577 579 594 621 646 657 685 688 692 693 705
11 563 564 612 627 629 646 658 666 680 704 708
11 591 601 623 634 678 683 685 692 704 712 715
12 555 580 599 601 623 629 658 671 685 694 703 707
6 560 669 670 687 692 693
8 587 589 604 618 646 664 668 677
8 571 581 606 617 647 698 709 712
4 590 606 636 716
7 562 580 595 614 672 673 682
7 592 609 628 647 661 680 711
9 572 574 579 581 593 623 637 638 647
8 593 597 624 642 645 688 699 707
9 598 604 608 614 638 665 689 697 705
5 653 665 668 673 678
11 589 596 613 615 645 646 663 665 666 667 687
3 661 674 692
12 574 582 584 588 591 596 613 621 638 675 697 707
6 570 588 613 633 638 695
6 574 606 609 627 674 709
9 589 599 602 633 652 659 668 709 713
5 641 678 703 707 713
8 586 606 611 651 656 660 666 683
10 585 592 612 641 653 666 678 700 706 711
9 592 594 616 634 636 637 647 671 713
10 589 600 601 622 632 640 662 663 678 699
9 603 616 617 628 643 669 674 694 695
7 597 617 642 656 658 677 692
9 622 625 640 649 657 664 684 687 693
4 605 637 654 689
5 581 639 641 690 691
3 609 625 714
10 593 606 616 644 647 649 662 667 669 705
9 610 615 625 636 644 684 686 692 694
7 635 643 651 657 676 689 690
9 625 628 633 652 656 657 669 679 699
9 618 630 652 658 676 684 690 703 712
6 594 622 633 635 697 705
7 642 652 677 685 702 706 713
7 591 595 617 636 655 679 689
12 599 602 605 611 616 630 653 677 684 687 704 707
3 663 679 686
6 599 607 643 674 678 705
5 594 598 684 688 707
6 607 624 627 673 685 705
4 630 651 694 698
6 616 629 681 686 694 710
9 624 633 653 657 668 671 679 685 714
10 599 605 614 626 629 648 658 667 680 698
11 605 612 628 659 672 684 689 701 702 711 714
4 631 704 714 716
9 634 635 641 674 678 679 684 702 713
6 605 609 639 656 711 713
7 612 624 628 667 675 693 694
6 617 618 621 630 680 714
6 620 637 648 655 697 713
3 653 681 686
3 619 700 712
6 610 612 624 634 686 699
9 615 617 620 624 642 644 653 660 693
3 620 637 664
5 630 675 688 696 708
2 649 706
5 643 648 652 691 694
3 636 710 715
7 623 632 680 682 700 701 715
4 633 665 700 711
4 669 678 679 708
5 658 667 698 700 710
3 622 645 672
7 646 647 661 682 700 707 713
3 629 654 662
3 651 653 663
3 644 657 685
5 644 650 693 710 712
6 630 641 668 676 697 713
8 640 642 671 694 699 700 703 707
6 633 638 660 686 698 703
3 644 677 690
3 662 665 672
6 655 664 673 682 684 685
3 637 642 675
3 669 674 687
7 639 652 658 670 683 700 709
0
4 642 649 651 694
5 637 644 684 695 698
6 670 677 683 688 695 703
4 645 661 672 681
4 671 690 707 714
7 654 658 667 686 693 696 705
2 651 689
4 651 666 675 694
1 690
1 688
7 646 650 656 663 670 689 697
5 662 675 680 685 698
5 656 686 695 697 707
4 649 660 675 682
3 701 702 706
1 710
5 692 697 700 701 711
2 661 681
1 703
4 661 678 682 702
3 657 711 713
2 683 710
5 662 668 671 679 715
1 674
4 672 673 701 707
1 706
2 715 716
2 693 715
4 678 692 703 712
4 676 695 704 715
5 681 682 687 688 693
2 685 689
4 692 696 709 716
2 688 705
0
4 672 679 686 707
4 705 708 711 713
1 675
3 686 708 709
5 678 691 694 697 705
2 707 716
1 710
3 680 686 714
5 687 703 707 710 716
2 683 689
1 684
2 686 702
2 693 698
1 703
0
2 695 708
0
3 694 701 708
1 704
4 696 710 712 715
1 693
2 694 698
2 701 715
2 697 715
1 704
1 696
1 712
1 705
2 702 716
1 714
0
1 711
0
1 715
1 707
0
0
1 715
1 716
1 714
0
0
0
1 714
0
0
0
