812
39 32 34 46 61 66 99 156 225 248 273 277 341 350 373 388 394 434 445 448 462 485 516 549 598 606 610 630 632 670 675 690 716 730 743 746 748 785 787 806
60 8 36 49 102 106 112 116 117 145 166 181 186 200 206 214 219 228 255 260 284 285 383 386 393 394 400 409 414 419 422 439 448 478 484 495 502 504 535 550 571 575 580 598 634 651 654 668 695 696 720 729 738 749 750 762 777 787 788 802 807
44 24 25 46 47 59 77 91 94 104 106 132 146 148 162 164 165 166 208 221 234 238 245 247 253 291 330 331 346 363 401 414 437 527 547 554 570 574 593 605 624 694 776 808 810
41 9 51 78 115 145 185 206 213 232 244 271 277 293 297 306 324 326 328 379 401 436 438 446 453 458 466 493 510 519 571 594 622 625 631 710 718 765 796 799 804 805
28 12 18 27 91 103 114 157 196 205 269 367 376 398 409 455 524 537 555 561 572 587 668 683 688 703 707 720 794
31 6 46 128 132 151 152 168 181 211 217 226 262 270 274 277 283 289 303 415 437 449 456 470 561 585 614 634 646 694 713 762
33 17 43 50 76 99 141 150 156 217 244 326 334 375 422 429 452 472 477 512 536 567 571 602 646 653 656 691 700 724 757 776 786 793
31 70 112 154 155 163 167 171 183 188 334 356 357 359 379 422 449 466 482 493 509 577 596 625 645 678 686 714 715 734 736 766
41 19 35 40 90 108 140 171 187 274 293 305 319 321 330 360 391 398 409 412 413 449 450 462 501 532 539 556 597 604 615 620 646 661 681 690 731 737 754 777 782 811
31 131 141 234 246 265 283 292 303 305 318 333 381 406 415 487 509 512 516 518 538 560 573 592 611 628 651 692 700 732 754 766
33 55 88 90 169 187 198 266 280 312 313 322 326 374 406 421 433 440 448 455 457 494 519 528 537 563 584 585 640 646 703 766 774 786
39 12 20 32 35 38 50 56 67 75 86 87 102 109 139 144 234 256 280 281 288 299 339 343 354 396 443 517 526 532 533 535 549 594 628 638 667 791 796 799
42 48 54 66 143 175 197 204 209 239 243 252 254 292 305 332 354 356 381 402 424 456 466 492 493 514 534 540 559 585 597 598 600 628 666 672 687 723 744 749 764 766 806
36 69 81 90 100 130 214 217 247 252 281 288 294 315 319 325 340 356 357 395 400 403 479 537 570 585 594 617 659 667 669 674 675 705 711 754 792
47 24 54 59 69 70 105 113 125 128 151 152 167 176 194 204 221 247 253 293 302 303 309 322 346 365 394 412 426 450 481 488 504 549 567 577 605 634 668 671 681 691 724 734 754 777 786 806
46 19 20 30 33 64 109 150 170 197 201 233 234 245 258 281 289 303 304 310 323 335 350 377 386 402 413 414 425 431 437 440 502 503 507 511 526 538 575 609 631 696 717 732 744 746 750
35 54 57 69 76 117 121 130 175 206 232 321 326 330 335 340 401 420 455 490 504 522 531 569 574 600 614 618 620 654 680 706 713 742 754 778
42 18 24 45 76 167 203 204 256 257 259 269 297 301 311 312 374 394 407 433 463 467 503 511 532 535 570 595 606 609 613 614 620 664 684 698 703 719 725 778 782 796 807
46 22 50 51 76 91 101 122 149 157 184 195 203 212 216 232 259 285 286 287 293 308 323 342 391 397 400 407 418 436 442 448 459 475 526 533 537 546 549 553 645 670 692 702 721 800 804
39 31 60 67 79 116 143 151 160 171 224 253 265 293 302 327 346 359 366 368 373 381 391 401 410 463 482 529 542 552 594 638 647 659 680 706 726 748 769 786
36 45 80 158 163 175 196 198 204 224 232 234 249 272 284 309 323 367 380 386 426 448 502 539 566 598 640 671 693 701 718 724 732 735 744 759 793
46 28 44 58 61 137 147 163 173 175 210 253 259 265 267 278 283 292 303 312 323 354 375 402 407 453 459 472 474 487 490 516 528 534 539 540 584 600 606 619 623 640 676 684 772 786 793
37 30 49 51 70 79 90 225 234 255 267 272 297 301 319 328 341 386 435 512 513 550 577 581 592 616 624 637 639 655 659 708 726 760 788 790 792 794
30 30 44 64 68 86 127 307 320 327 346 348 362 432 434 494 498 543 576 636 656 669 714 726 767 772 779 787 788 791 793
44 28 73 92 104 105 134 153 212 228 236 241 248 259 263 306 307 328 376 379 401 413 442 481 484 494 520 552 596 603 606 629 652 669 681 682 707 708 721 727 733 761 778 779 791
27 47 75 111 133 151 176 213 279 308 363 383 401 413 471 475 482 530 586 604 639 661 676 716 734 753 780 785
35 36 37 39 61 75 88 94 96 126 193 197 199 259 288 292 295 312 316 361 362 412 413 423 425 460 499 513 532 585 593 597 604 697 699 789
37 49 59 91 92 140 145 167 197 250 274 276 286 304 323 335 352 379 384 393 411 429 432 479 481 515 524 534 541 559 563 582 620 645 660 714 725 755
33 45 76 110 127 138 142 149 161 165 174 302 324 334 339 368 373 381 402 403 419 463 528 546 554 598 611 625 674 724 725 730 740 793
43 50 54 84 104 116 118 187 193 196 197 237 276 297 354 356 364 385 386 388 427 436 459 478 522 543 555 595 604 637 645 685 708 714 730 734 739 747 757 781 789 794 802 807
43 31 49 68 77 96 109 111 113 157 158 185 212 263 291 360 367 396 402 416 479 492 500 506 508 549 550 563 565 608 627 669 677 679 684 689 691 699 706 709 730 755 773 799
37 48 51 91 95 107 109 132 164 216 234 277 287 290 309 373 437 440 455 460 471 474 481 482 500 505 511 525 529 547 551 557 598 614 676 705 722 740
41 40 57 67 70 140 151 164 171 175 190 208 215 237 238 276 291 298 306 386 408 422 432 438 482 495 521 542 551 555 581 632 668 671 682 713 750 765 780 788 804 809
49 51 64 121 123 145 154 182 193 209 214 221 241 265 270 278 280 311 323 349 352 365 393 401 412 432 435 444 447 452 461 465 486 511 527 547 551 561 573 576 632 660 684 695 696 715 738 771 777 781
35 42 45 51 82 105 170 175 219 276 303 349 354 360 388 419 422 433 435 449 474 482 489 523 547 574 597 632 648 660 682 717 745 779 784 805
44 41 62 75 132 138 179 207 228 236 241 281 290 296 335 349 353 370 377 389 420 480 488 491 499 511 514 518 543 555 570 585 635 660 664 665 695 705 706 707 710 712 735 764 781
42 50 52 91 109 120 135 185 206 257 305 318 322 354 373 383 386 467 487 508 531 544 546 552 561 573 578 586 599 635 640 642 650 673 702 718 731 744 752 765 768 774 810
35 71 90 112 146 162 168 174 175 190 232 235 255 303 326 328 385 414 424 457 467 491 499 509 519 546 572 601 645 672 684 691 710 727 751 777
31 76 86 88 155 190 198 203 211 314 366 368 382 392 396 409 443 462 482 501 502 505 510 529 546 569 604 638 698 718 783 792
34 50 53 105 165 197 198 227 239 262 305 306 310 311 359 375 434 435 449 459 460 469 501 586 589 594 626 662 684 738 748 755 795 796 808
40 46 65 75 76 81 85 102 112 152 163 168 170 217 219 250 254 285 303 304 322 328 346 356 371 377 406 440 533 545 582 625 668 695 704 725 749 773 790 792 804
38 65 66 69 75 104 124 134 139 144 146 199 216 280 281 294 296 357 366 418 448 449 460 473 485 503 504 602 617 623 625 634 641 669 681 745 755 778 787
39 81 91 97 100 104 126 155 199 205 268 280 283 287 386 419 435 436 446 464 483 497 508 548 566 584 601 603 620 627 645 666 680 690 709 718 729 750 760 784
31 57 101 102 116 129 158 220 222 225 274 278 291 310 333 334 337 356 407 415 418 448 591 624 633 638 672 681 737 740 760 810
41 47 72 136 184 213 221 240 259 261 270 274 291 295 309 334 362 381 386 401 428 440 443 458 471 476 480 488 531 553 567 599 609 620 649 682 701 713 715 728 736 784
39 48 84 86 145 146 187 194 223 240 244 249 261 262 287 320 335 347 381 405 461 467 491 516 523 524 527 528 558 563 578 603 626 635 643 664 739 778 780 789
43 51 64 65 66 81 90 113 122 126 151 197 200 201 244 267 269 285 354 364 371 395 433 442 475 480 490 501 504 530 552 556 571 576 598 606 625 655 691 702 703 715 791 802
30 53 142 143 148 154 168 204 217 218 226 229 236 248 326 340 381 388 451 469 481 575 601 610 623 625 627 659 708 775 794
32 114 124 156 171 182 187 207 210 233 301 311 348 362 373 417 445 449 452 457 544 569 580 660 698 714 735 736 746 757 773 778 796
36 51 64 89 114 127 179 196 212 216 254 263 278 297 302 337 370 384 387 398 415 453 495 502 522 576 594 625 628 638 646 663 698 700 750 798 801
34 69 77 83 84 89 114 118 127 147 173 175 186 220 237 296 325 347 353 371 394 453 470 549 554 557 565 590 596 613 670 722 729 748 798
35 54 115 127 128 139 167 228 254 275 276 292 302 322 386 398 416 423 464 496 581 585 591 613 620 624 656 667 678 731 733 739 770 773 778 783
42 84 118 122 130 187 188 197 201 211 265 271 278 329 337 361 375 386 390 394 410 431 453 496 505 520 544 570 598 602 607 641 689 713 724 737 756 761 763 773 790 801 810
27 85 129 201 228 261 270 286 293 325 354 376 397 439 440 448 494 582 651 699 706 729 740 759 778 781 809 810
31 58 114 133 149 210 221 253 283 298 310 327 347 412 436 459 462 525 583 624 648 663 676 690 696 723 738 763 776 793 799 803
32 85 87 92 102 155 160 187 190 217 253 268 302 317 353 418 433 451 543 583 592 601 603 651 663 679 714 718 754 761 771 781 793
35 93 94 109 146 168 197 251 270 285 304 330 331 367 427 435 450 457 509 558 583 609 633 655 694 703 722 743 744 745 746 747 759 776 781 804
36 74 79 80 103 113 117 119 120 129 166 224 231 256 271 285 290 300 303 305 328 344 352 362 381 395 412 422 427 481 509 540 586 652 677 701 779
35 68 116 134 187 191 196 211 224 284 286 299 310 363 372 392 426 429 431 434 449 452 469 484 489 509 511 524 542 576 580 629 639 657 684 759
43 61 64 68 97 123 125 127 170 178 198 258 289 299 316 341 343 360 367 426 472 485 501 516 533 551 561 574 579 580 595 607 618 626 628 674 687 697 703 728 731 761 767 777
29 68 174 185 229 265 283 301 329 343 384 420 456 457 462 469 488 506 516 549 552 553 570 606 655 696 714 762 775 805
40 107 114 146 180 186 200 215 252 271 298 313 320 329 340 348 351 352 387 405 431 435 446 475 481 500 507 538 539 568 573 582 589 622 634 699 708 726 765 807 809
36 71 102 131 134 135 138 141 185 187 203 205 235 300 334 353 405 430 431 474 524 542 545 546 567 584 617 624 658 668 674 681 715 777 783 787 801
40 73 102 129 135 141 142 158 170 231 295 310 321 322 350 361 381 389 390 422 449 450 451 457 470 507 512 548 564 581 589 610 614 626 661 702 739 750 766 775 795
33 73 78 105 113 138 141 148 230 261 289 349 354 376 380 383 385 386 397 400 435 453 469 480 524 537 542 643 656 676 707 715 742 763
38 70 74 83 101 109 114 124 163 184 206 212 220 223 244 261 266 273 311 332 395 409 457 462 474 493 535 551 572 585 591 724 730 737 743 745 750 752 771
40 81 82 156 161 221 227 247 256 260 275 327 346 357 386 391 405 423 429 436 460 463 464 477 495 499 523 530 551 554 572 607 610 658 671 690 713 778 784 793 802
33 71 82 83 85 150 181 208 214 260 308 309 312 317 330 338 383 386 387 401 408 434 460 471 515 542 565 595 712 748 755 759 777 785
41 75 76 94 153 167 196 205 240 243 247 254 344 377 390 395 402 404 418 451 457 463 485 497 500 526 552 570 592 608 615 616 631 646 653 656 660 723 735 739 771 799
36 82 100 133 179 180 203 237 245 252 253 268 273 279 300 363 366 386 392 405 429 462 483 513 520 523 534 551 560 569 621 639 733 739 743 755 760
28 72 74 117 132 179 204 211 245 269 285 299 304 361 364 367 372 383 406 536 549 582 596 628 677 684 701 762 783
34 76 85 138 148 149 157 160 220 250 272 278 291 330 379 381 393 417 433 472 500 530 540 586 589 590 634 639 643 658 681 719 728 760 762
33 83 101 143 199 216 247 274 282 294 341 344 350 388 393 466 489 495 544 550 558 583 592 596 611 615 622 640 647 649 671 721 786 807
41 132 139 150 173 175 193 232 239 296 377 398 402 403 408 451 453 461 463 476 477 485 486 524 526 547 555 565 591 593 623 630 634 635 667 676 702 705 745 792 802 810
43 88 89 114 116 137 176 179 182 193 216 231 236 257 278 281 296 331 334 343 358 359 375 441 448 456 474 495 511 549 555 572 650 657 678 685 697 704 720 723 753 780 792 804
55 103 106 108 128 139 142 148 167 170 172 178 179 195 210 262 272 274 307 308 317 319 320 362 381 385 389 392 446 456 460 474 475 489 504 509 512 528 540 546 549 556 561 569 570 578 590 595 605 629 650 672 729 735 760 794
28 81 190 193 207 221 246 384 396 406 418 458 461 492 508 521 538 539 583 601 614 620 627 693 723 724 742 793 804
33 117 119 126 140 148 195 199 239 274 277 294 310 344 345 363 364 374 377 378 387 457 480 565 638 696 701 705 719 734 757 764 785 787
26 101 128 137 142 146 189 208 218 271 290 324 370 387 460 484 522 540 559 560 566 609 637 648 747 751 780
40 90 148 153 188 199 201 213 227 254 291 363 378 386 415 421 432 434 465 476 479 484 508 562 609 613 614 652 654 665 684 699 719 738 746 747 749 750 766 794 798
41 118 124 167 187 192 197 201 223 246 249 251 256 281 300 315 319 343 374 409 422 428 434 435 457 459 463 466 469 471 478 490 505 517 537 554 561 612 713 755 787 807
31 144 248 262 271 283 303 344 347 350 357 391 404 439 471 492 503 515 531 568 569 570 667 692 709 733 744 765 769 772 794 806
30 83 99 117 140 158 193 198 215 251 269 295 348 352 381 401 459 472 480 498 509 529 533 539 576 611 621 644 666 766 776
41 89 98 102 108 118 157 167 213 217 223 258 321 330 331 332 343 381 387 388 406 414 419 456 462 476 505 517 569 578 581 625 628 653 691 707 714 726 730 741 780 781
47 92 126 147 176 206 222 230 235 240 252 280 283 297 319 332 339 382 387 397 401 415 419 423 433 447 463 496 497 504 515 527 583 596 620 632 653 654 655 682 690 705 708 740 794 795 796 798
37 106 169 192 217 222 227 234 254 256 297 309 344 357 365 383 392 398 402 406 438 441 464 538 546 567 633 645 671 672 673 695 720 733 743 750 778 811
27 102 103 107 125 163 182 222 286 300 301 305 306 335 336 451 487 504 536 579 668 703 706 717 719 779 804 805
30 104 116 154 169 210 214 277 333 341 344 435 446 450 486 491 531 532 539 575 610 651 654 657 666 674 695 736 764 784 793
36 111 139 145 146 148 157 181 188 189 214 254 283 285 374 425 437 446 485 508 516 517 519 528 541 546 604 613 620 639 715 752 761 763 768 785 798
39 95 109 142 174 191 193 203 220 243 251 256 279 299 326 384 406 417 418 422 435 440 477 481 487 509 532 548 564 573 585 609 619 694 697 701 703 720 728 790
33 108 131 154 171 194 206 222 250 305 308 322 341 357 400 404 410 425 431 444 459 487 489 532 569 587 590 598 619 658 686 707 748 750
34 108 118 122 144 145 229 234 283 285 341 347 384 394 399 404 417 424 463 514 516 530 569 593 603 629 649 669 672 689 694 707 765 788 796
40 107 175 243 254 291 301 321 354 365 379 405 413 420 435 436 484 486 493 522 533 541 562 572 617 644 651 655 668 669 671 717 720 753 759 765 773 793 797 803 807
32 97 116 117 123 134 171 173 200 225 256 271 280 291 310 315 316 324 363 386 435 445 476 514 519 531 551 625 637 658 759 761 809
41 111 127 134 145 156 168 173 206 210 216 225 238 280 314 339 347 356 374 436 494 503 526 541 547 562 565 597 602 606 620 634 635 657 661 679 725 727 729 739 740 782
22 98 106 113 125 157 172 179 187 282 294 296 342 391 426 518 570 656 675 722 726 738 792
32 128 132 146 153 196 197 211 215 220 231 233 237 277 303 320 325 349 353 381 458 487 490 501 519 527 547 551 644 698 709 801 811
26 117 130 193 233 245 260 296 342 361 379 434 456 472 488 518 524 619 620 625 626 656 673 683 779 799 808
24 118 146 158 186 195 250 275 344 369 407 409 426 452 483 500 520 523 591 593 661 669 701 706 721
34 110 119 123 155 173 178 209 244 316 334 338 349 356 419 421 425 444 456 467 470 552 553 554 578 592 605 659 679 683 697 723 750 767 808
32 111 140 145 152 306 333 346 362 367 368 381 387 391 412 449 456 464 466 517 533 546 565 572 577 616 626 673 680 687 739 770 784
35 103 104 114 142 170 171 173 220 221 222 255 258 285 320 323 351 405 473 478 490 512 546 562 592 610 636 646 655 658 672 711 742 769 780 796
26 152 160 162 216 254 308 314 383 385 428 431 500 520 558 559 568 583 642 657 691 695 723 753 765 798 801
45 111 118 124 197 210 237 246 268 273 291 313 318 329 333 344 345 359 372 381 383 425 428 441 445 461 466 475 486 491 494 502 520 545 560 561 582 602 693 703 728 765 766 779 801 811
40 119 120 124 142 145 146 186 190 215 237 262 263 269 299 301 308 331 351 353 364 365 400 458 470 517 532 561 564 594 600 605 611 659 663 675 698 732 741 790 792
34 140 187 211 252 261 269 287 339 367 374 446 460 492 496 500 502 517 545 550 562 565 576 595 626 656 678 685 690 692 706 752 759 772 797
36 118 131 153 154 156 176 179 187 194 255 286 291 299 306 321 372 374 381 389 411 416 449 458 529 538 561 574 602 646 654 669 700 710 719 785 808
44 123 155 159 163 176 180 186 203 211 214 257 269 273 282 294 305 309 352 367 396 444 448 457 459 483 509 512 518 536 542 548 586 587 626 632 650 699 717 746 773 779 783 784 805
39 115 122 145 151 154 173 191 202 223 272 310 318 332 338 348 377 391 409 428 432 440 443 471 477 482 489 516 531 540 543 559 612 649 677 679 697 732 744 789
49 128 137 140 147 156 166 177 188 192 210 215 231 240 269 274 282 290 328 346 347 350 354 365 374 389 412 418 436 439 465 468 474 485 495 508 552 571 580 583 598 624 632 651 677 693 699 746 766 803
39 136 153 164 184 189 190 208 259 270 288 289 295 316 332 427 428 437 451 484 496 498 510 527 535 544 565 568 571 631 642 646 657 661 686 696 746 775 795 802
36 120 125 138 146 159 188 234 312 354 361 397 398 408 425 467 485 486 489 510 522 549 559 564 583 601 609 616 666 687 705 724 727 731 744 772 779
32 122 124 177 184 232 250 301 317 335 350 355 367 370 388 398 427 439 444 447 475 478 482 545 547 554 578 598 652 691 717 750 762
42 132 147 155 177 195 206 229 232 238 241 253 256 267 289 295 300 310 319 345 347 358 372 402 404 446 450 459 470 505 510 535 547 607 618 629 642 664 678 753 758 773 784
35 116 152 159 187 198 201 259 263 286 315 334 356 360 372 404 413 444 457 460 469 470 471 528 532 549 594 632 676 679 726 728 739 759 794 810
34 129 136 165 168 216 219 240 244 266 308 315 322 378 406 434 452 479 486 496 515 528 533 586 639 647 648 678 682 709 733 751 772 773 792
40 118 148 178 190 200 202 224 232 269 278 280 298 310 330 333 338 342 364 376 383 398 426 442 491 496 502 512 524 538 567 574 591 603 611 639 709 725 772 773 793
35 126 129 184 199 247 251 272 302 309 341 391 393 414 451 461 468 492 511 526 530 564 590 610 621 623 628 633 634 643 682 697 713 720 786 792
40 219 225 231 283 294 295 296 323 325 347 364 425 436 440 458 479 486 523 528 541 563 566 578 590 595 686 689 703 716 723 726 739 744 745 753 781 783 793 810 811
33 148 155 186 193 210 241 244 258 265 282 344 349 396 401 438 443 450 469 475 498 504 518 521 530 560 669 705 739 747 769 780 799 806
28 144 182 191 196 241 259 285 289 291 411 416 448 482 499 596 602 606 639 648 650 654 658 677 696 705 716 724 789
43 136 139 178 195 214 236 240 290 303 305 308 319 325 336 348 357 367 392 394 395 415 416 419 425 439 450 471 525 560 612 615 647 667 683 695 705 728 741 747 755 774 775 782
33 126 181 184 190 228 232 246 321 342 360 389 469 475 480 519 521 533 534 570 597 604 613 624 627 628 647 681 739 762 779 794 804 808
29 178 235 244 246 265 320 326 356 403 408 438 451 462 474 478 489 531 556 633 638 660 663 714 716 719 734 751 802 810
25 156 170 180 212 219 331 337 357 381 411 412 438 463 496 499 500 554 604 610 614 639 654 713 726 750
34 165 215 225 237 241 264 265 297 318 344 366 370 384 406 413 418 440 441 484 517 539 545 552 557 604 629 674 696 706 707 717 734 737 800
31 141 198 262 319 320 350 404 416 425 441 442 498 499 501 503 514 532 545 573 574 594 601 608 641 650 661 691 709 735 769 785
33 167 178 197 201 289 295 308 319 348 362 444 459 469 471 487 489 521 544 550 586 596 605 607 621 651 653 671 675 681 712 716 779 789
35 129 145 158 184 185 215 248 251 298 308 314 316 324 329 342 354 359 383 409 432 491 499 514 525 557 578 592 614 641 702 716 739 777 795 811
35 135 140 142 146 169 239 269 282 288 312 351 358 359 364 385 404 410 419 434 439 440 464 467 472 473 474 484 486 497 622 680 682 754 759 788
40 139 144 145 148 165 184 248 262 292 309 326 330 344 352 371 376 384 433 452 457 459 460 470 479 480 486 495 503 535 544 564 609 619 626 642 693 710 729 778 808
36 132 176 193 198 200 243 267 288 290 299 301 362 394 396 398 446 494 502 520 521 566 574 588 617 623 656 661 668 676 697 716 747 752 793 805 809
36 142 196 208 231 235 250 265 268 271 289 314 321 331 345 351 366 368 380 420 494 500 527 548 557 576 588 596 599 620 658 662 718 750 765 774 809
31 139 149 150 215 281 325 343 366 382 442 443 481 491 531 539 541 546 551 556 570 574 585 633 647 698 703 722 771 774 800 804
30 162 181 193 196 208 220 224 267 287 296 306 343 347 359 401 414 415 434 435 447 452 480 505 534 594 682 702 707 746 777
28 184 205 228 250 252 338 339 346 409 433 468 484 505 508 548 566 576 602 624 695 722 723 738 744 745 767 773 806
33 192 278 333 372 401 427 490 495 497 503 521 533 555 557 579 582 592 595 600 606 608 625 660 671 701 718 725 734 754 769 795 800 801
30 167 173 209 211 219 239 267 268 274 283 306 316 321 328 338 346 385 420 437 445 457 492 536 626 658 663 697 714 757 769
32 161 173 204 240 247 251 265 280 292 317 353 394 414 428 455 458 487 500 518 531 548 569 603 613 636 667 675 677 718 733 800 804
36 170 219 237 261 285 309 317 323 354 375 376 383 396 401 406 413 513 540 553 586 589 605 607 615 629 673 674 729 737 764 782 793 799 805 806 810
31 168 181 193 196 213 226 242 247 251 303 328 387 414 415 458 472 487 495 549 552 595 623 665 707 709 715 742 747 758 774 790
29 166 232 242 249 255 261 276 309 335 346 396 418 422 424 426 428 429 453 515 524 533 537 569 573 704 705 734 756 799
36 154 165 167 185 211 213 245 246 248 334 339 343 398 407 410 456 475 492 519 532 557 573 574 588 604 606 617 621 627 646 663 670 679 762 800 809
26 147 150 187 226 265 272 278 289 301 309 358 393 402 404 408 412 418 448 490 497 517 534 565 731 766 794
40 232 280 323 324 326 343 368 371 411 421 461 476 484 485 495 499 511 517 563 565 574 577 582 592 601 608 612 624 646 651 657 659 668 680 763 767 785 793 794 807
27 167 247 259 261 276 296 309 310 313 325 326 389 439 489 496 497 499 532 551 561 613 614 679 701 782 794 798
36 155 211 217 238 255 270 294 331 380 445 466 475 483 499 501 517 527 529 536 570 575 577 590 611 616 624 628 634 639 646 661 693 705 725 767 772
36 176 185 211 223 248 290 318 327 332 333 346 363 381 393 407 427 460 481 492 541 545 550 569 577 608 643 662 673 684 698 717 721 744 779 781 799
29 152 170 173 178 179 218 247 280 283 290 314 319 334 343 372 418 435 468 541 574 602 609 633 674 703 730 752 792 810
33 154 203 214 227 235 241 246 317 323 385 410 411 424 472 492 519 530 554 571 572 591 623 628 641 643 647 696 705 709 711 740 794 810
33 152 171 210 211 215 238 243 282 306 329 343 352 410 461 522 545 554 565 568 574 623 668 698 725 732 738 752 774 790 792 797 802 809
33 153 155 207 208 247 255 257 271 286 299 306 358 381 406 424 501 524 578 583 590 605 630 644 663 666 667 676 685 690 706 713 726 785
37 154 155 197 207 217 235 238 252 288 289 328 349 352 370 374 382 419 428 451 466 494 495 503 538 581 596 597 690 700 705 742 746 747 763 771 773 801
27 155 161 166 202 205 223 227 409 413 419 430 499 529 534 564 584 593 594 604 612 617 698 717 754 759 790 808
31 173 239 265 284 285 297 298 332 422 424 442 446 476 479 505 508 516 533 548 588 643 660 703 708 718 727 739 747 777 787 804
33 166 187 205 216 218 227 231 295 317 331 336 354 361 384 436 439 451 464 484 512 517 527 530 567 573 579 635 697 708 765 775 800 809
25 183 205 312 346 352 358 359 364 396 402 439 460 497 498 548 593 599 604 609 677 727 729 730 741 765
34 170 262 263 296 329 358 455 480 494 495 508 513 535 554 560 581 593 599 612 618 619 641 649 663 672 675 686 694 695 729 781 785 788 792
29 211 232 240 252 264 290 291 299 327 337 389 392 394 449 452 456 479 502 537 584 615 622 639 716 744 745 766 770 784
27 173 229 251 265 277 334 345 359 364 383 399 405 420 447 450 542 603 629 639 684 688 718 757 758 766 774 796
28 161 195 226 318 320 371 393 423 429 435 443 477 486 521 540 545 554 565 599 606 616 627 635 671 687 708 788 790
40 212 236 245 269 274 285 297 336 338 344 355 360 371 380 399 403 404 466 511 513 522 538 546 548 551 588 600 603 617 629 646 667 705 714 718 756 777 789 794 800
30 177 190 191 267 284 302 324 328 341 343 346 443 489 494 514 530 537 541 561 579 594 606 608 630 639 694 750 751 763 775
31 210 224 243 244 323 331 407 413 448 450 454 465 487 488 493 507 518 565 579 582 599 601 642 712 743 759 762 766 775 795 796
34 168 179 189 308 333 350 354 356 362 367 389 401 402 525 544 546 550 551 559 573 586 587 593 616 649 656 658 660 673 695 748 764 800 801
34 206 207 214 239 253 260 291 316 323 343 348 386 401 444 470 490 492 505 517 524 528 567 590 599 611 658 685 686 709 723 740 748 778 804
34 183 187 192 193 201 236 247 254 256 274 309 338 352 369 376 378 391 408 428 477 536 634 641 650 652 667 677 684 718 748 774 780 796 803
31 180 237 245 261 297 314 323 333 351 362 379 387 391 402 411 442 444 468 472 496 546 561 594 619 636 687 700 701 729 748 801
40 173 191 201 202 204 222 235 250 251 261 282 301 309 340 372 399 401 403 435 469 479 484 524 544 569 575 583 589 607 608 649 670 683 692 695 708 710 716 719 792
28 171 195 217 252 261 278 303 329 340 344 357 404 428 484 493 504 510 528 543 553 563 579 610 635 648 748 760 783
27 252 255 261 266 271 323 423 434 474 503 528 533 535 558 562 567 575 580 621 634 655 666 699 733 745 770 774
31 175 186 209 275 277 280 290 316 324 325 452 458 465 484 486 507 532 542 560 590 644 651 657 666 669 680 694 731 760 783 787
42 201 202 222 224 267 288 313 314 323 329 334 350 386 398 428 467 476 527 529 530 558 562 574 615 616 629 630 633 643 663 666 668 699 712 743 745 746 750 773 780 787 804
42 180 181 217 223 250 284 293 297 301 343 351 355 380 388 417 470 493 522 524 559 572 598 600 602 618 623 639 682 710 724 730 731 740 748 751 752 769 774 778 791 793 807
37 195 202 219 242 279 283 317 341 342 360 366 368 371 373 374 390 428 470 484 500 518 538 540 589 610 617 623 654 662 663 684 715 718 720 753 806 808
36 219 225 244 271 378 386 388 393 397 414 420 424 428 472 474 508 531 534 550 570 574 597 646 648 657 668 684 685 693 708 765 775 783 793 803 810
24 223 225 247 270 285 289 302 333 420 425 435 457 459 460 527 530 538 626 630 667 677 709 775 787
32 191 194 207 235 258 273 275 307 325 328 392 395 433 444 448 451 453 479 503 517 546 557 581 590 633 667 668 689 727 730 792 793
29 192 218 272 301 321 325 351 352 355 413 417 449 485 512 539 617 638 647 666 682 683 698 731 739 784 789 795 798 809
22 213 242 294 333 334 365 371 403 411 440 449 463 475 476 541 557 600 698 706 757 759 768
32 223 242 250 294 302 309 345 382 390 401 426 436 472 473 513 519 550 565 578 595 629 645 649 657 686 709 736 760 766 773 782 808
34 196 204 236 261 281 290 299 307 308 310 314 326 369 382 393 402 412 429 452 461 477 494 503 535 556 560 619 620 654 664 678 708 764 799
36 187 210 220 231 261 271 274 278 287 338 353 374 378 394 414 416 424 473 487 501 506 539 541 549 563 588 596 610 629 634 640 656 690 796 798 808
18 222 287 338 400 451 522 528 530 552 571 573 578 591 639 712 716 805 810
34 210 222 227 228 234 242 259 296 298 314 327 389 391 410 428 436 454 466 488 491 501 515 516 518 554 562 573 589 599 608 633 686 743 766
32 190 214 244 259 319 352 357 363 424 431 442 458 468 477 479 511 556 560 593 599 608 638 649 657 669 672 676 684 713 722 782 794
23 191 199 207 254 279 358 419 420 487 505 506 522 545 557 565 624 643 655 698 759 783 788 810
25 221 246 261 274 308 330 380 388 394 402 456 459 509 533 540 576 577 614 622 645 700 704 733 796 802
29 229 289 329 363 374 399 407 440 456 459 461 471 505 514 550 569 593 610 621 646 647 673 700 703 716 729 732 749 776
31 193 220 282 295 315 320 330 333 339 394 395 402 403 410 419 436 465 475 558 566 572 586 655 658 694 714 720 739 758 760 771
34 235 238 264 269 271 286 297 310 324 354 364 401 420 429 459 474 510 513 568 575 584 591 612 617 623 672 682 685 690 786 794 796 799 803
45 192 203 204 206 216 225 261 263 321 325 344 351 370 372 375 383 408 419 426 430 433 456 490 499 514 522 524 609 623 648 649 650 680 685 709 717 718 721 754 758 771 785 788 793 807
39 198 203 210 229 251 279 310 333 337 339 396 401 402 403 429 436 455 500 515 579 596 621 653 667 673 679 688 695 696 701 705 712 715 732 749 771 776 790 809
31 198 200 203 225 286 312 314 324 353 388 392 453 466 469 479 491 496 506 528 535 574 618 624 635 637 648 671 691 715 723 784
29 202 271 283 287 329 359 361 368 370 410 452 464 500 525 542 573 578 589 593 597 624 628 658 692 702 730 751 791 805
29 196 234 299 307 311 317 333 380 401 407 411 422 425 436 440 512 523 562 567 604 623 655 681 695 701 708 714 790 804
25 214 228 247 264 308 321 326 372 382 384 410 412 489 499 522 523 541 580 610 653 671 691 731 780 783
29 238 242 272 292 340 426 431 440 446 459 472 473 475 478 491 497 526 618 619 646 652 656 688 696 701 702 720 762 772
32 199 208 228 259 270 277 295 314 322 326 328 352 364 432 489 527 528 558 577 605 612 617 633 658 666 667 668 686 690 741 764 807
32 204 242 267 303 312 344 345 378 395 404 412 425 446 527 553 559 564 566 580 595 603 612 640 665 674 708 723 774 782 785 796 807
25 238 245 298 310 312 338 406 427 462 471 492 514 515 528 560 585 617 627 637 643 678 683 698 706 716
36 203 209 224 238 245 256 263 270 274 275 300 317 322 324 331 336 337 358 380 389 392 443 456 478 485 491 542 546 574 580 646 673 740 784 802 805
27 243 252 290 354 405 424 501 511 529 534 538 557 562 563 619 629 668 680 690 698 705 724 731 733 741 774 782
24 231 239 277 300 305 309 392 396 414 422 431 435 519 521 525 530 533 542 549 688 756 780 793 803
28 227 242 249 286 294 299 302 312 333 352 384 422 427 429 477 516 520 526 568 595 612 624 632 648 669 681 748 800
38 212 216 224 239 244 280 303 344 352 355 371 386 387 395 410 447 451 467 476 524 551 563 570 602 604 625 680 682 689 707 728 735 738 750 752 771 803 807
36 229 230 254 258 269 287 305 319 360 366 392 395 402 406 417 418 441 495 502 563 566 569 571 615 624 641 643 672 673 674 713 717 718 732 737 793
22 227 246 275 316 342 383 407 460 526 554 563 564 566 624 664 675 682 716 719 730 770 787
29 216 226 231 272 318 321 327 353 385 493 502 544 583 586 588 610 674 689 692 697 700 712 714 736 744 752 753 758 776
36 233 234 235 242 248 278 299 307 313 324 326 337 361 385 436 500 526 530 534 547 550 560 565 569 583 588 595 604 619 629 677 678 693 727 773 809
25 247 255 269 291 322 338 354 360 366 405 439 477 482 496 503 528 560 600 610 618 703 724 778 795 803
23 244 253 275 296 313 385 392 424 444 445 451 460 474 477 479 493 528 554 616 661 714 765 805
33 214 226 245 258 312 314 316 400 407 409 427 428 436 454 474 520 521 527 546 559 582 594 595 640 661 666 672 685 689 738 748 793 807
20 236 283 419 430 456 461 462 528 542 549 563 570 590 610 663 675 684 754 769 787
30 242 316 318 334 367 379 400 415 439 492 528 578 579 599 607 611 639 643 650 662 664 668 695 696 697 702 732 761 785 805
34 226 249 250 252 256 340 346 361 367 371 413 436 454 464 484 510 520 527 535 569 583 621 629 638 648 655 657 690 691 699 713 725 732 802
29 217 243 247 258 269 297 316 320 354 380 404 442 444 466 475 480 489 502 554 575 643 668 673 700 708 710 743 745 764
22 221 228 235 236 245 252 263 269 286 365 376 427 437 511 623 643 662 750 793 798 802 808
29 223 241 251 254 309 390 402 418 423 427 432 438 452 507 547 590 620 635 646 657 667 668 674 678 679 703 764 796 809
32 240 243 245 259 340 357 403 407 414 422 447 454 469 481 527 556 567 575 604 616 655 660 668 673 675 679 694 700 702 765 796 799
29 228 235 255 256 260 270 289 348 369 385 402 411 450 463 498 502 550 567 572 573 577 581 621 641 689 704 706 755 806
25 224 233 280 293 304 308 327 331 386 394 399 414 427 430 441 457 521 588 609 622 694 697 712 788 794
40 237 287 300 312 315 323 345 350 364 401 435 451 460 461 467 473 480 487 488 492 497 498 502 545 561 583 619 667 674 677 690 692 707 710 753 755 778 779 804 809
26 230 241 269 309 334 381 385 387 419 429 502 510 536 538 568 619 636 644 649 669 678 708 724 738 744 803
29 228 258 260 302 323 325 349 376 384 447 455 472 477 527 539 566 596 618 629 654 676 685 698 717 721 734 764 775 801
35 226 256 273 279 303 315 325 353 365 371 421 442 459 461 493 500 504 507 520 525 558 570 573 579 581 583 600 651 657 689 720 728 735 746 775
25 264 327 339 343 346 356 357 405 409 457 479 496 498 501 534 546 570 581 611 718 733 748 768 804 807
32 266 291 299 311 321 323 354 384 469 484 531 536 540 545 565 581 593 616 625 627 637 639 664 693 705 750 753 755 771 780 786 811
26 231 311 314 324 332 361 403 407 434 455 456 462 483 516 522 569 620 648 680 696 699 703 767 781 797 800
33 234 251 267 268 276 291 314 318 319 328 334 367 371 374 421 464 469 480 486 530 560 603 635 653 662 681 695 728 739 749 753 767 803
32 237 260 270 287 294 305 308 333 352 360 371 422 493 494 502 519 531 532 552 583 603 622 648 692 734 736 743 747 760 763 781 803
37 247 252 324 328 331 337 360 373 414 451 454 476 489 498 521 558 567 575 597 599 616 624 626 633 646 657 670 680 692 714 747 748 749 766 796 799 802
28 253 280 317 318 330 334 338 367 403 420 448 462 472 488 512 553 568 570 572 575 607 649 670 750 752 762 783 791
26 298 315 318 319 322 365 371 394 398 405 451 475 542 611 612 618 633 640 660 661 662 688 698 745 757 788
28 240 266 281 310 358 366 404 417 430 432 449 462 478 521 534 584 628 639 651 703 707 712 718 728 797 799 804 805
27 250 255 256 287 307 309 380 385 460 478 482 527 558 600 612 617 621 670 695 699 715 717 751 766 788 802 811
29 272 290 319 321 333 339 365 417 428 434 442 449 452 458 494 524 530 552 577 579 606 612 643 658 675 677 721 756 774
29 291 338 353 373 402 470 486 495 513 516 528 537 549 550 576 609 626 632 639 655 679 689 705 733 746 767 769 775 780
24 246 257 285 304 312 358 373 383 460 572 575 602 623 631 641 643 656 694 700 722 760 763 788 791
27 278 293 309 320 334 337 367 370 398 404 434 455 469 478 532 574 639 655 657 673 712 715 724 766 772 790 794
41 254 270 302 335 356 373 393 407 410 418 420 430 435 438 440 456 461 468 481 483 490 496 504 507 538 540 544 550 580 595 612 651 673 690 691 706 731 743 762 776 807
25 313 361 413 418 432 450 477 485 514 575 593 597 602 603 620 621 633 653 677 684 738 753 784 800 805
21 253 269 322 329 401 491 493 527 569 578 592 620 658 663 704 719 743 747 781 796 799
30 307 315 328 363 364 370 390 407 418 432 441 468 525 542 545 570 573 591 605 611 619 648 670 696 702 717 738 745 758 795
25 286 317 360 362 366 368 405 407 463 470 472 492 514 545 546 590 651 669 672 706 710 728 740 748 756
23 251 263 299 304 305 321 344 353 376 435 450 473 474 497 566 675 698 715 717 721 756 774 795
24 272 285 295 337 358 363 387 405 435 481 518 535 546 549 629 640 648 690 693 697 698 738 747 804
30 250 260 262 302 330 331 360 362 407 408 425 435 436 437 443 461 479 500 530 582 632 653 686 700 717 758 764 770 771 784
26 252 314 320 368 379 386 406 445 446 454 456 476 485 501 521 596 606 619 621 653 672 695 696 764 768 773
36 258 259 261 276 278 290 294 321 347 353 358 414 440 443 444 446 454 466 489 495 517 540 571 573 578 581 585 680 683 705 726 727 745 758 788 790
31 252 290 292 315 360 381 386 414 421 448 452 471 488 490 501 508 543 544 561 586 621 625 659 660 680 697 698 714 793 801 805
22 310 324 327 340 358 439 451 461 462 517 520 576 603 604 605 618 621 644 741 745 748 787
39 264 317 336 344 350 354 361 373 419 438 439 443 464 486 491 510 541 560 580 602 607 617 619 628 658 667 669 676 679 690 692 761 767 775 782 783 788 800 805
33 270 315 321 377 387 392 404 428 465 482 488 490 500 520 542 553 554 596 608 615 629 636 644 686 688 707 709 714 715 732 750 759 772
18 350 380 396 412 415 434 449 496 497 518 596 608 644 658 668 683 777 786
26 258 260 277 288 295 298 323 343 356 370 374 419 448 540 610 620 624 643 672 675 689 695 727 750 764 772
28 257 261 303 311 336 370 391 407 414 440 472 482 488 500 514 532 613 619 621 632 645 646 667 671 734 762 776 778
27 275 278 279 350 355 356 463 466 489 531 546 565 568 571 587 599 624 632 647 648 650 663 671 699 731 746 793
27 272 294 333 376 382 384 389 430 440 457 458 466 494 517 519 571 579 608 644 648 650 676 734 765 784 789 795
37 274 301 306 318 322 334 352 355 378 379 396 398 400 401 405 409 431 433 449 473 480 508 510 540 555 568 586 622 636 654 693 723 726 744 758 786 795
25 264 313 337 372 373 380 387 406 448 474 491 501 563 583 585 657 668 671 684 701 709 749 751 753 756
30 268 290 297 306 333 367 377 386 389 412 415 442 453 458 487 490 539 559 571 574 584 643 660 711 719 734 799 805 806 810
31 317 319 383 385 427 442 462 465 473 484 490 503 506 523 565 586 618 620 632 644 647 664 710 720 765 773 778 779 794 797 800
23 285 287 295 309 311 331 342 381 425 426 428 448 461 523 616 657 702 721 727 754 756 788 796
22 274 280 341 366 379 453 455 462 470 573 602 611 625 630 639 650 667 735 763 770 783 803
36 279 294 313 320 347 364 365 368 380 403 414 423 445 453 457 500 504 510 546 598 607 611 623 625 631 633 646 660 692 696 729 746 758 764 769 777
31 273 287 322 326 341 346 359 369 380 385 389 394 396 401 421 425 452 473 489 499 506 516 518 568 632 643 772 783 796 802 804
31 270 287 308 313 324 326 344 357 387 395 478 480 486 502 524 534 562 575 591 621 652 654 658 664 666 708 762 765 773 798 809
24 301 306 354 368 371 372 392 436 469 487 506 534 541 557 638 641 645 647 662 708 777 780 786 803
30 299 319 323 336 346 369 386 399 402 418 434 439 455 479 491 505 514 542 544 553 570 576 580 607 617 648 649 666 688 800
25 324 333 339 347 364 375 379 394 438 445 453 456 475 628 637 653 660 679 683 685 697 700 764 772 792
36 310 311 331 335 341 367 374 382 408 423 468 472 480 485 508 519 539 542 576 587 589 596 600 613 652 676 677 683 731 743 758 759 784 790 794 796
26 279 287 316 320 322 339 349 351 359 380 391 416 451 460 499 508 519 558 566 600 671 672 675 704 750 796
21 282 290 306 312 378 454 462 489 511 522 581 588 596 662 663 680 719 744 750 778 805
33 280 333 348 377 418 430 433 445 453 468 471 507 508 512 524 551 589 597 610 628 649 656 667 678 694 698 723 737 747 778 780 793 810
22 283 324 343 410 422 427 515 528 541 565 601 618 629 639 641 697 705 744 745 747 795 796
22 298 349 351 370 389 394 479 515 519 520 544 554 589 601 606 625 641 656 689 713 715 798
27 318 320 327 337 359 424 436 460 463 495 538 548 583 585 622 638 672 678 682 689 742 753 759 766 788 803 805
25 304 307 309 363 416 424 427 433 440 475 552 567 578 585 647 667 670 707 735 743 744 753 765 783 800
26 300 325 332 343 345 356 382 424 431 465 529 550 595 598 606 613 635 643 655 701 727 738 749 771 778 792
34 298 305 308 346 349 350 376 393 412 435 454 474 495 514 527 533 536 540 557 588 610 626 645 653 655 657 676 712 733 787 789 793 796 807
26 294 321 328 342 343 358 359 370 378 397 404 420 424 446 506 538 593 610 638 671 683 712 718 724 739 794
24 302 313 316 337 369 395 396 409 420 459 473 508 518 628 642 661 670 689 711 717 753 757 806 809
37 287 299 306 334 341 350 392 400 404 427 432 435 445 458 469 479 485 499 512 525 538 556 568 590 594 631 634 649 669 681 703 716 739 743 758 776 806
22 330 332 360 364 385 391 404 444 450 511 537 541 604 650 663 676 688 752 761 776 786 788
24 333 339 342 417 420 436 456 459 482 518 522 529 539 573 595 659 661 680 690 699 741 785 790 792
17 294 304 308 329 394 400 430 437 439 494 502 572 604 609 654 767 772
17 358 413 446 467 505 603 639 651 652 673 704 737 747 776 780 799 809
20 323 341 345 380 388 465 491 495 526 532 536 547 551 618 665 705 771 774 781 805
31 292 299 312 363 368 384 400 429 445 455 484 493 525 541 567 570 575 603 616 636 675 700 703 713 716 722 729 733 745 748 805
29 299 317 323 342 345 376 384 393 399 400 424 440 442 444 449 464 513 522 524 526 551 553 555 587 637 734 738 740 781
29 308 314 316 317 321 349 375 381 383 386 472 474 504 516 529 530 546 575 599 618 640 642 683 704 706 731 781 790 793
28 293 296 315 332 350 356 366 445 470 483 535 591 603 623 670 671 688 705 707 711 714 720 721 743 774 779 786 805
28 316 317 346 430 441 452 479 484 528 539 572 603 604 610 626 632 642 652 685 704 732 740 748 750 751 759 773 808
23 302 337 366 414 435 456 477 517 545 585 602 621 624 632 660 662 731 741 764 768 771 784 808
25 332 346 372 401 405 418 457 485 488 489 500 502 526 533 585 604 606 654 660 665 681 684 699 742 781
27 299 307 314 320 348 361 371 402 418 442 462 465 489 502 503 506 519 561 580 603 609 615 635 694 696 740 754
27 311 340 341 355 395 397 402 456 457 467 475 485 520 552 559 571 574 639 653 659 662 665 739 741 775 781 811
23 309 331 366 411 418 433 442 447 463 502 520 589 605 615 657 667 683 705 722 743 745 786 802
25 310 320 322 350 397 425 443 505 517 548 574 619 621 650 659 678 703 727 735 751 757 766 767 789 811
26 302 308 312 324 343 381 419 423 428 445 450 509 513 550 582 633 635 688 702 703 718 730 745 753 760 764
26 317 364 374 380 427 444 445 454 472 488 490 505 512 554 562 610 617 666 694 711 736 755 771 775 790 806
32 316 325 346 379 394 398 400 416 447 469 470 483 486 490 506 511 550 561 568 570 580 586 592 676 683 699 711 734 757 783 799 808
24 337 346 364 398 400 412 413 444 446 485 496 538 559 565 594 648 666 697 704 714 727 737 746 777
27 307 314 316 320 327 437 454 456 482 497 548 552 568 602 614 635 647 656 664 673 681 684 695 710 711 717 807
14 324 357 487 489 540 563 623 655 679 681 703 734 753 766
18 325 333 392 426 434 440 468 477 517 565 572 619 657 658 692 786 799 808
32 310 314 326 335 340 345 350 363 384 394 395 401 410 412 445 446 471 498 520 523 540 550 602 603 674 693 709 714 736 754 786 809
25 339 343 348 351 360 393 401 422 423 445 499 540 550 575 613 684 691 697 710 727 750 764 765 766 787
28 314 324 340 350 374 379 397 411 415 419 431 438 450 458 542 548 557 568 582 585 590 599 612 643 644 658 742 809
26 314 322 345 351 358 387 423 429 431 437 452 466 500 515 519 536 544 555 571 582 593 613 632 641 717 722
27 335 340 350 352 357 364 367 397 408 438 443 466 538 553 562 574 602 606 607 680 685 696 711 713 729 735 772
32 330 343 370 378 390 396 417 418 456 479 485 496 518 522 544 556 573 575 596 637 651 660 726 736 747 761 768 779 792 799 801 811
27 326 373 375 386 420 426 467 472 486 513 528 535 541 548 606 618 620 635 639 659 673 678 717 724 746 768 770
26 323 324 325 327 347 352 373 395 418 435 464 503 519 528 570 573 580 598 605 648 657 697 726 727 744 755
22 325 342 357 375 377 413 449 502 515 532 533 546 574 588 605 662 665 690 702 703 711 761
19 335 351 369 392 400 411 440 454 485 490 544 563 566 575 648 657 663 689 693
32 345 375 391 393 395 397 409 440 462 465 483 518 542 548 551 561 569 588 604 608 645 720 721 723 726 727 734 737 760 800 809 810
27 324 332 339 340 342 344 352 375 410 413 452 453 459 472 483 486 487 514 529 607 611 614 691 709 763 799 806
20 362 396 399 435 450 487 520 532 533 537 560 594 614 642 644 666 672 695 739 769
20 333 337 394 415 446 539 540 561 598 605 626 645 660 662 676 725 729 736 769 807
31 335 373 402 506 520 525 526 531 571 584 613 618 626 650 669 673 675 676 687 699 704 706 709 723 726 755 759 760 792 797 808
18 355 402 418 474 486 504 537 564 567 576 628 642 680 708 751 756 789 796
17 338 368 376 447 467 498 503 547 563 634 639 678 679 791 792 798 802
21 349 363 424 444 447 481 493 509 544 565 576 605 623 626 627 641 652 657 756 759 808
20 345 359 389 398 451 454 456 481 485 492 493 526 528 612 630 723 743 752 762 794
26 347 359 366 383 386 395 449 476 544 547 578 599 622 625 640 644 679 692 694 700 701 715 739 757 785 803
32 334 343 358 367 369 372 379 403 436 440 454 495 510 547 595 618 642 643 663 674 685 689 697 709 726 732 739 752 775 776 793 805
20 361 362 369 393 411 513 531 543 545 558 579 582 599 600 659 679 742 752 754 774
25 330 363 392 399 408 419 427 429 470 480 485 521 552 575 656 682 712 738 748 750 771 792 794 803 811
20 341 352 365 374 400 416 428 433 478 506 578 612 622 685 718 726 729 751 773 794
21 346 361 379 429 432 469 472 577 578 582 616 644 662 675 700 709 725 746 787 794 807
18 371 382 392 393 403 419 427 434 447 521 540 546 555 568 677 776 800 811
28 370 371 405 419 420 430 454 456 496 511 541 549 550 568 569 577 622 658 660 663 680 685 717 742 773 785 792 809
22 370 377 388 398 427 431 437 441 486 507 561 584 594 638 640 657 740 757 765 779 792 795
19 462 506 508 526 527 532 534 568 581 582 597 666 680 706 742 747 769 788 805
19 358 390 397 403 422 447 464 466 479 514 566 621 673 676 713 763 768 772 782
21 346 366 405 408 431 460 464 473 557 564 576 578 599 620 650 652 671 731 780 796 803
23 355 369 394 413 418 466 498 548 554 567 591 606 619 637 640 650 672 681 704 706 712 751 771
27 346 352 385 404 413 422 462 501 513 555 560 572 575 583 592 605 618 642 648 674 680 692 703 725 727 756 806
24 349 401 410 455 464 465 471 496 515 520 536 573 574 579 597 611 640 696 721 731 739 761 774 794
23 377 396 418 431 474 479 484 531 532 548 556 583 598 614 622 669 680 707 713 743 748 780 793
24 352 355 377 378 391 474 480 490 493 531 543 555 566 570 639 671 683 694 705 736 749 779 786 810
29 377 384 442 447 504 523 552 557 568 570 583 588 623 627 648 664 666 684 687 692 695 741 743 757 760 761 768 781 787
28 383 421 470 519 530 532 546 568 573 577 585 597 599 624 625 629 633 635 638 654 693 705 712 719 769 791 803 806
24 366 369 374 376 401 434 451 472 476 499 525 543 555 603 650 655 660 682 696 713 751 769 776 780
32 351 416 425 438 440 446 454 465 467 481 485 498 519 527 534 542 561 562 588 594 605 612 626 660 718 726 748 749 761 784 803 808
28 365 406 444 466 482 486 524 537 558 562 575 580 590 597 606 645 662 663 674 682 707 730 736 737 755 774 784 794
23 367 374 424 435 488 489 493 500 553 577 589 591 597 603 635 659 662 692 693 713 754 768 776
23 351 353 360 367 409 422 435 506 524 577 578 593 605 607 615 616 672 701 702 757 780 781 784
21 361 366 404 420 450 453 468 483 534 537 552 584 589 596 622 657 668 687 708 795 802
21 382 384 466 476 478 501 505 527 545 580 586 600 634 657 662 721 722 726 744 759 792
16 381 383 415 424 441 442 460 466 473 538 653 659 680 682 776 780
23 371 376 442 470 471 485 499 525 541 546 642 643 658 673 698 708 714 728 731 736 742 746 769
23 361 370 382 387 407 508 529 530 543 570 604 607 618 629 630 657 664 706 719 728 734 739 780
25 356 406 420 421 437 444 456 458 476 496 502 543 551 552 570 578 605 623 642 644 694 716 750 757 801
22 371 393 396 463 501 508 522 546 549 555 562 630 635 639 646 673 713 729 759 762 783 785
20 361 385 389 398 422 440 452 482 502 518 532 556 633 638 643 694 695 728 802 806
31 369 372 385 387 447 517 521 523 530 534 539 554 558 613 614 629 642 687 693 704 718 721 734 739 766 783 784 786 789 791 795
21 372 387 401 424 435 532 533 552 568 588 590 612 619 620 625 687 692 697 766 800 803
20 378 381 440 452 453 476 545 555 564 614 630 640 644 645 657 676 714 779 808 809
28 375 394 413 448 470 482 512 538 544 547 560 585 602 615 616 650 652 660 699 712 718 724 742 748 753 772 778 800
21 367 368 386 392 435 443 503 504 524 526 573 575 610 630 686 688 695 700 721 731 800
25 382 386 392 453 457 492 532 554 564 575 587 602 604 609 612 617 620 651 666 667 687 740 748 753 775
20 400 416 443 455 464 499 523 546 555 571 586 598 602 614 640 691 773 786 795 796
20 429 451 458 472 475 520 543 558 615 623 631 641 646 653 668 678 706 713 721 811
22 412 457 513 524 533 536 559 564 566 572 593 622 641 642 644 658 665 709 732 737 740 808
25 422 451 462 464 465 469 476 514 516 557 573 605 649 652 660 679 690 693 697 705 714 718 790 799 811
23 395 400 401 410 443 450 453 465 466 499 543 546 600 601 609 648 704 743 785 794 798 803 805
16 395 433 452 467 520 571 574 600 605 629 632 675 679 711 725 772
31 386 398 413 424 427 431 449 470 498 521 529 534 539 540 566 608 628 631 635 637 651 654 663 668 675 684 697 722 772 788 801
25 377 383 435 440 445 462 466 468 475 496 502 523 533 535 550 571 589 628 654 708 746 766 776 781 796
17 393 431 444 507 516 561 575 585 618 675 704 710 715 718 761 781 805
27 402 411 447 480 491 511 513 546 548 550 567 592 617 622 652 668 679 687 733 742 747 755 767 794 795 802 803
25 377 381 400 407 424 440 445 459 467 483 491 521 523 580 611 620 622 660 690 706 728 749 781 786 791
26 385 407 412 440 457 458 475 496 517 518 525 554 575 582 615 649 657 676 679 719 720 732 777 779 781 787
15 399 423 433 435 455 506 521 540 578 608 667 678 756 770 795
21 384 398 416 418 437 440 492 495 508 513 525 599 660 674 700 704 731 743 749 776 808
28 385 460 503 507 509 526 530 563 567 568 572 576 598 613 626 634 641 648 683 733 759 762 772 781 795 796 799 809
26 390 392 394 425 430 450 456 482 496 548 564 573 588 601 610 617 625 632 665 681 685 696 698 700 713 742
20 416 425 432 449 504 507 543 552 554 577 618 638 665 698 728 731 737 752 779 806
14 401 421 424 433 434 454 519 541 642 691 699 711 774 803
25 391 400 415 428 442 462 470 481 499 533 542 544 552 572 622 644 647 654 677 680 704 706 725 791 810
24 427 430 439 446 457 459 464 536 545 560 567 568 587 599 622 630 642 646 648 675 719 724 742 780
19 458 507 538 541 548 592 599 602 607 612 618 621 642 684 734 756 770 771 775
30 392 404 412 426 472 475 478 479 493 498 541 553 560 572 583 622 623 628 635 638 640 656 665 666 675 691 698 714 722 752
21 401 427 431 448 451 486 522 530 556 558 642 678 724 734 738 742 765 767 768 792 806
20 409 420 433 445 469 531 552 561 568 582 584 588 626 663 669 705 727 735 761 780
29 399 432 437 444 456 467 479 491 512 545 557 571 573 590 596 598 614 616 621 653 668 717 718 719 737 750 791 792 808
26 400 407 417 466 482 484 507 530 540 546 569 570 571 576 588 592 596 599 614 627 666 691 696 731 767 771
25 394 396 415 442 467 471 483 488 535 581 585 618 638 656 667 699 729 753 754 757 774 777 782 795 798
28 392 399 413 427 453 529 539 541 544 565 566 588 594 673 675 686 687 697 705 711 728 734 736 769 774 782 797 808
22 393 410 432 448 469 482 486 487 495 509 516 565 575 647 648 651 674 726 751 769 803 808
19 446 459 483 492 493 537 585 595 627 632 640 656 668 675 703 764 769 776 779
22 402 429 442 448 467 493 540 567 572 590 593 595 639 652 662 679 699 717 732 741 785 805
21 399 433 467 503 511 533 548 606 607 613 660 695 700 725 729 734 737 742 754 762 798
21 406 448 451 500 512 524 536 539 578 583 585 600 602 624 637 666 675 691 699 704 794
32 407 444 445 446 449 456 466 471 538 542 589 592 603 604 610 629 645 652 683 707 708 722 723 724 730 758 761 767 771 777 789 799
14 432 449 455 468 574 577 580 658 700 759 762 779 784 787
18 423 446 468 495 502 516 526 537 566 577 595 647 650 704 720 756 759 809
19 405 448 473 512 522 525 536 565 584 588 607 608 626 630 642 672 691 789 811
16 439 460 522 591 654 658 659 666 707 734 745 748 762 767 797 800
16 419 432 434 436 437 439 440 461 474 531 605 612 692 695 718 734
18 412 454 484 522 533 537 563 622 625 628 673 694 701 717 728 762 792 793
22 421 435 459 495 520 539 541 542 585 602 623 632 646 669 672 693 752 755 767 786 799 802
19 415 438 440 471 480 527 540 577 581 607 617 619 664 691 697 752 753 798 800
25 409 412 415 437 484 485 507 526 533 544 553 566 590 601 615 616 637 660 705 709 757 788 791 799 803
20 461 492 499 502 509 525 539 541 544 557 574 591 594 612 712 725 728 771 787 792
19 426 442 551 560 577 578 580 587 608 624 633 685 692 729 747 754 768 795 801
19 410 420 433 452 473 484 545 571 580 582 605 616 629 700 719 728 733 758 798
14 456 495 507 513 570 619 636 637 659 696 711 718 725 763
28 428 436 470 492 529 536 540 549 557 568 572 580 587 588 592 602 616 628 652 655 699 717 721 736 743 750 773 776
25 437 440 449 469 476 481 497 518 522 528 582 607 613 624 635 639 648 694 698 714 719 723 768 772 790
24 447 478 483 507 523 536 559 566 595 602 652 669 670 706 707 725 735 736 738 741 749 780 804 808
17 428 444 472 476 518 536 554 562 618 653 676 696 706 714 771 799 807
21 433 440 448 500 503 546 585 598 615 657 659 661 675 692 698 751 762 779 792 796 810
16 422 424 442 455 467 472 476 490 548 566 612 613 677 741 749 768
17 466 477 507 519 545 579 610 650 657 670 684 701 713 722 753 764 784
22 419 487 491 546 548 562 564 578 589 594 595 628 645 646 665 677 695 709 710 781 793 798
23 437 444 447 467 482 498 503 505 530 538 547 558 559 581 610 639 657 705 708 782 786 789 803
21 434 452 454 511 525 553 573 583 602 604 624 641 645 673 680 688 700 723 742 747 795
21 458 533 536 539 559 590 615 616 636 642 644 647 676 690 704 710 715 717 734 772 795
13 434 468 469 483 491 506 537 684 711 723 733 760 767
19 445 462 478 484 541 552 590 594 627 629 656 658 688 695 701 715 739 740 768
20 470 472 485 489 498 503 511 558 614 617 621 660 695 724 727 731 735 752 759 793
25 432 440 468 489 491 499 511 525 547 550 577 584 617 625 631 654 656 660 663 667 692 697 738 777 801
21 438 448 457 487 492 493 560 581 582 588 605 607 641 647 689 718 745 765 776 785 806
24 435 438 442 452 463 481 496 509 541 557 574 593 596 603 615 635 680 710 725 729 752 763 770 786
21 464 516 523 534 563 565 612 641 644 658 671 686 690 694 702 711 726 734 743 751 768
22 445 447 495 501 523 525 527 531 535 565 585 586 589 641 642 679 688 733 741 765 805 811
28 460 484 509 514 527 541 542 544 546 559 566 588 616 639 640 642 658 661 681 690 697 705 735 736 748 769 778 785
17 491 493 505 522 542 564 604 625 627 629 630 682 696 714 738 755 784
18 487 521 577 592 645 648 672 677 682 703 717 763 764 792 799 805 806 810
17 475 491 505 530 538 576 582 627 628 689 704 709 737 780 789 801 806
16 459 465 506 550 619 646 657 659 677 678 679 740 759 765 766 791
22 447 473 488 503 516 550 556 565 591 601 606 618 630 634 644 651 671 676 685 694 760 776
16 447 464 540 544 552 588 592 598 629 646 668 694 696 707 731 786
10 468 525 567 588 601 662 675 694 713 725
30 463 468 478 481 489 491 517 527 545 560 568 571 584 586 591 633 654 659 678 688 694 712 741 761 773 782 789 801 806 807
25 467 473 486 498 499 507 543 545 547 555 564 568 574 607 668 687 709 715 736 739 746 771 780 804 811
23 442 456 465 478 500 534 548 558 562 579 590 593 608 631 653 669 753 770 781 786 803 804 807
19 450 452 498 505 532 535 564 569 572 574 586 596 600 613 630 720 721 762 774
19 444 451 469 476 489 503 505 564 601 619 632 637 647 704 739 749 774 795 810
27 470 479 483 485 490 492 495 517 537 543 561 562 568 586 593 599 607 623 633 654 665 686 710 744 763 776 803
19 475 481 497 509 533 560 564 578 610 648 663 682 683 685 704 727 730 736 785
14 474 488 491 542 559 611 641 650 703 716 746 763 790 791
14 500 521 546 550 555 556 573 579 582 648 772 781 783 807
23 481 483 496 503 507 519 528 534 554 564 618 620 633 641 645 674 675 678 730 740 760 763 772
24 459 462 471 472 485 498 516 539 586 588 593 596 599 619 623 638 675 699 715 754 762 775 798 802
18 457 467 480 482 522 563 606 616 636 639 650 686 706 717 725 754 785 797
15 463 473 480 503 507 522 524 533 542 578 623 634 652 663 761
18 455 456 506 555 573 581 622 631 649 658 662 694 695 701 707 747 750 757
22 458 472 485 520 537 554 587 590 597 611 615 626 637 662 675 697 717 719 724 727 752 756
24 459 471 475 481 497 512 544 546 576 579 585 601 604 605 624 640 654 679 692 702 712 725 772 798
14 487 503 545 561 578 594 672 686 694 711 731 734 750 804
17 481 515 524 540 585 608 609 613 621 662 687 693 739 743 754 769 810
13 491 520 574 587 639 645 654 677 741 770 798 802 803
19 475 485 487 493 507 510 513 560 583 589 675 703 707 714 736 743 774 779 794
21 460 472 473 503 509 512 531 537 559 562 578 595 623 632 633 640 678 681 703 708 729
18 471 492 502 600 604 621 639 646 647 675 699 704 747 748 764 768 783 799
16 462 473 481 505 512 513 584 589 608 636 653 701 727 731 736 802
16 500 504 517 524 533 561 578 597 640 655 661 674 693 725 795 806
19 510 515 532 536 544 546 593 603 620 634 642 655 679 685 711 750 752 754 762
23 493 495 500 511 531 539 558 613 619 631 652 659 692 701 739 747 749 757 761 766 776 785 794
16 482 499 508 513 528 564 586 615 663 683 687 717 721 722 737 779
13 503 549 561 565 572 599 630 634 650 679 685 694 752
14 474 486 494 565 574 623 628 690 718 752 754 756 766 802
15 474 475 531 537 564 573 591 617 650 729 738 781 785 793 802
17 469 471 523 557 579 600 601 608 633 645 741 747 751 753 756 800 804
23 475 488 504 510 552 561 570 576 604 610 675 683 685 704 711 734 743 745 748 764 771 808 809
18 489 490 497 535 577 597 612 633 661 687 690 707 721 728 770 774 776 783
20 485 487 496 520 535 536 544 598 605 606 608 637 661 667 668 723 753 763 774 787
19 473 495 503 510 530 547 594 614 619 650 657 668 698 711 715 741 775 789 803
20 489 538 543 544 568 592 609 623 639 648 662 667 711 719 720 728 750 753 755 761
17 485 488 494 539 540 558 618 627 650 656 669 685 704 722 725 762 801
16 480 487 492 507 511 520 523 585 615 620 636 645 649 731 797 799
12 535 561 589 593 647 684 693 701 702 710 768 774
21 537 557 562 568 579 590 599 601 606 613 632 658 676 694 695 701 730 751 769 773 780
22 489 521 522 534 538 541 602 603 611 615 645 654 659 661 682 713 717 725 727 757 773 797
14 487 502 508 524 533 540 544 577 599 630 641 655 668 714
23 511 532 538 541 558 560 561 567 588 590 598 620 624 657 683 706 712 730 740 743 753 754 804
16 518 522 527 539 586 610 646 649 651 656 712 734 739 752 779 786
22 501 524 528 544 590 591 605 624 634 645 658 677 681 688 692 696 698 707 725 730 779 809
19 485 518 519 529 554 575 590 684 692 702 719 744 746 767 771 780 785 788 794
20 525 575 581 598 615 629 646 657 666 675 676 715 716 742 759 774 777 782 800 806
23 486 490 494 497 511 537 543 555 562 585 597 623 666 694 703 715 722 733 736 750 767 774 776
20 523 529 555 590 606 610 658 660 667 673 686 712 713 723 726 738 762 779 795 809
18 511 521 524 556 575 613 617 619 653 668 695 729 743 757 762 776 779 789
18 504 506 516 529 536 566 574 582 594 617 666 667 725 750 774 777 797 799
19 490 500 515 517 530 543 568 571 607 612 615 616 641 679 681 694 720 752 776
13 496 510 533 574 614 654 658 716 719 735 742 776 796
9 508 519 601 608 656 670 703 720 772
8 510 511 540 648 659 673 696 790
16 495 510 516 545 581 611 633 643 648 649 670 698 704 757 769 779
13 512 531 540 591 627 641 646 680 687 748 795 798 807
12 523 531 551 583 658 663 714 759 769 771 793 803
16 510 512 532 549 583 603 622 683 691 722 727 740 750 786 793 800
21 500 540 548 571 574 606 607 617 630 635 643 650 674 682 687 713 730 767 768 776 793
12 506 510 543 545 555 561 667 670 685 691 700 755
10 514 526 560 613 616 627 651 658 679 700
21 508 524 526 541 552 560 578 612 616 632 670 697 699 716 718 736 741 759 775 778 781
13 580 636 637 646 652 667 694 712 746 774 789 803 809
12 521 522 533 611 665 677 678 729 733 764 780 787
14 523 534 539 548 611 616 631 641 644 693 768 775 794 808
18 515 535 541 560 571 574 593 667 688 698 721 726 729 743 744 760 788 802
12 514 559 585 599 629 645 660 675 746 765 778 790
23 520 521 534 548 561 585 601 607 613 628 642 646 649 689 699 720 757 760 765 773 781 783 798
13 510 526 556 576 610 612 628 654 656 687 776 782 808
11 510 599 602 628 649 660 695 724 728 753 775
17 521 524 534 537 551 558 583 587 641 651 663 684 751 756 769 779 787
12 532 579 595 612 631 699 704 713 775 786 788 808
10 542 612 614 636 646 655 663 685 730 762
17 519 532 536 594 604 611 613 651 652 659 709 722 740 752 774 786 805
11 525 536 538 550 589 645 670 703 714 721 799
15 532 537 547 572 590 637 639 655 682 720 722 738 780 799 807
15 528 555 566 585 608 625 645 680 696 720 745 775 785 788 803
8 518 575 624 712 721 770 779 808
11 528 540 541 583 628 654 693 741 764 768 798
21 521 538 561 579 581 615 619 622 640 643 647 649 674 685 694 702 703 727 771 776 782
14 547 592 606 642 654 656 668 674 676 737 738 748 798 809
13 538 615 624 639 647 666 667 675 684 743 746 748 792
13 542 578 607 642 650 652 688 700 708 714 728 734 776
9 564 656 667 695 702 735 771 785 800
19 529 541 544 587 627 644 654 670 680 683 700 716 726 727 736 763 780 786 800
14 528 539 542 547 585 598 599 622 636 671 687 707 727 747
12 545 559 568 585 609 617 623 645 651 706 753 764
13 579 589 595 609 614 665 675 676 678 699 756 760 806
11 575 622 649 658 683 727 784 785 794 796 808
15 554 577 606 617 625 637 646 689 695 738 751 753 760 788 792
21 531 539 544 551 558 582 587 622 648 674 695 714 722 726 749 750 773 774 781 793 794
13 590 607 621 650 653 658 713 717 727 754 758 796 803
14 543 552 584 622 627 633 634 637 666 695 699 783 790 795
11 594 611 645 692 729 733 737 740 752 766 807
16 546 549 550 565 582 614 628 639 641 648 669 701 747 749 768 809
12 593 594 597 614 712 726 752 764 766 767 803 805
9 543 581 603 622 710 752 756 781 783
12 557 568 575 582 631 642 666 684 688 710 714 756
13 543 614 650 659 660 680 716 719 728 742 758 762 779
16 541 545 584 603 605 636 647 727 733 749 765 766 772 784 797 799
15 548 599 616 639 640 641 657 660 675 704 708 715 716 735 784
22 571 577 592 625 633 645 655 667 684 687 695 707 708 718 750 751 758 770 771 773 789 801
15 579 580 605 617 618 668 707 715 719 725 729 767 770 786 805
12 618 624 629 631 647 731 744 748 760 764 785 793
19 544 545 580 581 585 615 617 643 658 673 688 701 719 723 724 726 735 795 809
7 552 606 610 657 675 700 785
10 578 594 596 633 649 699 715 780 792 804
11 547 586 648 649 651 664 729 745 775 777 780
12 563 564 622 639 644 658 709 713 724 729 732 779
14 575 612 617 672 694 710 717 719 729 733 741 748 759 760
11 576 626 634 638 680 724 748 751 763 790 806
14 579 610 622 697 699 701 705 723 731 736 759 766 780 787
11 638 662 680 683 734 738 769 778 780 788 793
9 566 569 580 598 608 645 703 752 788
11 564 565 576 577 614 661 694 698 713 726 748
17 567 580 593 597 641 657 680 682 683 698 700 707 715 773 780 791 801
19 562 595 597 599 605 638 641 652 663 667 685 707 720 728 734 794 801 803 808
14 565 598 611 621 645 651 682 693 780 788 794 795 796 809
8 571 572 575 589 612 693 709 773
10 587 593 648 724 739 752 770 781 786 807
9 577 591 594 602 633 662 695 773 792
14 568 584 603 604 611 631 643 650 661 663 694 741 805 806
11 607 632 640 647 651 663 675 683 711 756 771
14 582 585 594 605 613 614 619 633 640 700 732 746 747 787
14 582 583 592 602 619 670 702 707 755 758 764 768 770 794
17 565 568 576 619 649 687 696 709 721 734 738 745 764 800 805 806 807
13 586 594 595 605 623 693 698 743 759 760 761 763 802
16 592 593 594 603 616 646 651 739 747 750 760 763 771 777 781 796
10 572 581 615 693 709 710 796 797 805 811
9 586 603 613 618 681 682 766 796 809
11 574 586 613 625 628 664 751 754 773 782 806
20 589 601 635 667 674 684 693 694 695 708 726 747 750 757 766 775 783 784 799 801
11 572 593 608 623 627 628 648 674 690 783 810
13 597 605 616 649 652 663 688 703 760 792 800 802 803
9 584 587 647 658 663 738 752 770 805
9 588 607 710 720 724 725 756 758 795
9 624 629 675 683 684 718 733 770 805
12 582 592 597 606 665 686 726 745 754 769 772 786
14 582 591 602 611 620 621 673 693 694 764 771 780 781 782
7 650 651 681 703 710 736 781
8 605 632 633 693 768 777 780 802
8 634 646 665 682 720 728 734 787
12 605 634 649 679 683 684 716 732 735 742 778 781
18 586 605 606 629 668 681 695 706 713 733 745 761 762 767 768 771 782 802
18 593 594 618 621 622 675 684 701 707 713 724 733 737 744 755 757 780 785
10 587 644 652 655 761 781 788 790 793 798
12 607 628 647 653 667 678 722 741 754 794 807 809
12 612 618 628 636 643 662 698 707 715 731 743 775
12 591 623 635 664 677 683 689 720 745 754 772 788
9 618 631 640 643 652 702 766 793 796
8 591 616 651 709 721 723 753 808
5 597 703 713 761 811
16 602 613 622 631 651 656 665 684 694 719 721 740 749 794 806 809
6 604 620 672 680 731 784
13 605 606 608 627 646 680 687 702 713 778 787 808 811
10 628 629 645 685 709 713 735 761 796 797
8 604 619 627 636 654 660 697 714
8 623 709 734 743 748 756 764 769
4 685 700 741 793
11 627 630 668 683 687 700 710 718 735 754 770
11 602 617 626 665 677 726 754 776 779 792 801
4 631 646 661 811
9 603 622 626 655 668 672 695 726 761
10 616 671 680 698 700 711 713 774 795 805
13 606 619 672 674 685 700 702 716 732 752 776 802 805
9 628 648 709 715 719 763 777 778 809
7 631 649 695 718 754 757 791
8 607 677 714 717 757 777 789 808
13 613 616 632 636 659 667 682 693 707 753 759 800 810
13 617 618 621 679 705 709 713 714 735 738 780 797 806
10 620 679 699 729 765 766 778 780 785 796
10 625 645 650 663 748 755 777 795 796 801
13 613 634 649 664 686 687 703 715 720 753 760 781 791
9 622 660 670 674 679 694 745 759 799
11 624 626 657 720 760 764 772 780 786 793 795
8 633 662 712 724 725 754 768 801
8 638 660 692 704 708 717 755 795
10 663 666 669 706 725 734 744 768 771 787
13 630 643 648 664 704 742 746 752 782 788 797 801 811
11 630 634 644 651 658 673 738 767 786 803 811
11 623 638 640 656 660 682 701 713 754 778 794
9 628 638 707 745 766 767 771 799 802
6 625 633 710 743 754 782
16 628 629 645 647 656 657 661 662 668 736 758 762 775 788 790 795
5 641 694 724 797 801
11 626 629 636 639 651 655 656 739 743 778 786
15 628 629 631 645 661 672 689 706 715 728 729 759 761 773 791
13 632 636 665 686 701 709 712 732 764 775 804 806 811
8 665 674 684 712 717 762 768 805
7 660 696 725 737 768 800 807
8 686 700 730 756 771 781 795 803
6 636 653 684 693 758 796
12 676 685 695 721 728 738 762 776 798 802 803 808
8 650 672 677 694 695 741 751 774
12 642 648 680 694 703 741 742 752 768 775 788 794
7 639 666 685 727 730 776 802
9 641 643 659 662 734 778 788 797 805
7 677 681 688 689 709 766 795
10 648 655 665 673 674 719 731 760 795 805
10 652 673 698 719 727 761 763 765 790 808
7 645 657 659 702 736 745 808
7 660 687 726 745 757 768 791
3 662 699 762
9 646 650 668 688 706 725 733 780 793
9 660 674 677 712 714 744 745 776 797
11 662 668 693 715 725 731 732 734 770 789 805
9 660 689 690 694 725 727 750 770 782
10 649 663 671 710 727 728 744 761 765 796
7 677 699 716 725 742 772 791
6 654 687 710 734 752 756
5 692 765 771 772 777
8 684 691 694 718 743 752 779 791
7 673 689 716 721 736 748 783
9 687 696 698 713 717 767 776 784 807
7 660 688 698 726 772 777 792
2 698 761
12 658 665 679 704 721 724 729 749 778 780 787 796
9 670 705 734 764 785 791 794 801 805
6 670 695 721 725 731 783
5 665 668 718 772 782
5 703 770 775 787 809
13 668 681 683 690 695 711 713 717 721 733 768 772 804
8 696 727 734 743 764 783 807 808
5 669 682 712 751 794
9 675 686 695 714 731 732 745 779 791
1 686
7 666 686 696 720 765 779 790
9 673 698 719 734 746 750 785 788 810
5 675 690 702 734 786
10 679 685 730 737 746 749 760 778 786 803
12 673 674 713 728 746 759 762 764 769 783 797 811
6 701 703 717 727 756 799
5 672 683 704 744 798
4 738 741 769 776
5 695 723 752 753 784
6 679 727 749 753 762 801
5 699 728 733 740 798
14 715 716 724 730 738 740 751 752 762 772 781 790 798 811
8 684 711 724 741 765 774 792 802
6 699 700 701 737 742 776
10 692 705 708 723 736 744 763 765 791 797
11 683 700 726 729 730 732 765 772 775 786 811
6 685 699 760 774 778 807
6 684 691 717 725 761 772
7 748 767 771 790 795 798 810
4 721 733 748 811
6 696 764 775 799 804 811
8 696 708 726 739 753 770 800 802
8 694 712 723 734 737 753 758 795
8 699 703 704 708 745 756 778 779
4 690 695 748 756
7 706 714 748 750 757 762 794
6 710 725 758 759 761 762
9 726 728 735 742 760 765 772 785 788
7 717 719 730 759 797 804 808
6 750 784 786 790 795 798
5 700 704 709 733 793
6 733 751 756 804 807 808
4 741 750 765 811
8 702 713 729 740 745 754 762 803
7 733 736 745 761 785 791 809
5 702 714 732 759 762
7 734 744 763 770 781 794 804
5 720 749 780 791 810
6 710 711 714 729 766 779
8 713 729 738 755 758 772 800 807
5 716 752 761 788 797
3 768 773 810
6 722 758 763 767 779 804
4 713 731 738 747
4 721 758 775 776
5 720 755 761 763 769
5 729 747 755 776 795
4 713 749 798 809
5 718 719 751 776 790
6 718 751 762 770 806 811
3 725 742 764
3 720 737 787
9 725 758 763 770 780 803 805 808 810
7 730 732 738 751 759 784 808
3 744 773 809
5 724 759 761 773 774
7 731 738 767 768 772 777 797
4 745 752 773 781
5 757 763 785 794 797
5 754 772 784 786 801
5 750 762 805 808 809
4 739 749 761 780
4 753 762 773 806
4 749 762 796 797
8 751 753 764 766 772 790 793 801
6 736 737 739 766 785 790
2 793 802
4 736 748 760 794
5 744 749 755 768 800
2 748 786
1 783
3 744 768 808
1 756
11 745 751 753 759 769 775 781 782 786 802 805
1 740
2 743 782
4 747 751 782 803
4 751 757 791 799
3 758 773 785
5 751 779 786 801 811
3 761 765 805
2 747 797
3 755 758 765
3 767 783 805
3 760 774 790
4 770 788 794 810
3 781 789 804
1 791
4 768 783 785 804
3 756 772 790
5 761 779 796 810 811
7 765 768 777 781 789 810 811
4 777 792 799 802
1 784
1 783
1 785
4 765 779 781 788
2 800 809
3 781 783 792
1 766
3 798 805 811
3 783 785 786
1 785
4 776 790 803 804
3 782 786 805
2 779 792
2 792 794
1 787
0
1 796
3 778 806 808
4 777 787 790 809
2 786 799
1 798
0
5 794 795 800 802 806
3 788 789 805
2 794 797
0
1 806
0
1 795
1 793
4 789 791 792 809
1 791
0
1 806
2 793 801
2 803 806
2 798 808
1 811
0
0
0
0
0
0
0
0
0
0
0
0
0
0
0
0
