571
21 27 104 105 109 131 193 201 226 275 328 353 375 383 441 451 460 478 489 506 539 542
27 9 24 61 70 97 140 179 188 198 221 243 263 266 289 290 311 318 320 433 438 440 476 486 499 519 523 564
22 12 16 23 79 117 121 195 212 260 301 320 331 334 339 357 359 371 402 489 495 500 532
24 19 21 44 51 52 56 67 88 108 137 165 232 261 263 358 432 436 440 454 455 492 497 527 545
30 23 71 78 86 90 102 113 129 146 149 164 238 262 266 269 272 275 340 369 380 388 399 452 459 469 478 487 488 501 510
32 26 37 38 50 56 176 217 221 231 266 277 278 294 312 313 319 333 361 379 391 412 415 429 435 440 483 526 533 538 550 554 559
26 21 56 75 88 98 108 137 148 149 173 174 201 247 253 287 339 345 353 420 430 440 446 507 532 540 558
31 11 20 58 73 96 101 129 148 188 192 200 205 231 238 328 342 343 388 399 406 419 432 455 459 466 481 498 515 521 544 558
30 49 68 87 91 118 129 138 145 154 201 202 231 249 259 274 286 294 321 334 337 353 355 365 391 408 421 434 436 464 553
30 13 17 18 27 33 53 64 74 146 147 171 183 189 238 244 247 249 281 309 313 333 336 366 385 393 439 461 484 497 543
28 25 35 37 59 90 153 216 218 244 252 297 301 330 359 367 384 396 399 402 426 427 431 472 504 520 536 543 549
25 15 16 105 131 217 219 248 262 271 280 281 328 332 334 349 398 412 419 423 477 492 494 528 550 554
23 20 86 97 123 157 181 213 214 221 254 268 276 296 311 314 349 447 487 505 520 528 539 541
35 20 24 39 70 73 79 85 87 89 98 107 117 127 139 148 154 174 209 214 223 249 255 276 303 331 342 366 401 448 471 488 520 554 556 568
30 41 48 85 87 89 95 111 125 133 145 150 152 188 208 241 266 284 307 315 329 339 344 390 398 401 418 464 515 522 541
24 25 62 92 116 134 163 172 173 189 307 314 364 376 422 444 476 493 497 514 526 532 534 561 566
27 36 41 55 131 165 166 203 221 245 258 275 288 304 349 372 387 392 400 407 418 450 456 466 483 492 505 526
27 25 62 83 121 125 131 134 157 188 215 248 254 272 296 306 345 373 413 437 450 454 464 475 529 532 556 563
38 24 27 46 59 87 142 173 174 209 213 227 236 242 248 269 277 332 360 364 383 388 389 404 420 431 436 439 451 470 476 483 504 523 528 547 555 563 564
28 32 45 146 165 192 197 206 207 230 267 281 301 304 315 316 343 361 368 377 385 387 395 397 412 441 483 493 533
25 39 75 77 103 129 147 203 206 247 273 295 298 310 317 319 342 369 370 397 407 483 496 556 563 564
31 26 47 73 82 111 121 123 131 143 154 160 173 179 233 242 283 296 300 366 388 393 399 406 423 456 483 514 518 523 552 557
19 38 46 96 109 118 119 141 170 199 258 297 308 412 422 437 459 465 467 522
28 29 37 65 76 105 112 222 227 247 263 265 295 298 329 366 373 393 404 455 461 479 499 510 523 530 542 559 569
29 32 48 98 103 144 149 157 170 171 175 185 189 219 232 269 280 293 296 305 353 373 405 417 445 501 506 512 517 549
23 26 36 47 61 64 68 80 85 176 186 242 252 283 318 334 378 381 384 392 431 439 456 538
19 31 73 155 158 160 202 203 224 228 269 280 295 310 317 380 383 445 453 473
25 60 61 96 129 165 169 211 219 288 291 314 342 345 353 361 379 381 414 419 422 445 486 497 560 562
20 45 53 66 115 119 127 142 173 286 347 365 368 380 409 472 474 500 529 541 550
29 39 41 46 69 72 102 140 148 154 171 191 214 222 230 275 311 333 339 390 399 404 423 434 450 504 519 521 535 556
36 60 82 87 96 112 119 125 128 130 146 151 159 173 182 184 191 207 220 228 229 276 277 338 370 391 409 436 448 471 483 485 495 498 506 523 559
34 45 46 55 57 60 62 70 78 90 120 148 153 182 192 206 216 258 267 306 314 315 319 375 400 435 437 447 474 491 509 513 522 528 562
33 51 74 103 110 124 129 136 160 170 173 188 201 216 237 289 292 301 325 335 343 356 361 366 378 441 442 449 458 487 492 529 556 569
28 141 152 155 174 184 225 243 267 284 293 299 308 324 328 343 349 362 376 398 425 456 470 483 494 505 506 515 548
18 38 109 127 230 262 275 279 284 312 337 492 499 511 513 523 532 534 549
29 63 73 96 129 133 157 184 191 200 208 213 225 240 249 268 275 327 329 381 406 426 448 449 452 471 527 541 554 568
32 52 54 89 102 135 167 178 187 228 232 239 244 250 258 262 267 273 286 311 358 361 395 429 430 483 491 506 519 532 547 565 566
37 67 78 83 85 117 131 165 181 187 199 227 229 238 248 259 265 273 276 277 281 290 338 341 344 353 356 397 419 436 442 508 525 536 537 547 550 570
27 59 63 66 96 105 115 124 129 143 200 269 319 331 341 361 376 383 384 406 415 451 473 479 491 523 548 556
35 55 92 94 107 109 116 137 147 185 208 210 224 240 251 258 276 284 299 300 401 414 428 434 451 459 490 491 493 526 540 549 550 551 561 567
31 56 57 59 60 110 112 125 151 157 191 198 233 291 299 309 313 317 328 349 366 374 390 405 418 428 452 493 499 522 540 568
36 51 59 89 99 117 120 132 134 146 181 192 197 228 246 262 267 278 286 292 296 304 336 349 365 379 387 403 414 422 428 462 467 497 499 511 555
27 63 65 83 89 126 136 158 226 232 274 352 358 376 387 392 400 408 434 440 446 462 466 496 532 550 551 559
27 102 111 117 127 128 130 169 204 213 269 295 310 315 333 354 355 384 386 413 462 477 479 506 517 548 551 562
16 50 127 145 147 181 282 292 297 330 457 517 524 542 548 549 570
22 48 52 72 122 129 135 151 172 202 277 309 324 369 394 486 487 510 523 528 535 558 569
24 60 71 76 101 113 123 129 130 170 171 178 227 228 257 258 265 291 377 378 423 433 436 461 503
32 56 72 97 106 117 151 156 163 194 199 215 240 241 257 266 312 354 371 397 398 409 417 425 453 491 496 509 526 531 541 564 568
22 58 64 91 117 154 218 227 230 248 272 289 291 326 401 405 411 420 458 470 479 488 489
27 53 64 81 97 140 154 171 178 196 202 212 236 237 247 252 256 287 356 358 367 368 410 429 436 497 527 544
20 51 105 140 146 163 201 212 244 250 283 284 297 347 379 402 454 455 511 512 568
17 143 156 162 209 233 250 270 311 323 363 364 368 391 396 465 493 552
22 62 112 144 154 177 186 248 251 275 309 313 344 353 354 389 408 424 425 478 493 531 534
28 61 70 90 100 104 146 151 162 186 224 242 258 277 285 297 300 350 375 378 448 470 471 483 500 512 529 538 544
29 82 94 112 114 119 121 159 169 182 189 202 239 251 253 262 267 270 276 366 392 400 432 433 501 514 541 545 549 560
30 63 70 80 98 151 163 164 214 218 291 305 341 346 359 360 368 381 412 415 436 439 442 444 454 481 484 503 516 542 547
14 71 94 129 163 172 197 250 256 284 404 467 471 487 563
32 80 83 99 111 124 130 132 153 159 165 176 186 238 252 255 277 284 285 314 338 341 346 374 424 448 488 490 509 519 553 554 566
24 77 81 91 111 165 174 206 215 256 280 297 321 356 357 367 390 391 395 416 444 497 538 543 570
18 69 87 99 119 143 186 193 195 227 300 332 334 349 413 422 454 483 489
21 66 103 115 188 222 224 294 300 312 321 381 386 428 459 464 468 478 524 530 547 564
20 121 131 155 178 209 224 226 228 288 298 347 367 412 447 449 456 486 529 544 555
25 100 121 136 182 192 203 212 226 235 254 271 279 308 312 324 344 361 396 411 438 442 450 477 486 524
15 113 174 201 212 240 262 324 353 363 386 415 419 437 483 511
21 68 94 124 161 167 171 172 210 226 264 274 300 338 381 442 456 492 531 540 553 563
24 162 169 178 195 197 245 290 295 296 357 362 383 389 428 450 473 498 502 504 507 514 528 548 558
18 131 139 140 146 175 187 206 224 254 256 272 317 330 495 499 513 529 545
23 101 126 150 151 159 171 228 239 277 285 286 345 357 383 391 432 450 462 516 533 539 551 569
28 69 95 110 132 136 146 154 176 185 194 201 206 251 271 286 290 294 317 346 354 359 370 431 438 439 472 506 524
26 95 114 131 170 176 191 207 212 238 245 273 303 304 336 350 374 394 397 403 413 426 436 464 493 534 540
26 72 82 91 102 104 129 132 133 212 217 218 231 243 256 257 285 288 307 336 343 355 366 427 457 460 514
41 81 86 115 117 131 136 140 152 155 172 182 214 219 223 245 246 261 279 310 317 322 324 345 356 357 364 366 429 458 490 500 507 511 519 522 535 544 546 556 559 569
30 84 90 124 126 129 135 150 161 175 194 229 258 285 287 312 326 336 356 370 376 418 423 442 448 451 459 475 512 533 556
31 81 82 89 119 134 149 175 205 214 224 226 269 299 300 333 346 361 372 431 436 440 444 455 472 484 499 505 510 516 519 536
19 76 82 108 131 147 159 178 238 284 301 310 354 378 398 439 474 499 510 537
26 102 163 185 209 210 250 283 284 301 310 344 374 392 432 435 446 448 454 474 492 502 527 546 548 556 563
23 83 94 120 194 223 240 250 267 282 294 301 317 367 396 405 424 451 468 471 479 531 532 547
32 92 135 146 150 155 171 173 178 212 260 274 298 309 310 360 375 391 392 395 398 402 413 431 437 464 470 495 498 520 521 537 543
24 118 123 151 162 177 200 232 236 239 247 256 258 296 297 319 370 450 469 477 490 502 534 553 554
24 99 101 122 157 237 252 274 280 283 297 299 334 335 336 352 380 402 435 443 445 479 526 547 549
24 106 110 111 133 166 170 171 178 188 201 207 212 274 313 351 369 373 397 400 404 425 492 517 554
25 94 134 137 153 158 186 218 230 272 281 284 297 345 360 402 408 412 415 459 491 500 514 556 560 565
23 83 96 99 106 171 184 231 237 238 252 253 268 270 285 301 307 341 342 356 361 383 514 535
37 87 101 119 124 153 156 164 174 183 199 210 223 240 242 262 281 285 293 295 328 349 353 367 388 390 397 404 408 418 425 434 443 458 484 498 503 531
25 97 99 117 159 176 186 215 231 241 250 289 293 303 332 346 352 359 365 393 439 483 488 504 515 570
22 103 148 161 174 230 233 263 264 268 304 387 391 410 411 433 453 465 476 498 513 542 569
22 156 211 255 256 279 292 312 315 316 328 376 413 427 446 449 457 462 479 512 519 527 562
21 115 128 138 159 192 202 223 239 246 257 287 304 312 414 437 472 488 502 504 505 537
28 89 103 109 124 133 137 160 188 200 204 208 213 215 222 235 249 270 272 293 305 334 392 401 417 422 445 454 550
33 97 105 114 124 129 136 151 166 170 183 187 191 221 223 225 256 291 304 343 372 382 410 418 425 437 441 473 474 486 512 524 559 569
24 120 132 135 137 144 160 207 213 219 273 291 299 320 324 348 386 410 433 499 512 528 530 532 539
21 115 125 151 159 161 198 222 231 304 318 320 325 355 361 366 390 417 419 441 450 536
22 128 138 172 186 206 207 208 243 259 277 279 287 312 341 347 368 375 419 458 473 547 566
32 104 110 124 157 167 176 178 182 189 192 225 234 265 267 274 286 294 298 316 324 359 365 367 384 471 475 480 481 485 521 527 540
21 102 106 109 119 128 135 137 175 181 206 287 289 290 298 313 420 463 464 483 485 538
27 105 121 150 151 161 177 186 216 221 232 260 264 295 341 344 347 354 433 482 489 490 519 521 527 559 563 569
17 131 138 241 263 300 304 351 363 374 442 471 489 492 500 501 533 561
22 112 147 149 155 159 174 175 177 190 234 258 265 291 348 444 459 465 472 524 547 561 566
22 105 115 133 141 151 163 207 217 258 265 271 342 366 368 379 454 467 480 482 493 526 546
17 132 145 156 162 211 246 253 256 312 346 359 365 380 390 422 546 547
25 106 178 188 202 217 265 268 273 276 283 289 305 317 333 353 358 372 392 398 429 451 482 492 516 551
31 116 120 125 129 130 165 188 213 214 228 247 271 292 300 319 324 330 340 344 366 371 391 402 419 422 423 479 543 545 556 568
19 123 133 143 191 212 269 283 286 308 360 372 456 471 475 504 514 524 532 545
29 121 122 125 129 178 183 212 219 224 238 240 267 285 311 317 320 394 407 419 436 450 456 459 479 533 535 538 540 546
27 106 141 149 176 201 214 222 235 241 266 275 327 337 382 387 391 400 401 415 417 420 490 515 529 546 553 554
27 117 128 163 178 198 231 234 236 254 273 315 322 326 339 340 347 353 385 396 459 486 487 491 507 513 518 560
31 113 116 126 129 142 157 175 181 192 201 223 225 228 270 304 328 343 346 354 383 404 408 430 444 468 470 474 508 513 527 531
29 120 152 179 185 192 211 212 230 234 252 274 299 316 349 356 370 376 408 432 452 472 474 476 506 541 544 547 548 552
20 112 153 154 167 215 227 231 264 289 296 308 311 374 390 419 431 498 499 504 526
15 157 212 267 294 307 332 355 394 437 443 466 496 530 552 559
18 114 118 123 140 159 182 263 278 316 324 332 387 402 410 453 472 484 486
24 155 170 171 181 197 198 222 237 269 272 273 312 342 357 393 394 395 403 442 458 470 487 538 567
24 174 179 231 237 263 271 273 280 287 289 301 317 332 342 343 345 357 463 501 510 544 545 549 559
21 119 180 183 211 215 249 261 268 298 312 315 318 340 366 367 441 457 489 490 512 566
18 123 135 148 168 169 184 235 279 320 330 347 417 425 429 511 525 530 570
27 118 121 122 131 137 183 195 253 261 301 312 313 324 363 364 367 431 436 476 480 491 499 505 528 530 552 555
29 130 138 145 155 162 193 198 226 233 247 257 265 268 301 321 325 341 361 367 369 382 394 402 415 426 434 476 516 522
24 137 157 161 174 178 201 222 249 257 259 261 322 344 360 381 401 408 453 455 456 464 469 520 552
23 119 146 152 166 171 196 211 239 270 272 297 308 314 338 343 349 385 410 473 475 489 491 548
21 132 136 152 190 200 203 214 232 290 297 315 342 371 372 406 427 448 450 489 504 545
24 144 169 209 226 232 243 253 263 285 294 319 392 399 409 411 425 451 470 490 505 513 533 535 537
20 146 174 179 181 196 202 227 235 237 270 402 410 420 441 447 474 514 515 520 552
16 130 169 188 197 202 257 264 303 412 419 426 502 504 539 545 547
16 134 146 226 243 251 284 344 383 424 443 447 504 505 533 540 566
26 129 153 159 162 164 168 196 198 201 296 309 311 321 329 333 357 394 413 419 457 471 507 514 525 558 570
13 184 185 190 280 352 365 366 385 402 413 433 486 526
17 141 142 161 209 240 247 281 307 345 388 403 429 475 487 498 531 566
25 166 218 220 235 283 305 340 360 362 370 386 400 414 418 447 449 459 467 471 485 487 490 531 545 559
21 157 165 214 221 257 264 270 336 350 360 374 385 432 449 458 493 495 546 555 559 567
21 146 197 260 261 274 277 284 286 320 338 362 371 406 422 500 511 517 536 537 558 567
26 137 157 163 167 183 189 208 213 245 270 276 308 321 331 334 335 341 357 375 448 475 481 484 542 543 563
18 195 222 230 241 263 272 338 356 387 399 412 472 473 493 514 544 554 561
24 172 232 263 285 295 302 323 325 349 355 371 383 386 408 424 446 449 462 481 499 525 533 540 567
19 176 179 233 258 264 289 299 355 365 367 377 396 424 450 464 475 527 548 559
14 154 198 213 254 257 268 273 313 316 418 522 529 552 570
17 142 150 200 256 301 326 335 374 383 395 464 477 492 498 528 548 560
18 162 205 209 223 232 236 277 310 343 390 394 425 452 456 493 498 523 567
15 238 249 262 291 345 346 368 377 389 395 438 446 450 526 532
19 164 188 207 250 269 295 313 314 320 325 350 393 409 427 432 447 451 452 462
26 140 142 183 189 229 237 253 264 276 291 338 347 392 422 428 430 434 469 477 491 492 506 514 542 550 568
26 149 155 170 205 209 212 236 239 276 289 315 318 320 340 379 380 430 431 436 445 458 464 472 503 561 568
18 158 177 196 214 236 246 271 337 343 358 401 426 455 500 503 539 552 554
18 177 210 226 229 247 286 304 311 363 404 456 460 478 480 494 523 524 530
22 160 161 201 260 264 289 301 345 346 389 397 428 452 453 467 487 494 509 526 537 541 570
28 175 187 191 193 224 225 243 249 250 251 260 284 347 350 353 376 389 391 397 408 462 467 499 522 546 547 559 567
15 171 186 190 257 273 287 350 355 365 411 433 485 493 554 569
30 152 188 199 207 226 231 240 250 254 264 270 274 280 288 301 313 325 350 354 379 392 408 457 478 535 537 560 561 566 567
18 155 174 196 224 240 242 264 274 298 324 344 375 377 385 394 430 527 543
21 166 168 172 194 203 205 206 234 285 361 425 426 445 452 466 469 478 499 513 514 525
25 157 162 166 177 182 188 199 228 261 262 266 301 316 317 318 327 333 335 374 421 443 451 462 524 540
25 158 168 208 231 252 270 272 280 308 318 335 378 385 440 441 449 465 466 479 488 521 525 530 535 541
24 161 207 232 236 246 251 267 301 307 311 314 325 348 372 401 404 407 428 435 511 518 537 540 556
16 154 247 265 356 400 415 434 439 479 494 516 526 532 535 548 565
23 154 156 161 190 193 243 259 288 325 328 332 354 383 395 412 424 448 449 455 457 466 532 570
17 161 187 198 199 204 237 288 360 380 383 418 465 480 486 492 533 535
17 184 249 257 289 336 372 375 388 389 394 397 414 421 469 474 538 551
26 182 198 250 277 289 296 308 321 327 363 366 392 430 442 446 461 462 464 483 509 511 526 529 533 537 552
23 181 191 200 211 223 243 252 264 274 276 291 325 334 379 412 422 430 453 466 512 522 552 567
20 195 241 246 265 285 300 334 342 343 367 373 412 414 427 469 476 500 526 556 561
21 163 168 180 181 184 188 208 225 243 253 267 271 301 319 345 410 416 433 469 539 548
13 189 202 231 274 280 283 339 382 396 435 446 459 557
27 178 187 213 232 240 248 288 309 311 344 350 362 370 376 424 458 466 485 489 504 513 532 534 542 545 553 569
18 179 215 220 224 239 268 290 368 391 400 407 424 453 487 511 528 551 553
17 170 255 269 276 326 374 419 420 436 438 439 460 471 483 528 529 549
14 189 207 221 225 275 283 290 298 361 364 424 446 514 546
15 178 229 239 302 316 330 362 430 435 438 449 458 496 504 538
18 181 221 250 326 366 367 381 390 405 421 489 500 522 526 532 540 542 559
22 198 218 280 311 322 355 365 412 413 419 420 429 439 440 456 465 473 481 488 505 541 551
17 221 243 251 313 316 354 356 370 398 411 418 465 473 501 511 533 563
20 182 192 242 250 251 256 262 264 328 385 408 414 431 461 493 498 509 523 552 565
23 202 228 230 280 292 304 325 335 340 363 401 412 416 429 432 457 470 497 528 530 533 542 556
21 192 225 238 241 279 286 325 339 340 348 350 397 403 458 468 478 480 493 502 517 551
23 174 179 193 243 260 266 281 284 295 313 402 408 417 437 440 441 444 452 455 458 528 535 539
25 176 185 204 210 227 234 236 238 260 264 302 306 337 363 369 373 379 411 429 455 460 473 520 557 569
25 175 186 187 197 198 204 216 230 232 261 274 304 330 331 345 359 397 404 425 430 455 481 483 493 563
23 182 187 203 209 236 243 253 264 278 280 298 324 388 410 427 435 478 511 532 550 562 568 570
15 190 198 314 343 353 358 378 380 411 430 452 482 483 504 540
19 205 247 250 265 294 352 359 416 431 456 464 471 475 514 520 522 529 530 565
18 185 188 222 239 247 251 264 281 292 316 357 401 412 532 533 542 559 570
18 183 262 282 352 372 386 390 415 481 486 489 493 496 508 515 516 530 562
16 184 192 214 255 265 282 350 386 396 407 412 493 507 540 561 566
17 191 199 239 248 250 259 311 336 339 393 412 453 460 467 487 543 558
23 221 252 289 302 306 315 325 349 353 368 370 372 374 399 408 411 454 462 473 535 538 546 552
23 199 205 234 238 298 334 335 362 364 367 406 407 422 443 454 461 482 492 495 496 499 547 557
22 205 216 219 230 255 267 310 343 359 393 412 442 449 453 455 459 485 511 522 529 562 569
14 202 203 205 260 264 323 342 357 384 385 431 468 546 556
23 197 198 214 215 217 221 314 317 380 409 412 439 456 482 503 530 536 537 547 549 557 561 569
18 206 225 258 291 327 340 355 367 376 377 402 409 452 493 496 522 524 546
14 280 281 284 310 333 360 365 369 420 444 455 528 535 561
20 245 252 276 277 284 286 347 391 394 399 412 416 429 451 489 504 508 520 546 559
15 204 278 348 351 362 433 438 447 476 488 497 501 508 548 569
26 196 232 234 251 256 268 278 291 302 348 373 379 387 389 407 416 444 446 449 465 478 498 500 554 561 567
20 209 222 227 253 277 280 282 307 315 331 351 373 385 389 393 403 443 490 522 555
19 211 220 238 266 280 284 293 304 345 398 407 416 457 458 505 507 509 520 531
25 206 219 223 226 235 261 285 290 295 321 322 323 345 347 358 367 395 415 428 449 493 522 542 544 552
22 215 218 220 234 247 251 267 270 274 276 278 299 300 321 323 330 332 379 431 497 520 535
14 218 229 262 275 303 312 361 379 392 406 528 531 538 553
18 217 223 229 244 251 295 308 329 332 367 369 403 408 431 433 472 539 542
16 212 213 258 259 283 321 339 351 381 393 414 437 539 541 545 557
15 207 240 259 293 299 308 315 331 344 362 415 458 483 488 561
15 203 206 241 348 393 397 408 451 455 467 475 499 500 515 539
25 204 221 224 241 242 246 262 275 279 286 295 316 320 322 329 335 354 381 390 429 499 503 531 535 568
20 239 247 296 312 328 339 343 364 400 458 474 477 508 509 517 527 530 549 562 567
19 267 292 323 334 344 353 356 368 393 401 444 449 529 533 546 558 559 562 569
17 228 243 274 280 356 380 405 409 415 442 443 471 477 491 549 550 563
26 206 210 213 220 258 263 270 315 326 389 405 419 425 435 442 451 458 467 476 490 512 519 531 534 558 569
16 223 238 278 289 310 327 345 375 392 400 434 441 521 547 548 566
17 209 267 299 305 311 406 419 463 466 473 484 512 529 530 533 540 564
26 210 237 280 317 350 367 372 378 413 446 447 450 456 463 465 469 470 483 493 515 524 541 551 554 556 568
15 210 235 294 333 346 349 358 361 394 404 428 445 462 495 527
12 226 235 236 304 337 356 389 490 502 510 548 562
10 222 233 311 344 384 396 449 459 493 558
15 227 236 275 282 321 354 356 371 431 457 458 465 471 531 562
20 217 230 231 246 266 276 339 349 356 394 400 433 444 458 476 482 517 531 533 570
25 237 246 269 270 274 280 282 284 315 341 358 366 367 371 423 430 445 446 449 462 495 509 518 539 545
17 220 258 259 296 320 338 339 341 354 368 461 472 475 476 508 524 560
18 225 281 283 379 381 397 410 417 467 487 489 502 503 520 526 529 534 560
25 230 257 275 276 287 290 300 310 312 322 337 372 381 409 424 432 446 450 462 478 490 510 515 520 558
17 252 269 290 295 310 337 340 353 397 413 462 464 479 506 521 566 568
14 223 241 260 275 276 281 359 372 400 419 427 532 534 557
17 248 296 305 306 317 318 339 342 351 362 447 485 525 541 553 554 562
23 222 225 245 260 262 265 284 292 302 313 329 351 364 405 456 460 465 485 487 493 496 530 544
14 266 280 284 285 286 330 354 402 423 424 433 552 555 563
14 230 257 258 316 343 350 388 404 408 445 480 490 520 567
23 234 248 268 273 315 327 344 347 373 380 383 390 413 420 435 455 475 493 499 519 528 536 549
21 265 272 283 349 363 369 371 382 383 400 403 416 426 430 441 452 454 461 491 493 556
19 246 252 270 284 344 355 372 408 409 434 440 495 504 509 524 561 563 564 570
14 265 308 327 336 345 348 364 388 403 406 409 488 547 566
17 230 270 272 308 327 352 374 386 388 395 432 446 452 476 498 510 517
19 231 235 238 274 287 306 307 334 335 340 349 422 447 473 487 507 529 543 569
20 235 260 292 299 304 308 346 429 433 441 461 472 485 488 490 500 534 544 564 569
14 241 246 323 337 352 354 387 443 501 507 524 549 568 570
18 244 256 296 319 332 335 402 423 434 447 455 459 465 467 482 488 526 544
16 263 273 286 309 312 325 337 364 376 390 426 438 456 457 471 472
20 237 243 268 272 279 297 338 376 450 461 468 469 475 490 507 519 529 530 531 544
18 275 364 375 377 378 389 411 421 427 450 464 475 479 494 507 530 538 543
17 245 250 289 292 299 317 321 322 360 375 412 481 503 537 556 566 567
18 281 294 314 332 341 356 359 384 386 395 470 488 492 497 503 504 518 533
18 256 264 294 296 321 323 345 353 398 412 447 461 513 530 532 542 557 559
15 262 291 298 317 330 374 381 403 415 431 454 457 518 552 556
16 247 258 300 342 367 385 389 414 435 458 511 521 537 547 550 565
20 244 254 276 285 326 339 357 378 402 463 470 498 521 528 543 549 551 553 564 567
13 281 318 337 363 386 433 435 458 475 508 516 554 569
23 261 263 269 270 273 292 296 311 321 334 347 357 377 388 450 451 467 488 499 521 533 547 561
22 251 292 298 304 306 309 320 334 339 352 366 375 381 398 399 407 442 450 517 520 535 555
10 315 317 328 353 384 421 451 472 498 506
18 285 311 314 332 338 356 373 382 390 391 398 436 475 485 504 526 543 552
11 280 303 317 381 390 427 473 480 548 556 561
9 265 267 274 282 284 303 358 465 487
18 255 279 283 322 323 371 412 433 439 450 481 499 513 514 515 531 536 563
7 259 264 275 318 454 470 568
13 254 263 267 323 327 356 387 391 467 509 518 523 524
19 258 278 298 300 309 310 334 363 382 402 403 432 459 462 467 509 527 566 568
14 266 288 311 361 376 378 401 410 440 488 514 522 532 565
20 255 271 283 345 362 378 388 397 401 414 418 437 441 491 493 518 537 549 563 567
15 262 271 316 318 366 373 412 421 425 428 452 462 494 501 567
18 264 271 320 330 368 375 391 395 416 449 475 483 492 497 498 541 551 554
10 287 294 300 311 398 424 440 458 537 562
15 267 273 292 305 316 321 338 345 440 457 464 502 516 531 565
14 266 273 285 294 305 352 357 387 395 412 443 465 495 545
13 276 288 362 376 384 463 464 493 512 519 540 555 559
14 263 294 305 311 337 355 376 449 483 487 504 509 513 560
21 266 275 279 286 298 316 317 337 384 387 390 392 419 423 449 458 464 504 505 510 544
15 267 282 349 364 387 389 428 439 449 452 462 469 479 537 557
14 272 278 280 291 300 321 323 372 430 453 495 503 550 569
19 279 282 288 300 301 329 335 336 360 365 367 370 383 411 444 520 536 563 570
18 278 282 284 313 319 336 350 352 385 424 429 447 461 491 499 502 536 540
11 281 312 316 323 324 342 359 435 487 497 558
7 328 350 363 390 499 543 557
28 292 295 323 325 332 345 349 360 374 378 420 423 424 433 452 462 473 476 480 482 488 498 514 522 534 544 545 558
14 272 285 294 316 322 332 334 382 405 439 457 504 539 566
15 324 372 439 441 458 461 481 482 499 509 513 517 523 548 551
14 283 288 324 362 418 431 446 464 469 498 504 515 519 553
22 280 319 346 353 365 375 411 415 420 438 450 453 461 463 464 472 485 488 500 508 562 566
11 296 312 322 398 417 425 465 466 493 532 549
16 286 313 346 347 350 374 398 412 460 476 478 541 559 560 561 563
11 291 298 314 347 353 362 372 388 472 545 550
16 305 315 351 361 379 389 403 435 450 455 469 488 532 533 540 555
16 294 324 359 369 372 395 416 422 450 459 461 488 504 529 544 570
16 292 295 331 361 363 408 409 454 455 458 474 515 516 541 558 560
14 281 325 343 377 381 423 427 471 510 515 518 527 528 537
14 285 337 340 342 346 373 399 408 421 449 488 494 495 535
13 293 352 353 389 393 436 473 480 481 502 509 528 542
14 313 354 355 358 378 384 410 441 445 502 503 513 530 564
16 288 299 304 316 332 335 400 450 456 457 463 488 495 504 512 560
14 291 303 312 345 385 393 407 420 436 468 532 534 547 560
9 322 323 324 357 405 429 459 481 545
12 336 381 410 417 429 453 478 500 513 537 548 556
12 315 344 384 387 395 401 403 444 529 555 558 566
15 340 344 354 373 390 395 397 398 411 449 461 463 517 518 533
19 293 294 315 319 325 327 346 358 389 391 414 429 475 482 484 493 503 515 555
15 297 318 324 325 327 366 379 441 442 481 499 520 548 549 564
12 301 305 312 347 363 386 420 460 522 526 555 556
11 314 352 357 377 393 411 412 435 442 493 518
13 306 321 331 337 345 381 410 463 470 473 476 499 555
19 310 342 352 383 397 403 404 414 454 457 459 490 511 515 517 520 521 522 524
16 312 313 316 372 437 438 458 481 490 503 504 512 525 540 554 566
16 306 323 339 370 379 392 431 452 492 499 500 532 533 536 541 565
17 301 330 337 365 432 457 459 493 515 527 531 534 535 536 558 563 564
14 324 375 386 405 424 426 431 434 439 459 470 530 532 540
14 303 312 317 345 380 383 384 410 436 455 471 484 489 499
18 312 320 329 350 415 416 420 434 435 438 449 492 500 506 519 537 553 563
10 321 328 363 386 421 449 463 464 483 542
15 309 328 366 367 391 408 410 415 418 419 434 450 498 513 532
12 307 355 366 406 409 417 453 454 474 476 500 516
15 306 308 318 353 377 408 435 443 449 471 485 513 521 525 530
7 332 333 355 392 407 503 551
13 331 353 355 377 390 439 447 448 469 493 519 522 558
11 420 439 469 478 481 488 490 519 538 560 564
14 316 319 344 346 353 355 412 438 449 458 478 496 519 561
16 322 331 346 359 364 381 383 388 411 420 471 486 487 497 498 544
8 336 339 385 416 510 527 533 549
11 357 369 370 371 377 407 487 501 524 557 565
14 336 351 358 370 379 404 448 470 493 504 513 531 553 560
7 348 370 399 494 519 528 538
15 316 333 339 348 350 356 360 362 455 489 492 518 543 545 569
12 342 345 354 392 407 416 444 471 515 516 525 527
14 338 347 354 368 373 393 409 417 426 451 480 487 552 553
11 342 365 366 400 402 411 413 414 457 534 539
13 320 322 349 361 381 396 409 440 488 517 528 547 556
13 340 349 382 386 412 422 423 434 473 485 487 510 535
15 331 344 376 403 418 419 434 437 461 464 512 519 529 535 561
13 353 379 409 411 414 421 423 449 453 482 512 524 534
15 341 360 376 385 391 392 393 482 483 507 525 530 539 544 557
16 330 372 379 397 398 399 432 440 479 496 504 506 531 540 543 566
5 367 387 439 460 500
15 328 338 344 377 392 408 433 457 465 473 476 485 549 553 557
13 372 409 423 431 449 480 491 496 519 522 541 552 559
11 355 393 408 420 423 469 473 508 538 553 568
14 332 362 376 405 418 424 442 474 475 479 483 534 551 563
12 338 388 392 411 429 431 448 474 502 506 535 556
6 366 370 447 459 466 530
10 353 363 383 403 409 437 463 482 526 555
7 368 398 434 440 473 536 550
6 393 397 415 421 473 507
17 346 371 378 390 399 435 437 444 458 462 485 486 511 518 520 523 534
9 339 387 405 439 471 496 519 561 567
15 364 373 391 414 435 448 456 458 460 493 496 510 522 537 553
13 361 365 366 390 408 414 454 464 479 496 531 562 566
7 346 378 472 509 519 536 563
7 367 401 458 467 485 496 545
8 367 385 393 401 463 471 475 569
7 347 357 366 370 377 408 477
11 379 393 406 432 436 439 481 487 524 561 567
15 368 376 386 425 426 429 430 457 480 484 512 516 534 549 561
17 370 390 407 430 432 450 454 460 469 472 480 481 496 508 562 563 568
11 376 403 406 426 440 451 482 491 509 527 528
10 358 360 378 398 435 436 440 463 503 550
8 387 394 399 458 500 502 519 534
13 372 387 409 422 436 442 445 454 495 500 532 556 564
8 356 404 426 451 456 485 507 533
15 354 359 372 375 378 380 390 437 452 457 470 519 529 534 545
6 358 368 399 410 480 502
12 357 358 359 387 410 425 429 455 483 499 530 537
9 358 392 416 421 451 463 470 510 548
10 381 399 420 425 454 460 471 473 534 536
17 381 387 413 444 459 460 463 473 485 486 500 516 544 546 551 554 570
4 392 436 520 547
7 400 450 482 514 530 544 547
12 385 397 415 451 459 481 483 492 509 519 558 562
9 364 393 398 399 407 509 525 545 549
9 366 380 395 410 430 455 474 479 509
4 366 401 452 507
9 419 428 431 452 453 487 507 509 520
9 387 395 416 421 458 497 508 510 567
10 391 486 507 509 515 546 554 559 560 568
14 391 405 410 416 427 445 448 489 494 501 509 514 515 520
11 395 398 401 416 454 513 519 539 540 555 568
13 390 392 463 516 518 530 538 546 547 554 559 562 565
16 376 390 396 397 399 406 423 434 440 470 475 495 496 535 549 552
20 371 403 414 445 460 462 465 479 485 493 501 505 514 518 519 533 537 538 547 557
13 385 387 393 405 435 454 464 484 502 535 539 546 553
7 375 409 484 498 535 540 559
14 374 386 394 401 420 478 489 493 506 522 523 543 548 552
8 378 408 434 456 488 491 498 531
10 387 405 456 467 482 492 495 501 541 568
12 379 381 402 426 451 460 462 492 520 538 541 565
12 421 438 450 464 468 481 491 498 507 510 558 559
13 386 398 424 437 448 473 481 487 511 531 544 546 568
11 400 416 441 459 479 498 512 538 556 557 561
7 428 445 452 488 523 545 553
9 397 451 460 473 500 513 530 551 554
10 392 402 407 408 483 485 500 513 518 560
16 398 421 424 440 442 485 489 493 499 501 504 518 522 536 537 569
7 394 463 482 512 528 529 567
12 392 428 441 461 481 482 497 547 550 551 566 567
10 399 415 427 433 471 489 498 499 542 555
16 388 411 417 421 429 436 437 438 453 457 463 472 506 508 534 565
6 421 430 453 468 540 561
5 402 458 471 488 525
7 419 440 457 510 522 557 567
8 398 431 466 484 510 520 547 570
8 398 400 428 465 496 499 566 567
9 406 433 449 472 476 536 544 557 567
5 409 421 431 480 547
12 397 419 420 446 482 488 508 521 533 555 565 568
10 413 416 420 435 441 522 525 531 540 562
6 423 449 455 465 519 546
10 400 413 414 429 438 440 489 510 514 568
9 412 435 436 453 474 486 493 515 527
8 433 454 492 526 541 559 565 568
6 402 439 457 491 541 554
10 419 427 435 438 494 511 516 520 568 569
6 439 472 488 511 514 516
12 421 437 450 452 466 484 494 496 517 518 521 560
9 414 426 439 454 458 463 494 546 555
6 426 445 476 493 549 554
8 433 456 487 502 503 513 553 567
6 424 428 475 487 520 534
6 453 459 471 476 503 539
6 422 438 468 476 494 515
7 431 432 443 449 479 498 552
7 416 435 439 464 468 510 566
7 418 426 427 429 452 559 567
10 422 436 439 468 484 507 527 539 549 558
13 439 442 456 482 483 486 498 499 502 515 516 523 547
4 464 475 495 547
9 437 442 451 470 495 512 532 534 563
7 459 460 481 489 510 541 558
3 465 473 552
6 459 463 482 506 519 561
7 477 484 487 505 510 511 542
4 444 453 518 535
16 434 439 453 464 469 476 481 500 504 526 527 530 537 542 546 550
8 452 459 469 502 510 529 556 568
7 435 441 454 460 473 478 550
11 432 447 471 484 487 544 556 558 561 563 567
5 429 492 513 516 526
8 441 445 500 509 520 547 555 558
4 486 498 504 531
8 444 465 507 514 527 551 558 560
6 434 437 487 515 538 566
7 444 475 482 495 529 538 547
4 487 508 540 553
7 438 450 513 519 541 551 569
4 478 521 546 558
8 440 469 477 485 494 526 548 564
4 467 510 515 546
6 455 473 508 521 548 562
3 480 530 563
10 458 468 470 482 503 512 522 530 539 556
3 453 498 555
7 463 466 475 478 491 547 566
7 455 472 474 482 501 556 560
7 470 486 493 502 517 532 538
6 474 501 509 511 513 535
11 457 482 485 489 501 515 516 524 529 533 561
4 460 530 550 556
2 449 523
5 467 486 499 502 559
3 550 553 558
3 471 546 559
8 466 471 478 481 514 540 554 557
8 473 479 487 492 508 542 562 564
7 465 472 495 513 531 559 565
4 463 475 489 542
7 466 491 493 499 510 518 565
4 465 482 492 560
7 468 495 511 523 524 533 540
5 463 471 474 527 552
7 469 493 503 532 533 547 562
10 468 484 485 489 502 516 536 544 567 568
5 488 497 507 532 559
5 466 496 508 528 541
5 485 492 501 527 563
2 496 563
7 498 502 505 507 523 550 566
4 485 514 524 564
7 473 517 531 561 565 568 570
5 481 502 512 558 561
4 473 490 545 546
6 472 489 498 507 548 555
5 483 484 497 552 555
3 480 508 523
6 482 524 537 538 540 554
4 476 490 507 558
5 488 510 531 545 562
8 481 482 497 504 507 508 558 559
3 492 524 566
2 497 567
4 494 509 513 534
7 483 488 492 493 510 517 543
3 525 541 555
4 498 507 544 563
4 488 502 552 556
5 521 546 548 560 568
3 520 524 554
5 502 505 541 543 562
6 499 506 543 547 560 563
2 531 552
3 509 512 517
5 499 504 540 558 562
5 506 507 517 534 543
5 497 499 527 540 545
3 507 509 525
6 499 507 519 540 546 548
4 509 532 553 559
4 507 538 539 544
2 503 509
6 502 504 545 551 560 564
3 502 518 546
4 507 530 563 569
6 507 508 512 525 536 542
2 511 550
4 510 511 519 540
1 525
3 522 563 570
3 510 536 541
3 517 532 540
4 517 537 543 553
0
2 514 536
2 542 568
3 514 518 527
2 531 554
3 517 561 569
5 518 524 542 545 548
4 518 535 544 554
5 529 548 552 566 568
3 537 542 566
4 521 542 559 570
2 537 545
0
3 555 563 568
0
4 532 538 549 564
2 534 557
2 528 533
3 540 549 555
2 533 566
3 531 541 570
0
2 546 550
3 538 546 567
1 540
3 555 558 560
5 537 543 549 552 565
0
1 558
0
2 559 563
0
3 549 563 570
1 557
1 562
1 547
2 555 560
1 561
1 556
3 550 551 555
4 554 555 559 570
1 560
1 566
1 561
1 568
1 569
3 562 565 568
1 566
2 561 565
1 560
3 564 566 570
0
1 570
0
0
0
0
0
0
0
0
