860
46 11 30 48 61 116 127 156 191 214 216 226 237 244 271 280 298 311 333 344 346 356 418 428 463 467 468 487 512 529 585 622 636 677 685 706 727 733 738 750 761 766 768 794 813 826 834
42 34 54 55 97 138 156 176 213 227 228 247 321 322 362 370 390 467 478 499 540 554 572 607 620 629 652 665 674 675 703 712 713 730 735 762 775 786 794 795 799 833 843
47 49 64 70 107 112 125 135 204 226 241 249 266 271 280 329 330 332 335 346 368 379 436 477 504 535 558 568 581 586 605 607 618 622 639 641 647 659 670 676 694 722 747 765 788 809 813 845
38 16 26 43 59 67 72 76 142 212 260 354 370 434 478 513 520 532 544 571 626 640 645 662 671 675 680 686 691 701 703 720 722 731 757 761 782 806 836
30 47 53 58 113 138 153 157 225 227 232 239 264 285 304 308 310 388 428 443 483 495 500 531 534 643 740 755 819 842 852
43 34 54 61 82 100 109 125 133 139 141 151 160 166 169 173 188 197 219 220 242 264 300 328 354 379 422 462 475 476 482 521 565 574 586 615 645 648 676 701 718 719 766 857
34 10 65 92 104 205 234 247 249 288 297 301 345 366 368 386 393 411 423 448 454 460 462 485 503 563 566 610 652 687 691 710 742 824 859
40 11 22 49 66 97 99 152 155 169 192 239 240 295 299 325 383 391 396 404 427 431 436 442 484 513 538 540 619 623 673 676 684 689 711 713 746 756 768 802 855
47 28 39 53 96 100 110 126 134 143 159 266 271 315 333 339 346 348 391 415 429 440 448 463 464 465 466 493 497 551 589 647 667 670 691 696 715 717 725 745 766 769 770 773 786 793 825 853
55 30 82 95 103 104 123 143 153 158 160 194 203 224 253 261 277 280 289 327 344 379 386 397 400 407 413 414 437 442 518 519 547 564 567 598 611 620 631 636 663 664 695 697 706 719 720 735 738 751 764 767 792 824 840 846
47 13 42 58 61 70 98 133 152 164 169 203 238 250 271 303 305 316 355 374 381 382 393 477 493 506 515 521 525 541 551 556 600 605 608 612 614 618 627 643 683 703 765 799 802 820 842 846
54 19 33 36 51 64 83 85 90 97 117 144 167 168 199 234 260 265 281 300 336 358 364 369 408 442 445 467 475 484 485 518 523 575 591 594 595 617 646 651 657 659 674 680 682 709 730 746 782 786 787 808 818 824 857
41 36 47 68 79 136 147 167 201 208 261 267 304 309 312 324 373 396 412 422 428 430 458 463 465 473 489 510 586 641 642 654 668 687 688 708 717 790 830 834 850 854
39 50 154 176 185 205 211 216 228 240 294 296 316 348 359 366 454 461 467 478 490 533 541 552 582 611 641 650 688 743 745 764 768 778 780 782 804 823 844 857
40 16 35 40 51 71 85 99 105 120 128 160 163 174 190 266 306 347 427 456 458 472 475 506 513 520 581 605 630 631 638 651 659 670 695 729 773 794 795 802 830
41 27 51 87 89 115 118 148 153 177 190 217 282 301 303 349 352 358 398 400 408 436 451 465 473 514 516 522 565 574 584 631 674 684 715 734 741 747 770 804 824 828
42 48 56 75 124 146 164 182 217 222 260 263 279 304 323 353 373 426 440 453 462 493 497 518 521 531 549 558 580 584 601 606 621 637 655 656 661 665 737 760 774 823 829
53 25 58 62 64 66 68 101 106 110 128 142 147 179 220 223 231 297 306 307 339 362 376 387 401 421 452 470 491 516 523 577 605 619 628 643 650 666 669 672 684 688 694 720 729 753 754 773 807 820 831 837 847 850
40 29 132 147 174 191 192 198 218 221 262 270 308 310 322 324 334 358 422 429 476 480 536 542 562 613 643 660 664 682 700 704 705 726 773 782 790 817 820 822 842
47 38 47 62 68 92 102 114 118 156 161 169 185 189 193 204 239 266 291 293 296 307 321 322 327 329 333 339 356 394 407 414 437 481 483 484 577 604 610 614 635 654 656 657 688 757 768 804
36 31 63 171 187 198 208 212 218 225 227 315 368 389 438 445 479 491 534 535 549 570 602 620 635 640 654 685 706 717 750 785 804 811 813 817 819
42 41 54 73 78 103 124 144 189 193 245 246 257 279 307 342 388 465 467 469 473 530 545 551 604 611 631 634 647 657 736 749 750 760 764 766 768 774 782 800 832 841 854
45 33 62 63 71 75 85 91 121 140 150 158 203 205 244 262 281 312 337 348 366 401 469 491 505 513 522 526 536 567 583 585 598 614 632 633 664 665 695 702 721 732 734 754 781 783
39 38 64 97 116 158 173 227 258 331 339 354 370 406 409 411 434 477 539 562 594 617 619 631 649 659 669 670 672 710 720 729 736 743 759 763 804 815 824 848
45 66 77 78 85 108 116 142 153 186 194 221 244 267 288 296 310 315 325 329 389 414 420 428 442 463 464 477 518 530 540 552 588 594 596 617 656 657 675 729 786 810 825 839 842 851
44 35 47 54 58 72 88 98 102 116 121 143 144 145 163 169 222 235 266 274 282 285 325 346 350 379 409 423 462 485 500 504 514 522 523 524 536 552 583 602 656 665 686 732 785
50 29 42 82 97 100 109 119 130 133 134 136 199 208 226 229 235 236 304 334 347 396 416 419 448 469 505 509 567 573 589 611 615 616 617 628 663 664 667 671 679 694 696 702 714 731 755 762 765 825 857
44 54 59 79 110 134 154 186 203 209 223 256 277 332 337 345 346 384 404 408 411 445 456 458 464 467 510 553 559 594 599 613 622 640 652 659 666 680 714 725 732 753 790 828 846
48 34 36 39 44 90 120 121 129 148 149 193 227 230 236 255 272 331 353 400 426 437 441 442 477 496 506 514 515 516 550 565 571 618 637 647 653 655 666 694 702 716 760 777 800 803 809 810 853
32 35 40 80 84 140 153 159 165 172 239 275 277 369 384 407 455 472 492 495 500 518 529 551 578 664 665 710 724 755 797 800 839
44 33 53 95 123 148 169 170 190 201 221 235 245 246 284 303 325 330 341 370 371 400 419 435 459 489 517 520 528 532 533 580 585 588 589 606 680 712 735 770 775 783 785 813 837
31 39 87 98 99 125 144 162 212 215 243 264 292 294 316 403 409 508 520 539 561 563 571 584 622 652 698 699 789 804 822 829
47 48 63 70 72 91 92 118 145 161 162 165 167 177 181 218 222 240 247 295 333 358 376 385 393 403 422 536 543 551 558 565 583 585 608 619 634 647 669 710 712 725 730 736 766 779 796 849
37 41 55 81 92 93 126 131 134 136 162 268 301 383 392 398 405 433 440 443 462 483 488 498 512 527 541 547 559 571 577 597 666 677 698 759 793 847
35 41 111 114 130 149 162 172 183 209 214 265 286 306 325 343 347 397 432 437 453 459 460 469 483 506 536 568 629 651 666 680 759 807 846 859
44 48 54 57 86 97 98 136 152 187 202 219 224 231 250 271 286 311 312 323 327 404 408 414 418 436 454 473 477 487 533 534 605 628 678 679 693 718 722 731 737 751 769 774 843
43 72 90 91 148 159 172 177 225 226 236 243 263 266 282 287 311 316 318 341 354 355 396 400 435 436 451 474 481 504 529 530 537 541 624 629 649 702 797 806 809 826 829 847
49 65 68 75 87 88 91 98 103 131 136 159 169 176 184 214 227 247 276 336 356 367 408 417 449 460 484 514 523 531 560 597 604 614 636 644 666 683 692 723 746 750 758 761 791 795 808 821 830 836
38 45 53 122 143 152 160 163 165 169 175 187 198 242 244 269 285 288 314 359 372 389 418 430 500 510 575 581 583 584 694 730 761 786 790 795 822 823 842
40 43 64 85 93 132 139 143 173 215 228 237 239 246 261 283 299 318 319 323 348 354 365 366 494 561 629 633 635 652 666 718 737 740 755 794 811 821 844 850 859
36 52 63 103 122 126 153 154 155 183 208 209 220 257 305 326 328 361 438 469 504 542 550 556 558 578 607 634 656 664 703 767 769 789 805 833 859
40 52 63 108 135 146 150 157 169 203 245 258 259 274 328 338 363 380 424 452 455 532 548 575 577 587 600 644 658 661 663 755 762 763 766 770 797 809 838 847 850
44 43 46 47 48 53 64 91 138 204 217 223 281 288 294 295 298 309 311 319 327 380 393 418 419 435 442 450 468 485 491 533 550 573 588 596 610 634 694 702 716 742 749 759 836
41 55 56 62 75 86 96 164 173 184 186 212 252 260 262 296 318 332 333 339 357 415 429 433 463 464 494 502 526 548 554 561 563 567 569 593 615 632 657 747 801 824
50 48 51 68 80 85 96 102 163 176 180 198 202 204 212 295 298 310 332 339 360 372 386 405 413 417 419 429 460 481 487 517 533 540 553 554 566 615 618 620 633 652 698 722 733 774 775 831 845 850 853
23 114 157 179 199 222 344 374 381 397 411 417 496 498 501 506 564 573 634 687 725 760 804 852
36 53 80 85 132 138 170 192 197 199 217 256 262 266 273 280 281 356 377 423 452 454 461 469 523 524 537 540 595 614 634 640 642 669 712 742 794
39 48 109 139 194 226 232 241 244 257 279 292 313 342 349 376 413 419 455 471 544 546 555 560 568 577 589 590 620 626 639 650 663 671 712 728 762 772 827 834
29 73 93 111 139 174 204 249 326 356 404 426 439 458 483 504 525 542 566 585 592 608 634 696 701 709 722 814 855 858
37 74 81 115 132 142 155 159 163 169 238 240 241 297 314 322 330 388 443 455 473 491 501 515 527 545 566 585 658 659 677 680 688 696 720 818 819 845
35 69 79 81 86 98 117 125 133 161 192 256 274 305 360 408 418 445 448 490 562 564 577 583 584 597 635 640 644 682 707 716 717 745 782 836
31 66 97 156 172 175 197 223 229 272 281 301 438 475 477 518 528 574 588 591 621 638 645 656 661 677 716 728 787 817 833 840
41 92 97 98 107 132 138 189 198 238 264 270 276 282 284 286 293 309 340 349 354 382 387 426 437 472 480 488 532 568 572 582 611 615 635 662 704 717 723 756 831 840
35 73 81 88 91 123 132 133 197 222 223 320 335 368 369 393 409 438 455 479 488 499 525 528 541 588 613 617 638 639 673 780 786 794 800 818
43 127 151 161 178 191 216 239 261 288 298 303 311 315 338 343 349 360 365 435 451 453 458 491 496 504 537 545 549 558 559 568 572 591 627 678 696 712 733 788 830 852 854 859
45 62 106 115 131 137 147 158 185 189 213 233 247 248 279 353 360 368 404 434 497 505 508 515 565 577 593 601 609 622 647 669 680 684 692 731 738 740 759 765 775 787 814 823 828 852
29 57 74 84 88 94 135 151 154 158 218 280 352 364 376 390 414 456 465 477 482 542 625 641 668 670 677 679 735 834
33 87 98 161 169 174 210 224 232 245 277 283 300 323 341 354 377 383 449 452 473 493 507 552 640 654 699 752 758 760 777 824 857 858
48 67 86 96 102 108 114 136 153 204 222 224 229 308 311 382 405 426 428 481 512 528 548 551 558 563 569 577 593 611 625 636 656 670 682 697 719 729 741 743 754 767 771 780 798 819 821 823 834
37 66 72 80 112 115 155 171 212 269 292 307 312 315 373 374 423 424 433 459 463 492 549 613 616 639 671 674 683 713 731 734 740 743 752 822 835 850
40 111 114 133 144 157 181 193 216 234 241 292 303 320 321 325 336 354 364 375 386 423 489 490 516 555 585 597 620 635 640 642 647 691 765 787 789 801 812 818 825
45 73 80 83 113 157 170 178 180 197 230 237 241 264 328 338 352 386 389 397 418 419 433 461 466 506 518 519 526 533 553 564 566 594 606 675 685 691 709 712 717 790 811 812 822 858
39 74 95 111 115 122 127 131 154 157 165 176 212 217 261 277 284 292 300 370 424 426 435 459 480 494 571 576 650 654 691 698 724 737 772 775 782 800 830 856
43 65 88 95 146 172 203 238 253 260 276 286 292 298 312 317 406 407 423 425 429 472 494 495 499 539 582 592 604 622 625 670 673 680 696 718 719 725 727 743 788 823 846 847
43 116 121 127 128 144 149 155 158 164 167 169 181 196 200 210 231 232 318 367 369 400 433 468 469 479 483 529 548 569 576 580 616 622 623 632 671 741 759 760 779 808 824 838
49 82 83 90 94 119 126 136 144 164 169 186 210 226 232 236 251 287 305 324 380 418 433 446 454 471 496 498 563 564 582 625 632 651 654 659 662 669 673 722 735 754 757 764 774 793 809 823 846 847
39 72 92 99 125 193 210 224 230 249 293 307 312 328 341 362 478 535 570 575 580 593 632 640 671 683 692 707 711 719 723 727 734 736 746 794 810 833 839 840
41 75 86 87 89 95 104 166 179 191 209 213 215 233 257 271 297 353 376 392 427 481 510 511 515 545 550 597 615 618 630 659 679 693 703 752 754 761 820 821 851 858
47 78 84 100 108 146 152 208 240 244 260 281 286 297 300 310 321 361 385 397 406 411 417 419 439 465 518 520 530 533 547 554 574 584 594 595 632 740 743 747 758 785 795 818 822 824 839 856
32 78 79 126 137 181 201 211 220 252 315 325 416 429 447 449 473 515 558 569 570 577 662 666 680 744 751 767 784 831 842 852 855
40 134 166 186 192 205 215 255 256 273 280 281 314 317 327 332 337 363 388 398 421 432 475 499 509 512 551 560 594 636 669 676 683 710 730 758 806 823 832 838 847
33 138 145 159 203 216 226 232 258 265 385 398 421 424 436 458 484 499 515 573 585 596 608 628 637 662 665 702 713 750 832 835 839 840
50 84 90 93 105 120 134 180 192 202 226 271 291 349 356 377 381 405 412 430 451 455 469 477 507 540 549 550 556 563 583 590 608 610 618 632 633 634 645 666 692 705 716 719 725 747 756 771 807 815 839
41 85 120 133 140 142 207 211 252 281 306 345 365 371 382 385 390 448 452 466 478 522 547 569 584 585 591 610 611 638 651 705 708 713 755 757 780 784 789 825 843 851
34 116 141 171 181 229 252 280 326 327 395 403 409 432 434 472 484 526 527 550 553 600 602 626 648 652 664 691 700 704 717 734 763 846 859
53 85 88 101 102 109 112 131 162 169 171 192 197 202 208 210 218 229 238 263 265 282 283 301 319 323 336 348 398 421 459 464 488 505 520 521 540 548 588 601 605 623 669 675 687 697 729 730 738 740 742 746 773 817
36 84 136 141 151 164 228 260 300 318 337 373 386 447 484 546 567 568 584 608 636 642 691 692 727 734 743 746 760 795 799 820 822 824 833 835 853
33 99 105 148 158 159 196 205 207 214 255 258 289 345 430 448 455 464 483 486 514 555 567 581 627 647 681 697 698 702 713 734 756 831
46 79 91 114 116 117 127 184 186 188 189 211 240 251 272 313 344 348 370 390 407 419 427 453 467 490 496 497 504 515 528 562 573 599 609 662 664 709 712 732 768 770 799 801 832 834 835
34 88 108 109 168 181 199 210 286 305 334 341 422 432 502 542 603 628 636 668 670 676 682 707 709 713 732 742 764 767 776 795 801 817 851
44 83 89 96 109 120 125 126 136 143 177 241 249 279 289 290 323 336 348 361 367 375 408 435 441 451 473 488 510 522 537 568 594 610 625 676 693 705 773 774 785 817 846 853 859
46 92 94 182 187 199 220 227 240 256 267 283 286 335 341 352 356 363 374 377 388 392 396 430 431 441 442 508 538 550 565 567 575 607 622 624 636 643 645 691 696 747 791 801 820 851 855
37 107 134 160 186 212 231 234 294 331 359 396 401 426 437 440 531 532 552 557 562 578 583 599 625 678 684 718 723 725 735 756 788 793 812 813 832 833
44 86 87 104 122 125 186 195 207 215 239 297 308 323 336 345 346 357 359 371 388 400 421 470 489 505 512 534 550 564 592 596 603 612 685 698 704 728 745 751 752 760 800 826 856
41 93 133 166 169 173 180 191 203 214 216 228 237 261 338 345 350 351 355 364 392 396 403 447 455 467 482 542 557 564 618 619 653 692 699 721 739 770 820 832 837 841
37 118 135 139 172 174 176 202 247 256 350 398 412 420 441 456 495 505 520 521 525 534 566 603 657 663 671 678 684 686 738 739 795 798 812 815 838 839
49 94 156 217 219 228 239 246 270 302 312 318 342 343 366 400 412 416 423 448 452 470 481 488 505 530 538 549 559 571 584 611 615 632 660 661 672 681 691 709 711 760 766 778 781 811 812 840 858 859
49 95 99 109 133 136 178 190 207 208 219 245 262 269 277 290 304 351 391 410 423 427 438 460 464 489 509 513 514 515 517 520 551 571 574 584 633 634 640 657 680 682 723 729 731 737 767 787 805 812
34 93 107 109 137 164 183 188 209 216 319 321 324 332 338 342 348 353 372 416 420 436 457 518 529 555 579 585 598 611 625 714 717 836 856
37 102 134 137 161 180 199 208 238 257 289 293 297 304 323 327 329 390 397 398 442 478 485 511 547 572 594 611 639 640 641 680 692 694 743 755 815 850
41 92 109 159 160 173 220 225 232 295 297 306 312 333 339 342 362 363 366 370 372 406 419 463 500 505 529 575 579 603 619 630 634 665 680 710 748 768 790 831 846 849
32 110 152 220 237 278 284 300 314 321 445 481 521 563 572 579 585 589 607 665 687 692 709 720 724 758 771 779 783 799 805 816 844
34 117 160 168 182 185 193 203 212 274 303 333 353 375 377 392 432 472 489 527 541 551 578 644 685 699 701 725 736 783 808 809 816 839 849
38 100 109 137 152 187 217 219 223 229 283 313 341 365 373 374 388 400 436 446 473 530 541 558 583 596 651 675 680 686 688 712 749 764 808 813 820 846 859
35 132 179 218 219 278 287 291 304 316 391 422 431 491 531 536 568 603 629 634 697 717 718 721 729 748 749 752 756 758 790 829 833 841 851 859
34 116 163 212 226 238 268 285 364 380 382 390 400 437 440 490 517 537 556 589 606 642 682 689 701 710 716 755 766 769 789 837 839 843 853
24 98 99 117 162 243 256 294 393 457 458 484 495 511 514 562 583 588 598 675 691 733 764 800 823
31 98 110 115 118 140 152 210 290 310 331 337 360 361 427 437 481 482 485 514 561 606 609 648 769 778 807 811 817 823 833 853
40 116 121 125 140 165 168 176 192 197 203 229 233 263 278 289 293 399 401 447 462 486 502 531 540 541 542 552 557 560 572 576 580 627 644 656 685 775 794 840 842
47 119 124 160 172 174 178 183 192 199 244 269 278 284 303 306 307 333 374 452 455 459 470 471 499 517 536 539 564 582 597 612 613 633 648 661 674 676 681 688 694 698 729 730 742 818 819 821
31 170 174 208 213 221 237 251 266 309 316 317 349 357 392 395 435 449 464 553 612 614 666 673 683 696 723 726 754 763 792 829
34 119 152 188 191 207 225 229 240 258 268 311 316 318 372 373 409 423 433 447 450 519 537 541 560 562 573 598 609 621 640 663 686 716 854
39 104 150 160 184 241 265 270 297 322 332 336 366 368 373 392 393 423 433 458 460 461 484 520 534 543 556 557 592 614 626 628 637 656 693 707 726 785 834 856
28 136 144 154 170 181 186 234 248 272 280 333 386 429 460 531 556 579 636 670 739 744 746 753 765 781 813 826 846
35 135 166 175 207 229 249 254 275 371 403 407 414 417 448 471 488 493 523 528 536 578 606 633 646 652 658 674 696 704 725 730 771 784 802 855
36 197 225 261 267 283 295 318 419 426 431 455 469 484 485 524 533 537 565 569 586 603 621 639 661 663 675 721 736 739 740 782 795 800 819 827 852
29 147 159 194 205 248 261 285 299 315 337 345 382 409 414 420 518 523 530 575 616 628 714 716 718 732 755 760 786 794
37 143 156 178 179 204 208 234 243 246 250 252 253 267 287 288 307 317 342 350 390 395 399 438 471 558 583 597 612 625 636 642 711 733 748 765 767 796
28 111 195 228 295 325 346 391 472 490 531 535 579 607 621 622 643 650 681 688 723 731 769 817 823 838 844 845 859
30 122 123 157 173 182 217 221 229 231 265 278 342 354 394 438 446 447 465 516 517 547 580 621 671 732 766 774 779 816 835
52 127 141 144 159 173 196 211 223 228 233 239 268 272 287 298 300 358 374 392 422 453 463 467 479 497 506 516 517 520 529 538 544 575 591 624 628 633 644 646 719 745 762 767 768 773 792 812 814 831 832 838 847
36 116 131 134 183 198 209 219 234 235 251 266 305 306 326 338 357 359 363 365 367 386 412 418 421 422 432 476 489 498 644 652 665 722 746 817 854
43 142 147 152 156 163 178 245 246 248 303 323 344 371 384 393 418 440 452 459 487 509 532 536 552 567 598 646 673 674 694 695 706 708 709 712 746 755 764 814 832 841 842 850
36 135 147 181 184 188 198 235 275 330 339 362 388 402 408 418 460 545 558 566 585 587 603 617 630 669 675 733 739 777 788 796 807 812 830 832 857
38 139 143 166 174 195 201 239 254 256 275 328 354 367 387 419 451 476 481 542 568 572 578 623 632 634 642 673 674 700 711 739 747 755 780 805 820 837 838
40 144 148 176 178 191 209 212 214 226 230 265 271 279 342 354 363 380 383 386 403 419 446 450 496 497 502 504 505 510 514 522 525 544 587 627 643 705 733 735 771
37 121 128 131 154 159 166 213 227 237 267 290 297 353 357 361 389 432 443 471 486 494 502 504 522 548 560 628 629 630 654 725 738 747 773 803 824 827
26 152 176 190 216 247 254 263 297 327 344 355 364 369 438 471 496 510 596 644 699 705 714 718 818 822 859
38 120 158 174 191 220 268 327 334 336 347 372 376 377 449 484 514 567 577 592 606 628 636 669 675 688 689 690 729 753 766 775 798 827 833 835 842 847 856
43 205 215 216 228 236 246 248 274 275 276 287 302 314 330 336 377 379 384 409 424 445 497 500 532 535 550 622 671 674 679 685 698 699 706 712 730 736 782 799 806 809 829 849
42 126 131 164 179 181 187 232 272 316 334 342 359 365 380 384 389 395 425 430 475 496 541 548 568 592 598 620 629 637 643 668 671 772 777 784 786 809 816 819 826 832 838
53 131 142 153 175 180 193 199 200 236 249 254 255 268 288 291 317 326 340 361 363 370 372 380 385 414 421 439 459 497 516 531 545 569 587 595 600 609 611 649 651 669 672 702 712 722 723 771 784 810 817 829 832 846
34 124 130 148 211 226 238 248 290 311 347 444 459 460 481 518 534 535 564 566 575 609 613 616 633 653 706 714 726 745 764 767 785 835 857
34 125 154 169 190 198 202 235 254 290 365 389 458 463 469 486 487 488 502 541 548 661 678 706 710 713 714 745 754 806 837 846 855 858 859
41 128 150 166 168 215 227 248 276 281 301 305 322 331 332 376 382 389 397 445 475 494 498 500 510 558 563 567 568 588 598 602 608 625 633 706 734 771 793 824 827 857
46 126 127 132 140 141 149 152 173 178 194 221 251 311 359 361 363 372 376 403 417 427 453 459 460 474 478 495 501 552 561 573 586 615 617 634 647 675 723 724 741 746 788 803 823 826 847
41 131 167 196 200 228 234 251 267 316 336 337 348 379 424 446 461 466 511 523 544 554 575 583 592 623 624 652 672 691 693 704 714 715 720 752 779 802 811 825 836 848
44 143 146 158 167 179 202 208 244 246 247 264 267 288 321 366 370 399 400 414 430 446 459 463 465 482 499 542 566 588 603 631 677 679 685 687 693 694 793 801 813 814 828 834 837
42 144 200 206 222 235 240 267 284 333 335 339 358 374 402 407 408 411 419 427 430 439 477 486 504 515 530 533 536 601 620 653 669 701 725 769 771 784 797 809 832 833 834
45 130 159 173 178 214 218 230 256 259 261 265 271 295 323 327 334 344 345 363 394 407 417 449 459 463 493 506 516 519 531 544 549 559 577 612 626 634 673 691 723 728 792 799 837 840
35 132 154 159 214 220 229 242 275 313 317 323 389 407 447 459 460 502 542 557 593 598 605 617 621 629 694 696 710 713 728 731 771 784 808 819
45 143 175 254 257 269 294 329 342 366 368 369 377 386 390 409 415 423 488 533 541 548 565 566 581 593 595 601 627 655 656 662 664 672 678 704 728 745 746 756 815 818 843 849 854 859
35 186 210 213 231 252 307 328 331 340 352 365 408 435 455 485 492 505 508 510 524 587 593 637 642 651 661 667 669 687 794 800 804 820 828 844
39 177 179 183 199 202 221 229 240 252 266 294 306 321 370 375 402 409 439 441 466 508 511 519 530 533 534 543 557 595 607 643 648 660 671 690 702 763 797 821
41 136 139 172 189 216 217 228 233 261 266 274 280 285 309 317 319 350 362 386 415 430 476 484 553 604 614 622 627 642 666 667 682 709 727 734 736 755 793 830 833 854
41 136 138 145 151 161 166 167 200 208 228 229 232 302 351 353 371 388 395 441 451 476 509 514 519 534 556 574 593 604 642 655 695 720 725 752 762 786 825 830 833 845
31 153 169 219 229 241 258 401 421 428 434 445 486 530 554 598 605 615 618 633 635 651 754 759 767 768 778 796 808 820 822 836
42 143 201 215 225 240 260 261 280 285 295 307 309 337 347 357 363 411 425 430 432 456 481 484 518 560 589 594 627 640 664 674 677 687 717 739 748 755 773 781 818 836 859
35 154 168 176 203 204 208 246 266 301 335 339 358 424 454 472 524 525 558 591 622 629 642 645 650 659 670 693 703 706 731 736 751 775 776 848
32 153 162 183 207 222 256 281 342 354 382 383 419 420 442 494 516 518 553 562 578 588 623 628 683 690 721 738 776 788 800 816 857
32 202 231 254 302 369 374 382 391 410 462 468 480 494 507 539 554 565 576 580 603 620 659 712 734 753 766 767 771 813 834 836 853
39 194 199 221 267 277 285 313 317 352 354 358 407 410 411 418 438 474 485 498 513 515 517 522 545 561 579 585 626 661 679 720 722 727 733 753 786 811 814 823
38 156 158 187 218 233 265 302 308 313 321 331 356 358 376 404 410 423 429 435 452 477 483 485 503 507 523 528 529 568 657 682 684 727 759 786 803 809 850
41 161 189 190 192 225 236 261 267 289 315 395 407 420 425 435 449 491 502 517 526 528 536 541 568 574 580 625 647 658 685 693 710 717 740 748 750 778 787 789 835 852
34 151 193 238 261 362 370 383 400 455 481 487 506 512 513 534 550 582 585 590 596 604 616 628 649 666 679 718 730 755 770 783 795 798 820
34 160 164 241 257 277 281 288 292 322 338 361 382 402 424 441 443 459 470 475 498 511 526 540 543 600 603 650 657 678 689 725 746 788 809
34 196 199 251 270 274 296 313 322 351 365 379 388 413 419 428 433 439 463 504 510 563 604 607 612 643 681 701 733 799 812 831 836 842 846
39 153 191 207 262 274 312 333 372 384 426 462 469 496 508 528 553 556 560 565 602 614 632 636 661 673 687 692 713 714 723 736 739 752 772 780 791 830 853 858
33 163 164 172 208 256 268 281 304 341 349 373 392 399 409 454 477 524 593 609 612 631 637 641 645 685 693 736 738 750 791 808 838 842
27 181 185 219 222 239 267 269 298 330 341 352 376 412 433 485 536 559 573 621 672 682 689 727 743 748 754 801
45 153 160 183 210 211 212 235 239 255 262 274 280 337 380 401 467 471 482 485 497 503 537 538 541 545 546 549 550 564 565 571 577 599 606 653 679 682 726 735 736 787 804 813 837 845
37 155 182 190 201 207 214 224 260 287 301 315 329 334 351 371 381 416 442 504 516 541 548 550 575 636 643 692 702 743 767 774 779 790 800 817 833 842
37 237 240 261 270 298 309 312 315 319 321 357 442 453 488 498 506 514 519 526 540 548 558 567 592 610 660 672 691 725 735 741 745 777 828 840 852 858
33 159 197 237 255 307 313 331 337 346 358 386 387 397 413 421 422 427 434 444 455 468 495 496 541 568 611 618 625 641 650 688 784 818
31 159 176 185 190 197 208 226 252 261 269 304 305 310 312 367 424 470 485 511 515 518 544 561 610 615 728 732 766 809 834 843
40 160 182 183 190 200 202 226 233 255 259 278 310 346 366 482 510 512 545 552 562 567 584 619 621 640 653 659 676 684 700 760 767 778 787 788 789 804 823 841 846
26 176 192 233 273 275 291 386 396 400 420 469 512 603 607 624 643 655 656 662 688 767 780 796 810 833 839
40 184 192 205 246 262 275 292 293 299 323 325 336 343 351 352 387 396 410 413 475 489 491 511 527 544 557 562 574 580 597 612 628 645 677 692 755 760 785 791 847
32 160 161 193 206 217 278 313 315 398 413 440 443 448 456 468 471 475 492 503 552 576 582 596 632 668 681 695 744 760 766 803 844
22 161 181 185 193 228 251 262 293 336 361 363 364 384 483 500 554 580 594 637 755 815 833
35 179 186 233 263 268 271 291 305 337 360 371 455 471 489 497 510 540 542 560 598 612 636 640 649 666 672 674 697 701 707 738 746 809 822 829
32 166 193 237 239 261 303 400 401 421 428 429 468 478 484 489 506 511 532 540 569 612 636 662 675 711 712 748 751 755 768 830 856
39 177 179 180 199 244 252 265 287 301 306 364 373 434 453 482 485 499 507 519 521 535 553 555 584 644 646 682 711 724 733 738 741 763 766 790 800 811 819 820
40 176 179 191 202 211 212 226 242 253 276 278 305 311 322 341 347 386 427 440 453 455 462 466 474 494 518 531 549 555 589 634 638 668 713 716 757 765 767 792 834
32 173 195 239 255 256 264 269 367 396 464 473 531 535 550 560 563 567 591 593 607 655 695 710 726 733 739 749 772 780 821 837 855
26 168 222 223 231 246 269 278 333 387 429 477 532 540 567 579 581 582 599 620 655 669 692 750 754 846 855
28 170 189 206 210 252 270 288 302 320 354 361 384 392 397 431 511 517 570 601 642 660 666 673 694 715 726 805 819
25 180 227 235 268 319 339 374 405 443 446 469 502 520 540 552 567 582 590 641 680 690 699 717 848 853
35 188 215 231 346 362 368 388 424 451 457 459 470 497 511 520 536 550 552 554 561 569 573 582 605 657 702 724 732 777 779 787 791 807 808 849
25 195 202 288 291 345 403 412 432 452 463 479 489 560 561 617 628 629 630 646 739 762 771 802 836 851
29 284 324 329 331 343 344 354 365 376 386 440 459 492 556 574 575 594 635 657 672 713 731 741 744 748 765 767 772 820
37 226 249 255 265 303 313 350 352 389 397 415 416 423 429 460 477 482 532 538 540 541 570 587 592 606 629 634 662 696 699 771 791 796 822 831 838 851
31 176 186 202 208 246 251 274 368 392 396 404 425 427 445 453 468 483 485 560 583 596 599 602 616 663 703 731 736 766 796 834
31 200 247 250 261 283 296 345 348 375 468 497 505 510 511 514 582 587 648 671 684 689 695 701 734 735 738 777 820 824 837 853
33 187 269 282 331 353 380 382 384 403 450 470 507 527 541 542 553 583 604 609 640 641 710 711 722 732 742 748 754 756 776 784 808 852
43 182 224 246 251 260 267 285 286 355 375 384 387 395 401 422 431 435 437 441 484 486 490 491 492 494 596 631 632 647 683 685 693 700 705 725 734 757 802 809 821 827 830 843
34 217 233 252 266 274 316 329 370 398 411 416 427 430 477 484 493 510 514 547 576 584 590 606 633 635 659 689 710 721 787 800 817 827 838
38 199 203 212 227 262 285 292 303 314 324 327 330 347 372 375 382 406 447 499 545 549 554 556 559 588 604 625 629 649 700 708 716 758 762 774 776 810 832
35 193 197 200 219 239 241 252 255 265 287 310 323 326 363 373 389 390 420 432 440 472 485 501 525 605 651 710 728 765 796 814 837 842 851 854
31 186 192 198 257 268 294 295 311 314 330 381 386 396 421 434 456 459 479 484 489 514 536 556 578 660 724 806 807 821 823 856
37 238 242 267 289 293 296 328 354 356 387 407 411 425 450 469 479 482 483 489 521 523 524 559 605 642 646 652 655 664 672 690 752 754 766 768 785 808
29 194 212 243 255 257 305 342 343 368 386 397 407 428 430 501 506 530 549 582 652 660 669 671 710 744 779 843 850 854
31 191 194 221 234 284 368 406 416 448 473 481 513 565 572 623 646 682 688 706 753 759 770 772 777 795 821 843 847 851 857 859
27 196 202 214 227 314 346 380 422 423 474 494 539 600 603 618 628 670 700 704 708 739 746 757 773 825 831 835
39 187 205 241 256 279 280 282 311 326 329 350 357 403 420 439 476 520 532 574 576 584 593 614 621 628 630 639 646 677 685 691 694 730 742 767 791 795 803 840
35 220 235 279 309 339 377 380 391 403 423 461 463 472 474 505 516 532 549 561 593 594 672 673 675 685 721 727 762 774 798 801 802 829 840 849
41 201 211 215 257 266 276 334 353 369 381 387 395 408 432 435 436 448 458 472 523 528 535 542 563 600 604 606 631 635 654 681 698 726 727 729 745 763 812 813 831 858
35 211 213 229 232 317 337 362 369 415 429 432 458 497 502 513 529 582 607 640 659 681 695 699 722 724 732 747 751 756 778 813 838 844 857 859
28 195 204 210 211 221 278 321 342 355 361 369 379 428 465 540 578 620 646 692 705 725 726 790 810 822 828 842 855
31 216 243 262 299 320 361 390 395 406 408 426 430 448 457 470 487 497 510 544 551 554 567 585 639 670 693 707 782 801 816 832
28 297 298 299 322 329 344 425 469 471 516 542 561 576 584 635 656 669 711 719 720 722 723 767 785 787 795 818 837
25 217 236 248 272 312 341 344 372 398 424 513 547 551 573 598 663 674 704 707 711 713 793 802 831 856
32 194 206 214 215 219 231 238 303 340 393 406 423 485 536 545 550 560 578 598 609 619 628 632 654 661 667 691 704 730 755 764 822
44 229 239 245 278 306 317 354 356 378 382 386 437 443 444 467 474 480 481 486 508 512 520 521 533 557 567 582 588 600 602 615 621 627 629 650 678 684 699 743 749 757 776 788 790
22 199 213 214 243 249 313 325 331 479 485 491 492 495 529 560 604 643 657 753 789 827 850
30 220 291 316 329 331 354 369 387 388 398 400 445 486 503 530 563 589 602 642 649 663 703 706 710 725 751 790 814 825 844
40 242 245 299 302 336 345 374 388 393 396 407 408 418 422 425 464 474 480 485 523 536 540 545 552 560 567 606 611 623 635 663 671 681 689 755 775 790 795 814 838
30 203 208 246 247 330 337 365 370 371 386 394 413 461 472 485 494 525 542 552 580 600 601 679 706 757 775 795 798 808 821
25 199 226 259 286 291 298 367 374 430 492 495 534 541 544 600 601 669 686 691 694 738 748 769 834 850
35 224 239 243 273 342 380 382 398 421 438 466 486 495 499 508 536 597 598 613 620 621 639 646 653 654 661 668 711 715 779 786 791 793 826 857
30 217 241 283 287 295 305 313 326 384 412 418 419 431 453 466 485 501 553 559 586 605 607 673 717 735 792 819 825 829 833
24 222 245 268 271 295 317 328 339 369 432 476 496 506 620 623 632 652 681 739 751 804 807 820 831
33 204 232 240 299 318 332 414 418 445 456 466 474 484 511 518 521 535 536 566 606 608 615 650 667 699 732 736 750 763 791 799 824 843
31 239 249 258 270 280 298 302 339 345 354 364 369 429 441 453 463 506 513 568 623 625 628 682 692 693 708 723 746 754 787 823
32 211 220 224 232 273 302 306 336 348 368 373 404 411 542 545 547 549 555 574 580 589 614 617 629 689 698 717 757 776 784 816 839
39 230 245 266 289 292 301 322 331 335 339 346 355 366 377 387 414 436 477 513 540 587 589 600 623 628 631 633 647 648 672 673 704 712 720 728 736 761 841 855
25 291 316 335 354 377 381 466 502 512 530 562 602 604 611 632 653 670 693 705 741 767 782 819 851 859
28 222 223 307 316 335 348 350 437 473 498 522 568 571 612 614 616 618 621 634 636 737 756 766 809 810 821 831 841
32 212 231 267 292 311 354 364 379 390 399 447 476 487 513 540 544 547 565 578 626 632 642 646 675 736 748 760 762 765 784 820 829
32 214 268 318 349 351 436 446 456 466 482 513 525 533 556 579 581 597 613 618 681 690 704 711 715 719 735 745 829 841 843 847 850
27 234 235 236 253 264 299 300 306 331 334 405 417 443 470 537 582 597 622 628 696 698 725 728 771 798 815 827
33 217 249 267 299 305 313 330 338 356 376 396 420 442 444 449 451 457 484 485 501 503 562 563 617 649 669 715 736 779 789 800 834 852
35 233 244 246 247 284 308 313 340 353 371 392 400 426 438 445 453 457 553 579 584 591 628 654 659 667 711 714 718 719 735 796 802 831 837 850
27 223 274 286 317 321 337 356 372 421 466 485 508 513 523 527 555 577 618 643 657 668 679 691 739 769 810 856
45 241 245 248 255 260 275 289 312 319 332 365 382 384 417 438 445 449 473 478 479 480 495 548 553 567 593 597 599 626 645 646 647 655 668 688 695 717 731 733 735 741 745 770 793 805
35 232 235 330 372 383 401 404 409 450 528 541 550 553 578 581 583 643 649 656 663 665 702 707 738 765 776 779 808 810 813 814 822 824 832 857
39 234 250 256 279 280 391 419 424 463 465 480 482 483 503 512 522 555 572 590 604 618 620 627 629 633 634 641 645 650 663 700 723 794 805 818 833 841 846 857
36 248 261 278 287 296 297 305 310 333 341 344 371 377 422 448 523 543 575 583 594 611 639 645 664 674 702 703 715 730 744 767 772 777 802 834 848
37 219 232 239 249 252 320 349 368 369 382 391 398 410 424 437 438 440 501 503 521 527 530 535 560 602 616 627 630 668 674 680 689 744 748 835 850 857
23 243 245 255 274 311 317 325 371 418 419 435 445 453 465 478 501 529 548 612 616 724 796 803
38 232 237 249 288 295 309 320 326 357 365 367 395 435 471 477 489 533 550 566 606 610 618 622 650 694 704 716 747 760 761 770 780 785 811 823 830 837 839
30 292 300 305 312 359 363 364 373 419 443 447 460 476 481 495 527 530 552 570 586 600 640 658 682 707 733 739 743 800 838
25 271 282 297 300 352 379 402 427 509 529 564 597 610 612 622 634 650 657 687 728 738 743 780 796 852
35 233 258 284 304 333 335 338 339 344 359 373 381 383 396 397 407 415 432 468 479 538 546 571 604 622 631 644 704 706 723 731 752 773 793 848
31 244 250 272 273 304 348 355 357 369 373 379 392 404 453 482 488 519 547 550 584 587 611 622 625 641 648 702 747 774 810 846
29 242 250 292 326 331 348 362 365 377 392 399 412 422 425 447 459 470 491 558 607 620 630 657 680 682 704 794 838 844
32 258 282 283 291 364 395 397 413 428 446 456 470 471 472 481 528 570 577 606 610 636 643 659 704 712 766 780 782 820 835 843 847
32 279 298 316 324 325 333 349 368 422 453 497 502 578 586 591 595 606 616 642 676 692 704 707 720 721 731 753 765 767 793 796 856
32 255 256 266 278 313 338 358 398 400 451 524 532 550 567 570 603 621 654 658 672 674 683 692 762 794 798 803 809 828 837 853 858
31 244 247 275 283 291 301 349 366 382 427 441 473 478 503 515 569 607 621 638 641 651 652 674 682 702 718 746 802 839 844 859
21 249 315 329 344 360 428 478 497 531 629 645 659 663 686 697 727 752 774 790 806 844
23 233 238 277 279 314 353 412 441 469 472 507 515 541 549 603 705 714 735 773 775 777 799 836
39 244 264 269 293 300 302 321 326 352 416 418 422 451 482 484 492 512 524 548 553 556 576 579 601 608 611 661 687 694 703 710 721 723 726 797 809 815 845 849
21 275 276 289 300 430 434 442 450 491 521 542 585 587 604 638 660 701 737 819 829 858
28 237 240 249 250 253 298 311 349 352 355 374 399 476 479 521 542 566 580 636 660 668 673 683 716 717 752 764 813
36 236 241 285 302 315 358 362 396 400 417 444 481 488 491 504 513 566 581 593 614 630 631 634 635 652 682 701 718 719 722 731 735 785 799 812 818
29 325 342 353 354 364 368 387 403 409 468 483 507 561 562 573 582 587 601 608 624 673 681 688 711 733 784 790 813 844
34 259 269 278 295 305 318 320 321 323 352 377 416 419 434 443 444 446 468 490 501 506 568 587 591 600 667 670 672 693 749 750 753 820 832
31 247 294 300 328 332 367 371 411 419 436 445 453 473 474 512 514 527 543 549 586 613 614 641 695 703 705 764 813 826 842 844
38 240 254 290 317 361 362 369 370 386 407 415 457 470 473 481 489 493 527 531 532 533 564 565 569 593 629 640 671 686 723 729 736 782 807 814 824 840 848
29 275 285 291 304 308 343 352 378 379 397 403 408 440 493 511 518 522 542 544 552 607 640 661 674 675 730 769 770 835
24 249 258 259 265 271 295 299 337 440 443 468 493 531 656 668 690 733 750 763 801 811 820 827 834
30 245 247 261 272 279 285 318 333 337 414 423 457 461 468 476 480 481 520 522 653 659 686 696 718 762 791 801 811 816 827
36 264 267 277 284 296 298 299 330 337 346 358 359 362 367 382 390 401 432 491 522 538 540 546 601 608 611 623 721 726 728 787 793 795 835 844 859
32 245 269 282 300 337 362 398 419 423 457 459 460 480 515 524 558 590 597 611 624 634 651 655 662 677 722 785 825 833 836 846 853
18 376 421 435 493 501 524 545 604 606 626 642 659 701 703 806 841 842 845
30 313 328 335 339 388 405 407 438 445 467 482 534 564 604 605 652 655 670 672 710 712 730 737 756 787 826 828 836 841 843
37 249 273 278 279 287 299 314 318 334 369 391 428 458 464 480 510 543 546 553 573 578 580 592 600 687 709 722 746 754 758 789 795 796 799 830 843 846
25 250 287 305 308 333 340 355 359 379 393 410 412 433 496 581 594 598 634 658 666 703 778 780 786 787
38 254 261 266 314 343 367 373 404 418 429 461 481 484 541 546 554 558 586 605 611 639 643 648 649 650 664 674 732 755 761 771 783 798 804 811 818 837 838
26 291 298 324 344 359 361 440 479 488 535 537 540 563 620 621 622 694 695 751 765 807 819 827 829 841 843
29 274 280 287 307 336 348 354 361 366 372 391 476 499 516 540 570 592 604 683 714 719 743 768 774 775 806 828 835 849
27 265 282 291 304 343 351 352 370 373 400 416 417 456 471 484 493 505 528 529 537 539 571 595 746 778 791 855
20 280 299 364 369 527 533 536 542 571 628 676 677 682 736 762 783 787 792 807 833
34 281 282 319 352 365 393 395 402 406 411 417 437 469 475 479 490 523 603 613 678 693 704 705 714 737 739 742 754 774 795 814 815 820 859
29 268 286 307 309 323 330 404 440 470 473 548 604 615 632 658 661 685 701 709 739 749 764 772 774 787 812 830 848 855
27 260 279 290 291 306 374 376 387 408 459 460 495 507 546 550 569 646 682 697 718 746 749 775 800 826 834 835
34 310 326 331 339 346 369 388 427 449 479 515 540 557 576 578 592 615 657 659 704 721 726 750 751 761 764 767 787 796 801 808 820 852 858
29 260 275 303 318 322 337 394 404 412 415 427 440 441 476 483 501 535 568 583 597 650 656 662 714 724 748 753 789 841
25 268 269 284 324 331 340 349 354 441 461 490 514 560 583 598 618 640 652 729 731 750 786 796 798 815
28 274 302 308 332 341 360 412 418 463 473 475 484 495 527 560 564 597 601 635 641 654 694 704 716 723 779 816 848
23 267 282 306 310 317 331 336 391 415 473 489 497 538 540 574 685 697 761 816 817 840 841 853
27 266 279 284 372 376 445 457 488 499 539 555 556 562 584 606 646 650 659 660 690 744 749 793 807 816 834 847
34 265 270 272 301 354 383 386 418 421 424 435 441 444 483 514 529 558 565 606 640 644 647 651 675 685 690 694 723 731 749 753 803 828 850
22 266 281 290 293 341 381 438 476 490 509 530 534 602 622 682 700 751 758 796 817 820 824
26 298 317 345 352 359 410 411 437 470 548 549 569 603 611 651 695 722 734 735 741 792 825 832 853 856 859
30 267 272 276 292 314 332 347 419 434 444 519 524 552 580 607 613 626 627 637 645 648 654 672 688 735 745 770 835 855 859
29 269 280 293 316 320 336 380 382 406 432 456 460 485 501 550 569 590 599 634 638 654 670 709 717 722 723 738 754 852
31 270 346 360 428 432 449 451 489 492 499 516 547 555 581 583 585 590 631 643 662 678 679 680 695 709 724 772 805 820 844 845
22 363 369 381 390 393 396 420 445 459 486 519 525 532 566 578 587 651 656 693 698 793 824
26 282 284 327 332 333 337 389 414 419 428 448 452 454 455 477 505 533 548 555 562 589 610 654 674 799 822
26 288 321 338 376 382 472 488 494 548 550 585 587 597 605 626 649 653 664 673 683 693 723 738 753 780 803
25 273 277 301 307 321 364 374 382 418 423 528 569 595 600 610 616 647 673 711 733 743 762 771 782 818
27 305 312 374 375 414 415 417 423 437 469 501 532 535 586 609 621 649 671 683 725 748 764 771 797 830 835 854
28 338 382 394 414 453 478 490 524 527 542 566 570 617 632 639 641 654 671 681 712 759 764 769 834 841 846 849 859
32 280 306 338 367 394 410 412 422 423 427 438 453 468 527 548 590 607 633 672 688 707 711 718 728 738 751 762 769 773 841 843 856
31 291 292 297 309 350 378 380 384 399 400 462 472 493 533 534 542 555 592 596 599 609 625 628 665 679 712 746 774 808 834 858
28 286 289 298 342 377 396 401 451 485 559 560 600 604 607 623 642 657 691 726 765 769 774 796 803 806 809 824 849
20 304 358 364 399 405 412 440 566 568 603 620 621 668 690 715 768 779 806 835 847
26 284 305 318 328 356 373 385 420 438 446 492 493 548 550 561 608 635 655 666 693 706 749 775 817 839 848
24 288 381 434 446 450 453 514 533 548 550 570 617 678 691 719 720 730 744 777 808 838 848 851 854
39 284 289 295 339 359 365 368 369 400 421 451 457 476 551 570 576 600 602 608 611 617 620 621 625 655 694 696 741 743 748 755 760 774 795 814 823 828 847 849
36 291 293 296 309 356 397 402 407 422 423 437 447 455 458 472 486 496 499 511 533 551 558 560 581 585 610 618 639 671 683 700 725 753 775 787 807
33 299 302 337 347 356 374 375 392 398 421 425 433 472 486 510 511 516 533 543 546 580 611 618 620 661 680 688 705 710 736 789 811 845
33 288 308 313 337 393 413 458 474 523 537 542 550 559 561 574 583 590 604 611 624 630 642 644 674 704 722 766 782 798 817 827 843 845
18 312 338 403 409 432 481 496 552 580 583 629 665 705 780 782 805 809 832
25 327 330 343 345 347 363 394 456 570 574 581 589 601 645 679 698 708 746 756 767 775 776 789 836 841
26 294 295 315 336 341 389 395 412 423 452 493 506 520 528 587 596 598 653 668 750 757 759 798 802 843 852
28 289 311 315 319 366 394 403 442 448 452 456 474 513 518 519 521 523 550 574 600 627 633 668 693 704 785 829 843
32 314 317 320 344 352 374 376 399 436 456 478 496 497 515 519 538 574 607 619 620 630 640 650 656 685 704 718 757 762 793 808 853
36 295 352 355 358 393 400 419 434 446 447 454 484 510 534 536 557 571 573 591 613 675 677 704 710 725 729 735 749 750 754 792 794 831 837 842 848
30 315 328 351 367 370 388 396 409 431 487 493 520 549 567 612 622 662 686 702 704 727 733 735 736 748 756 790 814 818 846
37 317 326 330 374 383 385 411 413 441 446 471 472 473 524 550 572 600 619 647 653 679 687 713 717 730 731 739 740 741 746 753 768 769 782 783 821 838
38 319 330 334 336 344 353 362 377 384 406 421 444 457 466 496 498 503 504 507 510 533 538 559 561 562 571 582 671 676 689 694 710 730 752 767 826 831 855
26 328 332 334 336 364 400 427 438 440 451 492 507 509 521 572 578 654 687 708 733 788 795 807 810 825 844
47 299 306 311 342 343 344 361 383 405 415 424 427 433 440 443 464 471 474 477 491 499 548 577 586 590 595 606 612 617 626 633 635 639 674 722 729 744 755 764 766 789 790 799 807 810 815 836
23 352 357 360 366 393 394 443 447 453 459 498 521 559 669 754 774 776 783 792 807 809 841 851
21 299 319 320 327 337 360 428 473 500 507 526 559 598 620 635 650 669 696 708 812 820
37 323 351 363 396 430 434 441 447 455 466 469 473 483 487 492 524 536 577 583 619 624 625 641 643 684 695 705 722 730 750 780 788 790 800 802 843 849
33 306 326 344 372 383 394 395 412 442 464 474 484 511 547 555 559 560 568 636 640 654 670 674 681 694 698 736 751 770 772 788 820 829
30 352 356 387 428 444 457 483 499 514 520 531 535 570 601 611 616 645 653 661 668 673 709 724 772 773 786 803 805 806 847
22 318 338 348 372 402 473 478 504 520 527 540 552 586 624 637 688 712 739 741 753 814 827
29 304 309 323 326 331 386 414 422 428 432 473 500 531 545 564 590 606 643 681 714 739 754 759 768 780 788 792 809 823
28 307 325 335 337 342 376 380 454 498 539 559 570 581 585 604 612 633 654 656 661 673 692 708 735 782 822 832 859
23 308 343 357 359 369 388 428 437 505 531 572 576 593 604 609 656 666 682 741 767 777 835 841
33 306 331 339 343 372 400 413 416 429 453 471 511 524 529 531 536 548 554 608 623 629 633 666 681 712 721 775 779 782 830 844 853 859
23 313 353 355 373 379 384 392 418 435 465 489 518 521 535 546 555 624 653 665 739 748 788 857
38 396 415 419 458 473 494 507 510 525 538 543 544 556 564 601 609 613 614 634 636 641 646 693 700 731 762 768 778 799 800 808 819 826 829 831 838 843 859
28 312 314 337 339 348 352 373 387 441 448 456 475 499 542 545 591 614 623 627 634 669 681 687 698 724 749 753 835
30 313 317 333 371 388 407 421 430 434 447 460 493 524 528 544 547 564 601 650 657 676 679 689 692 716 717 718 746 759 848
29 316 365 404 407 428 436 464 469 472 473 479 486 518 544 591 605 608 613 655 666 669 694 712 773 778 798 806 809 829
22 336 348 369 408 423 465 483 500 521 524 526 597 618 652 655 665 677 698 729 749 770 800
26 338 370 379 407 408 429 431 502 511 534 556 557 576 588 589 603 607 631 634 643 680 694 763 766 811 825
15 314 317 340 344 379 381 433 490 531 555 663 665 753 769 788
25 323 407 423 454 498 511 513 585 586 593 603 632 645 658 676 782 784 787 790 804 805 817 821 844 845
25 327 334 413 425 426 478 489 496 506 523 531 617 644 668 674 688 689 710 712 733 766 771 774 795 821
25 407 418 485 493 495 518 537 557 573 575 586 612 635 637 645 652 709 713 737 745 756 826 846 851 855
23 343 360 364 367 371 373 377 413 545 584 586 600 603 610 613 620 633 669 715 720 797 820 843
29 326 360 362 372 401 402 463 476 479 493 509 554 605 608 609 635 667 676 695 709 714 730 758 777 791 794 795 798 829
31 328 329 335 351 384 387 433 439 459 473 477 483 485 486 516 518 534 548 570 578 584 608 646 673 683 728 741 769 786 796 858
28 347 409 411 416 463 480 506 558 587 594 621 624 640 653 675 682 697 705 708 724 739 777 781 787 794 837 838 856
28 343 375 413 425 445 480 497 501 504 540 559 573 580 585 589 646 704 706 723 726 732 735 747 750 761 772 838 854
18 347 355 380 407 441 444 450 461 496 622 625 628 655 721 722 772 816 839
31 327 363 369 404 416 448 459 460 508 514 520 538 540 542 543 544 594 652 658 668 673 703 727 740 742 748 797 827 842 850 857
32 345 352 408 429 431 436 448 466 492 504 511 546 547 613 622 634 642 643 662 678 699 756 765 772 781 790 794 821 825 838 841 846
20 354 457 511 512 531 547 586 591 600 615 656 661 671 712 738 800 801 803 840 853
35 336 339 352 362 370 397 403 407 411 435 468 479 504 513 517 532 546 584 602 631 642 664 674 692 714 720 745 747 748 763 779 791 827 832 852
31 352 372 417 422 448 449 478 496 518 532 552 553 595 596 643 644 648 649 655 665 681 693 709 720 730 739 772 800 817 819 852
25 385 399 435 474 475 511 538 540 544 553 573 584 594 599 603 641 654 659 701 702 704 717 800 829 841
18 346 352 360 380 418 450 460 507 587 636 650 664 669 743 758 769 770 851
18 340 361 445 460 466 524 535 542 549 564 621 679 681 700 772 831 844 858
26 357 384 461 483 507 527 541 555 592 615 620 649 661 708 716 734 760 764 765 779 832 845 846 852 855 857
34 339 344 350 356 442 489 499 500 502 509 521 537 547 563 569 576 600 616 621 630 652 663 677 678 687 749 767 771 772 786 801 806 845 846
25 359 385 399 410 464 469 480 488 497 521 524 539 552 572 594 595 649 652 668 681 697 722 793 831 832
23 344 364 372 374 422 427 429 432 437 454 461 536 599 661 695 699 708 736 761 764 813 819 825
34 347 381 392 448 452 486 506 543 548 569 592 606 608 620 621 625 644 670 677 685 691 697 699 738 758 778 782 791 809 832 844 852 857 859
19 360 405 446 467 519 536 622 626 632 636 658 687 688 730 759 769 781 790 830
21 339 377 380 424 471 494 518 520 565 578 633 650 699 706 738 749 780 801 808 809 835
31 365 366 372 373 394 403 413 417 458 484 487 491 496 508 541 546 571 572 577 579 589 601 618 661 676 685 755 842 843 851 854
26 347 360 407 417 430 485 530 554 557 607 611 639 640 661 665 687 715 726 731 734 773 775 778 796 812 839
34 356 373 386 421 429 430 452 459 464 475 492 508 514 548 550 571 572 575 588 589 598 612 635 647 704 730 755 757 793 797 804 819 844 853
23 353 355 372 382 396 401 415 477 497 505 509 527 541 551 552 579 627 661 663 728 742 763 816
27 347 353 361 425 438 445 501 522 538 550 558 569 613 644 657 662 665 667 686 733 776 779 808 822 826 827 834
19 362 399 423 479 546 566 569 586 595 598 629 630 631 725 740 773 794 845 859
31 347 350 391 400 407 426 448 450 457 495 503 506 514 515 517 518 520 541 558 587 602 626 662 678 717 735 739 805 820 847 856
26 416 422 456 457 463 470 480 481 486 493 560 578 588 590 631 632 636 656 698 734 735 751 778 789 808 812
25 410 420 422 429 430 458 495 546 550 553 559 560 572 611 639 649 653 747 764 779 802 822 827 845 847
16 380 425 473 481 512 518 538 569 631 635 684 708 709 723 746 831
26 353 399 401 413 417 521 532 546 554 591 606 626 635 748 759 763 768 769 779 790 813 824 835 837 838 850
26 355 358 364 393 395 425 428 433 444 490 511 517 523 552 617 655 661 678 730 755 778 786 808 813 830 836
31 369 377 378 386 413 441 446 473 482 495 525 580 583 589 593 612 615 624 644 679 682 690 717 724 758 763 772 797 805 819 858
20 361 414 427 428 435 486 517 551 619 700 741 768 773 789 800 806 825 828 847 848
28 355 404 405 423 442 498 509 532 586 600 605 613 614 623 634 672 686 719 729 752 756 779 807 810 824 830 836 852
28 366 375 395 400 405 422 430 439 441 442 445 459 478 481 505 546 556 584 587 593 648 655 665 746 809 818 829 834
19 401 402 459 523 597 663 700 702 705 707 758 775 783 788 794 797 810 814 843
18 372 402 454 526 544 578 600 655 678 716 746 765 772 806 818 828 839 849
19 386 454 462 480 488 514 523 545 605 648 733 734 751 753 754 762 802 821 854
18 413 426 452 456 472 480 490 497 513 548 551 558 572 581 593 661 708 750
26 398 433 460 481 499 500 504 527 531 532 550 553 559 613 627 634 659 678 689 699 766 768 772 796 802 803
13 367 380 396 424 429 512 611 614 698 718 788 789 824
27 368 385 388 419 426 435 458 472 486 513 528 555 602 603 614 620 626 651 662 665 690 701 712 722 749 771 791
22 374 401 406 453 488 511 521 582 605 608 621 638 642 658 675 686 690 711 716 722 833 857
25 382 386 408 422 436 458 476 495 549 554 579 628 647 701 705 719 738 747 764 765 781 791 810 817 820
20 371 391 394 413 559 575 617 632 655 660 661 726 745 749 762 797 822 828 849 851
24 387 488 518 521 541 542 547 550 570 592 652 664 668 669 677 696 700 717 722 740 756 791 802 833
30 381 413 422 464 495 502 521 528 539 561 562 584 594 612 635 646 649 687 703 712 713 718 733 756 764 770 801 811 830 853
24 369 376 406 408 446 456 463 482 483 503 523 555 561 618 623 683 690 722 729 760 779 814 841 858
30 377 389 422 438 455 471 474 491 496 566 583 593 612 615 628 632 645 670 673 693 720 754 767 775 784 797 816 821 831 849
28 407 425 440 488 524 538 566 567 573 582 589 596 605 652 661 675 684 711 733 748 750 759 761 770 779 792 801 857
27 390 418 448 453 461 477 512 518 520 522 606 609 615 618 646 666 675 706 715 721 726 735 760 778 817 830 835
21 373 374 375 382 466 471 473 491 538 563 596 625 660 663 687 703 708 745 753 806 835
23 403 406 409 413 460 523 556 592 600 616 623 648 656 675 678 720 747 783 798 799 835 842 852
23 383 384 413 427 443 501 530 576 592 623 667 668 701 714 724 735 736 739 740 749 756 772 849
25 378 436 456 457 486 495 502 537 540 557 607 626 653 670 676 684 688 707 747 754 815 825 833 845 851
23 403 416 433 444 456 557 559 564 571 583 593 596 655 656 674 676 693 701 728 759 783 842 847
23 379 405 416 427 435 443 461 555 574 577 617 619 626 636 650 657 677 679 759 770 804 809 813
25 399 403 413 429 455 459 460 513 539 572 578 580 587 623 627 644 649 650 655 681 700 786 823 845 855
22 387 388 406 451 509 540 558 600 605 620 642 643 659 679 696 718 724 744 745 777 817 846
21 388 413 423 428 429 451 468 486 533 564 577 600 616 670 681 742 774 802 808 821 834
21 395 399 422 431 437 456 476 499 524 557 598 603 613 631 645 657 661 733 737 786 806
32 405 412 413 425 434 451 454 457 466 498 518 583 612 614 627 644 649 660 675 690 700 754 755 756 766 768 769 787 812 824 829 850
25 407 417 449 463 496 497 521 561 579 594 642 653 659 669 684 688 692 705 709 723 747 758 787 811 845
28 383 394 399 404 417 464 465 467 479 504 524 557 568 589 595 630 686 688 690 716 724 730 738 745 803 808 835 858
26 387 394 397 426 438 477 479 499 503 520 549 555 580 602 651 683 698 702 711 735 758 809 824 829 831 836
24 447 456 463 468 469 485 498 520 521 535 558 562 564 619 639 660 665 667 675 714 731 798 829 851
23 391 392 448 454 468 473 489 511 532 579 584 598 609 633 636 681 706 717 769 783 826 833 857
23 407 409 430 440 485 488 501 519 537 558 565 601 634 645 651 700 781 796 803 820 827 850 859
34 390 407 422 455 464 470 477 485 496 511 513 563 574 577 578 593 620 635 651 652 684 706 710 729 742 753 786 787 800 806 808 815 824 837
32 392 401 405 407 409 418 438 446 452 475 486 515 525 550 572 575 594 600 631 646 649 714 743 761 791 798 799 814 815 818 824 857
22 404 408 433 449 488 569 596 607 609 627 675 706 710 737 749 759 773 782 810 825 828 843
24 391 415 439 454 495 519 527 544 546 571 587 621 632 657 663 669 673 684 693 695 714 735 793 852
27 399 401 448 477 484 486 490 516 531 539 562 586 623 625 647 656 668 685 692 713 729 745 759 772 782 787 831
22 427 441 443 447 454 457 488 505 510 629 630 637 651 660 720 745 760 799 800 830 855 856
20 430 446 472 487 514 552 584 623 624 629 644 650 676 683 685 721 786 789 798 827
24 399 465 478 490 506 529 577 583 621 687 688 691 709 719 720 739 745 759 783 802 825 827 849 857
17 430 442 444 506 507 518 530 579 591 622 624 715 728 764 778 782 833
26 421 449 468 470 518 536 538 558 573 584 585 597 599 600 612 614 615 619 630 638 648 694 704 728 762 820
32 400 409 418 420 428 438 440 446 484 504 523 525 528 541 543 561 570 580 582 631 648 676 681 707 711 737 787 799 801 831 848 849
23 400 407 416 437 451 495 496 507 524 533 592 602 609 618 630 645 721 731 748 754 767 792 852
21 407 412 438 472 487 507 530 549 568 569 573 574 578 595 603 628 629 641 660 770 794
20 434 438 494 501 503 507 547 555 585 603 619 649 695 715 722 772 776 792 798 813
24 413 431 435 437 441 447 453 454 464 485 511 526 534 605 642 663 694 699 711 727 742 764 766 800
25 456 478 487 490 502 512 524 525 532 553 586 593 602 608 624 628 632 660 666 684 697 733 764 775 819
24 448 452 472 475 482 515 521 522 530 550 551 558 575 663 666 673 700 704 707 734 747 762 806 851
28 433 436 442 472 473 494 524 544 579 584 595 597 601 632 642 654 659 670 672 696 731 766 775 789 821 832 835 846
17 417 423 464 478 516 527 539 593 645 689 714 728 745 765 819 834 857
17 440 455 467 475 476 501 505 517 560 605 627 675 718 727 752 763 818
27 408 419 424 445 478 486 496 498 502 599 635 638 667 686 688 692 701 708 712 720 724 752 759 778 802 819 841
12 433 457 467 479 531 542 592 613 638 656 733 761
27 419 454 472 479 502 508 512 535 548 562 575 576 583 616 654 660 678 685 689 699 723 755 757 798 816 842 855
27 433 457 475 504 514 536 561 564 575 576 577 591 628 632 661 662 691 719 735 750 775 797 804 824 834 839 854
16 434 450 471 578 608 622 655 669 696 706 737 738 782 798 834 835
23 414 424 427 432 564 571 591 605 623 639 657 679 682 685 699 745 750 772 797 805 831 850 851
24 420 450 480 522 524 533 538 571 572 609 652 674 729 730 732 752 763 766 769 789 792 793 795 827
26 417 421 424 481 484 488 517 524 573 587 593 608 623 671 673 678 680 682 719 730 741 773 812 823 826 851
22 423 429 448 449 461 476 493 495 517 536 538 550 551 583 602 615 617 681 693 807 822 838
19 520 524 561 572 575 578 597 619 641 642 648 710 749 752 761 768 778 809 826
26 434 455 458 466 472 485 494 496 516 528 540 573 618 629 630 640 658 671 690 706 720 729 743 806 834 849
18 438 444 471 473 492 532 555 613 629 678 713 734 737 783 785 806 812 850
15 452 468 493 505 538 617 657 664 685 686 695 761 816 825 855
20 424 425 430 472 484 486 489 508 534 604 648 687 713 734 739 769 784 817 823 853
14 422 433 466 564 600 610 624 636 657 687 707 751 809 846
21 428 531 558 559 566 587 606 644 659 662 681 683 701 733 740 760 776 780 796 805 846
22 431 436 442 445 495 551 561 595 601 617 628 647 650 686 715 728 738 749 752 784 814 826
17 442 447 471 478 488 538 540 542 597 603 618 621 655 736 778 823 845
18 439 479 492 500 517 525 536 558 559 610 643 728 752 770 801 830 849 858
26 433 436 440 446 518 530 531 575 585 591 609 616 620 633 634 679 682 696 704 720 738 795 799 810 829 854
17 477 508 547 601 622 625 633 651 680 686 693 703 719 739 831 836 846
30 466 473 484 497 505 525 577 581 582 583 584 611 625 628 641 652 670 680 686 688 694 731 774 775 778 785 794 801 849 856
22 433 449 450 475 478 508 527 600 622 634 648 660 671 710 724 735 736 741 745 788 802 830
23 435 451 521 539 552 555 580 590 614 639 644 696 712 715 725 729 755 757 767 772 799 848 853
20 482 529 553 568 580 605 613 625 647 649 681 692 710 718 722 724 741 804 825 851
27 433 439 462 479 506 511 523 537 545 583 589 605 620 630 632 641 656 659 680 696 722 736 742 759 769 819 840
25 436 446 449 497 500 557 560 569 575 604 610 640 657 659 676 679 765 772 778 791 792 798 822 837 846
25 450 459 468 473 491 500 502 508 509 511 523 579 594 598 610 621 629 665 666 672 677 755 782 784 801
27 462 487 514 524 535 537 542 546 552 573 582 600 653 664 667 684 696 697 708 715 753 766 800 807 817 837 847
21 472 488 509 537 550 560 575 584 591 605 607 634 672 683 708 716 719 763 771 844 850
20 498 559 565 567 603 604 669 674 705 710 721 733 736 750 757 793 794 831 854 859
24 439 444 450 478 490 519 545 551 599 620 626 637 653 660 663 669 709 739 813 816 836 843 852 853
17 459 517 528 559 560 568 587 620 625 627 690 704 728 738 795 813 856
24 453 474 487 488 503 512 529 538 558 575 619 620 624 639 650 667 700 706 722 764 768 782 821 825
19 490 515 540 555 605 642 661 683 686 696 697 737 752 762 769 806 808 841 844
21 457 465 523 559 570 592 625 666 718 737 764 770 774 794 803 809 821 828 831 834 848
23 469 470 473 487 548 553 595 596 598 620 621 627 672 676 715 748 767 779 781 794 812 830 844
28 499 500 504 521 534 535 544 545 580 620 627 671 681 688 695 721 724 756 757 762 763 767 773 790 815 840 844 852
28 448 452 457 460 461 471 493 496 545 565 589 647 650 704 705 735 740 746 761 769 782 802 810 817 819 823 829 847
15 452 477 486 492 565 583 600 604 651 666 684 792 846 847 851
23 461 481 516 546 547 563 579 625 628 631 638 644 664 678 689 720 758 787 788 790 811 820 842
16 451 461 491 492 531 539 552 560 576 611 727 773 778 802 829 844
14 454 533 558 581 586 621 628 679 694 699 708 717 749 858
18 479 502 522 565 572 612 613 630 653 670 683 769 804 815 829 835 838 847
23 461 481 483 484 531 577 581 618 620 629 633 654 661 670 678 685 698 705 735 741 802 807 816
18 454 482 510 535 536 576 607 622 675 689 704 709 740 752 785 801 816 830
19 468 505 507 518 540 553 623 646 680 701 715 758 759 781 808 814 816 817 857
25 521 523 539 558 571 595 621 624 649 650 652 665 691 700 708 712 779 785 802 806 812 823 834 851 859
17 470 531 541 563 571 572 617 620 640 676 716 751 766 816 841 847 857
19 503 516 525 530 544 599 629 648 694 741 745 767 770 785 795 803 818 820 835
27 475 478 482 509 531 537 552 588 619 624 632 657 658 662 698 702 707 714 719 724 746 755 769 780 794 801 820
16 463 466 468 474 509 543 591 604 663 724 735 790 827 845 850 858
26 460 482 489 498 531 557 573 586 590 597 634 657 661 704 738 744 751 781 785 798 800 813 821 825 838 847
30 462 475 479 485 500 517 522 540 553 567 599 601 616 625 649 653 655 669 673 687 690 694 705 723 823 828 830 832 833 852
21 486 506 519 533 574 595 612 682 692 711 722 736 744 768 784 789 792 800 811 818 831
24 464 536 563 573 576 587 594 626 642 650 651 682 700 709 758 760 773 776 804 813 824 827 834 849
21 468 552 555 589 600 624 630 670 679 680 720 767 788 798 804 806 822 826 828 831 838
19 516 520 564 580 582 602 676 681 690 692 714 724 735 742 779 791 799 803 844
20 487 495 519 546 555 558 559 560 565 626 652 690 721 765 768 781 805 819 824 846
15 493 498 501 506 525 536 591 607 611 621 711 776 784 796 854
20 517 564 577 633 637 645 646 648 656 664 669 712 717 731 765 783 798 808 828 838
25 472 483 489 492 517 556 559 565 587 606 608 627 628 640 676 707 713 715 721 751 759 796 814 816 853
27 482 498 501 513 517 523 558 600 623 632 695 701 713 715 726 734 753 785 787 791 793 795 799 803 815 817 827
16 480 493 555 559 578 582 613 632 646 651 677 777 794 814 842 849
23 482 484 498 526 528 550 581 585 607 615 635 641 658 661 668 714 740 783 797 823 827 839 859
20 506 517 551 556 575 584 586 613 666 689 710 713 736 746 764 777 778 808 813 839
23 489 491 508 512 520 551 565 592 604 636 648 655 673 676 693 711 727 777 794 812 831 850 859
17 488 497 506 509 516 527 531 557 613 616 707 724 763 827 842 857 859
20 524 535 566 634 637 638 653 685 688 709 716 723 743 795 816 835 836 837 844 853
15 497 498 519 550 598 602 639 657 663 686 706 743 748 763 783
21 529 533 539 566 581 592 606 645 647 685 701 714 729 748 761 772 775 797 806 817 828
15 480 495 507 524 536 556 628 635 638 648 649 687 746 827 846
18 480 495 506 517 579 584 585 610 634 679 707 731 785 786 793 839 856 857
27 490 500 514 524 532 560 588 614 616 620 659 660 691 717 729 731 742 747 753 758 764 779 793 813 816 836 842
13 610 621 627 678 700 718 755 771 823 853 854 857 858
17 493 525 550 560 568 576 579 639 646 670 671 673 688 717 754 757 797
27 491 501 511 528 535 549 565 566 569 605 606 637 644 660 670 674 678 697 744 753 786 790 816 826 832 840 857
17 505 510 559 589 607 651 656 689 716 745 755 758 766 775 823 831 833
22 507 510 519 547 548 555 559 568 569 582 613 626 635 680 725 738 752 756 760 763 792 803
22 510 551 565 567 570 576 577 623 656 664 666 703 734 736 761 779 792 809 820 835 839 845
12 549 564 571 577 626 649 722 747 752 817 845 850
14 492 508 511 597 621 665 667 676 687 689 733 740 752 852
17 510 540 555 566 667 687 699 719 729 734 766 773 775 790 840 846 857
14 509 510 589 592 693 707 716 736 746 757 796 811 836 838
15 529 558 568 600 615 663 666 669 687 789 811 830 839 858 859
19 524 525 551 555 559 584 616 619 638 688 723 743 749 768 815 822 828 832 834
14 528 623 632 644 666 708 723 730 734 776 781 785 835 840
14 503 517 546 583 588 608 626 628 634 637 643 670 844 846
22 545 549 554 579 595 622 639 647 660 661 681 686 694 705 732 734 747 776 789 810 814 844
14 506 510 536 543 546 622 623 641 648 686 699 717 770 781
9 515 526 573 589 673 692 737 741 742
21 507 541 544 548 565 573 577 587 607 633 642 643 665 672 693 722 751 811 812 847 858
17 507 532 544 563 615 638 684 736 742 753 776 778 803 814 822 848 853
16 521 550 552 569 575 584 587 627 657 668 691 710 725 756 769 857
15 533 548 581 584 588 616 624 635 641 710 754 757 766 775 832
23 506 577 579 586 587 589 599 608 615 632 634 642 674 695 714 733 767 770 782 799 825 842 844
22 527 551 574 575 593 601 604 614 625 651 670 700 701 710 718 720 740 747 816 833 848 859
21 525 541 572 575 611 628 654 656 689 692 704 730 741 742 744 770 803 827 831 841 846
18 506 514 523 531 534 535 555 582 617 670 688 697 716 748 756 793 842 855
15 522 537 549 627 653 663 664 678 695 741 767 772 803 810 828
26 516 517 521 551 555 564 575 577 610 618 625 670 691 703 706 709 718 720 731 738 745 758 773 813 838 843
23 511 526 529 547 568 584 589 591 597 615 617 644 656 672 696 708 713 746 748 752 760 773 829
16 515 526 542 563 565 582 589 602 621 694 737 747 763 780 782 837
23 513 516 535 553 557 578 579 648 676 698 720 745 764 765 769 787 791 806 812 815 816 824 853
23 513 526 529 532 537 555 566 574 579 581 628 646 650 661 714 718 756 767 776 783 819 843 859
15 524 569 577 588 604 606 614 727 736 769 791 800 817 821 822
16 538 545 577 615 620 636 640 643 681 708 710 748 763 766 828 852
9 547 580 593 628 666 771 776 835 845
21 516 518 529 552 554 580 581 584 600 632 639 657 658 676 712 724 767 768 800 808 857
13 592 607 610 647 678 692 745 754 765 778 788 824 847
6 603 689 817 818 823 845
20 525 550 557 561 618 639 644 674 678 684 721 725 753 803 816 830 837 838 842 850
17 522 526 544 569 610 620 626 666 699 704 717 720 811 825 834 844 856
12 539 580 605 631 678 697 705 716 766 773 825 838
16 547 589 628 631 638 642 646 672 692 738 756 773 828 838 847 854
16 596 613 672 680 721 754 759 761 771 787 794 796 803 811 834 849
10 524 537 585 602 732 742 754 758 770 851
16 539 565 595 636 657 679 688 699 726 737 757 771 805 819 846 851
18 535 537 562 568 572 586 593 646 664 690 756 796 797 816 832 844 849 854
17 547 558 563 646 663 666 675 695 728 738 744 814 816 830 832 836 843
22 528 540 562 567 598 609 652 665 668 682 699 715 720 750 752 755 765 766 803 810 829 836
21 545 565 569 585 598 632 637 659 674 684 753 757 758 760 775 778 796 797 810 853 858
15 574 580 606 621 625 658 685 719 729 755 760 764 776 810 842
22 537 560 570 581 586 609 630 658 675 699 708 709 717 727 748 755 760 803 811 817 822 831
15 545 556 602 616 628 682 692 695 742 746 748 792 800 806 808
26 541 562 591 602 610 628 632 633 673 686 689 696 699 715 755 757 779 781 794 796 801 807 812 843 850 854
23 536 544 548 578 582 584 586 589 630 670 684 696 708 713 716 723 751 755 756 785 819 823 827
16 567 577 586 607 609 623 669 671 683 684 740 754 779 786 811 823
21 543 563 581 597 628 629 634 672 677 695 708 732 733 746 779 795 799 814 838 850 852
22 545 556 571 577 582 585 603 612 651 658 689 696 714 718 737 740 756 759 764 775 779 853
20 542 556 567 601 604 630 633 669 679 687 691 692 707 721 737 738 745 796 820 836
16 540 562 564 567 577 648 658 679 681 738 743 776 785 802 814 853
13 553 570 582 599 617 653 656 665 721 722 724 754 842
23 542 553 568 578 579 596 599 616 623 639 668 684 715 720 737 741 742 745 755 781 802 825 858
11 581 592 623 630 673 727 732 742 782 850 858
11 610 615 620 626 630 676 752 755 756 763 817
19 570 572 585 588 589 602 617 670 683 686 690 729 768 775 786 790 804 828 851
13 571 588 589 600 606 612 672 678 687 702 733 780 855
16 592 594 599 602 607 610 657 684 710 748 772 782 795 805 824 831
18 578 581 587 592 603 626 628 633 647 650 653 667 676 688 713 763 849 851
16 556 568 577 628 638 664 679 692 699 700 785 793 803 807 836 838
13 560 576 581 613 616 621 636 671 721 726 743 779 841
22 555 569 571 604 619 663 669 727 731 735 736 737 741 745 755 806 813 814 819 830 832 839
6 680 686 699 733 755 826
15 568 597 598 599 660 661 728 738 739 760 769 811 822 833 852
21 561 586 587 589 593 597 605 624 647 663 692 723 759 769 771 774 781 788 794 802 830
13 575 579 614 641 677 680 747 752 762 763 770 795 806
19 559 561 581 607 608 612 613 640 666 697 728 729 740 756 780 810 824 828 831
13 561 578 598 607 660 691 702 711 715 784 827 832 851
16 592 633 636 639 640 644 645 650 692 694 701 710 747 816 848 850
17 562 581 616 623 635 645 656 658 661 687 745 749 753 772 774 777 814
27 560 578 587 603 611 615 620 626 643 649 654 677 679 687 689 703 741 766 769 775 778 789 801 813 840 855 857
14 592 598 607 637 656 670 714 752 755 768 801 824 842 855
16 568 594 600 611 653 674 688 699 704 724 759 785 812 836 848 851
12 599 611 655 663 672 705 714 727 735 772 780 844
20 588 611 622 659 671 675 686 687 700 713 714 737 747 782 795 812 814 825 852 857
17 607 620 655 669 676 691 697 699 711 759 791 792 808 812 816 825 847
17 581 592 603 612 617 627 631 650 697 704 737 742 751 755 771 773 849
17 566 580 625 635 639 656 704 736 738 757 787 802 836 839 848 849 856
13 575 580 583 584 587 659 663 667 672 683 688 722 726
12 583 603 621 662 676 706 710 770 772 809 814 816
12 570 589 629 641 665 676 681 730 738 780 826 839
17 577 601 639 644 650 695 705 707 725 758 782 802 809 825 826 852 857
17 573 619 620 624 640 646 654 750 780 785 795 797 800 828 844 848 856
11 597 600 614 645 665 787 814 817 842 852 859
10 575 598 603 702 712 736 754 793 818 826
13 576 590 607 628 666 687 693 722 736 757 793 795 800
18 576 577 580 583 610 642 646 702 703 709 720 741 750 751 778 814 820 857
17 578 596 597 632 650 691 692 739 744 770 774 781 783 795 806 817 820
12 599 607 617 627 638 664 696 702 711 769 779 811
16 582 602 631 646 654 672 673 677 718 730 746 765 795 818 853 855
22 579 625 645 665 666 677 684 685 686 687 692 693 708 723 752 762 824 836 848 854 856 859
17 595 596 614 643 696 697 709 738 740 748 780 782 785 791 837 842 858
9 608 652 682 687 694 711 726 772 804
11 604 647 669 676 687 714 715 738 751 799 835
15 589 642 649 682 701 712 729 751 753 785 792 793 801 828 832
10 591 646 649 693 705 715 719 722 757 822
17 599 619 632 635 644 651 687 690 710 711 733 765 766 771 823 841 859
18 595 624 647 682 720 729 732 741 779 781 800 808 827 828 840 849 852 859
8 612 623 627 644 702 717 738 852
16 591 615 647 656 667 671 695 707 726 756 781 784 785 788 807 840
15 607 608 613 625 628 690 707 718 731 738 746 796 802 818 851
17 613 625 634 661 667 685 691 735 739 741 756 758 762 774 794 815 857
18 648 650 656 672 680 686 690 701 725 736 737 757 790 803 809 813 819 833
12 605 611 615 642 648 655 676 715 757 776 824 838
16 634 675 696 704 705 713 714 723 726 738 746 785 797 809 819 836
12 638 650 662 684 689 690 696 716 722 737 766 796
13 598 599 617 619 634 643 659 676 703 712 737 757 781
16 612 618 627 628 676 684 704 712 716 764 774 786 803 808 818 835
11 603 639 640 651 710 716 833 841 842 846 850
12 602 621 679 696 699 717 719 723 755 771 806 835
11 600 606 654 683 690 755 788 800 806 844 856
16 606 650 661 673 704 722 729 739 745 760 769 777 792 833 857 859
18 611 613 634 635 638 642 650 654 662 678 694 697 714 771 816 824 830 848
14 653 654 658 677 707 712 726 727 767 784 825 834 848 856
18 611 612 640 649 662 668 688 730 744 746 760 773 809 816 819 831 847 854
15 609 643 649 659 670 694 706 716 729 777 784 814 831 838 858
17 608 615 619 632 639 645 685 697 704 709 727 751 754 763 785 798 857
9 685 742 759 784 794 830 837 839 849
14 609 611 621 641 710 714 726 731 742 763 770 813 832 858
9 623 645 702 728 772 786 806 843 846
15 621 636 638 658 708 710 718 745 758 763 775 777 781 792 847
14 612 625 631 636 680 693 708 718 725 731 817 818 829 834
11 636 668 684 716 717 727 735 788 791 812 833
16 665 669 707 744 749 750 756 765 770 772 779 785 814 815 842 854
11 616 621 626 646 655 710 713 784 798 805 830
11 660 662 683 694 716 721 740 759 787 811 821
6 619 687 755 775 787 796
13 650 674 689 701 711 714 734 801 806 823 826 829 850
10 626 678 712 729 769 771 776 785 828 829
7 648 716 734 767 791 793 813
16 629 631 690 707 720 730 738 765 784 787 830 834 841 842 845 848
13 651 676 689 690 691 695 719 724 739 751 773 793 842
13 628 660 665 681 718 724 737 751 755 802 812 836 843
14 622 666 678 679 723 746 796 810 813 829 834 838 841 856
11 659 666 676 678 692 720 742 794 825 829 832
14 639 663 666 673 678 685 699 718 748 756 777 788 801 841
8 641 652 734 779 792 800 856 858
12 649 654 687 692 693 700 714 736 751 827 853 855
17 634 642 655 677 681 695 716 718 720 733 735 755 783 797 821 822 823
15 630 664 667 681 693 705 744 751 768 780 796 810 824 826 847
11 651 655 667 689 731 769 776 782 789 817 841
9 635 643 646 686 716 717 742 768 855
15 637 654 665 685 710 727 734 739 762 806 822 839 843 857 859
11 641 679 692 719 720 765 785 805 832 838 856
14 643 659 667 685 688 711 717 788 795 799 814 820 835 858
9 662 686 693 740 743 748 750 758 821
9 676 694 737 771 783 806 824 842 856
17 660 691 724 728 733 749 759 766 772 800 805 828 845 846 847 849 857
7 647 653 684 753 763 834 843
8 662 676 684 697 758 761 818 836
14 655 668 697 701 702 721 735 750 759 768 772 815 841 846
15 672 680 707 718 726 731 751 756 757 763 771 798 806 823 832
11 645 647 679 693 731 738 747 762 796 818 821
12 666 671 717 718 746 749 752 797 799 802 857 858
15 644 656 682 684 685 687 708 726 746 756 774 786 801 820 824
12 668 670 671 701 708 712 726 753 797 825 839 849
10 695 711 730 736 744 748 773 823 842 852
14 648 653 672 701 702 704 724 753 777 785 826 835 844 847
10 669 697 701 734 742 750 755 776 814 835
10 718 738 745 750 775 817 818 821 837 847
12 676 684 691 706 707 726 752 800 803 812 815 818
16 652 653 658 682 710 729 733 734 761 767 774 778 781 786 791 810
10 655 663 688 704 706 715 721 797 815 819
11 656 677 680 690 695 696 713 734 777 779 850
6 697 699 733 765 830 856
8 662 699 735 754 790 792 822 831
7 657 662 694 735 792 806 825
13 660 662 665 682 707 735 742 778 780 784 801 850 854
6 710 729 769 775 785 787
9 659 664 687 688 714 719 759 820 852
5 691 793 808 835 855
17 660 664 675 681 698 706 729 745 760 802 804 811 822 834 840 842 844
11 732 756 774 780 789 798 806 822 843 848 851
12 663 732 743 744 751 761 769 772 781 786 795 809
12 677 693 698 700 703 715 723 737 741 743 769 838
13 671 676 680 686 688 689 696 726 736 770 778 847 849
9 675 680 749 757 797 800 803 817 831
13 709 732 736 750 790 798 804 806 813 815 831 834 844
16 686 690 692 703 713 725 742 770 774 786 793 795 819 837 847 850
13 673 677 720 722 724 766 781 792 810 815 816 818 847
14 681 693 695 702 744 769 785 792 795 802 803 804 822 823
5 703 780 794 828 834
7 672 685 701 751 764 828 856
13 715 725 745 763 765 781 783 786 809 822 828 844 851
9 675 746 753 767 770 809 833 836 859
9 685 695 717 722 744 788 789 829 853
14 683 689 707 711 732 755 771 775 777 784 789 798 819 825
10 681 701 762 790 799 805 833 834 844 859
7 687 721 742 764 765 809 818
8 720 746 785 788 791 839 850 854
5 761 777 781 783 792
8 703 735 740 770 774 777 779 791
9 707 721 723 739 743 760 763 776 822
8 766 776 791 802 810 814 827 842
8 745 773 782 787 803 840 842 843
8 687 694 711 757 769 814 820 853
13 688 695 758 762 807 820 827 834 839 842 847 850 858
12 696 702 715 761 783 802 808 826 832 833 850 856
11 689 691 710 734 743 762 773 775 789 806 807
14 697 698 712 721 745 747 771 779 795 817 825 827 832 849
10 713 714 724 753 757 770 814 817 825 842
5 704 725 756 770 812
7 711 740 746 785 810 821 858
7 738 813 830 831 837 846 852
5 733 740 745 777 784
5 727 733 779 815 842
9 701 725 729 759 765 767 769 773 777
9 718 719 738 741 769 782 846 852 857
5 703 747 768 773 842
10 745 755 763 796 801 822 825 835 838 845
2 742 846
13 706 713 722 728 740 753 757 762 786 807 825 829 833
4 713 784 826 828
8 738 750 775 780 791 797 802 827
6 718 750 778 791 818 843
6 770 785 788 810 845 854
7 773 775 797 817 832 840 859
11 713 730 759 761 784 800 808 826 842 847 851
7 712 725 745 753 763 825 837
7 708 729 740 763 814 836 853
8 730 741 754 764 780 814 825 851
5 744 757 760 775 857
8 718 733 740 756 804 811 829 848
5 734 755 758 819 833
7 749 775 794 805 823 834 848
5 723 729 787 796 850
4 787 798 811 817
6 726 765 808 812 829 851
3 719 766 841
3 772 797 812
8 746 748 756 801 818 819 847 848
8 731 750 757 774 822 839 848 851
11 748 749 776 784 793 812 827 828 834 835 843
5 755 787 812 822 847
6 723 726 733 773 797 820
9 730 742 750 753 764 801 802 803 858
8 750 781 786 793 815 817 822 834
8 734 753 773 781 833 841 843 854
9 743 744 779 804 811 817 838 841 855
5 738 742 759 769 825
3 768 799 836
9 751 766 775 776 789 801 828 830 848
5 746 750 818 853 857
13 750 757 760 771 780 798 801 808 810 828 833 844 855
5 759 773 795 815 859
9 750 755 795 809 818 825 831 847 856
8 738 746 767 772 773 783 789 791
5 748 758 777 797 852
7 741 750 774 786 814 844 859
4 759 833 839 842
5 763 787 796 808 844
6 755 762 771 804 814 858
8 759 779 781 795 831 840 852 857
10 758 759 767 777 778 779 795 814 822 852
6 755 759 782 808 817 850
7 769 785 787 788 796 811 813
5 751 798 830 842 858
9 755 763 777 811 813 817 819 826 846
4 747 753 755 771
7 750 792 819 826 843 849 857
8 775 786 793 805 815 829 846 850
5 751 773 783 800 858
10 767 777 781 784 787 789 798 803 856 859
4 807 833 847 853
2 832 851
6 756 763 765 792 796 822
5 761 838 844 846 848
7 756 795 808 809 819 837 847
5 781 785 823 830 840
6 775 787 792 801 844 858
2 762 846
5 790 816 828 846 857
6 767 770 786 817 818 819
4 775 777 801 857
5 788 819 842 843 848
2 793 855
4 809 813 815 856
3 793 803 807
7 771 786 821 829 842 844 854
4 791 798 802 851
5 785 789 819 845 854
2 786 846
7 796 798 821 824 846 853 858
5 790 799 803 822 857
3 790 808 817
4 792 838 839 852
3 792 839 857
4 793 803 813 826
4 819 828 844 853
9 784 802 812 814 815 816 826 832 838
5 809 811 825 826 836
5 802 810 827 832 838
3 793 835 851
7 787 795 799 806 820 832 843
2 797 858
4 785 835 837 851
5 795 796 800 819 826
0
8 787 788 790 801 826 842 845 850
4 822 843 844 851
4 801 806 826 839
2 800 831
1 817
2 820 856
5 831 841 855 857 859
6 796 816 825 844 851 857
1 819
3 806 841 857
3 831 844 847
1 857
5 815 818 823 836 844
4 801 802 804 808
3 817 823 838
0
2 814 819
4 806 821 822 854
3 822 829 854
4 808 833 839 849
3 834 849 851
4 822 831 836 857
2 826 859
3 812 839 841
6 823 830 837 853 855 859
3 824 850 859
3 817 829 859
0
2 832 836
0
0
1 821
2 846 858
2 824 847
4 822 823 833 855
0
3 836 843 846
3 844 855 859
3 831 834 837
5 830 834 847 848 852
2 831 835
1 847
1 842
3 842 852 857
2 843 851
1 841
2 851 858
0
2 842 852
1 851
0
2 851 855
0
2 850 859
0
1 854
0
1 854
1 845
0
1 859
0
0
2 852 857
0
1 856
0
0
1 857
0
0
0
0
0
