7
7982 63
5419 8609
12279 15901
21280 22127
25534 28854
32746 38025
43555 48911
53164 55072
58283 63842
66546 71475
76018 78894
83864 88900
93309 97796
102097 103772
104561 107998
111601 114622
117735 122757
124691 128199
131789 136151
137937 139849
141519 143338
143453 147152
147686 152946
154136 158817
160882 163022
164617 170103
172023 176745
182215 185355
188591 189204
192104 195968
197892 201793
204859 205396
206183 208208
212802 215221
218207 223436
223510 225608
228976 231204
231512 235346
240136 242337
245300 248947
253772 256716
257893 261714
262443 262489
262674 266515
271031 273558
276933 280968
283342 284145
289104 290076
292706 295001
297882 298187
303566 306820
311224 315773
319393 324068
325002 325013
326491 327669
328253 332276
335760 338000
338301 338713
341167 346200
351242 354015
354734 358244
360146 361084
364692 367324
369531 372952
8202 10
5294 8721
11099 11313
15666 19380
19691 24375
26565 30441
35788 36489
39165 43992
47247 48900
51337 56698
60860 61500
1217 51
523 1043
1516 1623
1941 1961
2793 3328
4022 4227
4836 5016
5406 5979
6548 7213
7711 8072
8393 8506
8892 9546
10308 10854
11191 11475
12064 12521
13255 13283
13766 13794
13894 14462
15275 15986
16106 16382
16789 17342
17663 17667
18130 18612
19450 19973
20290 20558
20946 21391
22214 22322
22536 23255
23972 24373
24609 25162
25797 26337
26961 27117
27897 28354
28485 28834
29651 30327
30408 30910
31026 31364
31805 32162
32879 32937
33407 34143
34291 34894
35228 35268
35403 35701
36141 36566
37307 37334
37666 38274
38859 39042
39117 39869
40601 41030
41553 41797
42217 42727
43248 43648
6257 78
3643 6047
8452 12391
12828 16861
20208 23746
24775 26411
27061 29434
29930 31443
34082 35667
35959 39109
41492 42130
43705 46650
48775 51769
54284 57027
57115 60269
63098 65800
66548 69361
70420 73947
76004 80084
81833 83347
86782 90111
90770 92426
92777 94435
95554 98726
99318 102800
106196 106761
110165 110315
110678 113407
117551 120074
121485 123224
123430 125605
127396 129192
129311 130206
133524 136746
139639 142045
143552 146027
149715 151397
152179 154514
158841 160045
161956 163283
166183 170219
173648 174030
177575 179882
183244 185939
187706 188860
192030 193576
195082 196580
199875 203392
206026 209880
212110 214248
214857 218633
219801 223029
227050 229702
230624 231985
232868 237032
239346 242647
244313 244524
244724 247277
251349 255529
257697 260155
263410 266285
268072 270516
271112 271739
272250 274466
276902 279316
283121 285321
289519 290198
293300 297027
300853 301943
302322 305280
308800 311247
312474 315954
316557 318269
322489 324154
327053 327560
328896 329993
333846 337702
339265 340319
342319 343736
6824 10
4359 8126
8491 10257
12974 16084
18310 22218
22440 26560
30210 31265
35168 39014
43112 43267
45253 49542
53292 55512
1939 58
320 1656
2063 2803
3804 3979
4673 5274
5572 6518
6920 7954
9211 9309
10511 11051
11710 11746
12998 13919
15072 15351
15856 16213
16909 17928
18365 19040
19594 20085
20396 21644
22709 23804
24094 25173
25866 26781
27916 28711
29696 30444
31747 32792
33202 33776
34155 35226
36224 37408
37857 38639
38961 39162
39293 40336
40671 41623
42650 43333
44057 44328
44994 45557
46803 46848
47601 47824
48986 49483
49520 49574
50778 51467
52100 53252
53604 54344
54379 54798
55874 56175
56525 57365
58299 59424
60319 61408
61479 61546
61984 63152
63710 64883
65425 66606
67073 68048
69104 70045
71164 71768
72152 73082
73643 74964
75086 75431
76170 76304
76626 77791
78883 79183
80198 81502
1719 46
567 1026
1053 2057
3133 4145
4236 4455
4883 4892
6024 6865
6868 7941
8000 8710
9593 10421
11514 12599
13038 13194
14110 14304
14901 15209
15332 16082
16156 16252
16792 17562
18566 19639
20726 20925
20979 22116
22869 23757
24828 25953
26383 26812
27410 27992
28316 28436
29462 30299
30647 30914
32039 32241
33338 34115
35106 35568
35786 36943
37766 37943
38440 39128
40046 40786
41381 42026
43144 43486
43540 44719
45701 46573
47221 48274
49130 49670
49817 50835
51999 52483
52973 54100
54895 55502
56115 56625
57594 57795
58829 59200
