6
8421 8
1140 1775
6665 9136
13822 19656
24852 29906
34476 37676
41940 42519
47990 51976
57202 60998
676 84
280 322
512 932
1233 1240
1262 1334
1464 1854
2139 2345
2423 2436
2601 2789
2808 2862
2937 3228
3307 3600
4067 4349
4817 5184
5310 5363
5769 5941
6082 6168
6492 6767
6931 7042
7205 7676
7744 7915
8091 8378
8771 9137
9276 9330
9509 9966
10170 10323
10593 10767
11131 11543
11592 11943
12285 12458
12574 13007
13393 13781
13898 14265
14453 14828
15261 15492
15554 15801
16042 16326
16533 16970
17147 17302
17391 17404
17823 17831
18154 18198
18212 18553
18998 19019
19121 19392
19564 19798
20107 20433
20564 20947
21183 21407
21458 21515
21892 22004
22132 22596
22783 23111
23322 23526
23969 24255
24494 24517
24984 25437
25451 25465
25710 25946
26296 26755
26878 26928
27160 27204
27557 27629
27830 27840
28139 28181
28310 28649
28991 29022
29302 29514
29936 30271
30309 30557
30705 30881
31231 31351
31522 31778
32088 32449
32908 32918
33247 33348
33628 33996
34328 34385
34592 34742
34804 35217
35222 35521
35857 36282
36431 36590
36988 37406
37777 37840
4473 19
2344 4441
5914 8498
11626 11796
12590 13065
15437 16205
19272 20052
21787 21868
24153 26770
28535 28812
30315 33197
34139 34212
37252 38037
40153 40340
41291 43265
43786 45110
46095 48619
51735 51941
52843 53606
54521 56044
8206 83
1257 4228
6974 10245
10739 16134
20597 25347
25482 30015
35096 39054
39500 45066
49213 52445
56974 60437
60947 61784
63956 68691
73683 74397
80084 81514
84103 87522
91979 96214
100636 102574
103989 107397
108413 111547
115803 117228
119368 120556
124301 129881
130382 132348
134539 140075
140362 143601
143875 148127
153203 156672
157236 161630
162342 163381
167471 170395
172822 174641
179540 182334
183477 189192
194091 198007
201503 203478
204061 208629
209616 210100
212735 213184
215181 215355
217612 222325
226287 228111
232047 234895
238243 239484
242263 243525
248788 252976
258625 263776
268962 269684
275411 276132
281244 285551
287077 287342
291167 292217
293660 296485
301673 307360
308771 309659
310762 315441
319859 324870
326123 326477
327143 330419
332907 336605
339135 343154
344227 349539
351132 355231
357237 358081
358269 358910
360708 363866
365229 368341
372146 372249
377508 380923
382516 384097
384384 389831
393746 395209
397991 401445
406167 407703
411465 415525
415980 418917
421457 424838
425071 426014
428930 434128
435721 439897
444136 446425
451893 454015
455484 459100
460308 465264
467985 469849
8320 52
2681 7740
11392 16076
20589 21472
22785 24760
29132 32610
35179 39487
44301 47833
49390 53143
55510 59778
60180 61763
66742 72192
77644 78803
79456 82847
87943 90941
96290 100756
104161 108446
108529 112876
117447 120495
122955 126336
130529 135979
138084 142960
143265 148286
153635 158067
161374 163931
167652 169292
170621 172229
175493 179444
184248 185686
185816 188515
189369 191938
196771 199459
201882 203304
207338 210735
213773 215600
219181 221452
221674 223989
224072 225087
229411 233983
235686 236970
242464 245343
248846 251945
256686 257612
258664 259029
263002 266589
267511 269571
273312 278389
279745 282418
283997 287970
289875 295348
300470 303992
305123 306563
309038 314479
5972 89
3230 4114
4743 8668
8794 9206
10873 11003
15093 16221
19450 20206
23171 25752
26196 28405
29532 33470
36949 40423
43826 46510
48806 52094
53262 56882
57519 59084
59699 63314
64399 65237
68252 69923
73204 73652
76902 80820
81263 81368
85226 87095
88768 90319
92178 95276
97091 99005
101563 102582
105945 108375
110988 114851
118537 120134
124083 127035
129095 130398
134547 136221
138597 140646
142811 144955
147893 148782
152537 155678
156546 159368
161441 164971
167602 169097
170836 171293
171856 175698
177086 180993
184466 188094
189712 191838
194737 195409
198771 202858
203839 206423
208950 210572
211294 215449
218884 222971
223028 225413
227527 230252
231784 232162
233378 237238
238836 239425
242037 246002
249327 249694
252485 254283
257073 260655
263353 264098
266423 267661
267867 270151
273247 276741
277107 280607
283923 285490
285727 287988
291406 294660
296351 299955
303344 305777
306026 306813
307068 310093
310105 312556
314723 315068
316270 317228
317409 319964
320454 321016
322138 324990
328128 332177
333469 336473
340103 343433
346155 347953
351820 354022
354512 356384
360532 363207
363553 366623
370680 372736
373533 376331
378761 380003
381055 384054
384846 387389
