4
4804 27
1017 4190
5603 6046
8813 9612
12153 13571
13985 16859
19908 21435
24164 26533
29780 31466
32435 33880
35432 37312
38612 40765
44035 45309
46283 47995
50477 51317
53739 55148
57536 58634
60698 62196
65458 66969
67702 69845
70290 73091
73269 75616
77921 78274
80111 82496
84087 86118
89215 91304
92845 94304
95027 96000
8234 45
4634 7207
9604 13318
14222 19966
23764 29248
31398 33891
35900 38807
43849 49061
49294 54265
56851 61784
62958 66801
67265 68269
69218 71341
72148 72775
74227 76095
78741 81362
83396 88226
92769 94408
96131 98960
104098 104678
105765 105827
107951 110449
111263 111739
113524 115003
118956 123636
129125 133237
138192 141062
145977 148055
153730 153820
156215 157218
158070 163553
165525 170704
174776 178074
181402 183105
186774 191240
194152 198980
200562 201270
204808 204866
209065 209101
213482 217374
221250 222041
227553 232225
233904 235548
236763 242242
242724 247745
250146 251899
1131 21
370 1085
1759 2419
2755 3436
3915 4208
4461 4922
5458 6232
6307 6607
7121 7242
7254 7974
8393 8967
9232 9326
9525 9752
10524 10868
11356 11981
12184 12807
13330 13761
14268 14760
15352 15959
16060 16482
17014 17654
17824 17877
2770 60
1456 2060
2733 4446
5473 6037
6470 7235
7856 9070
10057 11033
12177 13817
15080 15657
17497 18141
19110 19634
20310 21870
23743 24336
26155 26345
26491 27113
28131 29936
31358 32739
34624 35961
37106 38978
39945 39992
41771 42027
42688 43875
45408 46836
47494 47698
48433 50115
51657 52923
54153 55994
57431 58537
59707 61242
62739 64003
65765 66196
67295 67363
68301 70164
71257 72086
73828 74360
74711 76115
76786 77730
78253 79614
81059 81550
82706 82916
84801 86289
87853 88851
90507 91644
93433 94503
95626 96047
97154 97432
98514 99465
99470 101022
102321 103469
104636 105883
106242 107028
107637 108637
109518 110887
111961 113264
114850 116406
116529 117719
118780 118795
120027 121493
123176 123784
125111 125317
126119 127403
