8
1756 53
964 1347
2177 2508
3364 4403
5412 5721
6332 6921
8073 8361
8476 8840
10037 10205
10734 11514
12671 13330
13573 14640
15412 16260
16280 17036
17118 17759
18957 19799
19943 20541
21180 21978
23150 23549
23753 24761
24816 25070
25449 26514
26660 27653
28242 29444
29636 30319
31153 31459
32054 33074
33558 33649
33992 34188
34516 35556
35892 36494
36663 37441
38579 39230
39673 40825
41605 41907
42281 43088
43195 43866
44265 44654
45854 46779
47570 48065
48323 48984
49948 50971
51602 51777
52207 52758
53034 53346
53416 53610
54170 54496
54697 55655
56022 56047
56289 57352
57427 58057
59200 59775
60947 61985
62384 62903
9600 77
610 2610
3104 3266
3671 6958
11399 14943
18624 20788
24041 24882
27668 32594
33974 37091
43754 48388
54743 60121
64126 67441
67495 70234
71545 72953
77062 79279
83536 88199
90941 92550
95285 99164
101760 102203
105389 107874
112543 115972
116395 121892
123118 124937
128621 134566
141217 147492
148307 154596
156376 159224
160198 165766
167256 168507
173194 175302
179969 186329
189161 191465
196466 201365
205788 207610
212127 212275
213838 218972
224667 230575
234839 237655
241760 245599
249983 250308
253387 257857
260686 266659
273347 274400
275383 280068
284330 288422
292228 293104
293612 297699
302423 306995
308504 311609
315292 315990
317176 317730
319099 320848
323861 327938
333588 336115
337248 338041
342330 344770
349770 354758
357950 364551
364760 367225
371133 372476
373739 374762
380881 385647
387549 390270
395170 396098
400832 406181
410702 414450
417703 420775
420838 426228
429630 436089
440620 441764
447228 449108
455560 460771
463573 465731
471822 475262
481197 485915
487432 492671
494360 499463
502127 502625
9217 52
4922 5453
10006 16347
21958 26989
27151 30890
34210 34358
35638 38809
39025 41963
48365 53703
58405 59842
61042 63232
66331 67823
68827 70331
72330 73889
77933 78108
81454 86013
91027 91645
93652 94689
95706 101223
101872 102829
103699 105911
110979 111933
115076 118574
121927 128267
128297 129076
131910 136479
137003 138186
141789 143838
149391 150195
154836 156668
158963 163724
164649 165838
168508 172198
176123 176493
181500 183233
188349 189194
190469 195398
198270 198799
201893 202053
204383 209003
210708 211974
213449 216504
218074 222322
226217 226527
232266 233629
238046 241015
244191 248776
251730 257730
260991 266645
270975 275970
280691 281397
281578 287543
289064 292422
4395 33
1588 2389
2715 4626
6583 6979
8481 10717
11083 13859
15996 16921
18949 19858
20816 21867
23982 25437
27128 28556
29857 31328
32493 34835
36430 36843
37447 39498
41769 44626
46049 46458
47606 50651
51860 52886
54362 55506
57609 60018
60074 61787
63375 64183
65474 67386
70061 71297
71680 71721
74052 74116
75804 78392
79523 82524
84779 86661
88694 90801
92258 94686
97137 97350
98728 99429
8823 84
1167 2847
4081 6941
12748 14338
19393 20261
23586 27380
33263 36858
38190 39125
43190 49214
51706 55031
57608 59087
63954 64132
66326 67483
71612 74501
78965 81603
85034 90108
93572 98979
105069 111170
112726 115155
116206 116283
121530 127200
128057 129743
131397 135857
137661 137790
141720 141916
147993 151731
157219 162515
167241 173008
176458 180787
184930 186388
190443 194125
195699 199335
199718 200597
203442 205736
206106 208124
209167 212260
216783 218559
222575 225059
230864 234750
240485 241307
245679 250508
255193 259215
261536 267232
268997 272739
278659 278784
283872 289937
293525 295443
299496 302033
303306 303648
309803 313792
316492 321811
323830 327714
328763 332959
335757 338360
340614 344295
345064 348649
352075 353272
358570 362330
368458 372920
374017 376443
380135 380555
384722 389342
393034 397988
403669 407265
412926 413245
414514 420614
425651 431401
432948 434959
437955 440213
443509 447886
452965 457656
461808 465603
468951 474769
475046 478822
481527 482302
485823 489916
494672 495064
496879 502151
507147 508168
509769 511273
515780 516652
517343 518963
524802 528614
529101 533774
538863 542803
4210 21
123 2611
5184 5708
6250 8587
10697 12271
13534 14874
16812 19328
21388 22083
22843 24785
25741 26513
28179 28813
28901 31494
33263 36196
37144 39500
40121 41174
42267 42304
44589 45409
45715 48181
48355 49867
51597 54513
55066 55127
57100 58945
981 65
495 956
1310 1649
2043 2670
2915 3151
3155 3836
3979 3988
4176 4354
4862 5054
5265 5823
6057 6249
6309 6660
7335 7717
7839 8051
8593 8933
9162 9648
9755 10430
10754 11218
11261 11525
11749 11875
12516 13191
13614 13645
14298 14624
14817 15475
15906 16397
16878 17009
17516 17648
17938 18446
18816 19464
20149 20618
21251 21487
21490 22064
22344 22705
22865 23029
23627 24206
24601 24794
25129 25655
25771 26220
26396 26752
26772 26825
27335 27953
28136 28207
28498 29003
29595 29730
29747 30326
31011 31167
31453 31576
31727 31863
32060 32710
33046 33676
33894 34287
34384 34936
35097 35146
35692 35738
36138 36547
37018 37470
38038 38292
38878 39302
39878 40013
40544 40764
41166 41196
41371 41656
42188 42772
43068 43651
44236 44242
44712 45116
3039 23
7 874
2844 4643
6217 7847
7982 9396
10929 12261
13149 14168
16113 16255
16871 17935
19923 20705
22114 24173
26094 26419
27218 28013
29044 31114
32904 32994
33447 35412
36091 36571
37567 39451
40735 42478
42630 42699
43958 45609
45733 46710
48142 50040
50455 52205
