1
1038 95
159 746
1185 1482
1926 2338
3017 3593
3956 4591
4692 5255
5380 5513
5793 5935
6558 7108
7657 7715
7763 8124
8727 9216
9738 10056
10347 10930
11473 12141
12552 12586
12610 13312
13531 13723
14030 14313
14315 14741
14817 14839
15561 16171
16510 16813
16818 17478
17545 18261
18841 19155
19650 20038
20375 20504
20716 21256
21827 22193
22319 22458
23070 23629
23877 24460
25111 25681
26247 26511
27151 27486
27995 28262
28711 29185
29603 30202
30409 30655
31040 31222
31478 32154
32707 32860
33195 33425
33815 34391
34821 35409
35707 36394
36959 37264
37724 38399
39003 39372
39995 40702
40961 41058
41558 42022
42193 42429
42607 43150
43231 43312
43528 43639
43811 44358
44472 44534
44650 45332
45994 46444
46843 47555
48087 48409
48716 48868
49380 49813
50158 50844
51278 52000
52568 52979
53186 53468
53500 53801
53980 54183
54563 55096
55712 56411
57069 57346
57471 57911
58047 58116
58397 58679
59102 59267
59493 59820
60032 60458
60644 60805
61314 61986
62161 62243
62265 62692
62832 63272
63726 64356
64803 65125
65571 66133
66487 66568
66859 66941
66993 67354
67968 68678
69387 69468
70101 70731
70863 71157
