6
3680 15
2361 2891
3534 5237
7438 9488
11181 12000
13727 15608
16501 18248
18588 20544
20745 22933
23366 25877
26700 29119
30344 31260
32537 32973
33015 33486
34980 36493
37306 37917
7931 93
5538 6633
8157 8704
9637 12213
16332 17582
18864 22300
26423 28058
29056 31791
32277 36729
40018 41755
44665 45279
46515 46629
50137 55117
60218 65662
66186 67984
73120 73465
74065 78060
83028 88550
93234 94255
94838 96903
97658 101202
104648 107205
111465 111731
112914 117982
118248 122344
124635 124947
130180 133139
134758 139843
143760 145612
147599 148796
148883 151462
154719 157151
162014 167532
171557 173948
174476 176965
182348 185028
186360 188367
193755 194408
196590 199440
204041 207888
212084 215448
215545 218548
223375 227645
229888 235144
238312 239777
242135 244062
248997 251033
255103 260263
264469 264706
270031 272266
275077 277155
277552 277899
282913 283416
283602 287368
289181 294178
297696 301483
304829 305455
306517 311124
312582 317167
317297 317378
321729 325270
329433 331217
334043 335837
338254 339619
340019 342849
346561 348449
348489 349564
350381 354473
355384 356854
359893 363009
365006 368829
370416 375492
379280 380086
383370 385893
388050 391561
394649 396343
401210 404036
404238 404702
407961 411815
414944 418818
419445 419488
421675 424711
428806 432931
434958 435094
440353 440727
441719 441887
442963 443656
447795 451628
454956 460476
460600 464876
468804 469938
475060 477947
478245 479239
481781 486870
8541 41
290 2237
2996 5602
9228 14162
17662 20937
22577 22746
24290 29826
35348 40420
45642 47984
49259 51818
56039 61290
65682 66575
70955 75976
80306 83328
85282 87232
89459 92823
96646 99144
99617 104573
106148 107368
109397 113111
117670 120291
124221 127094
130718 130939
131307 135231
136246 140532
141652 143019
146258 150030
152823 154565
156861 158024
158440 164055
168408 168526
168563 169778
170101 173608
177662 182801
183901 187640
190033 194691
199721 203178
207704 209289
212719 217162
219519 222112
226351 228620
233041 237746
3497 67
464 1772
2243 3625
5250 6264
8551 9609
11828 14233
14417 16368
16649 17939
19660 21200
22507 24379
26243 27534
28874 30816
30963 32021
34369 35110
37344 38550
38884 40497
42210 42953
43300 44632
46870 48107
48415 49814
50158 52461
53138 53575
55628 56609
57828 59031
60529 62828
63641 63794
65479 66189
66477 67288
67996 68383
70401 70672
73114 75441
76028 77192
78849 79345
80466 80757
82832 82910
84891 85420
85829 88170
88502 89879
90625 91296
91896 93805
94827 96966
97748 98200
99242 99624
100186 100696
101229 102579
103552 103735
105560 106796
108357 110132
110305 112487
114692 115470
115639 116366
117961 119483
120464 122716
123608 126012
126246 128610
128849 130675
132073 132593
134229 134247
135077 137081
138073 138530
140176 142260
142267 142558
143875 145638
145648 146400
146740 149077
151227 151602
152820 152913
154967 155913
3537 15
455 1909
3986 5537
7205 9208
11496 12590
15009 15848
15951 18302
20722 20734
22354 24275
26536 28873
30204 30899
31001 31207
33192 35271
35949 37585
39686 42114
43936 44037
9113 3
263 5321
7326 11527
16439 19373
