10
4219 33
1151 1285
4237 6962
8132 9867
12019 14023
14611 17190
17418 19917
20462 21782
23672 24114
26964 28089
29406 29702
30139 32168
34606 37425
39806 40169
40424 41451
42888 43791
44486 46159
47152 48056
49919 51228
52173 54681
57447 59686
61692 64171
66161 67438
68588 70738
71114 73834
74218 74562
75963 76330
77035 78041
78181 79204
82015 84360
84694 87195
87845 90195
92632 93598
94310 96403
2096 34
821 2281
3003 3547
4052 5372
5415 5604
6784 6938
7792 8681
9854 10691
11888 12864
14327 15783
16168 16823
17785 18775
19174 20315
21530 22384
22682 23251
23278 23413
24205 24308
24575 25690
26805 28133
29443 30552
31990 33385
34673 35957
36558 37939
38492 38934
40308 41175
41290 42067
42512 43161
44271 45412
46832 47864
48109 49206
50402 50592
51177 52577
52652 52910
53710 54499
55828 56762
6524 54
4550 6743
8763 10577
14775 18877
19548 19795
20066 22932
24962 27442
30560 34220
36256 37357
37611 41300
43878 46228
50287 51761
53705 57099
57105 58287
61828 63790
66891 69349
70196 74757
79002 81308
83095 85071
88993 89282
90772 93810
97161 97974
98949 100705
104126 104896
108918 109609
109791 111287
111866 114717
118718 120090
120903 125252
127068 129204
132294 135955
137278 138711
140827 142605
142619 146035
147691 151569
154801 156546
157757 161988
166032 169336
171387 174750
174998 179402
183794 184707
187845 188958
191640 194930
195880 199490
202191 204473
206547 209542
214086 215335
219158 221522
225299 226232
230676 230890
234413 235217
235504 238170
242643 246492
249748 252325
252697 256845
5042 81
2657 4466
6546 6696
9568 12705
15230 16929
17064 18801
22143 23652
25295 25477
25998 26288
29064 31381
33627 36467
39590 40367
41310 44834
45766 46496
47007 50483
53881 55228
55738 59130
59229 61607
64537 65439
67227 67629
70787 71127
73496 73732
73838 74934
75152 77115
80212 82185
82997 86461
87087 88077
90873 92147
93017 96527
100056 101247
102550 103858
105624 107658
110501 111015
114081 114214
116060 118440
118978 119329
122538 123146
124112 126463
128359 131287
132507 132909
134519 137260
139291 142760
144899 145439
147429 150171
150588 153537
155669 156524
157211 158089
160439 161675
162694 165904
165936 168203
168593 171651
171681 174610
174738 175676
177192 178082
179415 179566
180077 180120
181321 184154
184354 187795
188787 190393
190780 193760
194624 197692
198977 200584
203992 205826
207103 210104
213548 213762
217002 219088
220367 223655
226214 228191
229518 231169
233751 237204
237379 239885
241097 243890
246119 249522
252961 254258
256478 256842
259391 259739
260387 262846
263380 263826
266436 266647
269302 269490
272097 274296
274522 277595
9161 61
1145 7187
11284 11721
12535 13671
17639 17894
18040 22274
23541 24331
28161 29176
33778 34889
36070 41360
44194 49876
55161 59718
60806 64110
69664 71305
76178 77460
79926 81972
82600 84988
89852 94582
95981 97889
103980 104665
110815 111037
117256 121517
125020 129291
134270 139493
141428 142242
147103 148737
154855 158664
161589 163992
169728 171345
172698 175509
177762 183640
185073 187142
190981 192240
193143 195073
196992 201556
202647 206259
210052 211242
212934 217872
221230 226502
227171 227264
227851 232197
237671 239141
243145 249297
252774 253802
257913 260061
260783 263239
264350 268324
271493 277337
277759 278341
280352 281823
286556 289334
290121 294948
296004 301732
304543 307524
310538 312852
315579 320478
324817 329174
332227 333274
339339 344192
348391 354337
354442 358069
358770 364852
1659 59
1133 2049
2824 3127
3215 3836
3840 4643
5700 5871
6710 6995
7234 8245
9124 9612
9962 10902
11824 12338
13015 13958
14500 14891
15356 16154
16354 17028
17158 18073
18927 19330
19443 19545
20091 20678
21715 22356
23370 24034
25175 25306
25919 26577
27133 28279
28830 29020
29705 30841
31968 32053
33046 33662
33742 34160
34614 34916
36004 36703
37279 37318
37925 38373
38894 40041
41030 41931
42990 43783
44572 45152
45749 46417
46953 47092
48163 48464
48545 48851
49781 50005
50758 51747
52455 52741
53355 53475
54454 54722
55747 56425
57227 57629
57954 59056
60197 60755
60787 61290
62111 63091
63759 63990
64938 65600
66494 66813
67648 68430
69454 69645
70693 70841
71564 72095
72824 73262
2536 48
1106 1837
2852 3976
4906 5980
7679 8570
8609 9319
10663 12090
13370 13652
14708 15546
16726 17279
17701 18114
19092 19903
20371 22041
23133 24651
25251 26034
26305 27801
29269 30692
32324 32640
34404 35812
35997 36934
37729 39272
39336 40830
41480 42018
42143 42233
43205 44304
45050 46457
46548 48102
48677 50364
50844 51403
51807 53041
54565 56193
56418 57858
59474 61116
62017 63782
64019 64870
66432 66865
68319 68637
69950 70627
72037 73146
73509 74547
74813 76559
76614 77010
78526 79555
79898 80449
81194 82551
83135 84414
85405 86165
86763 88294
89175 89869
3907 24
77 1912
3026 5435
6683 8351
9119 9200
11076 13215
15469 15916
17558 19782
22156 23241
23468 25550
26511 27788
28497 28724
31114 32739
34335 36051
37541 39811
41440 42442
45008 46278
46917 47780
48211 49419
50632 53220
54249 55213
57015 57621
59259 60240
60287 62743
64616 67006
533 2
260 498
502 706
680 64
437 701
908 1017
1194 1628
2080 2277
2718 3075
3536 3991
4033 4371
4669 5105
5144 5613
6069 6108
6212 6326
6675 6955
7326 7562
7673 7998
8071 8266
8317 8765
9172 9308
9726 9821
10238 10681
10953 11421
11768 12071
12172 12296
12716 12755
13226 13664
14005 14144
14562 14861
15160 15350
15393 15664
15845 16103
16466 16852
17281 17314
17602 17822
18006 18211
18539 18669
18746 18914
19173 19206
19554 19632
20059 20347
20397 20564
20692 20693
21031 21423
21460 21520
21703 21957
22006 22262
22403 22640
23115 23340
23365 23442
23793 24216
24466 24808
24962 25157
25597 25707
25925 26397
26644 26987
27150 27446
27870 28133
28255 28534
28549 28719
28903 29292
29716 29792
30141 30204
30261 30689
30760 31100
31470 31600
32066 32512
