8
8674 76
3748 7626
10500 15020
20651 26253
29334 35020
40672 44862
50901 53977
59930 62312
66166 70360
71928 72600
77438 78071
78796 83504
83809 85949
90383 90385
92379 94838
98585 103635
103729 108548
110720 115690
118149 124159
128197 128317
129466 134634
137508 140920
143677 148776
151187 153307
153390 159428
162168 164281
166788 170370
175652 176191
181337 184396
190407 191857
193794 198396
203683 209477
210257 212528
214851 220582
223559 223918
229599 230004
233404 234805
240695 240725
244181 245739
246283 250566
254704 258898
262512 264758
267398 272973
275234 275787
276002 279300
284632 288135
292699 298110
299422 304817
309982 311114
311753 312879
316484 317249
322193 323551
326032 327510
327565 329160
330866 332513
333721 336648
338787 339108
344172 346966
350897 354685
359892 365473
370358 374782
378917 380047
381804 386288
388991 393436
394786 396337
399679 405130
407020 410787
414001 416049
421297 425544
431169 431382
435748 438261
439968 441772
442433 445853
448340 451605
452568 456137
461365 463794
467926 473849
4681 32
2350 3644
6916 7155
9456 11626
13689 14425
17700 20960
21019 21700
22260 23048
25207 25355
26870 29724
30763 31396
32174 32275
32849 35647
38909 40634
43736 44591
45305 46737
47577 48000
49833 52787
55497 56641
59789 60519
63303 63690
63860 64162
65137 65163
65715 67019
68314 69871
71513 71577
73234 76376
77367 78260
78920 80678
82093 85279
85332 87629
89260 89401
90382 90744
9556 30
2976 5410
6065 9534
16106 22303
22982 27552
31854 37309
42802 45794
52151 53754
56075 58749
63750 69932
73264 74344
78765 83965
85480 86828
90380 90878
95524 100035
101999 106302
111874 112567
113513 116834
121093 125900
132529 136939
141720 141903
143638 145076
149766 153238
159183 160254
164551 169002
169946 171503
177896 182593
183598 189715
195854 196135
198130 203019
206733 207269
4171 65
147 2865
5401 6788
8094 9257
9334 10971
11403 14279
15670 18380
19398 19415
20638 22520
25052 25422
27202 27894
29781 32385
33923 36500
36501 36984
38705 41456
42631 45193
47517 47683
50377 51845
54460 55735
57366 58950
60352 61795
62174 64488
65821 66627
68020 68712
68849 69615
71658 73851
76629 78724
81605 84411
85865 88019
90045 90747
93286 95661
96238 97831
99870 100680
101032 103020
105337 106390
108488 108954
109610 110719
112141 114124
114183 114637
116888 118557
121367 122711
123888 124632
124865 126148
127466 129207
131509 132656
132972 133857
134274 137085
138966 140395
142199 143667
144548 145317
147001 149791
152668 154272
155810 157915
159944 162673
164009 166118
166970 168976
171453 173584
176266 176705
178425 179816
179939 180167
181497 184349
184693 186586
189163 190363
190896 193027
193059 194311
195724 197896
5909 39
859 2330
6055 9255
12334 16384
20372 21064
25041 28500
29064 32687
33759 37695
40468 41926
42769 43380
47395 49842
51146 55280
56956 60282
62968 65023
69120 72152
76147 80035
83100 85872
89161 93218
94783 96184
97114 100980
104454 105704
108500 108795
110013 114147
115598 115808
117189 118386
120849 122824
123991 127026
130518 131305
134110 136842
137585 138286
138654 142582
146519 150171
150418 153349
156047 158177
161180 161992
162872 163385
167372 170033
173149 176020
176361 179035
181456 182171
7935 26
1237 4351
6697 7933
12490 13558
17673 17871
20648 25875
29814 33011
33698 35488
36985 38754
41707 42567
47099 48354
48416 53418
53629 58383
61212 64019
64041 65588
67341 68651
73319 76223
78027 80786
81627 86901
91277 94596
96753 98819
103099 103722
107201 109738
111816 115250
115268 119043
123022 124234
128414 130753
5538 2
13 3123
4747 7576
7863 85
40 147
3522 8434
10739 14226
19332 22530
26603 26709
27728 32916
35770 39944
41172 46309
51041 55148
60010 63503
66549 69244
72941 77981
79024 80812
84078 85539
89624 92569
97192 98892
98940 100624
101787 107112
112115 112211
116756 120561
125123 127703
132738 133614
138640 139201
140708 145827
149666 154318
154618 155220
158137 162916
168327 171631
176234 179411
180416 183784
184550 185916
186354 191374
194813 196115
200595 202954
206732 211562
211903 214176
215114 218460
220723 222505
222574 223285
224515 225876
229612 233101
233966 237193
239119 240796
243718 243932
244497 245139
246215 249370
254266 256976
257208 257277
257653 261148
265881 268182
272360 275698
277223 280936
282674 288063
293468 298290
298777 298891
302954 306884
308956 310767
315816 319918
321758 324607
329122 334294
337162 341045
341359 341616
346414 350749
351017 356303
357491 358427
363209 367452
368689 373184
378362 381030
383373 388088
392110 395838
396772 400355
404952 408032
408414 412020
414425 416584
418994 422028
427026 428383
429361 433947
437802 438987
440346 445359
449947 455201
456866 459691
463774 466733
468125 469663
472864 477927
478016 480474
