10
3181 57
2003 3612
3959 3973
4826 5111
6304 8204
8454 8929
10403 11043
13023 14653
16753 17939
18537 19097
19953 20886
22898 23971
24495 26355
28286 29136
29142 30466
31409 31772
32011 33124
33251 33951
35688 37344
37555 37823
39814 39991
41078 41624
41823 42313
43690 43939
45877 46150
46289 46892
47097 48517
50646 50750
51749 53345
54497 54971
55457 56462
57541 59636
61662 62887
64515 66624
67121 67210
68029 68935
71126 71769
73477 75010
75079 76012
76967 77772
79660 80367
81440 83665
84227 85408
87374 89293
89504 91232
93311 95332
97348 99293
99809 101475
102278 104362
104704 104818
106312 107704
109272 110478
111852 112423
114306 115168
115293 115802
116233 118375
120273 122335
123671 124683
6766 66
2063 5913
9669 10487
14471 16509
20778 21982
22511 25007
28809 30220
31395 33416
37901 41094
41846 45170
49086 52152
56686 61239
62510 63278
66303 69621
72997 76359
79495 81776
84524 85223
88973 92456
93910 95610
97092 97469
100349 101405
104621 107251
109334 113878
114547 118360
122459 126574
130951 132706
136729 137841
140120 140796
142451 147066
148984 151286
155546 155669
156980 161436
163005 167267
170011 171615
174942 177958
182066 182695
183868 185388
189832 191732
193396 193706
196161 200896
201313 204107
206261 209022
212937 216243
220217 221153
221402 224883
228597 232323
234233 235849
238185 239548
240525 242610
242869 245573
246370 248374
249119 253620
256148 258125
258680 259075
261155 261244
262247 263836
265296 268217
268711 273166
275867 276458
280766 284284
287267 290938
293393 296610
298454 298545
300809 304078
306576 307052
307147 308488
309791 314210
4688 85
1525 2613
4168 6105
6144 8522
9611 10328
10856 12866
14437 14953
17658 18313
21554 24770
27976 30557
32010 34480
35449 37954
40840 40898
40981 41533
44188 44700
45395 46311
49118 50595
53427 55871
58222 60166
62058 64895
65298 65429
66783 67465
70226 71443
73140 73562
73895 77031
77529 80381
80808 82487
83114 85357
87458 89142
90008 90056
92308 94430
94450 96327
97475 99616
101928 102984
103270 103523
103687 103705
104891 108019
110630 113736
115944 119048
121648 122870
125412 126739
128207 129399
131509 132290
132327 134054
135336 138028
138306 140000
142500 144793
146913 147587
148638 148814
151774 152096
155238 156160
157770 158633
160381 161939
163216 164877
167995 168395
168441 170157
173134 176316
178786 178860
180919 183067
185568 188055
191092 192177
194030 197053
199388 200486
203336 206512
209439 209803
211310 212445
215364 216630
218860 221622
223711 225249
225534 225914
227645 228886
230507 232256
232582 232943
233123 235391
237425 238397
240704 243701
244739 247335
250477 252725
255500 256918
258546 259702
259724 259914
262950 266042
267470 270617
273607 273797
274976 277947
278806 280078
8456 4
4486 4603
6259 8604
11065 13107
18757 21536
5204 33
1002 3145
4295 4420
6033 6344
6966 10245
10312 13086
13306 13460
15716 18065
18072 20912
23454 26626
26780 28070
28255 30501
30893 33200
33979 35799
36517 38633
40167 41650
44387 46896
49737 53116
53916 54378
55882 56226
57118 59346
60277 62346
64881 67051
68763 69529
70511 73294
74286 75412
77653 80325
81645 82169
84322 84784
87052 90443
93093 96660
97094 98521
99754 100375
100976 104403
868 80
461 816
1011 1125
1646 2137
2671 3161
3663 3934
4119 4157
4755 4956
5177 5728
6190 6446
6879 7466
8031 8256
8271 8801
8811 9287
9310 9436
9457 9545
10134 10563
10622 11177
11756 12278
12871 13056
13382 13733
13980 14217
14746 14927
15247 15305
15722 16226
16833 16952
17539 17655
17841 17868
17937 17946
18280 18337
18751 18806
19244 19773
20082 20455
21044 21547
21572 21849
22022 22177
22256 22390
22438 22601
22845 22977
23498 24085
24206 24471
24566 25014
25026 25537
26028 26320
26423 26484
26687 27068
27611 27994
28354 28905
29441 29855
30043 30208
30547 30989
31092 31651
32056 32362
32853 33231
33234 33448
33524 33993
34106 34585
34860 35024
35318 35540
35933 36071
36164 36690
37074 37572
37742 37896
38479 38897
38948 39213
39601 39799
39903 40189
40696 41090
41306 41636
41688 41894
42129 42648
43144 43158
43443 43875
44172 44446
44977 45390
45478 45702
46290 46611
47203 47406
47830 47920
48321 48323
48499 48861
4884 26
1400 4725
5607 7048
7325 9602
12687 14754
17368 19519
21778 22340
25708 27076
27295 29568
30381 31459
32057 34690
34903 38137
41053 42570
44373 44727
45754 48557
49953 51781
54634 56957
59028 59190
60427 62766
63776 64832
67046 69261
71305 74019
74161 77458
77669 77746
79882 81218
82940 86270
86679 88222
8930 30
1174 5199
7401 13183
16544 22145
24181 24233
28726 29807
33395 36915
39806 40357
44757 49887
55578 57056
61807 67645
67892 69974
72224 72507
78594 80619
82624 85391
86179 86223
87947 89237
93873 98769
99815 100868
106423 112520
115118 120742
124778 127168
133077 138378
143791 144138
144263 144543
150631 151642
155566 161098
166219 170891
173471 177673
181184 183005
188716 194859
6993 62
4525 6514
6911 10269
10883 14124
15485 17540
19387 19768
21121 25761
29092 32113
33656 38065
41191 43258
43814 46555
47303 50512
53231 57568
61059 61964
64944 65196
67777 70095
70807 74497
77848 81423
86102 88107
88641 91786
93029 96054
97202 98781
100920 103160
103301 107350
109221 112928
114432 118782
120190 124211
129095 131730
133085 135545
139068 143861
144659 148556
150783 152245
154253 156204
160468 163215
163718 165595
167518 168172
170857 175068
178262 180462
183669 185342
187955 192804
197049 199127
202786 203097
203610 206916
207927 212023
213057 213453
217695 218049
221358 221960
222373 225066
229701 233746
236045 236784
240865 245043
247085 251243
254622 257169
258710 261417
263576 265086
269052 269754
272906 276312
278074 278486
280512 284931
288315 291553
293985 298321
299264 300393
300790 304633
6079 42
438 1741
2671 2847
3421 5818
7821 12073
13711 14774
15444 19001
22664 24273
28475 30652
30725 31968
34714 35528
38308 40452
42631 44997
48369 48779
52207 56221
59001 62675
66831 69197
73127 74781
75212 75559
77231 78621
81127 84215
85306 88706
90975 91435
95265 96751
100662 101640
104017 104282
107061 110896
112988 115296
115750 117683
120918 121136
124213 127107
129456 132122
133668 136092
139594 142977
144694 147431
147924 149397
153155 156323
159576 162497
164135 165773
167762 169921
170976 173722
173884 176843
180221 183383
