6
2335 14
1191 1961
3158 3714
4864 6122
6344 7128
7204 8250
9215 10154
11655 11779
12514 12589
12926 14465
15645 17199
18750 19418
20791 20972
22445 23409
24322 25714
429 64
255 348
533 564
710 820
1022 1036
1261 1516
1559 1792
1965 2054
2163 2184
2302 2479
2535 2566
2678 2978
3109 3273
3477 3598
3767 3994
4132 4372
4505 4562
4732 4789
4894 4910
5163 5219
5477 5557
5560 5758
5879 6172
6227 6295
6348 6471
6616 6739
6938 7025
7048 7255
7316 7368
7389 7524
7644 7798
7949 8212
8471 8519
8811 8988
9237 9414
9568 9633
9931 9947
10067 10242
10366 10482
10681 10892
11023 11139
11286 11404
11487 11495
11727 11916
12134 12210
12398 12469
12761 12977
13010 13012
13167 13408
13441 13638
13903 13921
14145 14242
14294 14578
14682 14890
15165 15418
15611 15824
16037 16125
16205 16421
16609 16888
17145 17430
17661 17846
18081 18111
18175 18404
18506 18761
18763 18799
5238 14
1930 5329
7517 8248
11794 12615
15597 17357
18409 19404
19807 20059
22492 23697
24481 28081
30944 33994
34606 37666
40752 43038
44405 46312
46843 47930
49429 50628
7695 22
3924 4141
5833 7705
13076 15064
18066 22055
22754 26964
31842 34088
35060 37410
42562 43771
47753 50863
54139 56958
58412 60727
60729 60768
63065 67590
71778 76815
80941 85591
87892 88556
89937 94809
98214 102439
105737 106981
107542 109704
114198 118108
123146 123660
8087 93
129 3251
8564 13950
18834 24106
28118 32003
36457 39511
41258 44542
48007 52638
57809 60250
62672 68077
69200 69391
74055 77908
82053 85913
88620 89180
93960 95709
98026 99623
101930 103241
108453 112160
114016 117649
118699 119791
120836 123976
127894 132664
135413 139306
139472 144008
148619 153641
155580 158740
160019 160585
162893 167795
171054 174241
176092 181598
182382 184825
187110 191410
195105 197709
201972 207104
208820 210007
211450 214642
217406 219828
220079 220971
224208 227715
230232 232375
237023 238475
240641 241860
242864 246123
249608 254009
256145 258140
262067 265330
265858 268797
268882 270234
271220 272036
273631 277337
277775 283094
288631 290701
295405 300681
305786 311444
313341 315996
316637 318539
320514 321624
325489 330555
332454 337797
341840 346851
347675 352403
355873 359254
364230 367441
367591 371966
375279 375416
376845 381344
384694 389227
391027 395357
395467 399102
404229 409334
411962 412877
414547 417966
423024 428372
429369 429811
431795 433315
438418 441781
444124 446379
446436 447177
449501 450742
453383 454227
459376 460315
463126 465730
466953 470178
474806 476500
477013 481654
484108 486699
489906 489968
492888 495819
500949 506319
506345 509233
514141 515765
519533 524102
529149 531403
533166 535769
6804 39
562 1664
3899 6370
9455 9816
12573 16102
19753 23477
27502 27863
28450 30042
34761 36226
40766 40823
42815 45188
46408 47049
49603 54185
55400 59051
59115 60259
63225 65116
68704 70027
70631 71607
75167 79766
83054 84620
88827 93077
95018 98254
101773 105911
107061 111255
112751 113852
115438 116094
117997 119619
123709 128119
129169 132788
136186 136342
140393 143145
144015 146199
150904 153050
157104 161827
164198 167992
170329 174954
178393 180045
184071 185179
188484 192235
194134 194976
