3
8388 42
5389 10901
15542 19307
24979 30486
35968 38374
42974 44522
50132 50653
51728 56582
59586 61574
64041 69179
71484 74067
75377 80189
81782 85514
89150 90804
93568 99178
100179 103939
109035 110380
110500 114541
116337 118508
120489 125746
129832 131185
131653 135691
136012 140344
143689 145278
147192 151580
157390 160543
161168 162909
163762 165094
166474 168435
170737 172828
177070 180261
182196 185355
188194 192130
195599 198092
200481 206255
206553 210354
214575 215143
218632 219768
224040 229737
233076 235385
240894 241070
241749 247467
247905 252027
879 27
418 811
1387 1612
1661 1760
1920 2259
2547 2835
3211 3272
3829 4356
4905 5182
5460 5806
6308 6685
6713 7305
7869 8048
8169 8464
8473 8850
9146 9735
10189 10724
11007 11054
11663 11764
12228 12784
12811 13185
13775 14213
14613 14745
15331 15537
15587 16070
16450 16882
16883 17443
17517 17838
3083 41
1497 3174
4513 5845
7364 9232
9663 10678
12175 13424
14060 14603
15775 16417
17277 18555
19756 21823
23568 24021
25118 26031
27071 28957
29786 30008
31657 31797
33431 35142
37272 39123
39208 40293
40575 42210
43519 44738
46182 47928
48239 50089
51514 52964
53730 55449
56858 58728
58904 59213
60309 62285
63685 64561
66184 66304
67455 68284
69729 70490
71120 73252
74286 74432
74962 75988
77631 78872
79069 80341
81543 83055
83857 85825
86563 86688
87898 88699
90725 92407
93586 95156
