1996 7
0
0
0
0
0
0
0
0
0
0
0
0
0
0
0
0
0
0
0
0
999
999
999
999
999
1000
1000
1000
1000
1000
1000
1000
1000
1000
1000
1000
1000
1000
1001
1001
1998
1999
1999
1999
1999
1999
2000
2000
2000
2000
2000
2000
2000
2000
2000
2000
2000
2000
2000
2001
2998
2999
2999
2999
2999
2999
2999
3000
3000
3000
3000
3000
3000
3000
3000
3000
3001
3001
3001
3001
3998
3998
3999
3999
4000
4000
4000
4000
4000
4000
4000
4000
4000
4001
4001
4001
4001
4001
4001
4001
4997
4998
4998
4999
4999
5000
5000
5000
5000
5000
5000
5000
5001
5001
5001
5001
5002
5002
5002
5002
5997
5998
5998
5999
5999
5999
5999
6000
6000
6000
6000
6000
6000
6002
6002
6002
6002
6002
6002
6003
6997
6998
6998
6998
6999
7000
7000
7000
7000
7000
7000
7000
7001
7001
7001
7002
7002
7002
7003
7003
7997
7997
7998
7998
7999
7999
7999
8000
8000
8000
8000
8001
8001
8001
8001
8002
8002
8002
8003
8003
8997
8997
8998
8998
8999
9000
9000
9000
9000
9001
9001
9001
9001
9001
9001
9001
9001
9003
9004
9004
9997
9997
9999
9999
9999
10000
10000
10000
10000
10000
10000
10000
10001
10001
10001
10001
10002
10004
10004
10004
10997
10997
10999
10999
10999
11000
11000
11000
11001
11001
11001
11001
11001
11001
11001
11002
11002
11004
11004
11005
11996
11997
11999
11999
11999
12000
12000
12000
12001
12001
12001
12001
12001
12001
12002
12002
12002
12003
12004
12004
12996
12997
12998
12999
13000
13000
13001
13001
13001
13001
13001
13001
13001
13001
13002
13002
13002
13003
13004
13005
13996
13997
13997
14000
14000
14000
14000
14001
14001
14001
14001
14001
14002
14002
14002
14002
14002
14003
14004
14006
14996
14998
14998
15000
15000
15001
15001
15001
15001
15001
15001
15001
15001
15002
15002
15002
15002
15004
15005
15006
15997
15997
15998
15999
16000
16000
16000
16001
16001
16001
16001
16001
16001
16002
16002
16002
16002
16004
16005
16007
16996
16998
16998
16998
17000
17000
17000
17000
17000
17001
17001
17001
17002
17002
17002
17002
17002
17004
17005
17006
17997
17998
17998
17998
17999
18000
18000
18000
18001
18001
18001
18001
18001
18002
18002
18002
18003
18005
18005
18007
18997
18997
18998
18998
18999
19000
19000
19000
19001
19001
19001
19001
19002
19002
19002
19003
19003
19005
19006
19007
19997
19997
19998
19999
19999
20000
20000
20000
20000
20001
20001
20002
20002
20002
20002
20002
20003
20006
20006
20008
20997
20997
20998
21000
21000
21000
21000
21000
21000
21000
21001
21002
21002
21002
21002
21002
21004
21006
21006
21008
21996
21997
21997
22000
22000
22000
22000
22000
22000
22001
22001
22002
22002
22003
22003
22003
22004
22005
22006
22008
22996
22997
22997
22999
23000
23000
23000
23001
23001
23001
23001
23002
23002
23003
23003
23004
23004
23005
23005
23008
23996
23997
23998
24000
24000
24000
24000
24001
24001
24001
24002
24002
24002
24003
24004
24004
24004
24004
24005
24007
24997
24997
24997
25000
25000
25000
25001
25001
25001
25001
25002
25002
25002
25002
25003
25004
25004
25004
25005
25007
25996
25996
25997
25999
26000
26000
26000
26001
26001
26001
26002
26002
26002
26002
26003
26004
26004
26004
26004
26007
26996
26996
26997
26999
26999
27000
27000
27001
27001
27002
27002
27002
27002
27002
27003
27004
27004
27004
27005
27008
27995
27996
27997
27998
27999
28000
28000
28001
28001
28002
28002
28002
28003
28003
28003
28003
28004
28005
28006
28008
28994
28995
28997
28998
28999
29000
29000
29001
29001
29002
29002
29003
29003
29003
29003
29004
29004
29006
29006
29009
29994
29995
29997
29997
29999
30000
30000
30000
30002
30002
30002
30002
30003
30004
30004
30004
30004
30006
30007
30009
30994
30995
30997
30997
31000
31000
31000
31001
31002
31002
31002
31002
31002
31004
31004
31004
31004
31007
31007
31009
31994
31995
31996
31997
32000
32000
32001
32001
32002
32002
32002
32002
32003
32004
32004
32004
32005
32007
32008
32009
32993
32995
32996
32997
32999
33000
33001
33001
33001
33001
33002
33002
33003
33003
33005
33005
33005
33006
33008
33009
33992
33994
33996
33996
33999
33999
34000
34001
34001
34002
34002
34003
34003
34003
34004
34004
34005
34007
34008
34010
34992
34994
34995
34997
34998
34999
35000
35000
35001
35001
35002
35003
35003
35004
35004
35004
35005
35007
35007
35010
35992
35993
35995
35997
35998
35999
36000
36000
36000
36002
36002
36002
36003
36004
36005
36005
36005
36006
36007
36010
36993
36993
36995
36998
36998
36998
36999
37000
37000
37002
37002
37002
37002
37004
37005
37005
37006
37006
37006
37010
37993
37993
37995
37998
37998
37999
37999
38000
38001
38002
38003
38003
38003
38004
38005
38005
38006
38007
38007
38011
38993
38994
38994
38997
38999
38999
38999
39000
39001
39002
39003
39003
39004
39004
39004
39006
39006
39007
39008
39010
39992
39993
39994
39998
39998
39998
39999
40000
40001
40002
40003
40003
40003
40004
40005
40006
40007
40007
40009
40010
40991
40993
40993
40997
40998
40998
40999
41000
41000
41001
41002
41002
41002
41004
41005
41006
41006
41008
41009
41009
41990
41992
41992
41997
41997
41998
41999
42000
42000
42001
42002
42002
42002
42004
42006
42006
42007
42008
42009
42009
42989
42992
42993
42997
42997
42997
42999
43000
43000
43001
43002
43002
43003
43004
43006
43007
43007
43007
43008
43009
43988
43992
43993
43997
43997
43998
43999
43999
43999
44001
44002
44002
44002
44004
44006
44007
44007
44008
44008
44009
44987
44992
44992
44997
44998
44998
44999
45000
45000
45001
45001
45002
45003
45004
45007
45007
45008
45008
45008
45010
45986
45992
45992
45997
45998
45998
45999
45999
45999
46001
46001
46001
46003
46005
46007
46007
46008
46008
46009
46010
46986
46992
46993
46997
46998
46998
46998
46999
46999
47000
47000
47001
47004
47005
47007
47007
47008
47009
47009
47010
47986
47993
47993
47998
47998
47998
47998
47998
47999
47999
48000
48001
48004
48005
48007
48007
48008
48008
48009
48011
48986
48992
48993
48997
48998
48998
48998
48999
48999
49000
49000
49001
49004
49005
49006
49008
49008
49009
49009
49010
49986
49992
49993
49997
49997
49998
49998
49998
49999
49999
50000
50001
50004
50005
50006
50008
50008
50008
50009
50010
50986
50992
50994
50997
50998
50998
50998
50998
50999
50999
51001
51001
51004
51005
51006
51008
51008
51008
51010
51010
51986
51993
51994
51997
51997
51998
51998
51998
51998
52000
52000
52002
52005
52005
52005
52008
52008
52008
52010
52010
52985
52993
52994
52997
52997
52998
52998
52999
52999
52999
53000
53002
53004
53005
53006
53008
53008
53009
53009
53010
53985
53994
53994
53997
53998
53998
53998
53999
53999
53999
54000
54002
54004
54004
54006
54007
54008
54008
54009
54011
54985
54994
54994
54997
54997
54998
54998
54998
54999
55000
55001
55003
55003
55004
55006
55007
55007
55008
55009
55011
55984
55994
55995
55997
55997
55998
55998
55999
56000
56001
56001
56003
56003
56005
56006
56007
56007
56008
56008
56011
56984
56994
56996
56997
56997
56997
56998
56999
57000
57001
57002
57003
57003
57005
57007
57007
57007
57007
57008
57011
57984
57994
57996
57996
57997
57997
57998
57999
58001
58001
58002
58002
58004
58006
58007
58007
58008
58008
58009
58012
58985
58994
58995
58996
58997
58997
58998
58999
59000
59000
59002
59002
59005
59007
59007
59007
59008
59008
59009
59013
59985
59993
59995
59996
59997
59997
59998
59998
59999
60001
60001
60002
60005
60006
60006
60007
60008
60008
60009
60013
60985
60994
60995
60996
60997
60998
60998
60998
60999
61001
61002
61003
61005
61005
61006
61007
61008
61009
61009
61012
61986
61994
61995
61996
61997
61998
61998
61999
61999
62001
62001
62004
62005
62005
62006
62008
62008
62008
62009
62011
62986
62994
62996
62996
62997
62998
62998
62998
62999
63001
63002
63005
63006
63006
63006
63007
63008
63009
63009
63010
63985
63994
63995
63995
63997
63997
63998
63998
64000
64002
64002
64004
64006
64006
64006
64006
64007
64009
64010
64010
64984
64994
64995
64996
64998
64998
64998
64999
65000
65002
65002
65004
65005
65006
65006
65006
65007
65009
65010
65011
65985
65995
65995
65996
65998
65998
65999
65999
66000
66002
66002
66004
66005
66006
66006
66007
66007
66008
66009
66011
66984
66995
66995
66996
66998
66998
66999
66999
67000
67001
67002
67004
67006
67006
67006
67007
67007
67008
67010
67012
67983
67994
67995
67996
67998
67998
67999
67999
68000
68001
68001
68004
68005
68006
68006
68006
68007
68008
68010
68012
68984
68994
68995
68996
68998
68998
68998
69000
69000
69001
69001
69004
69005
69005
69005
69007
69007
69008
69010
69012
69984
69994
69995
69996
69998
69998
69998
70000
70001
70001
70001
70004
70004
70005
70005
70007
70007
70009
70009
70013
70985
70994
70994
70996
70997
70998
70998
70999
71000
71001
71002
71003
71004
71005
71005
71008
71008
71008
71009
71014
71985
71994
71994
71996
71998
71998
71998
71998
72000
72001
72002
72003
72004
72005
72005
72008
72008
72008
72009
72014
72985
72994
72994
72996
72997
72998
72998
72999
73000
73002
73002
73003
73004
73005
73006
73007
73008
73008
73010
73014
73985
73994
73994
73996
73997
73997
73999
73999
74000
74001
74002
74004
74004
74004
74006
74007
74007
74008
74011
74013
74984
74994
74994
74996
74996
74997
74998
74999
74999
75001
75002
75003
75004
75004
75007
75007
75007
75009
75011
75013
75984
75994
75994
75996
75997
75997
75998
75999
75999
76001
76002
76003
76004
76004
76007
76007
76008
76009
76012
76013
76984
76994
76994
76996
76996
76997
76998
76999
76999
77000
77002
77003
77003
77005
77007
77007
77007
77010
77012
77012
77984
77994
77995
77996
77997
77997
77998
77999
77999
78000
78002
78003
78004
78005
78006
78006
78008
78010
78012
78013
78984
78994
78994
78995
78996
78997
78998
78999
78999
79000
79002
79003
79003
79005
79006
79007
79007
79010
79012
79013
79984
79993
79994
79994
79996
79997
79998
79999
79999
80001
80001
80004
80004
80004
80005
80007
80007
80010
80012
80013
80983
80993
80994
80995
80997
80997
80998
80998
80999
81001
81002
81004
81004
81005
81005
81006
81008
81011
81012
81013
81983
81992
81994
81995
81996
81997
81997
81999
81999
82001
82002
82003
82005
82005
82005
82006
82008
82011
82011
82013
82983
82992
82993
82995
82996
82997
82998
82998
82999
83001
83003
83003
83004
83005
83005
83006
83007
83010
83011
83012
83983
83992
83992
83994
83996
83997
83998
83998
83998
84001
84002
84003
84004
84005
84005
84006
84008
84009
84011
84012
84983
84992
84992
84995
84995
84997
84997
84998
84999
85002
85002
85002
85004
85004
85005
85005
85007
85009
85010
85012
85983
85992
85993
85995
85996
85997
85997
85998
86000
86001
86002
86002
86003
86004
86005
86005
86007
86009
86010
86012
86982
86992
86993
86995
86996
86996
86997
86999
87000
87000
87002
87002
87002
87003
87004
87005
87008
87009
87010
87012
87981
87992
87993
87994
87995
87997
87998
87999
88000
88000
88002
88002
88003
88004
88004
88007
88009
88010
88012
88982
88992
88992
88994
88994
88997
88998
88999
89000
89000
89002
89002
89002
89003
89005
89007
89009
89010
89012
89982
89991
89992
89994
89994
89997
89997
90000
90000
90001
90001
90002
90003
90003
90005
90006
90008
90011
90012
90982
90991
90991
90994
90994
90996
90997
90999
91000
91001
91001
91003
91003
91003
91005
91006
91009
91011
91012
91982
91991
91991
91994
91994
91997
91997
91999
92000
92001
92002
92002
92003
92004
92005
92006
92010
92010
92011
92981
92990
92991
92994
92994
92996
92997
93000
93000
93001
93002
93002
93004
93004
93005
93005
93010
93010
93011
93981
93990
93990
93993
93995
93995
93997
93999
94000
94000
94002
94003
94004
94004
94005
94005
94010
94010
94011
94981
94990
94990
94992
94995
94995
94997
94998
94999
95000
95002
95003
95004
95004
95005
95005
95009
95010
95011
95981
95989
95990
95992
95994
95995
95996
95998
96000
96000
96003
96003
96004
96004
96005
96006
96009
96010
96010
96980
96989
96990
96991
96994
96995
96996
96997
96999
97000
97002
97002
97003
97005
97005
97006
97008
97010
97010
97980
97989
97991
97992
97994
97996
97997
97997
97998
98000
98002
98002
98003
98005
98005
98005
98008
98009
98010
98980
98989
98991
98992
98994
98997
98997
98997
98999
98999
99001
99002
99003
99005
99005
99005
99007
99008
99010
99980
99990
99991
99993
99995
99996
99997
99997
