3994 4
0
0
0
0
0
0
0
0
0
0
0
0
0
0
0
0
0
0
0
0
0
0
0
0
0
0
0
0
0
0
0
0
0
0
0
0
0
0
0
0
999
999
999
999
999
1000
1000
1000
1000
1000
1000
1000
1000
1000
1000
1000
1000
1000
1000
1000
1000
1000
1000
1000
1000
1000
1000
1000
1000
1000
1000
1000
1000
1000
1000
1001
1001
1001
1001
1001
1999
1999
1999
1999
1999
1999
1999
1999
1999
1999
2000
2000
2000
2000
2000
2000
2000
2000
2000
2000
2000
2000
2000
2000
2000
2000
2000
2000
2000
2000
2000
2000
2000
2001
2001
2001
2001
2001
2002
2002
2998
2999
2999
2999
2999
2999
2999
2999
2999
3000
3000
3000
3000
3000
3000
3000
3000
3000
3000
3000
3000
3000
3000
3000
3000
3000
3000
3000
3000
3000
3000
3000
3001
3001
3001
3001
3001
3002
3002
3003
3998
3998
3999
3999
3999
3999
3999
3999
3999
3999
3999
3999
4000
4000
4000
4000
4000
4000
4000
4000
4000
4000
4000
4000
4000
4000
4000
4001
4001
4001
4001
4001
4001
4001
4001
4001
4001
4001
4002
4003
4998
4998
4998
4999
4999
4999
4999
4999
4999
4999
4999
4999
4999
4999
4999
5000
5000
5000
5000
5000
5000
5000
5000
5000
5000
5001
5001
5001
5001
5001
5001
5001
5001
5001
5001
5001
5002
5002
5002
5003
5998
5998
5998
5999
5999
5999
5999
5999
5999
5999
5999
5999
6000
6000
6000
6000
6000
6000
6000
6000
6000
6000
6001
6001
6001
6001
6001
6001
6001
6001
6001
6001
6001
6001
6001
6002
6002
6002
6002
6003
6997
6998
6998
6999
6999
6999
6999
6999
6999
6999
6999
6999
6999
7000
7000
7000
7000
7000
7000
7000
7000
7000
7000
7001
7001
7001
7001
7001
7001
7001
7001
7001
7001
7001
7001
7001
7002
7002
7002
7002
7997
7998
7998
7998
7998
7999
7999
7999
7999
7999
7999
7999
7999
7999
8000
8000
8000
8000
8000
8000
8000
8000
8000
8000
8000
8001
8001
8001
8001
8001
8001
8001
8001
8001
8001
8001
8002
8002
8002
8003
8997
8997
8998
8998
8998
8999
8999
8999
8999
8999
8999
8999
9000
9000
9000
9000
9000
9000
9000
9000
9000
9000
9001
9001
9001
9001
9001
9001
9001
9001
9001
9001
9001
9001
9002
9002
9002
9002
9003
9003
9997
9997
9998
9998
9998
9999
9999
9999
9999
10000
10000
10000
10000
10000
10000
10000
10000
10000
10000
10001
10001
10001
10001
10001
10001
10001
10001
10001
10001
10001
10002
10002
10002
10002
10002
10002
10002
10002
10002
10004
10997
10997
10998
10998
10998
10998
10998
10999
10999
10999
11000
11000
11000
11000
11000
11000
11000
11000
11001
11001
11001
11001
11001
11001
11001
11001
11001
11001
11001
11001
11001
11001
11002
11002
11002
11002
11002
11002
11003
11005
11997
11997
11998
11998
11998
11998
11998
11999
11999
11999
12000
12000
12000
12000
12000
12000
12000
12000
12000
12001
12001
12001
12001
12001
12001
12001
12001
12001
12001
12001
12001
12002
12002
12002
12002
12002
12002
12003
12003
12004
12997
12997
12997
12997
12998
12998
12998
12999
12999
12999
13000
13000
13000
13000
13000
13000
13000
13000
13000
13000
13000
13001
13001
13001
13001
13001
13001
13001
13001
13001
13001
13001
13001
13001
13002
13002
13002
13003
13003
13003
13997
13997
13998
13998
13998
13998
13999
13999
13999
13999
13999
13999
13999
14000
14000
14000
14000
14000
14000
14000
14000
14000
14001
14001
14001
14001
14001
14001
14001
14001
14001
14001
14001
14002
14002
14002
14003
14004
14004
14004
14996
14997
14998
14998
14998
14999
14999
14999
14999
14999
14999
14999
15000
15000
15000
15000
15000
15000
15000
15001
15001
15001
15001
15001
15001
15001
15001
15001
15001
15001
15001
15002
15002
15002
15002
15003
15003
15004
15004
15004
15997
15997
15998
15998
15998
15999
15999
15999
15999
15999
15999
15999
15999
15999
15999
16000
16000
16000
16001
16001
16001
16001
16001
16001
16001
16001
16001
16001
16001
16002
16002
16002
16003
16003
16003
16003
16003
16003
16003
16004
16996
16997
16997
16998
16998
16998
16998
16999
16999
16999
16999
16999
16999
16999
17000
17000
17000
17000
17000
17001
17001
17001
17001
17001
17001
17001
17001
17001
17002
17002
17002
17002
17003
17003
17003
17003
17003
17004
17004
17004
17995
17996
17998
17998
17998
17998
17998
17999
17999
17999
17999
17999
17999
18000
18000
18000
18000
18000
18000
18000
18000
18001
18001
18001
18001
18002
18002
18002
18002
18002
18002
18002
18002
18003
18003
18003
18003
18004
18004
18004
18995
18996
18998
18998
18998
18998
18998
18999
18999
18999
18999
18999
19000
19000
19000
19000
19000
19000
19000
19001
19001
19001
19001
19001
19001
19001
19002
19002
19002
19002
19002
19003
19003
19003
19003
19003
19004
19004
19004
19004
19995
19997
19998
19998
19998
19998
19998
19999
19999
19999
19999
20000
20000
20000
20000
20000
20000
20000
20000
20000
20001
20001
20001
20001
20001
20001
20002
20002
20002
20002
20002
20003
20003
20003
20003
20003
20004
20004
20004
20004
20995
20996
20998
20998
20998
20998
20998
20999
20999
20999
20999
21000
21000
21000
21000
21000
21000
21000
21000
21001
21001
21001
21001
21001
21001
21001
21001
21002
21002
21002
21003
21003
21003
21003
21004
21004
21004
21004
21004
21005
21995
21995
21997
21998
21998
21998
21998
21999
21999
21999
21999
22000
22000
22000
22000
22000
22000
22000
22001
22001
22001
22001
22001
22001
22001
22001
22001
22002
22002
22002
22002
22003
22003
22003
22003
22004
22004
22004
22004
22006
22994
22995
22997
22998
22998
22998
22998
22999
22999
22999
22999
22999
22999
22999
23000
23000
23000
23001
23001
23001
23001
23001
23001
23001
23001
23002
23002
23002
23002
23002
23002
23003
23003
23003
23003
23003
23004
23005
23005
23006
23995
23996
23997
23998
23998
23998
23998
23998
23998
23999
23999
23999
24000
24000
24000
24000
24000
24001
24001
24001
24001
24001
24001
24001
24001
24002
24002
24002
24002
24002
24002
24002
24003
24003
24003
24003
24005
24005
24006
24007
24995
24997
24997
24997
24997
24998
24998
24998
24998
24998
24999
24999
25000
25000
25000
25000
25000
25000
25001
25001
25002
25002
25002
25002
25002
25002
25002
25002
25002
25002
25002
25002
25003
25003
25003
25004
25004
25006
25006
25007
25995
25997
25997
25997
25997
25998
25998
25998
25998
25998
25999
26000
26000
26000
26000
26000
26001
26001
26001
26001
26001
26002
26002
26002
26002
26002
26002
26002
26002
26002
26003
26003
26003
26003
26003
26004
26004
26005
26006
26007
26994
26997
26997
26997
26997
26997
26997
26998
26999
26999
26999
26999
26999
27000
27000
27000
27001
27001
27002
27002
27002
27002
27002
27002
27002
27002
27002
27002
27002
27003
27003
27003
27003
27003
27004
27004
27004
27005
27006
27007
27994
27997
27997
27997
27997
27998
27998
27998
27998
27999
27999
27999
28000
28000
28000
28000
28001
28001
28001
28001
28001
28002
28002
28002
28002
28002
28002
28002
28002
28003
28003
28003
28003
28004
28004
28004
28005
28006
28006
28007
28994
28996
28997
28997
28997
28998
28998
28998
28998
28999
28999
28999
28999
29000
29000
29000
29001
29001
29001
29001
29002
29002
29002
29002
29002
29002
29002
29003
29003
29003
29003
29003
29003
29004
29004
29005
29005
29006
29006
29008
29994
29996
29996
29997
29997
29998
29998
29998
29998
29998
29999
29999
29999
30000
30000
30000
30001
30001
30001
30001
30001
30002
30002
30002
30002
30003
30003
30003
30003
30003
30003
30004
30004
30004
30004
30005
30005
30006
30007
30008
30994
30996
30996
30996
30997
30997
30997
30998
30998
30998
30999
30999
30999
31000
31000
31000
31000
31001
31001
31001
31001
31002
31002
31002
31002
31002
31002
31003
31003
31003
31003
31003
31004
31004
31005
31005
31006
31006
31007
31008
31993
31995
31996
31996
31996
31997
31997
31997
31998
31998
31999
31999
31999
32000
32000
32000
32000
32001
32001
32001
32002
32002
32002
32002
32002
32002
32002
32003
32003
32003
32003
32004
32004
32004
32005
32006
32006
32006
32007
32007
32992
32995
32996
32996
32996
32997
32997
32997
32997
32998
32998
32999
32999
33000
33000
33000
33000
33001
33001
33001
33001
33002
33002
33002
33002
33002
33003
33003
33003
33003
33003
33003
33004
33004
33005
33006
33006
33007
33007
33007
33993
33995
33996
33996
33996
33996
33996
33997
33998
33998
33998
33999
33999
34000
34000
34000
34000
34001
34001
34001
34001
34002
34002
34002
34002
34002
34003
34003
34003
34003
34003
34003
34004
34004
34005
34006
34006
34006
34007
34007
34993
34995
34996
34996
34996
34996
34997
34997
34998
34998
34999
34999
34999
34999
35000
35000
35000
35001
35001
35001
35002
35002
35002
35002
35002
35002
35002
35003
35003
35003
35003
35003
35004
35005
35005
35006
35006
35006
35007
35007
35993
35994
35996
35996
35996
35996
35997
35997
35998
35998
35999
35999
36000
36000
36000
36000
36000
36001
36001
36001
36001
36001
36002
36002
36002
36002
36002
36003
36003
36003
36003
36004
36004
36006
36006
36006
36006
36006
36007
36007
36994
36994
36995
36995
36996
36996
36997
36998
36998
36998
36998
36999
36999
37000
37000
37000
37000
37001
37001
37001
37001
37001
37001
37002
37003
37003
37003
37003
37003
37004
37004
37004
37004
37006
37006
37006
37006
37006
37007
37007
37994
37994
37994
37995
37995
37996
37997
37997
37997
37997
37998
37998
37999
37999
38000
38000
38000
38001
38001
38001
38001
38001
38002
38002
38002
38003
38003
38003
38004
38004
38004
38004
38005
38005
38006
38006
38006
38007
38007
38007
38993
38994
38994
38995
38995
38995
38997
38997
38998
38998
38998
38998
38999
38999
39000
39000
39000
39001
39001
39001
39001
39002
39002
39002
39002
39003
39003
39003
39004
39004
39004
39004
39005
39005
39006
39006
39006
39008
39008
39008
39993
39993
39994
39994
39995
39995
39997
39997
39998
39998
39998
39999
39999
39999
40000
40000
40000
40001
40001
40001
40002
40002
40002
40002
40002
40003
40003
40003
40004
40004
40004
40005
40005
40006
40006
40007
40007
40007
40008
40008
40992
40993
40993
40994
40994
40995
40996
40997
40997
40998
40998
40998
40999
41000
41000
41000
41001
41001
41001
41002
41002
41002
41002
41002
41003
41003
41003
41004
41004
41004
41004
41005
41006
41006
41006
41006
41007
41008
41008
41008
41991
41993
41993
41993
41993
41995
41996
41997
41998
41998
41998
41998
42000
42000
42000
42001
42001
42001
42002
42002
42002
42002
42002
42002
42003
42003
42003
42003
42003
42004
42004
42004
42006
42007
42007
42007
42007
42007
42008
42008
42991
42993
42993
42993
42993
42995
42996
42998
42998
42998
42998
42998
43000
43000
43000
43001
43001
43001
43001
43002
43002
43002
43002
43003
43003
43003
43003
43003
43003
43004
43004
43004
43006
43006
43007
43007
43007
43008
43008
43008
43992
43992
43993
43993
43993
43995
43997
43997
43997
43998
43998
43998
43999
43999
44000
44000
44001
44001
44001
44001
44002
44002
44002
44003
44003
44003
44003
44003
44004
44004
44004
44005
44005
44006
44007
44007
44007
44008
44008
44008
44991
44992
44993
44993
44994
44995
44997
44997
44997
44998
44998
44999
44999
44999
44999
44999
45001
45001
45001
45002
45002
45002
45002
45003
45003
45003
45003
45003
45003
45003
45004
45004
45005
45006
45006
45007
45007
45008
45008
45009
45991
45991
45993
45994
45994
45995
45996
45997
45997
45998
45998
45998
45999
45999
45999
46000
46000
46001
46001
46002
46002
46002
46002
46002
46003
46003
46003
46003
46003
46004
46004
46004
46005
46005
46005
46007
46008
46008
46008
46009
46991
46992
46993
46993
46995
46995
46996
46997
46997
46998
46998
46998
46999
46999
46999
47001
47001
47001
47001
47002
47002
47002
47002
47002
47003
47003
47003
47003
47004
47004
47004
47005
47005
47005
47005
47007
47007
47008
47008
47009
47991
47992
47993
47993
47995
47995
47996
47997
47997
47997
47997
47998
47999
47999
48000
48000
48001
48001
48001
48002
48002
48002
48002
48002
48003
48003
48003
48003
48003
48004
48004
48004
48004
48005
48006
48007
48008
48008
48009
48009
48992
48992
48993
48994
48995
48996
48997
48997
48997
48997
48998
48998
48999
48999
48999
49000
49000
49000
49001
49002
49002
49002
49002
49002
49003
49003
49003
49003
49004
49004
49004
49005
49005
49005
49005
49007
49007
49008
49009
49010
49992
49992
49993
49993
49995
49995
49997
49997
49997
49998
49998
49998
49998
49998
49999
49999
50000
50000
50001
50002
50002
50002
50002
50002
50002
50003
50003
50003
50003
50004
50004
50005
50005
50005
50005
50007
50007
50008
50009
50010
50992
50993
50993
50993
50995
50996
50996
50997
50997
50997
50998
50998
50999
50999
50999
50999
51000
51001
51001
51002
51002
51002
51002
51002
51003
51003
51003
51003
51004
51004
51004
51004
51005
51005
51006
51006
51007
51007
51009
51010
51991
51992
51992
51992
51994
51996
51996
51997
51997
51997
51998
51999
51999
51999
52000
52000
52000
52000
52001
52002
52002
52002
52002
52003
52003
52003
52003
52004
52004
52004
52005
52005
52005
52005
52005
52006
52008
52008
52008
52011
52991
52992
52992
52993
52993
52995
52997
52997
52997
52998
52998
52998
52999
52999
53000
53000
53000
53000
53001
53001
53002
53002
53003
53003
53003
53004
53004
53004
53004
53004
53004
53004
53005
53005
53006
53006
53008
53008
53009
53010
53991
53991
53992
53993
53994
53995
53996
53997
53997
53998
53998
53998
53999
53999
53999
54000
54000
54000
54000
54001
54001
54002
54003
54003
54003
54003
54004
54004
54004
54004
54004
54005
54005
54006
54006
54006
54008
54009
54009
54009
54991
54992
54992
54993
54995
54995
54997
54997
54997
54998
54998
54998
54999
54999
54999
54999
55000
55000
55001
55001
55002
55002
55003
55003
55003
55003
55003
55004
55004
55004
55004
55005
55005
55006
55006
55006
55008
55008
55009
55010
55991
55991
55992
55993
55994
55995
55996
55997
55997
55997
55998
55998
55999
55999
55999
56000
56000
56000
56000
56002
56002
56002
56003
56003
56003
56003
56003
56004
56004
56004
56005
56005
56005
56005
56006
56006
56008
56008
56009
56010
56990
56991
56992
56993
56994
56996
56996
56997
56997
56997
56998
56999
56999
56999
56999
56999
56999
57000
57000
57001
57003
57003
57003
57003
57003
57004
57004
57004
57004
57004
57005
57005
57005
57006
57006
57006
57008
57008
57009
57010
57991
57992
57992
57993
57994
57996
57997
57997
57997
57998
57998
57998
57998
57999
57999
57999
57999
58000
58001
58001
58002
58003
58003
58003
58003
58003
58004
58004
58004
58004
58005
58005
58005
58006
58006
58006
58007
58008
58009
58010
58990
58991
58992
58992
58995
58996
58996
58997
58997
58998
58998
58998
58999
58999
58999
59000
59000
59000
59001
59001
59001
59003
59003
59003
59004
59004
59004
59004
59004
59004
59005
59005
59005
59006
59006
59007
59007
59009
59010
59010
59990
59991
59992
59993
59995
59996
59997
59997
59997
59997
59998
59998
59998
59999
60000
60000
60000
60000
60000
60000
60001
60003
60003
60003
60004
60004
60004
60004
60004
60004
60004
60005
60005
60007
60007
60007
60007
60009
60010
60010
60991
60991
60991
60993
60995
60995
60996
60997
60997
60997
60998
60998
60998
60999
60999
61000
61001
61001
61001
61001
61001
61002
61002
61003
61003
61004
61004
61004
61005
61005
61005
61005
61006
61007
61007
61007
61008
61008
61010
61010
61991
61991
61991
61993
61996
61996
61996
61996
61997
61997
61997
61998
61998
61999
61999
62000
62001
62001
62001
62002
62002
62002
62003
62003
62003
62004
62004
62004
62005
62005
62005
62005
62005
62006
62007
62008
62008
62009
62010
62010
62990
62991
62991
62993
62995
62996
62996
62997
62997
62997
62997
62998
62998
62999
62999
62999
63001
63001
63001
63002
63002
63003
63003
63004
63004
63004
63004
63004
63004
63004
63005
63005
63005
63005
63006
63009
63009
63009
63010
63010
63990
63991
63992
63993
63994
63995
63996
63996
63997
63997
63997
63997
63998
63998
64000
64000
64000
64001
64001
64002
64003
64003
64003
64003
64003
64003
64004
64004
64004
64004
64005
64005
64005
64006
64007
64009
64009
64009
64010
64010
64989
64990
64992
64993
64994
64996
64996
64996
64997
64997
64997
64997
64998
64998
65000
65000
65000
65000
65001
65002
65002
65002
65002
65003
65003
65003
65004
65004
65004
65005
65005
65005
65006
65006
65008
65008
65009
65009
65010
65010
65989
65990
65992
65993
65995
65995
65996
65996
65997
65997
65997
65998
65998
65998
65999
66000
66000
66000
66001
66002
66002
66002
66002
66003
66003
66003
66003
66004
66005
66005
66005
66005
66006
66006
66008
66008
66009
66009
66010
66010
66989
66990
66992
66994
66995
66996
66996
66996
66996
66997
66997
66998
66998
66998
66999
66999
67000
67000
67001
67002
67002
67002
67002
67002
67002
67003
67003
67004
67004
67004
67004
67006
67006
67007
67007
67008
67009
67009
67009
67010
67988
67990
67992
67993
67994
67995
67996
67996
67997
67997
67997
67997
67997
67998
67999
67999
67999
68000
68001
68001
68001
68002
68002
68002
68003
68003
68003
68003
68004
68004
68004
68005
68007
68007
68008
68008
68008
68009
68009
68010
68987
68989
68992
68993
68994
68995
68996
68996
68996
68996
68997
68997
68997
68998
68998
68999
68999
69000
69000
69000
69001
69002
69002
69002
69003
69003
69003
69003
69004
69004
69004
69006
69007
69008
69008
69008
69008
69010
69010
69010
69987
69989
69993
69993
69994
69995
69995
69996
69996
69997
69997
69997
69997
69997
69999
69999
69999
69999
70000
70000
70000
70002
70003
70003
70003
70003
70003
70003
70004
70004
70005
70006
70007
70008
70008
70008
70009
70010
70010
70011
70988
70989
70993
70993
70994
70995
70996
70996
70997
70997
70997
70997
70997
70998
70998
70999
70999
70999
71000
71000
71000
71002
71002
71003
71003
71003
71003
71004
71004
71004
71005
71007
71007
71008
71008
71008
71009
71010
71010
71012
71987
71989
71993
71994
71994
71994
71996
71996
71996
71997
71997
71997
71997
71998
71998
71999
71999
71999
71999
72000
72000
72002
72002
72002
72003
72003
72004
72004
72004
72004
72004
72007
72007
72008
72009
72009
72009
72009
72010
72012
72986
72990
72993
72994
72994
72995
72995
72996
72996
72996
72997
72997
72998
72998
72999
72999
72999
72999
72999
73000
73001
73001
73002
73002
73003
73004
73004
73004
73005
73005
73005
73006
73007
73007
73009
73009
73009
73009
73010
73012
73987
73989
73992
73994
73995
73995
73995
73995
73995
73997
73997
73998
73998
73999
73999
73999
73999
73999
73999
74000
74001
74002
74002
74003
74003
74004
74004
74004
74004
74005
74006
74006
74007
74008
74009
74009
74009
74009
74010
74011
74987
74989
74993
74994
74994
74995
74995
74995
74995
74998
74998
74998
74999
74999
74999
74999
74999
75000
75000
75000
75000
75002
75003
75003
75003
75003
75004
75004
75005
75005
75005
75005
75007
75008
75008
75008
75009
75010
75010
75011
75986
75989
75993
75993
75994
75995
75995
75995
75996
75998
75998
75998
75999
75999
75999
75999
75999
75999
76001
76001
76001
76002
76003
76003
76003
76004
76004
76004
76005
76005
76005
76006
76007
76007
76007
76008
76009
76009
76011
76011
76986
76990
76992
76993
76994
76994
76996
76996
76996
76997
76997
76998
76999
76999
76999
76999
76999
76999
77001
77001
77001
77002
77003
77003
77003
77004
77004
77004
77005
77005
77005
77005
77007
77007
77007
77008
77010
77010
77010
77011
77985
77990
77992
77993
77995
77995
77996
77996
77997
77997
77997
77998
77998
77998
77999
77999
77999
77999
78000
78001
78002
78002
78002
78003
78003
78004
78004
78004
78004
78004
78005
78005
78006
78007
78007
78007
78009
78010
78011
78011
78985
78991
78992
78993
78995
78995
78996
78996
78997
78997
78997
78997
78998
78998
78999
78999
78999
78999
79000
79000
79001
79002
79002
79003
79003
79003
79003
79004
79004
79005
79005
79005
79006
79006
79007
79008
79008
79009
79010
79011
79985
79991
79992
79992
79995
79995
79996
79996
79997
79998
79998
79998
79998
79998
79999
79999
79999
79999
80000
80001
80002
80002
80002
80002
80002
80003
80003
80005
80005
80005
80005
80005
80006
80006
80008
80008
80009
80009
80010
80012
80985
80991
80992
80992
80994
80996
80996
80997
80997
80997
80997
80998
80999
80999
80999
80999
81000
81000
81001
81002
81002
81002
81002
81003
81003
81004
81004
81005
81005
81006
81006
81006
81006
81008
81008
81008
81009
81010
81011
81986
81991
81992
81992
81994
81996
81996
81997
81997
81997
81997
81997
81998
81999
81999
82000
82000
82001
82002
82002
82002
82002
82002
82003
82003
82004
82004
82004
82005
82005
82006
82006
82006
82007
82008
82008
82009
82010
82011
82986
82991
82992
82992
82993
82996
82996
82996
82996
82997
82997
82998
82998
82999
82999
82999
83000
83001
83002
83002
83002
83002
83003
83003
83003
83004
83004
83004
83005
83005
83006
83006
83006
83007
83007
83007
83009
83009
83011
83986
83991
83992
83993
83993
83996
83996
83996
83997
83997
83997
83998
83999
83999
84000
84000
84000
84001
84002
84002
84002
84003
84003
84003
84003
84004
84004
84004
84004
84005
84005
84006
84006
84007
84007
84007
84009
84009
84011
84986
84991
84992
84993
84993
84996
84996
84996
84997
84997
84998
84999
84999
84999
85000
85000
85001
85001
85002
85002
85002
85003
85003
85003
85004
85004
85004
85004
85005
85005
85005
85006
85006
85006
85007
85007
85008
85008
85011
85986
85990
85991
85993
85994
85996
85996
85996
85997
85997
85998
85999
85999
86000
86000
86000
86001
86001
86001
86002
86002
86003
86003
86003
86003
86004
86005
86005
86005
86005
86005
86005
86006
86006
86007
86007
86008
86008
86011
86985
86990
86990
86993
86995
86995
86996
86996
86996
86997
86998
86999
87000
87000
87000
87000
87001
87001
87002
87002
87002
87003
87003
87003
87003
87004
87004
87004
87004
87005
87005
87005
87006
87006
87007
87007
87008
87008
87012
87984
87990
87991
87993
87994
87995
87996
87996
87997
87997
87997
87999
87999
88000
88000
88000
88001
88001
88001
88001
88002
88002
88003
88003
88003
88004
88004
88004
88005
88005
88005
88005
88006
88006
88007
88007
88008
88008
88012
88984
88989
88992
88993
88994
88995
88996
88996
88997
88997
88998
88998
88999
88999
89000
89001
89001
89001
89001
89001
89001
89003
89003
89003
89004
89004
89004
89005
89005
89005
89005
89006
89006
89006
89006
89007
89008
89009
89012
89985
89990
89992
89994
89994
89995
89996
89997
89997
89998
89998
89998
89999
90000
90000
90000
90001
90001
90001
90001
90002
90003
90003
90003
90003
90004
90005
90005
90005
90005
90005
90006
90006
90006
90007
90008
90008
90009
90012
90986
90989
90992
90993
90994
90995
90995
90997
90997
90997
90998
90998
90999
91000
91001
91001
91001
91001
91001
91002
91002
91003
91003
91004
91004
91004
91005
91005
91005
91005
91005
91006
91006
91007
91007
91007
91007
91009
91012
91986
91989
91993
91993
91994
91995
91995
91996
91996
91998
91998
91998
92000
92000
92001
92001
92001
92001
92001
92002
92002
92003
92003
92004
92004
92005
92005
92005
92005
92005
92006
92006
92007
92007
92007
92007
92007
92009
92011
92985
92989
92992
92992
92994
92994
92996
92996
92997
92997
92997
92998
93000
93000
93001
93001
93001
93001
93002
93002
93003
93003
93004
93004
93004
93004
93005
93005
93005
93006
93006
93006
93006
93007
93007
93007
93007
93010
93011
93986
93989
93992
93992
93993
93994
93996
93996
93996
93996
93997
93998
94000
94000
94000
94001
94001
94002
94002
94003
94003
94003
94004
94004
94004
94004
94005
94006
94006
94006
94006
94007
94007
94007
94007
94007
94008
94010
94010
94987
94989
94992
94992
94993
94993
94995
94996
94996
94996
94997
94998
95000
95000
95001
95001
95002
95002
95002
95003
95003
95003
95003
95004
95004
95005
95005
95006
95006
95006
95006
95006
95007
95007
95008
95008
95009
95010
95011
95986
95989
95992
95992
95993
95993
95995
95995
95995
95996
95998
95998
96000
96001
96001
96001
96002
96002
96002
96003
96003
96003
96004
96004
96005
96005
96005
96006
96006
96006
96007
96007
96007
96007
96008
96009
96009
96010
96012
96986
96990
96991
96992
96992
96993
96994
96995
96996
96997
96997
96998
97000
97000
97001
97002
97002
97002
97002
97003
97003
97003
97003
97004
97004
97004
97005
97006
97006
97006
97006
97007
97008
97008
97009
97009
97009
97011
97012
97986
97990
97991
97991
97991
97993
97994
97995
97996
97996
97997
97997
97999
98000
98001
98001
98001
98002
98002
98003
98003
98003
98003
98003
98003
98005
98005
98006
98006
98006
98007
98007
98007
98007
98009
98009
98009
98011
98012
98986
98990
98991
98991
98991
98993
98994
98995
98996
98996
98996
98996
98999
99000
99000
99001
99001
99002
99002
99003
99003
99003
99003
99004
99004
99005
99005
99006
99006
99006
99007
99008
99008
99008
99008
99009
99009
99011
99012
99986
99989
99991
99991
99992
99993
99994
99994
99995
99995
99996
99996
99999
