100 500 3
1 70 100
1 3 7
1 65 11
1 45 20
1 74 14
2 43 20
1 78 16
1 70 11
3 35 13
3 3 1
2 59 20
3 75 2
9 3 12
2 5 16
4 7 6
1 99 20
3 96 11
3 81 4
4 20 20
7 50 6
3 98 12
2 61 3
9 49 16
4 55 2
9 48 10
16 34 16
9 31 5
3 7 3
6 51 5
4 19 11
4 79 4
5 32 19
6 85 13
10 5 9
6 15 1
11 48 13
5 46 4
5 3 19
12 98 3
19 1 7
7 84 19
20 84 16
10 24 7
10 7 2
13 15 15
10 100 12
5 10 16
7 56 11
24 16 12
17 3 9
34 80 4
17 89 14
9 98 19
9 50 18
3 28 7
8 68 9
11 85 4
7 48 14
21 30 13
4 62 19
16 88 11
6 90 17
9 95 13
16 96 4
24 7 18
20 49 3
18 46 11
13 18 1
9 13 11
11 70 20
17 57 8
21 38 6
8 87 7
6 66 19
11 69 15
25 76 1
15 15 11
14 14 17
56 32 17
31 53 1
25 67 1
14 66 6
23 29 14
24 73 10
29 81 3
12 51 2
26 89 7
17 98 8
16 55 4
21 35 5
19 50 12
17 57 5
30 74 5
21 88 11
16 3 6
15 98 13
26 98 8
30 67 15
20 95 15
22 9 18
41 30 12
36 96 8
22 68 15
19 93 15
18 43 14
11 9 3
18 21 17
38 23 20
16 82 15
16 18 17
20 77 2
12 18 1
23 21 5
12 13 4
15 33 14
15 25 15
29 82 18
27 48 17
23 2 17
16 60 5
18 1 15
17 90 15
16 66 10
12 53 5
24 75 9
19 35 11
29 5 7
26 45 17
52 56 19
42 5 12
62 15 4
41 14 19
32 73 7
40 17 15
50 34 11
36 34 11
14 87 20
27 62 10
21 70 19
17 34 16
49 10 17
20 63 19
39 37 3
31 83 11
28 40 11
21 27 8
63 2 1
39 12 16
38 6 17
37 70 20
61 23 8
45 47 17
65 54 10
19 48 1
38 5 16
19 72 7
59 12 10
58 55 8
38 3 20
34 88 13
25 72 14
27 75 9
20 85 8
40 91 9
45 97 7
41 59 19
51 78 10
32 43 12
75 17 9
60 35 15
14 46 8
25 64 2
46 71 18
68 48 7
52 30 16
23 95 9
29 6 10
51 25 20
34 98 14
24 42 12
30 28 4
26 60 15
35 47 12
76 92 9
74 40 12
34 54 7
32 77 10
24 56 1
31 35 3
48 93 14
31 15 4
27 50 19
57 35 12
66 5 20
55 39 20
55 37 17
49 51 18
25 57 12
90 56 20
31 63 13
53 85 20
53 53 19
69 84 19
46 98 13
31 62 7
25 82 14
33 45 9
35 93 13
32 86 10
29 27 15
14 37 7
18 86 7
37 50 4
35 73 4
74 61 7
41 57 6
33 12 6
31 10 19
25 10 15
41 2 3
52 24 13
20 80 7
14 35 4
13 28 8
49 66 8
55 86 8
30 56 4
14 55 1
65 84 7
38 69 19
17 82 6
18 64 11
31 47 7
36 39 1
46 69 3
65 86 5
39 84 11
31 58 20
61 65 14
21 83 14
25 85 7
24 57 20
54 44 5
29 65 8
64 73 7
18 76 8
39 15 7
34 60 18
37 31 14
63 8 18
25 33 4
30 84 11
68 22 7
66 22 13
84 15 18
30 64 16
94 24 10
69 35 6
98 26 9
88 65 11
77 16 4
72 33 11
95 19 19
58 60 15
82 51 14
44 50 10
95 57 20
68 77 19
73 39 5
53 37 4
79 86 13
69 39 18
87 19 13
29 88 5
42 82 17
78 18 1
37 75 16
24 69 2
35 33 11
67 60 1
71 98 1
67 49 4
98 65 12
38 14 16
66 44 3
41 48 4
71 63 5
85 62 13
93 53 7
78 12 7
74 9 20
58 4 10
68 31 4
66 7 16
72 78 17
45 53 8
93 5 5
95 53 7
75 63 4
53 60 7
98 66 16
64 16 9
98 37 2
63 87 13
97 59 3
72 25 7
81 43 18
72 3 10
73 86 5
38 12 6
44 87 4
30 50 14
98 19 19
93 65 1
91 7 9
76 57 18
43 31 5
73 27 19
97 35 7
45 58 7
53 27 9
48 22 15
29 74 3
47 37 7
40 43 7
73 96 12
76 38 9
92 68 18
99 47 2
49 57 6
75 69 2
74 36 4
93 36 4
58 36 20
84 3 10
73 23 16
88 46 18
87 34 18
78 5 6
86 83 16
96 54 5
40 13 18
51 59 4
55 60 9
67 74 7
57 43 4
90 10 7
83 63 18
95 5 18
73 69 4
93 30 5
38 90 7
84 34 2
40 89 10
96 67 14
55 30 8
65 9 10
47 47 8
47 46 17
94 94 1
70 94 17
67 36 13
40 85 16
57 3 14
93 75 7
59 48 8
83 70 5
84 44 4
84 72 15
98 84 4
50 91 14
36 52 18
77 69 5
48 8 8
69 69 15
45 49 19
75 81 2
51 74 2
89 67 14
49 69 3
81 90 20
50 10 3
44 45 3
33 49 2
85 26 10
84 34 16
86 38 20
66 12 4
62 73 6
59 36 3
82 12 12
76 21 7
68 30 2
86 68 18
47 75 6
39 45 17
92 33 15
96 36 20
63 32 12
58 19 16
57 31 7
88 26 7
77 97 11
69 93 10
88 32 1
82 18 19
72 61 14
52 34 16
41 82 8
40 98 17
88 31 3
61 19 14
59 12 2
37 29 14
80 57 18
45 83 20
98 50 7
81 54 10
52 3 7
32 10 7
76 34 2
67 94 11
32 60 1
47 14 1
53 89 11
50 23 15
93 6 17
70 10 6
95 57 14
75 30 12
84 31 18
70 8 17
80 18 14
43 23 12
93 44 10
65 63 7
84 15 8
61 33 4
66 40 11
59 33 16
96 37 10
95 13 1
93 75 7
55 77 16
87 93 9
17 92 14
76 57 17
47 38 8
79 93 14
65 74 5
89 3 11
70 91 13
34 5 10
35 34 14
33 66 11
23 17 14
91 63 18
100 70 6
54 11 5
48 94 2
80 40 6
44 46 5
85 97 11
80 72 13
73 18 13
94 99 17
39 80 7
84 71 13
93 94 2
56 10 9
67 76 9
79 63 16
89 55 10
75 20 17
32 46 1
42 67 18
84 96 7
100 82 19
71 37 12
22 63 20
52 43 10
30 81 20
96 67 12
94 96 1
67 42 17
79 99 3
43 8 17
38 62 19
90 14 6
67 20 16
62 98 2
62 40 17
71 60 17
45 98 3
41 18 10
93 50 20
81 32 15
41 39 1
80 13 1
77 13 16
65 8 4
