100 500 6
1 70 74 61 65 100
1 20 11
1 29 14
2 18 4
1 50 17
1 36 14
3 66 5
3 36 2
2 65 10
2 71 15
2 18 17
2 45 19
5 68 7
4 55 18
3 57 16
3 78 18
9 54 4
7 3 12
4 74 16
3 59 11
7 83 13
7 83 10
2 68 13
5 78 3
6 73 5
12 7 19
7 17 10
7 45 12
6 53 5
3 82 9
5 13 16
4 71 7
22 39 20
12 26 9
19 50 11
8 23 5
6 33 18
7 71 1
6 12 8
3 89 1
29 10 2
11 23 7
18 27 4
9 20 19
15 6 2
4 87 18
8 11 9
11 78 18
16 2 1
12 76 12
19 72 11
14 5 3
24 91 6
10 41 13
9 59 13
10 70 7
19 25 12
12 13 18
6 59 15
25 15 16
32 7 7
5 54 7
6 73 5
14 43 10
25 44 16
32 23 11
51 57 12
16 82 4
26 97 14
32 69 1
9 51 14
29 79 7
21 70 6
16 35 1
17 69 11
12 20 9
30 53 1
8 61 14
10 35 2
4 32 5
35 35 19
36 58 11
36 20 2
16 58 6
36 87 11
23 74 6
29 3 16
11 41 3
26 30 12
16 39 12
18 59 2
6 5 13
18 49 19
12 72 8
14 83 2
27 60 11
23 95 15
28 100 13
13 11 14
25 58 13
27 2 20
25 87 5
24 85 1
15 71 18
41 56 12
33 95 20
12 79 11
10 79 3
12 82 11
26 60 6
44 78 5
29 86 20
25 56 18
26 65 12
29 17 11
19 44 16
20 37 1
16 75 17
39 68 15
40 43 17
39 23 7
35 95 12
8 63 10
13 25 5
16 23 15
8 65 16
26 31 20
35 65 1
58 40 12
42 100 20
44 96 20
83 17 20
82 78 7
70 76 16
62 21 19
18 53 10
55 86 15
39 56 16
69 34 13
35 17 8
37 30 4
16 51 6
39 29 16
42 45 1
48 88 7
29 50 10
23 36 9
49 12 3
53 72 7
38 41 14
17 100 4
26 24 19
90 3 12
36 75 9
14 27 7
13 3 6
39 69 13
15 26 9
12 44 7
50 78 19
69 80 15
51 59 13
77 59 5
44 3 9
62 57 15
36 33 13
44 27 5
23 41 3
53 22 18
50 87 15
30 64 12
45 31 16
49 49 7
51 90 2
22 57 18
15 75 18
49 47 9
32 19 1
30 41 12
45 34 20
22 5 6
21 4 12
24 69 20
10 85 1
25 63 13
48 54 9
25 61 1
13 11 12
57 90 5
51 20 10
45 43 3
39 76 9
44 45 15
28 26 7
41 88 4
39 100 12
41 46 18
20 19 19
41 98 7
35 76 5
42 84 10
68 55 18
59 35 6
45 10 13
40 86 6
30 53 6
33 30 4
36 40 1
85 15 1
45 71 13
35 6 4
33 99 18
67 65 15
16 56 10
27 5 6
16 55 17
52 58 2
17 97 7
46 42 12
31 59 9
58 84 7
45 21 10
44 63 7
34 22 2
69 5 16
34 92 4
56 41 19
31 5 11
33 52 12
37 61 19
38 55 19
24 3 20
26 55 11
53 94 6
26 67 11
22 43 16
41 53 4
43 56 18
56 34 19
53 81 14
74 70 1
77 54 5
38 22 17
58 17 19
12 44 10
31 95 11
17 73 11
35 29 4
40 17 19
33 83 20
23 38 19
29 6 19
52 58 10
52 36 6
91 27 2
77 62 8
96 68 14
98 29 8
79 11 8
62 74 8
79 21 3
48 90 13
99 38 9
95 61 1
96 67 5
84 11 5
86 33 15
78 22 11
67 58 5
76 42 20
98 11 8
22 32 5
72 65 7
70 81 8
85 95 8
58 94 3
94 100 19
89 60 4
69 98 9
55 66 6
97 16 18
72 58 5
81 15 15
83 46 15
97 100 14
64 69 15
61 65 1
76 3 7
86 50 9
49 40 4
97 19 1
63 44 3
70 61 14
24 24 16
86 4 17
79 11 5
92 27 3
76 14 4
59 36 8
42 56 4
57 83 7
25 93 8
68 87 4
69 72 11
94 23 11
99 29 16
70 18 14
42 69 9
77 95 1
25 8 10
33 15 11
31 69 20
45 10 12
88 10 1
29 12 12
22 4 8
38 69 1
24 39 20
92 67 10
100 42 5
98 24 6
97 22 17
91 95 17
75 54 13
80 84 4
97 58 17
85 87 20
96 88 7
80 88 18
100 6 8
59 2 15
42 50 13
98 27 8
59 14 6
57 40 17
27 63 15
93 37 14
88 38 6
88 2 13
64 25 16
90 25 8
65 76 16
98 9 11
62 74 1
83 55 18
52 98 13
93 20 3
54 82 20
69 49 17
39 21 13
58 27 6
37 65 19
94 62 16
87 58 5
87 5 7
32 72 20
66 29 18
44 46 20
83 97 3
56 83 15
92 21 6
39 78 9
65 100 4
59 87 18
82 85 4
46 35 3
58 29 2
11 78 10
85 91 5
34 26 4
70 69 16
65 97 18
94 7 8
35 99 8
37 87 7
24 63 10
65 65 5
66 98 8
87 81 12
69 34 10
97 52 19
47 51 1
72 80 2
84 26 12
91 78 7
68 33 5
81 66 7
37 71 4
93 96 17
84 18 11
81 68 5
42 88 17
56 72 19
76 45 5
90 40 1
51 21 18
69 50 15
69 34 5
59 71 20
71 50 13
97 21 11
78 45 6
69 25 19
81 9 3
66 16 4
64 27 9
57 23 14
55 46 11
72 42 18
43 83 9
45 41 11
40 35 6
75 98 4
59 35 6
70 3 8
56 74 10
88 1 11
88 78 20
84 9 6
83 34 12
93 34 14
50 76 5
91 75 9
67 19 18
87 37 6
70 1 4
84 40 4
68 57 12
95 55 10
61 33 4
69 4 11
47 26 11
85 36 11
74 98 20
71 74 18
34 75 13
76 79 13
67 54 9
52 36 14
46 65 12
74 34 5
67 11 5
66 12 17
57 97 8
94 67 9
55 60 8
59 17 13
70 36 14
97 43 18
98 97 5
86 65 18
36 77 12
67 4 15
57 38 3
69 54 9
65 12 7
74 61 7
45 17 9
71 58 12
62 31 12
81 19 20
48 16 7
34 35 15
49 100 18
66 96 3
41 55 16
60 34 10
93 54 15
77 14 15
61 33 16
28 85 19
28 80 17
60 27 20
45 54 13
81 88 8
73 12 15
62 25 7
61 90 14
97 51 15
60 30 10
79 55 16
75 80 8
88 56 1
91 4 5
56 71 4
46 55 16
63 80 8
86 24 11
65 12 9
29 55 18
33 98 10
87 66 16
72 60 20
49 17 6
56 59 11
100 6 7
83 62 14
53 73 17
64 16 4
69 27 11
67 73 19
