10000 514 258
1 130 2 132 3 134 4 136 5 138 6 140 7 142 8 144 9 146 10 148 11 150 12 152 13 154 14 156 15 158 16 160 17 162 18 164 19 166 20 168 21 170 22 172 23 174 24 176 25 178 26 180 27 182 28 184 29 186 30 188 31 190 32 192 33 194 34 196 35 198 36 200 37 202 38 204 39 206 40 208 41 210 42 212 43 214 44 216 45 218 46 220 47 222 48 224 49 226 50 228 51 230 52 232 53 234 54 236 55 238 56 240 57 242 58 244 59 246 60 248 61 250 62 252 63 254 64 256 65 258 66 260 67 262 68 264 69 266 70 268 71 270 72 272 73 274 74 276 75 278 76 280 77 282 78 284 79 286 80 288 81 290 82 292 83 294 84 296 85 298 86 300 87 302 88 304 89 306 90 308 91 310 92 312 93 314 94 316 95 318 96 320 97 322 98 324 99 326 100 328 101 330 102 332 103 334 104 336 105 338 106 340 107 342 108 344 109 346 110 348 111 350 112 352 113 354 114 356 115 358 116 360 117 362 118 364 119 366 120 368 121 370 122 372 123 374 124 376 125 378 126 380 127 382 128 384 129 10000
1 130 1
130 2 1
1 131 1
131 2 1
2 132 1
132 3 1
2 133 1
133 3 1
3 134 1
134 4 1
3 135 1
135 4 1
4 136 1
136 5 1
4 137 1
137 5 1
5 138 1
138 6 1
5 139 1
139 6 1
6 140 1
140 7 1
6 141 1
141 7 1
7 142 1
142 8 1
7 143 1
143 8 1
8 144 1
144 9 1
8 145 1
145 9 1
9 146 1
146 10 1
9 147 1
147 10 1
10 148 1
148 11 1
10 149 1
149 11 1
11 150 1
150 12 1
11 151 1
151 12 1
12 152 1
152 13 1
12 153 1
153 13 1
13 154 1
154 14 1
13 155 1
155 14 1
14 156 1
156 15 1
14 157 1
157 15 1
15 158 1
158 16 1
15 159 1
159 16 1
16 160 1
160 17 1
16 161 1
161 17 1
17 162 1
162 18 1
17 163 1
163 18 1
18 164 1
164 19 1
18 165 1
165 19 1
19 166 1
166 20 1
19 167 1
167 20 1
20 168 1
168 21 1
20 169 1
169 21 1
21 170 1
170 22 1
21 171 1
171 22 1
22 172 1
172 23 1
22 173 1
173 23 1
23 174 1
174 24 1
23 175 1
175 24 1
24 176 1
176 25 1
24 177 1
177 25 1
25 178 1
178 26 1
25 179 1
179 26 1
26 180 1
180 27 1
26 181 1
181 27 1
27 182 1
182 28 1
27 183 1
183 28 1
28 184 1
184 29 1
28 185 1
185 29 1
29 186 1
186 30 1
29 187 1
187 30 1
30 188 1
188 31 1
30 189 1
189 31 1
31 190 1
190 32 1
31 191 1
191 32 1
32 192 1
192 33 1
32 193 1
193 33 1
33 194 1
194 34 1
33 195 1
195 34 1
34 196 1
196 35 1
34 197 1
197 35 1
35 198 1
198 36 1
35 199 1
199 36 1
36 200 1
200 37 1
36 201 1
201 37 1
37 202 1
202 38 1
37 203 1
203 38 1
38 204 1
204 39 1
38 205 1
205 39 1
39 206 1
206 40 1
39 207 1
207 40 1
40 208 1
208 41 1
40 209 1
209 41 1
41 210 1
210 42 1
41 211 1
211 42 1
42 212 1
212 43 1
42 213 1
213 43 1
43 214 1
214 44 1
43 215 1
215 44 1
44 216 1
216 45 1
44 217 1
217 45 1
45 218 1
218 46 1
45 219 1
219 46 1
46 220 1
220 47 1
46 221 1
221 47 1
47 222 1
222 48 1
47 223 1
223 48 1
48 224 1
224 49 1
48 225 1
225 49 1
49 226 1
226 50 1
49 227 1
227 50 1
50 228 1
228 51 1
50 229 1
229 51 1
51 230 1
230 52 1
51 231 1
231 52 1
52 232 1
232 53 1
52 233 1
233 53 1
53 234 1
234 54 1
53 235 1
235 54 1
54 236 1
236 55 1
54 237 1
237 55 1
55 238 1
238 56 1
55 239 1
239 56 1
56 240 1
240 57 1
56 241 1
241 57 1
57 242 1
242 58 1
57 243 1
243 58 1
58 244 1
244 59 1
58 245 1
245 59 1
59 246 1
246 60 1
59 247 1
247 60 1
60 248 1
248 61 1
60 249 1
249 61 1
61 250 1
250 62 1
61 251 1
251 62 1
62 252 1
252 63 1
62 253 1
253 63 1
63 254 1
254 64 1
63 255 1
255 64 1
64 256 1
256 65 1
64 257 1
257 65 1
65 258 1
258 66 1
65 259 1
259 66 1
66 260 1
260 67 1
66 261 1
261 67 1
67 262 1
262 68 1
67 263 1
263 68 1
68 264 1
264 69 1
68 265 1
265 69 1
69 266 1
266 70 1
69 267 1
267 70 1
70 268 1
268 71 1
70 269 1
269 71 1
71 270 1
270 72 1
71 271 1
271 72 1
72 272 1
272 73 1
72 273 1
273 73 1
73 274 1
274 74 1
73 275 1
275 74 1
74 276 1
276 75 1
74 277 1
277 75 1
75 278 1
278 76 1
75 279 1
279 76 1
76 280 1
280 77 1
76 281 1
281 77 1
77 282 1
282 78 1
77 283 1
283 78 1
78 284 1
284 79 1
78 285 1
285 79 1
79 286 1
286 80 1
79 287 1
287 80 1
80 288 1
288 81 1
80 289 1
289 81 1
81 290 1
290 82 1
81 291 1
291 82 1
82 292 1
292 83 1
82 293 1
293 83 1
83 294 1
294 84 1
83 295 1
295 84 1
84 296 1
296 85 1
84 297 1
297 85 1
85 298 1
298 86 1
85 299 1
299 86 1
86 300 1
300 87 1
86 301 1
301 87 1
87 302 1
302 88 1
87 303 1
303 88 1
88 304 1
304 89 1
88 305 1
305 89 1
89 306 1
306 90 1
89 307 1
307 90 1
90 308 1
308 91 1
90 309 1
309 91 1
91 310 1
310 92 1
91 311 1
311 92 1
92 312 1
312 93 1
92 313 1
313 93 1
93 314 1
314 94 1
93 315 1
315 94 1
94 316 1
316 95 1
94 317 1
317 95 1
95 318 1
318 96 1
95 319 1
319 96 1
96 320 1
320 97 1
96 321 1
321 97 1
97 322 1
322 98 1
97 323 1
323 98 1
98 324 1
324 99 1
98 325 1
325 99 1
99 326 1
326 100 1
99 327 1
327 100 1
100 328 1
328 101 1
100 329 1
329 101 1
101 330 1
330 102 1
101 331 1
331 102 1
102 332 1
332 103 1
102 333 1
333 103 1
103 334 1
334 104 1
103 335 1
335 104 1
104 336 1
336 105 1
104 337 1
337 105 1
105 338 1
338 106 1
105 339 1
339 106 1
106 340 1
340 107 1
106 341 1
341 107 1
107 342 1
342 108 1
107 343 1
343 108 1
108 344 1
344 109 1
108 345 1
345 109 1
109 346 1
346 110 1
109 347 1
347 110 1
110 348 1
348 111 1
110 349 1
349 111 1
111 350 1
350 112 1
111 351 1
351 112 1
112 352 1
352 113 1
112 353 1
353 113 1
113 354 1
354 114 1
113 355 1
355 114 1
114 356 1
356 115 1
114 357 1
357 115 1
115 358 1
358 116 1
115 359 1
359 116 1
116 360 1
360 117 1
116 361 1
361 117 1
117 362 1
362 118 1
117 363 1
363 118 1
118 364 1
364 119 1
118 365 1
365 119 1
119 366 1
366 120 1
119 367 1
367 120 1
120 368 1
368 121 1
120 369 1
369 121 1
121 370 1
370 122 1
121 371 1
371 122 1
122 372 1
372 123 1
122 373 1
373 123 1
123 374 1
374 124 1
123 375 1
375 124 1
124 376 1
376 125 1
124 377 1
377 125 1
125 378 1
378 126 1
125 379 1
379 126 1
126 380 1
380 127 1
126 381 1
381 127 1
127 382 1
382 128 1
127 383 1
383 128 1
128 384 1
384 129 1
128 385 1
385 129 1
129 10000 1
1 10000 257
