100 2000 4
1 35 7 100
1 9 4
1 26 10
1 10 4
1 30 8
1 84 5
1 35 1
1 18 3
1 70 6
1 42 2
2 8 10
2 30 10
2 35 9
1 48 2
1 40 10
1 26 4
3 66 10
1 74 5
3 39 10
2 19 3
3 76 10
2 70 7
4 37 7
3 72 5
2 40 1
2 79 2
3 33 5
1 96 10
1 65 2
2 38 7
3 57 1
3 64 10
4 66 8
3 86 9
5 87 3
2 42 3
3 57 9
6 44 3
5 44 2
3 12 6
3 84 3
4 67 6
3 10 5
2 71 3
10 89 6
5 29 1
5 3 4
3 78 9
3 72 6
2 89 9
7 10 7
3 19 4
8 94 9
5 24 8
2 59 3
3 24 8
5 38 4
2 19 10
4 62 1
2 57 5
4 96 1
4 5 4
5 66 5
6 34 4
6 98 2
6 67 4
7 21 3
4 17 4
6 85 5
9 36 6
7 30 5
4 20 1
10 61 3
4 43 5
9 29 4
6 75 5
7 59 9
16 68 2
12 97 6
3 63 4
7 67 8
10 13 4
6 84 9
8 56 6
8 85 5
8 59 1
3 60 6
2 77 7
13 99 8
14 92 4
7 56 8
8 52 6
17 54 2
7 55 7
4 46 9
7 19 7
6 45 3
5 87 1
3 75 9
4 67 1
7 57 2
10 75 4
7 5 7
11 43 1
19 67 1
9 98 1
6 46 8
5 60 4
5 85 8
3 92 7
5 1 3
3 99 8
5 84 1
9 19 3
11 36 8
6 15 4
19 53 1
5 28 3
14 47 7
3 38 3
6 51 1
5 37 10
5 67 1
5 47 4
8 37 6
16 63 1
8 82 9
16 64 2
22 4 8
8 2 5
10 3 3
8 53 6
15 5 1
7 84 1
16 48 4
9 43 8
7 22 1
26 15 6
10 22 7
16 62 6
12 65 9
9 4 5
9 100 5
6 15 1
26 25 2
11 76 7
11 68 8
5 95 6
18 31 10
11 93 6
9 48 3
11 24 3
10 48 1
8 77 1
25 12 9
32 88 9
21 71 8
13 92 1
5 18 3
3 100 4
22 44 2
11 71 2
18 16 7
11 16 2
7 43 1
7 55 7
15 95 10
9 54 2
12 93 6
14 94 3
13 44 3
20 8 3
21 80 8
5 19 1
4 77 5
14 44 8
19 79 10
19 12 9
20 76 4
16 50 9
14 88 10
18 68 8
23 24 6
14 41 3
17 72 4
18 61 1
11 76 9
18 100 7
31 53 4
7 27 6
13 93 10
21 46 2
12 90 10
9 71 8
26 67 7
10 97 9
19 25 4
7 14 2
14 8 3
18 87 8
11 47 9
10 76 3
14 55 10
18 61 6
8 45 5
8 39 2
11 68 7
17 65 7
28 76 4
25 78 3
21 46 5
16 11 1
15 97 7
12 34 6
18 10 4
11 85 5
20 74 6
10 84 6
11 11 7
9 43 10
36 3 9
7 100 2
4 88 1
5 42 7
10 60 10
7 40 8
15 90 10
13 74 7
14 72 2
12 6 5
13 21 1
8 17 4
31 88 3
26 36 8
9 40 2
6 51 10
17 95 7
19 55 2
3 82 7
4 20 1
7 54 7
20 15 2
8 49 7
13 63 5
7 3 7
11 50 10
6 40 8
9 9 8
10 25 8
9 59 10
22 20 5
47 78 9
17 31 2
9 86 8
37 45 6
29 78 8
31 36 8
22 33 6
16 86 2
18 1 9
14 44 9
12 38 9
11 13 4
32 97 2
16 16 8
16 49 6
45 9 2
12 76 8
18 85 1
40 28 6
11 32 3
10 9 8
20 27 10
20 9 6
31 98 10
26 62 1
27 95 6
28 77 5
28 6 1
22 12 1
17 32 10
14 37 10
42 24 4
28 55 2
37 84 4
17 80 6
19 28 4
6 59 5
35 72 7
27 96 6
24 13 1
13 43 1
29 76 6
16 14 6
22 66 4
19 97 1
19 66 10
18 74 6
17 42 8
14 1 8
44 60 6
9 85 2
11 46 5
18 95 7
35 59 8
20 5 2
15 31 1
10 2 1
58 20 5
25 89 9
34 86 5
36 85 3
25 95 7
25 12 7
41 97 10
25 70 3
23 24 9
21 95 9
14 48 7
4 98 5
24 48 3
23 82 7
23 55 2
11 88 4
23 87 6
29 89 10
12 3 10
21 16 6
16 94 5
13 42 9
19 23 6
9 7 7
26 30 5
20 11 4
42 62 8
19 44 9
15 76 1
14 12 2
28 29 9
21 14 10
16 65 4
17 40 1
27 66 7
27 86 5
27 89 4
25 33 1
20 6 3
19 21 5
31 21 5
9 99 10
18 60 4
31 30 2
29 10 5
20 61 7
25 83 4
51 4 9
37 41 4
28 56 5
33 39 6
44 97 5
34 40 1
18 78 5
45 71 5
24 93 2
25 19 1
26 26 10
29 96 8
21 68 1
30 37 7
25 68 6
27 23 10
31 53 1
27 28 5
14 43 4
19 65 3
23 77 10
37 88 10
44 66 2
39 81 8
17 72 10
28 94 10
18 91 10
26 94 10
24 100 1
21 81 5
13 82 8
32 9 1
20 91 1
27 28 7
32 29 5
22 47 10
12 36 7
21 10 5
24 7 4
13 25 2
8 75 8
40 47 1
23 84 8
41 18 1
19 30 7
25 44 8
42 61 6
13 73 2
24 52 10
20 31 8
35 90 8
46 2 8
27 56 5
16 16 6
16 35 2
12 6 6
12 13 1
34 91 10
24 98 10
19 21 8
23 48 3
33 67 7
30 86 5
37 54 1
31 78 5
33 33 8
26 53 8
33 88 7
18 17 5
19 3 4
53 61 1
16 81 2
27 60 7
22 83 4
48 62 6
20 70 10
14 34 5
36 57 3
23 3 10
27 76 5
23 93 6
33 90 8
38 48 10
22 17 5
9 92 2
62 69 4
53 4 10
13 92 6
36 40 9
21 62 5
13 56 9
34 18 9
15 53 10
52 23 10
35 46 1
41 44 7
8 28 5
41 80 4
42 14 10
24 81 5
20 64 7
19 56 3
17 37 8
32 51 10
26 1 2
17 91 8
14 50 4
8 30 1
18 54 6
55 64 6
39 36 7
33 79 9
37 82 10
17 62 7
10 49 10
9 17 10
16 87 1
22 77 9
21 7 7
37 2 3
43 77 5
27 49 1
4 46 5
48 88 1
11 5 9
25 6 6
8 53 1
35 86 2
31 34 5
36 25 9
31 54 4
16 59 1
25 70 8
21 96 3
19 11 4
26 47 6
17 64 2
28 84 9
22 31 5
25 50 4
26 18 3
16 76 9
11 41 4
15 74 8
11 80 8
77 25 4
25 58 1
61 75 6
55 32 6
36 33 8
23 47 5
55 6 4
59 5 3
44 15 9
39 93 5
60 73 8
59 89 1
52 5 7
48 1 7
43 51 8
27 98 6
29 43 10
17 22 3
53 70 3
32 26 8
90 6 4
33 9 1
45 11 6
19 57 4
51 40 4
35 80 8
37 1 9
65 13 7
31 2 9
28 90 3
36 29 8
22 81 6
46 9 5
59 100 8
30 100 1
19 6 5
51 73 2
42 32 7
53 46 3
49 54 10
45 83 9
13 18 5
83 53 6
13 71 8
31 15 10
50 39 7
40 7 1
20 47 4
48 59 6
33 99 2
53 41 2
44 2 5
40 63 4
56 43 6
45 78 3
48 80 2
38 9 2
49 25 10
55 43 4
25 65 10
28 19 3
21 80 8
32 86 2
14 90 1
50 75 3
50 20 5
48 26 8
30 76 4
47 1 8
39 60 9
55 31 6
18 38 2
37 61 2
66 71 7
27 24 6
30 55 3
65 47 7
39 6 5
55 48 2
44 51 1
55 3 3
29 53 6
20 37 4
18 1 3
58 100 1
45 1 7
51 84 8
32 84 1
59 42 2
57 37 9
24 87 2
53 4 2
52 39 10
41 17 4
70 72 3
38 10 1
47 27 7
39 59 7
55 86 8
23 85 5
60 64 7
57 89 2
29 37 9
14 57 2
46 36 2
41 60 8
50 2 3
26 4 1
56 30 5
39 51 8
37 94 10
31 47 10
39 65 10
48 81 2
58 18 3
20 97 1
59 80 1
69 12 10
39 56 2
51 65 5
35 59 10
52 87 7
45 74 10
87 34 6
54 92 8
39 66 9
55 9 1
83 35 4
72 3 3
50 97 3
36 77 10
64 71 6
23 84 5
41 69 2
38 15 3
31 84 7
35 43 8
56 1 3
56 70 6
46 73 2
26 33 2
44 39 6
57 75 10
71 16 1
41 14 1
45 95 8
42 3 7
19 83 10
44 35 6
27 56 9
74 73 1
43 26 6
33 66 2
40 44 8
57 95 5
39 98 8
44 34 7
27 96 8
17 56 1
17 99 6
24 43 7
72 21 3
32 14 6
28 100 1
42 13 4
28 37 6
26 70 9
26 68 9
47 61 7
83 96 5
42 88 1
50 38 4
44 24 2
18 54 10
45 2 3
25 26 2
46 68 9
58 30 8
51 21 10
31 35 6
39 52 2
65 31 9
34 73 9
35 86 1
46 37 4
40 100 6
39 10 5
39 50 10
32 87 2
43 25 4
29 48 6
67 59 4
42 55 10
38 32 7
55 45 8
25 63 1
53 47 3
47 35 7
21 77 3
11 64 10
19 75 5
50 19 2
32 61 3
36 97 8
62 56 10
53 86 2
38 38 8
30 70 6
38 99 5
29 84 10
66 12 5
84 25 7
65 3 1
55 89 1
51 98 6
39 74 2
68 40 5
47 92 7
47 66 1
64 64 7
55 49 1
40 51 9
21 86 5
65 46 2
55 52 2
54 100 8
28 66 6
28 18 10
60 78 1
25 22 6
26 91 10
37 36 3
33 41 4
69 61 9
87 86 2
46 73 5
92 22 4
38 72 10
45 17 2
25 74 10
58 23 6
32 52 8
38 15 4
61 80 6
44 18 4
37 60 2
62 100 5
51 20 10
29 96 3
28 51 10
30 31 8
28 62 1
50 30 6
49 11 7
54 51 6
70 65 6
42 18 3
43 33 2
50 93 10
24 95 8
54 17 6
42 50 2
71 64 10
60 68 1
41 54 10
38 27 3
75 81 8
28 75 4
49 27 2
34 76 9
45 75 7
19 28 10
66 42 2
49 4 9
68 29 1
35 57 7
74 44 5
36 56 2
51 32 7
39 83 5
49 12 2
26 38 6
55 96 2
12 49 4
50 15 7
46 24 5
34 25 4
51 18 8
59 91 9
42 36 5
27 27 10
28 75 3
52 88 9
53 8 9
31 51 5
43 66 6
68 6 9
63 48 10
19 62 1
23 71 10
39 59 9
29 84 6
56 65 5
55 37 9
29 94 3
23 90 3
24 100 3
52 86 10
68 72 8
38 22 8
57 23 9
42 70 3
76 1 5
56 64 8
38 65 1
31 51 10
85 51 8
16 20 7
16 98 1
34 16 10
31 47 8
17 81 1
15 21 10
39 60 7
38 26 10
35 33 2
71 37 7
26 75 2
29 79 4
61 11 1
47 17 6
59 81 6
82 98 4
42 46 7
82 64 2
75 95 8
39 56 10
42 36 9
63 7 10
36 52 5
42 84 9
40 7 7
65 80 2
46 94 5
43 89 5
49 33 7
67 70 2
19 46 4
40 61 9
30 16 1
87 10 1
55 95 5
20 61 10
20 8 1
63 79 5
34 10 1
33 15 5
73 18 5
67 74 9
61 43 10
52 34 5
40 58 4
23 84 3
26 17 7
62 38 9
54 84 1
29 5 2
23 53 6
39 60 6
57 99 5
30 11 3
61 77 1
65 97 7
41 80 2
52 22 8
59 88 9
55 9 3
41 84 4
32 48 5
69 10 4
69 83 4
65 85 9
56 13 4
56 32 1
36 11 3
20 37 8
54 18 5
42 23 3
33 53 8
48 34 6
50 42 4
41 39 4
59 72 6
40 81 1
31 87 1
67 81 10
70 65 10
54 83 1
37 49 1
51 54 5
55 4 9
49 42 1
45 63 5
19 78 10
75 50 10
62 88 9
51 96 4
57 69 2
59 12 4
53 50 3
24 5 9
51 72 7
67 93 4
37 89 9
37 7 3
54 67 1
49 49 4
33 66 3
40 10 7
31 49 6
35 36 7
26 66 4
24 57 10
15 57 9
37 44 1
29 16 1
42 63 9
35 73 9
73 35 5
65 24 9
60 88 2
45 5 2
38 75 5
55 27 10
43 75 9
44 81 7
22 62 7
46 90 3
61 32 9
59 23 1
34 66 7
14 70 10
19 21 4
27 79 6
42 85 2
41 73 8
39 42 1
56 38 2
46 24 2
54 89 8
51 27 7
72 100 2
27 65 10
38 32 7
69 98 9
43 99 8
91 61 3
54 37 10
26 92 6
12 97 2
93 11 6
55 60 1
26 69 6
65 50 4
36 53 10
40 90 7
48 94 1
40 80 1
61 85 5
42 62 8
60 42 4
72 33 6
42 4 9
39 35 1
50 25 2
39 35 9
76 93 7
29 18 9
22 52 7
27 14 3
62 62 2
29 49 10
59 62 2
36 97 2
51 82 7
35 40 6
60 40 2
36 16 10
30 74 3
45 62 5
80 82 5
55 33 8
44 29 3
69 93 1
42 66 1
50 19 3
25 64 2
19 24 10
41 76 7
14 5 3
86 26 2
86 58 8
76 68 8
75 34 5
90 89 8
89 20 3
99 100 8
64 64 1
81 100 7
87 76 1
32 32 3
26 34 4
98 54 1
83 92 1
99 74 3
78 39 9
92 21 5
69 65 4
86 13 4
43 9 5
75 26 1
68 12 4
67 25 2
66 42 7
84 57 8
83 22 2
57 44 6
80 28 4
81 27 8
48 86 10
54 69 6
35 8 8
83 30 5
73 88 1
43 29 7
25 33 5
99 51 2
79 86 7
41 9 3
35 7 1
94 86 5
93 83 8
85 15 4
63 65 8
75 17 1
84 94 6
65 85 10
29 95 2
82 5 9
67 21 6
54 65 2
56 35 7
91 64 1
51 72 4
72 15 9
70 33 4
99 62 9
51 87 5
36 35 9
71 70 4
81 3 9
69 7 3
91 46 4
23 22 10
70 66 3
60 11 10
96 35 10
92 5 1
62 69 2
52 66 9
57 65 9
87 38 8
85 7 1
58 1 9
65 47 7
61 95 8
76 36 3
61 22 1
59 67 2
92 51 7
75 36 5
85 47 9
33 50 10
24 57 7
99 26 2
97 18 5
34 13 1
27 83 6
89 58 8
71 54 6
76 97 4
69 26 4
97 53 1
78 5 4
84 2 10
28 86 10
77 67 10
71 45 7
46 13 5
41 87 4
95 96 5
77 88 5
64 5 7
44 68 1
92 70 5
46 58 9
77 70 8
60 21 2
96 37 3
75 85 5
78 16 8
98 62 10
58 98 9
72 34 1
58 85 1
74 64 2
77 46 6
76 4 3
56 40 2
26 53 2
84 27 9
76 64 7
56 14 3
71 79 6
69 37 1
51 88 2
78 100 1
74 24 3
77 40 10
61 15 9
90 11 10
84 6 7
93 32 1
70 22 3
79 61 5
48 10 7
94 98 9
78 85 2
89 16 10
73 65 5
83 49 8
80 33 1
80 16 3
50 1 9
65 98 3
61 63 5
94 77 3
92 48 3
80 86 4
51 86 5
48 10 7
41 90 10
88 43 9
70 20 2
54 60 5
95 46 4
100 72 5
64 82 1
74 65 4
47 51 3
96 9 1
82 9 6
64 73 6
97 23 8
58 32 8
56 64 6
66 43 3
19 76 4
90 68 3
74 79 6
74 62 8
79 65 8
89 68 9
93 97 6
69 31 1
44 68 7
92 33 10
72 16 7
66 88 3
57 70 7
62 100 6
49 64 10
85 92 5
97 47 4
66 56 2
56 77 6
91 66 6
78 48 10
90 99 10
72 60 1
53 91 10
45 42 4
69 1 7
88 88 5
67 26 4
47 28 5
79 98 9
84 57 2
85 33 9
60 46 1
84 87 1
68 49 10
76 52 7
78 44 8
73 63 7
57 47 7
91 3 3
27 95 1
81 9 5
62 100 6
69 54 5
86 74 5
94 94 5
99 67 9
62 20 9
47 77 10
98 47 5
79 97 7
59 28 8
76 74 3
73 74 2
52 50 2
37 17 2
52 22 8
90 54 3
87 44 8
86 67 1
49 89 9
75 42 5
68 61 6
95 16 10
45 9 1
72 37 4
82 66 4
74 3 9
90 83 2
76 10 6
52 42 6
95 76 9
92 49 3
90 63 6
58 9 7
82 25 5
58 89 4
74 2 9
85 93 6
95 9 7
96 76 4
58 27 2
66 93 6
84 77 7
60 90 1
67 23 10
82 26 8
85 18 4
91 48 10
77 24 2
72 10 9
86 13 4
51 94 3
99 50 4
83 80 3
99 35 6
76 21 8
55 76 8
42 50 2
47 47 10
66 24 6
84 26 1
97 76 9
75 63 6
52 16 7
93 68 4
39 64 5
84 2 1
61 12 5
86 21 10
80 78 4
81 70 9
52 20 8
96 21 10
38 58 7
46 58 3
44 59 8
96 25 8
63 52 3
87 32 2
94 32 3
80 54 9
58 3 5
72 2 8
59 68 5
92 85 3
64 99 4
68 87 9
19 90 6
67 24 10
58 58 3
80 74 4
99 66 10
85 13 6
92 11 3
62 37 8
59 33 7
92 88 8
57 32 9
91 31 9
53 7 5
61 31 2
89 82 1
96 47 7
81 86 2
62 54 2
55 66 5
49 3 3
62 6 4
74 21 8
39 72 2
85 1 7
18 48 9
77 42 5
38 19 4
72 40 4
99 71 3
93 14 5
53 39 9
61 5 6
49 72 4
80 90 4
75 17 5
50 50 4
37 85 9
72 55 4
71 76 1
84 66 6
28 22 3
79 4 5
54 90 7
86 16 8
84 98 4
80 98 9
47 42 8
92 65 10
79 39 9
90 24 8
69 65 3
79 60 3
23 16 4
100 84 1
82 20 4
53 76 7
48 73 8
92 41 2
82 17 2
78 86 1
77 73 10
67 62 9
99 7 4
63 62 8
86 5 8
86 36 3
72 51 6
100 15 5
100 42 9
55 84 4
66 29 9
97 48 9
75 31 2
66 60 1
62 81 2
69 26 4
78 64 2
41 42 1
56 34 7
97 94 6
48 11 9
72 90 1
55 63 8
91 54 3
82 42 7
77 83 7
91 97 5
79 62 9
68 33 10
80 30 9
79 56 6
68 32 4
42 10 5
76 57 5
79 92 7
47 24 1
39 16 5
89 67 1
68 16 10
90 48 5
59 67 4
84 31 8
34 9 7
63 66 4
50 27 3
93 35 3
68 66 9
64 78 10
97 56 1
59 14 6
65 46 4
92 99 2
80 43 7
83 92 9
82 91 5
79 97 1
62 70 7
72 39 3
82 75 4
68 12 8
72 88 3
90 24 6
61 92 5
44 62 4
35 17 2
67 19 1
93 59 7
93 12 2
91 74 5
95 60 5
66 52 9
67 51 10
80 6 5
69 10 10
83 84 1
100 39 9
45 59 4
94 20 10
75 88 3
87 61 4
59 10 2
92 75 2
76 23 10
78 6 7
86 59 1
91 16 10
86 12 5
63 74 8
51 79 3
69 71 5
52 3 4
77 50 1
70 47 6
100 17 8
67 7 10
98 37 10
55 30 7
98 97 10
97 73 3
69 67 10
62 88 7
74 54 10
62 79 4
44 71 8
28 61 10
98 39 4
47 34 2
49 58 6
37 81 4
34 40 5
65 26 3
98 15 10
79 92 9
91 58 1
89 100 8
87 56 4
62 21 4
96 36 4
94 13 2
96 31 9
62 77 4
86 98 6
74 73 4
76 11 9
63 33 3
80 25 8
73 36 1
84 4 2
76 10 8
90 36 4
46 22 4
70 92 2
63 34 4
89 90 6
76 2 9
59 88 10
99 11 2
68 80 9
74 53 9
65 72 10
62 57 7
60 78 6
88 73 9
69 81 10
51 33 9
39 41 3
36 19 6
32 89 9
62 46 7
81 55 5
55 6 8
81 76 9
69 31 1
59 47 9
70 7 6
76 21 10
74 41 10
78 72 8
48 94 7
50 50 6
82 54 4
92 58 9
59 50 8
94 18 4
31 69 2
56 33 8
58 66 7
67 89 5
48 38 9
100 7 8
72 99 1
96 3 6
86 70 5
95 50 1
82 71 8
81 27 8
51 99 5
94 64 9
87 62 1
84 49 9
83 25 1
95 10 3
86 47 7
63 12 1
52 12 3
92 37 4
76 43 3
75 28 5
48 1 9
96 36 1
98 51 9
84 98 5
64 71 9
92 73 8
90 31 2
92 30 5
40 46 3
91 58 8
74 59 3
89 89 4
65 92 5
61 40 2
74 26 5
95 65 4
66 48 5
80 19 3
50 82 9
65 21 6
50 90 10
85 12 3
56 38 9
94 13 8
21 65 2
97 19 4
56 20 3
87 12 1
90 32 10
93 3 4
88 35 7
63 4 6
73 99 3
66 26 8
64 78 2
97 82 10
87 29 7
32 40 4
32 84 5
50 62 4
32 3 9
59 2 9
90 43 10
65 25 8
60 90 10
88 73 7
41 37 7
93 7 8
76 93 2
73 52 1
69 90 8
94 19 10
74 96 1
52 34 6
50 16 1
66 24 4
96 5 5
83 48 3
74 58 6
75 72 4
48 46 2
97 73 1
94 88 2
95 7 9
86 18 10
98 80 1
98 89 9
60 81 9
30 75 2
94 94 10
47 80 6
69 63 10
59 97 8
97 32 8
90 25 4
75 75 2
43 3 7
77 11 7
93 51 5
90 23 5
49 26 10
95 88 2
88 100 1
82 40 9
57 38 2
52 45 7
43 98 1
60 34 3
90 42 4
100 96 3
92 38 3
95 54 8
32 92 9
95 89 5
39 79 4
60 43 3
57 91 5
93 68 10
56 7 4
71 83 6
17 88 9
86 98 5
76 86 2
95 29 2
99 3 5
92 86 1
45 5 2
70 41 7
38 14 3
84 88 8
73 27 2
85 85 3
45 50 5
89 85 7
34 6 1
100 27 1
72 96 7
86 96 6
77 98 10
88 48 2
85 97 4
100 99 7
83 90 5
69 58 8
52 72 5
93 16 9
92 58 2
91 67 2
79 43 1
93 63 2
58 23 1
88 84 6
65 51 6
92 55 3
71 90 7
46 54 6
53 97 9
97 16 10
45 73 9
70 64 7
86 73 3
67 10 2
94 92 7
65 8 1
63 11 9
94 2 3
91 86 10
96 55 5
86 65 1
81 49 3
92 21 3
77 21 9
55 49 1
86 51 10
83 83 9
41 62 3
35 37 2
95 25 8
92 29 3
94 87 3
58 90 10
60 31 4
32 54 4
57 51 1
33 59 2
88 6 1
81 21 6
49 7 9
47 97 1
100 99 7
39 60 8
91 89 10
90 64 9
94 75 9
75 59 2
83 67 9
99 56 6
86 24 9
54 97 4
80 48 8
94 46 10
74 18 8
93 2 9
63 62 4
87 24 10
91 8 4
65 84 5
87 38 6
66 97 9
63 2 7
59 7 4
94 62 3
75 57 8
83 26 5
66 35 1
69 74 1
58 91 6
42 24 4
67 12 4
69 43 6
68 6 6
93 30 8
84 56 3
77 20 9
44 45 10
77 56 6
71 55 10
97 74 10
99 23 8
99 93 7
83 82 3
98 66 8
98 64 4
33 45 1
47 70 5
95 36 8
82 23 2
92 69 5
70 52 4
78 10 4
71 13 5
82 53 4
61 68 6
100 51 8
69 28 8
61 87 5
40 25 7
61 30 5
58 96 9
83 63 10
77 48 3
44 86 8
80 18 10
81 56 10
47 52 4
52 14 10
74 67 10
94 54 7
79 54 5
97 8 9
64 21 5
79 39 8
63 21 4
99 18 9
75 60 3
66 47 6
91 82 2
68 76 9
94 94 2
99 40 1
98 43 10
91 16 4
62 35 6
89 71 7
49 46 5
65 2 8
53 11 5
90 66 4
80 82 8
93 25 8
61 52 1
91 26 6
98 2 10
83 30 9
43 41 2
99 43 4
98 38 9
80 11 4
72 44 3
86 51 10
52 68 1
93 80 7
77 84 7
88 37 6
94 10 8
61 95 7
66 84 5
88 51 4
30 88 7
71 50 4
56 56 9
94 37 4
82 88 2
72 84 5
69 69 1
57 23 8
55 84 5
93 6 1
63 32 10
64 96 5
73 82 1
86 49 8
36 14 9
100 90 8
73 41 4
64 57 4
51 3 5
100 11 5
51 56 4
83 32 6
34 98 2
55 26 6
42 54 3
65 69 5
43 78 4
69 59 2
57 9 3
71 69 5
37 34 10
93 86 10
69 17 6
74 21 9
79 94 4
93 27 7
75 70 1
84 60 1
90 62 3
63 31 7
65 64 7
62 21 9
59 60 4
73 50 4
60 78 7
92 92 3
79 66 4
93 64 5
67 14 10
59 54 6
44 83 8
76 47 6
65 36 1
51 26 5
50 48 9
63 19 7
86 83 9
77 6 6
96 35 5
94 98 7
75 32 2
45 12 7
38 74 6
84 15 1
100 29 6
39 89 8
30 36 4
93 38 2
59 15 8
91 72 8
65 59 7
90 3 2
42 68 3
76 66 1
87 3 7
75 83 1
55 6 8
70 18 2
77 37 1
98 24 8
71 9 4
84 72 1
85 39 1
52 76 2
67 5 7
76 62 7
43 92 1
95 66 1
78 29 4
94 41 6
53 92 4
100 23 10
97 14 8
91 51 1
78 32 8
99 73 9
34 100 9
64 52 3
68 4 2
99 68 5
96 75 7
98 20 4
80 21 4
88 12 9
75 94 6
72 61 7
84 20 7
98 88 6
49 72 4
60 31 7
46 31 6
76 96 9
86 60 7
53 21 5
42 82 9
98 31 1
75 22 8
98 52 3
83 64 3
96 16 9
86 86 1
91 19 1
88 51 7
62 79 5
57 36 5
50 70 6
40 50 5
53 48 10
52 15 7
57 15 5
39 41 9
86 32 8
88 31 2
41 79 7
30 43 5
89 31 4
35 4 10
72 59 4
45 8 6
93 79 3
91 69 4
67 17 1
52 26 3
100 17 1
77 21 2
44 3 3
58 44 8
96 8 10
91 53 10
71 50 3
36 88 9
78 86 5
71 42 8
44 31 5
100 45 8
94 65 10
55 62 10
93 71 4
65 47 3
96 34 7
87 9 8
95 51 9
88 43 8
92 36 9
82 37 8
82 40 3
87 76 4
80 75 8
63 28 3
84 4 1
56 49 5
57 57 10
94 67 3
37 79 7
88 7 6
77 97 3
57 39 8
69 25 7
73 86 5
88 29 1
