1661 8218
3 77
61 52 20
35 77 0
34 51 67
31 74 49
53 70 30
26 70 47
67 24 71
21 51 69
16 22 76
55 60 36
32 66 4
25 40 48
44 51 4
22 24 50
39 43 30
27 68 3
47 30 36
2 70 34
40 66 72
73 74 36
40 26 67
28 51 23
53 43 39
76 62 33
13 54 76
77 38 43
16 28 53
69 17 15
17 60 54
8 4 66
14 9 31
10 46 51
54 48 1
18 26 34
50 33 13
33 53 23
52 31 31
34 22 55
1 19 69
51 12 4
54 16 36
42 4 13
0 47 73
26 19 38
27 17 33
67 20 49
3 61 61
17 57 40
77 25 1
61 40 29
74 2 43
54 2 11
33 55 29
23 73 31
58 52 24
59 75 18
21 60 43
75 43 22
74 5 37
40 38 6
24 2 38
24 68 69
67 47 53
10 67 9
29 35 74
41 76 15
31 40 62
7 3 2
54 54 47
60 14 51
56 63 2
45 31 45
49 16 2
63 28 71
13 51 33
73 68 70
66 35 44
50 68 77
75 38 73
33 47 32
38 56 1
30 47 24
63 65 40
56 8 77
21 26 9
26 68 76
41 15 48
51 48 45
5 26 38
43 22 16
19 54 8
1 70 55
42 27 50
71 3 48
62 38 62
57 42 74
51 68 16
53 18 57
32 54 8
63 65 9
40 10 18
22 13 24
14 72 2
62 30 4
77 40 71
57 1 21
17 51 77
24 77 20
26 31 2
34 68 31
52 20 51
6 61 53
37 42 37
77 61 14
37 52 21
14 3 76
51 76 67
14 1 10
69 14 23
41 48 49
18 32 31
58 20 12
72 69 57
42 55 6
14 46 10
44 58 34
64 68 56
27 60 68
77 62 22
50 38 77
63 38 22
71 46 24
52 73 23
29 0 61
16 17 15
12 42 75
30 73 56
63 70 16
56 22 4
52 11 37
56 42 7
15 2 46
68 52 29
61 56 24
11 2 18
23 65 61
52 16 41
70 16 61
18 12 75
53 18 59
32 60 56
65 0 11
50 32 31
71 6 2
55 5 62
47 17 7
26 36 57
44 60 70
74 46 51
7 5 29
47 9 32
16 27 77
48 69 77
50 7 35
67 5 44
14 19 46
8 1 33
76 62 42
34 29 36
57 18 34
63 18 71
75 68 47
7 40 32
77 52 34
34 70 71
1 58 56
43 40 17
4 59 55
77 0 37
38 48 24
35 9 22
65 44 59
75 26 2
69 66 54
47 21 39
39 64 4
12 14 5
68 39 69
66 74 72
23 21 70
40 41 60
60 29 34
6 27 47
67 34 50
52 45 67
18 77 37
49 50 68
55 22 5
15 40 48
60 8 9
63 11 70
64 53 32
73 31 54
12 64 9
19 6 52
4 7 61
64 40 12
37 75 50
73 62 11
13 74 64
40 16 44
77 47 27
35 60 4
61 11 15
68 50 39
21 39 66
30 77 30
35 71 60
68 73 2
20 37 24
74 57 65
35 31 6
53 3 9
43 6 46
13 33 64
62 7 27
77 17 1
5 59 66
57 44 75
0 56 43
27 51 42
64 12 56
20 57 1
47 4 56
2 39 2
66 12 19
18 62 2
17 68 36
37 18 29
48 44 41
37 61 33
56 70 63
19 65 46
45 54 73
36 35 62
12 23 7
16 12 4
11 52 19
42 57 1
70 5 40
42 46 47
1 31 3
31 10 31
77 20 74
15 77 27
42 19 48
30 71 72
52 77 21
51 43 40
60 53 31
13 48 44
64 72 67
13 22 22
21 38 36
36 59 12
68 28 73
45 74 23
74 54 53
39 73 19
58 76 73
7 6 9
63 73 43
7 26 16
38 52 35
4 73 3
30 71 0
29 49 8
27 14 27
37 23 14
27 74 26
34 32 18
20 45 74
6 47 50
14 39 40
22 49 56
56 73 67
68 3 16
67 46 59
73 17 10
13 4 65
4 1 7
26 65 70
63 75 39
8 37 14
1 17 28
60 40 24
26 52 44
22 31 29
49 15 62
77 63 15
19 3 40
56 73 51
39 30 70
29 38 71
54 14 16
57 52 54
6 22 64
58 50 1
52 56 26
74 62 41
65 52 5
9 69 32
45 16 75
25 61 76
77 30 49
36 52 72
57 59 61
16 23 61
37 14 18
9 49 13
58 58 52
35 20 17
1 0 1
19 6 64
8 54 52
39 0 72
69 65 0
41 30 16
62 4 22
5 54 45
75 20 73
13 43 42
72 75 6
9 56 36
38 25 51
46 13 57
2 47 6
5 15 74
14 43 53
37 45 17
34 5 54
76 11 17
45 6 66
55 50 45
42 60 15
53 14 4
72 36 30
63 16 29
54 51 46
65 26 54
45 19 7
51 56 73
28 23 75
68 13 75
52 5 12
63 23 19
61 20 67
0 11 11
66 44 55
53 49 39
64 2 19
42 60 36
68 47 19
73 4 46
67 2 27
44 58 14
15 59 55
19 74 67
64 41 18
35 4 25
1 0 57
35 30 73
42 47 23
77 14 3
45 65 38
41 51 31
0 58 60
61 17 64
31 53 44
17 45 30
13 29 37
21 60 18
9 33 26
55 21 67
21 53 54
5 32 39
44 11 37
15 51 11
40 40 15
68 10 19
39 5 46
12 15 14
10 23 12
7 23 1
30 65 10
24 16 8
50 25 28
73 36 47
44 68 12
49 2 28
47 5 26
49 24 8
57 22 47
64 48 37
38 2 61
70 38 33
58 65 23
41 47 49
22 68 15
68 39 8
56 60 40
52 66 0
63 21 72
30 44 75
32 73 33
40 7 66
53 6 23
40 37 40
76 58 6
77 57 72
77 63 38
41 55 53
27 36 2
62 27 37
43 37 33
70 65 65
39 49 58
63 42 67
66 57 71
63 74 66
62 68 52
42 27 5
45 38 42
30 67 24
76 12 44
37 59 54
51 59 0
39 42 48
17 56 5
70 29 23
15 22 7
4 47 31
61 59 3
29 59 46
74 19 61
41 38 27
57 14 77
63 2 25
30 6 29
1 28 51
60 26 4
61 76 50
51 61 56
38 47 34
27 60 54
10 74 72
56 65 53
3 42 41
16 55 21
31 0 71
8 48 59
36 13 15
26 41 58
31 34 23
72 21 63
74 66 41
38 76 70
74 8 8
65 14 50
6 3 43
16 52 15
20 37 35
32 32 62
69 58 73
29 43 38
32 59 39
42 0 30
1 76 57
31 33 69
29 70 23
70 35 47
27 71 64
66 50 61
36 37 36
73 50 59
74 11 75
62 15 27
7 23 44
45 60 67
28 39 28
38 22 44
51 73 61
24 68 29
53 40 36
8 46 75
63 56 2
31 0 65
19 76 62
4 66 8
21 44 67
67 0 72
26 73 8
25 55 3
70 4 69
18 51 76
76 69 64
28 49 67
45 38 53
55 68 70
68 16 63
3 63 36
38 29 27
67 70 48
52 69 61
26 32 21
31 75 6
44 7 26
46 24 16
13 75 31
32 23 63
41 14 71
11 8 55
50 36 16
49 39 25
56 22 63
59 38 46
50 50 46
65 10 30
72 63 16
56 22 33
46 66 46
21 56 50
5 2 49
19 49 32
22 35 75
59 8 12
50 58 46
75 15 65
17 0 50
70 24 19
0 62 25
74 25 72
48 33 16
62 49 72
7 12 27
13 38 34
4 34 65
43 12 4
65 57 41
62 26 9
73 69 27
2 30 59
26 29 23
50 43 24
74 9 16
34 55 47
7 35 21
75 36 35
55 2 8
3 25 27
34 15 24
13 18 18
12 68 0
12 30 60
13 17 63
64 5 3
61 17 45
74 42 29
71 44 45
47 10 59
28 13 35
47 66 64
31 64 51
16 19 3
65 20 24
32 1 45
62 34 17
69 55 66
51 42 13
54 31 22
15 26 58
71 26 47
48 29 12
23 75 50
32 17 10
24 62 77
55 52 0
36 60 16
75 46 0
4 55 36
8 2 68
44 33 67
73 44 7
38 24 58
52 73 41
70 51 67
26 75 5
55 65 4
2 3 4
72 11 13
24 26 42
77 9 21
30 65 39
55 72 2
49 41 73
48 61 70
7 44 29
26 0 22
39 15 65
61 30 54
62 32 53
25 56 68
46 26 16
48 10 49
61 9 21
48 53 27
62 39 5
67 18 39
45 46 13
75 3 12
62 1 29
37 55 51
7 70 6
68 44 46
13 6 25
67 59 58
60 3 6
17 22 15
36 34 9
15 65 65
20 3 39
40 62 74
74 56 58
16 57 43
67 60 58
25 37 13
31 65 53
44 21 51
51 9 29
21 18 31
60 45 59
69 25 17
38 16 68
75 21 21
1 73 75
17 23 50
58 8 20
44 56 57
55 53 75
41 59 11
30 20 60
44 66 45
10 54 68
72 0 28
43 73 51
68 66 54
77 51 33
1 8 30
39 59 76
21 30 34
49 11 24
11 6 64
31 52 51
18 9 4
36 48 54
7 2 24
18 37 63
67 13 39
39 64 27
63 21 55
38 18 25
4 38 34
77 51 33
8 28 39
73 16 55
58 10 41
39 72 73
69 12 73
19 25 60
45 0 3
55 11 48
11 67 56
28 47 33
18 6 1
47 60 39
18 45 5
41 70 76
28 63 50
43 62 46
63 74 51
70 35 58
69 23 49
55 77 26
65 37 26
37 40 55
25 0 67
73 43 47
63 14 10
33 5 20
38 43 73
69 3 49
12 71 29
51 73 25
43 0 38
53 17 8
52 50 52
55 56 32
27 36 24
72 22 11
64 32 50
53 38 61
28 33 54
76 8 24
63 30 49
0 4 61
3 21 30
73 64 8
52 49 25
54 36 55
26 26 66
45 11 60
40 21 20
51 53 58
42 62 36
56 3 29
73 73 43
20 68 43
52 59 20
74 23 43
10 77 7
55 7 74
22 35 41
34 35 77
21 65 35
3 34 10
49 76 36
24 12 20
3 60 49
5 60 24
60 55 63
38 36 61
43 12 75
48 63 76
17 9 10
62 65 1
48 6 21
4 34 58
50 50 25
42 24 7
45 59 10
65 58 42
27 70 51
26 13 12
32 5 75
23 19 33
57 53 52
71 1 44
66 74 42
38 3 29
43 52 70
3 36 8
71 60 66
43 9 51
51 37 6
73 48 26
24 27 26
67 51 10
3 47 47
14 33 24
21 74 44
77 57 41
8 15 9
39 28 18
46 36 73
73 32 52
34 42 35
41 11 53
38 52 4
7 16 67
39 2 46
75 64 10
65 45 61
18 69 70
63 33 69
19 47 41
25 46 65
10 35 3
5 21 32
20 27 39
48 60 32
23 58 43
27 18 39
37 7 43
33 65 71
70 22 43
3 48 18
49 24 9
14 32 61
35 44 71
62 41 12
52 9 12
56 71 57
18 41 66
64 24 66
32 15 36
72 49 2
55 8 6
13 64 12
57 38 69
40 21 63
66 60 40
43 75 64
43 51 50
62 49 59
57 39 27
40 66 55
12 49 13
3 4 76
71 36 5
67 31 25
20 13 40
14 77 6
64 4 50
39 71 39
64 31 23
49 13 2
0 38 12
48 27 29
34 2 22
77 34 54
36 40 58
69 54 20
2 57 1
41 44 69
56 66 15
33 3 17
64 56 8
22 57 14
27 48 48
57 70 55
32 68 13
6 16 76
77 39 24
19 14 7
9 54 71
23 4 39
72 20 51
36 21 44
45 44 75
10 39 12
67 51 49
12 16 58
42 33 54
5 34 61
34 72 0
44 71 56
72 53 16
55 74 47
40 69 52
69 69 30
6 16 51
24 39 58
21 0 35
34 72 18
17 23 48
16 19 6
9 51 71
71 55 73
58 60 22
48 1 12
11 9 56
59 7 1
39 35 55
77 49 21
10 52 13
24 28 56
21 31 15
65 13 20
55 38 58
38 41 8
30 63 67
14 48 60
49 34 59
20 16 35
16 41 73
33 19 56
12 4 28
29 0 18
60 32 77
75 38 53
43 24 16
15 14 31
24 60 9
40 28 57
56 21 22
69 2 6
20 18 29
2 3 23
6 74 42
1 77 11
60 59 48
20 72 68
45 17 59
58 76 40
15 9 0
76 31 4
23 32 10
48 1 37
40 62 29
3 22 77
4 9 18
20 73 11
25 69 37
47 69 33
70 64 19
71 45 58
58 58 74
53 9 34
19 36 13
42 67 9
7 30 20
15 67 20
62 57 27
31 57 3
10 4 62
35 72 39
54 21 75
6 38 8
0 16 77
65 57 32
72 68 45
23 16 60
46 39 65
31 24 33
14 66 5
73 21 70
67 67 1
18 22 22
55 29 53
15 77 30
23 60 59
42 2 6
19 22 64
72 39 75
0 27 28
40 52 28
7 51 25
75 11 67
62 45 76
64 46 7
74 65 47
28 33 20
65 44 66
68 65 23
30 73 13
57 16 11
52 72 20
68 61 4
46 34 1
41 65 49
0 6 10
36 13 33
41 58 59
49 47 77
57 15 64
18 60 20
53 28 41
11 10 13
68 11 74
66 46 53
47 47 41
14 4 6
23 12 18
17 67 76
59 23 12
2 2 24
37 20 67
37 68 60
71 64 34
56 23 12
39 4 11
41 52 77
52 49 39
19 33 70
48 23 13
2 58 9
6 5 63
33 66 63
46 20 48
25 29 48
28 70 73
57 13 24
67 51 74
5 29 24
65 22 51
10 37 69
72 12 58
56 29 56
61 49 64
5 15 41
13 77 48
26 5 21
3 48 62
66 62 9
25 62 56
76 40 53
27 17 36
54 56 62
46 28 47
15 52 41
35 52 5
68 59 16
20 73 50
66 57 45
43 29 33
73 21 17
65 20 12
11 65 51
70 25 38
71 22 17
48 55 16
8 46 27
20 12 69
20 60 44
23 30 28
54 67 34
60 1 47
22 10 9
9 26 74
23 75 26
27 73 2
31 1 51
30 63 20
14 22 49
68 64 72
36 59 65
11 71 77
64 35 70
77 37 70
66 72 8
36 19 56
54 76 2
38 55 9
21 70 13
35 25 41
41 65 63
4 3 66
53 76 23
16 71 48
26 19 18
2 39 13
23 38 61
70 62 23
53 69 75
50 74 16
10 58 47
36 20 56
0 75 25
65 26 13
1 2 32
11 28 8
9 56 39
42 75 74
25 5 56
62 58 22
63 23 8
5 65 39
43 11 43
70 60 54
72 44 4
18 4 53
31 0 0
37 74 25
47 51 15
49 59 45
32 47 34
16 65 74
5 11 46
31 9 42
77 68 44
71 71 23
22 26 3
28 21 19
74 69 74
37 6 32
74 74 50
37 20 3
55 58 70
31 41 16
28 61 77
71 31 71
21 1 70
31 30 71
15 53 54
46 55 13
77 0 41
28 20 15
36 64 46
69 76 32
8 63 62
45 69 30
34 4 54
72 6 44
38 55 38
54 77 16
44 55 28
21 72 27
30 57 22
72 40 10
33 8 41
59 43 10
14 11 67
28 52 1
75 19 73
30 24 38
76 17 75
9 53 73
0 16 39
15 44 8
11 42 57
54 6 9
10 16 3
10 44 2
47 67 24
8 24 61
20 33 38
21 49 25
17 8 59
13 39 60
67 43 31
67 56 5
53 69 45
71 18 68
38 28 8
43 19 9
28 18 37
20 25 45
31 42 56
56 72 5
25 30 21
54 61 24
74 52 35
57 0 45
43 34 49
52 23 29
37 61 6
34 35 45
7 65 46
69 5 22
49 74 73
51 26 9
18 34 13
50 64 60
5 59 77
59 0 30
54 13 22
30 5 3
34 6 72
35 0 70
41 31 68
8 74 18
30 24 77
42 65 33
29 59 12
34 16 63
48 41 65
24 15 62
56 20 77
22 8 56
3 42 23
12 66 17
54 25 23
44 70 23
75 20 21
77 62 69
73 45 29
74 6 35
49 52 16
7 51 66
40 53 41
61 48 68
16 23 73
12 15 73
55 12 63
57 46 52
29 34 21
58 43 42
27 77 67
22 36 54
29 11 34
30 57 70
17 7 62
18 60 50
21 21 71
30 33 34
69 49 3
69 34 39
72 63 25
70 67 41
29 65 63
43 16 74
50 2 30
46 31 36
71 67 4
21 8 24
63 2 51
61 9 71
53 38 71
48 34 20
61 5 72
16 55 8
19 60 58
37 26 26
21 57 56
33 21 30
22 66 36
3 13 77
17 23 69
4 42 53
66 24 0
36 69 28
47 51 53
50 74 33
69 48 33
67 72 51
62 49 44
77 44 36
69 76 74
59 72 70
25 68 51
69 7 36
37 77 26
31 65 49
53 66 60
74 70 72
48 18 9
12 12 72
18 77 74
66 67 18
44 47 49
73 34 10
43 21 63
61 43 24
29 15 58
32 57 2
12 48 51
77 68 61
17 50 46
60 33 66
1 7 74
55 70 61
69 0 50
60 28 14
14 63 46
25 41 24
52 56 11
73 31 7
6 10 29
29 57 14
64 71 23
37 21 4
38 24 29
18 22 54
13 66 48
15 25 31
40 0 43
41 23 40
61 69 10
29 36 19
57 60 16
48 47 27
42 66 66
72 50 25
17 1 27
17 41 2
25 48 3
75 4 46
14 5 76
69 17 58
65 63 43
16 33 51
40 69 26
63 66 10
12 36 20
9 70 59
1 55 51
2 63 41
15 14 43
45 14 45
77 30 0
57 0 67
71 48 29
36 7 75
40 4 58
73 51 51
77 15 10
2 72 60
19 73 22
20 13 73
50 6 70
4 11 70
52 37 35
45 29 62
32 45 23
32 20 14
0 40 39
29 45 62
40 75 49
38 73 48
66 55 7
67 0 53
40 41 58
73 51 26
74 50 38
20 40 67
8 17 13
76 31 18
50 23 67
20 39 18
41 64 6
70 34 55
12 64 1
14 61 23
48 51 59
68 54 16
22 69 12
69 59 47
0 61 61
18 34 14
30 41 61
53 3 15
58 76 29
13 37 73
73 50 3
71 76 63
49 15 7
77 39 58
1 19 31
61 6 8
71 53 57
42 3 24
50 1 70
55 50 50
44 27 45
40 40 1
22 41 0
7 4 66
0 73 74
45 21 13
68 22 40
44 75 36
35 72 46
64 7 31
44 64 55
9 51 67
57 27 43
29 32 16
32 23 35
40 14 72
11 6 22
56 38 34
19 2 25
41 64 8
54 41 72
33 26 15
43 55 49
61 17 3
13 27 22
2 24 15
5 7 55
25 54 37
24 14 21
33 68 40
33 60 35
19 34 72
38 59 47
71 42 52
59 15 51
4 66 4
12 7 67
45 55 55
44 11 8
32 12 65
33 28 37
76 47 4
39 35 54
5 27 55
17 14 53
38 3 36
75 73 30
51 39 24
54 66 47
68 64 11
29 65 15
67 66 36
58 47 72
74 33 75
61 0 53
35 2 13
62 14 71
4 55 30
45 43 18
29 29 13
6 43 59
65 3 66
43 30 21
60 43 59
26 72 54
66 5 41
65 30 4
58 60 3
29 64 66
51 35 1
28 8 17
38 0 59
17 13 71
20 25 33
55 35 44
3 45 64
61 1 28
22 15 70
54 37 65
8 0 17
8 25 71
57 5 2
54 8 68
45 24 56
4 7 45
22 57 26
56 18 0
59 9 11
70 24 29
59 41 32
36 29 17
23 17 36
75 32 21
32 74 17
45 37 10
49 20 62
21 11 8
13 71 70
6 55 54
52 19 8
77 2 5
55 14 50
14 11 55
20 36 29
12 41 36
2 50 11
38 63 74
36 24 29
55 77 5
56 24 33
15 13 27
64 19 1
43 62 63
22 73 21
42 71 47
40 67 72
43 57 2
53 9 5
21 64 1
77 15 8
56 8 55
63 42 37
72 17 24
60 36 50
52 38 73
33 5 9
49 24 45
28 32 12
10 61 35
52 32 54
21 35 2
57 41 61
69 11 16
77 26 42
60 62 22
67 17 57
10 47 13
67 43 32
64 70 12
46 24 73
28 51 54
17 63 72
60 8 34
3 73 18
60 20 6
45 5 6
45 35 49
45 35 28
30 76 11
57 16 25
1 32 77
26 51 25
20 17 68
52 40 71
63 6 59
60 12 16
63 18 54
65 44 2
75 27 51
19 31 69
8 9 73
2 27 15
54 63 32
12 46 44
62 38 64
17 55 43
29 34 5
55 53 24
46 64 0
10 67 29
58 35 64
23 61 3
69 40 6
13 66 27
60 16 52
68 16 21
41 5 31
22 23 4
75 17 36
9 72 56
45 16 68
26 47 76
15 70 3
61 74 13
53 55 34
56 26 62
6 68 15
43 51 49
20 9 6
48 61 0
57 49 59
48 19 50
2 42 26
15 44 21
5 17 75
1 5 17
33 27 21
57 0 5
18 31 26
12 28 48
54 68 30
25 5 11
77 74 2
57 4 42
57 42 69
9 21 8
45 34 74
43 44 6
15 18 73
29 65 17
32 75 1
12 28 70
24 18 64
53 36 71
60 61 25
21 5 70
1 72 33
49 0 55
62 45 22
60 40 18
15 22 7
41 2 23
6 49 73
67 64 12
44 1 74
23 71 72
59 19 38
0 54 26
48 39 75
69 72 49
18 44 48
38 62 45
35 51 8
45 11 76
40 49 24
48 6 77
7 13 55
67 12 71
40 20 46
58 57 39
15 76 44
54 35 71
10 0 15
17 32 10
53 17 11
26 63 26
61 21 73
51 20 30
12 35 53
38 77 7
44 9 19
7 47 44
9 37 73
8 55 56
65 67 63
17 39 2
48 21 7
41 42 59
13 53 25
73 74 35
69 56 6
37 51 5
53 55 13
8 43 3
24 69 49
37 73 25
40 53 68
27 1 45
54 59 24
12 24 5
66 5 54
71 41 72
23 72 10
41 26 77
11 61 30
58 32 73
61 7 56
66 14 23
28 0 66
69 72 3
25 57 4
61 41 26
47 46 28
53 56 17
0 68 57
8 51 8
76 49 23
30 40 15
47 73 61
10 25 62
74 56 21
51 27 41
55 41 3
66 16 40
40 51 8
33 28 74
16 54 32
73 28 60
23 43 56
38 25 31
10 56 53
4 14 0
69 60 55
25 47 22
25 31 49
65 59 51
30 33 70
4 18 9
69 68 56
31 64 41
34 24 72
28 11 69
69 53 2
43 67 55
58 22 51
10 33 21
55 53 41
53 73 15
72 75 35
25 26 9
36 31 31
20 29 20
69 59 63
14 70 6
49 66 13
77 13 31
11 33 43
26 64 23
66 48 41
30 34 9
2 37 25
53 77 51
38 4 0
60 37 62
10 54 1
9 33 3
74 76 56
6 6 11
73 50 45
72 52 62
70 34 8
71 36 71
43 11 37
59 4 27
7 68 18
6 77 15
58 18 67
15 64 35
48 7 54
69 42 43
66 19 32
5 25 70
16 33 9
27 56 34
37 27 35
72 62 0
77 39 31
19 60 76
38 73 3
68 7 31
53 61 43
71 4 68
6 49 41
48 67 22
15 62 55
53 13 16
13 54 27
5 25 15
47 21 23
16 71 62
39 25 67
76 5 28
76 63 62
17 66 20
23 0 9
44 47 8
30 33 64
54 29 68
59 61 63
27 62 46
49 53 32
75 7 17
55 54 41
20 15 7
0 4 20
59 11 55
41 26 12
71 68 71
20 34 15
6 20 33
69 12 37
62 41 5
58 43 28
69 59 39
7 75 30
53 27 18
12 5 23
55 0 27
77 21 14
40 4 46
74 39 47
35 49 71
65 39 52
3 71 44
69 3 64
62 1 1
14 2 19
18 24 22
4 56 35
26 27 37
63 22 56
24 14 61
44 6 10
40 51 1
40 76 18
12 50 27
61 13 8
45 72 37
35 12 45
68 45 37
29 42 17
19 10 67
34 47 33
66 31 46
27 73 70
44 42 33
26 18 27
70 46 58
4 34 15
21 72 48
73 40 18
3 74 26
60 42 23
40 33 2
13 66 4
62 62 68
57 70 18
4 23 50
12 24 42
49 19 4
54 35 68
64 23 65
33 12 9
10 51 30
76 64 8
44 17 12
0 43 65
68 48 21
39 24 23
8 34 51
33 20 52
1 61 22
4 7 24
46 52 44
1 59 55
67 11 10
35 53 42
3 56 60
25 56 30
6 55 14
5 74 34
53 16 68
25 44 51
36 38 47
13 25 26
8 6 24
10 44 59
44 41 31
27 8 60
19 30 50
51 36 41
74 29 59
66 8 37
33 20 59
46 72 71
32 43 36
20 26 30
69 22 4
3 31 74
57 59 4
45 1 36
41 67 13
68 74 62
0 16 30
65 54 4
32 26 19
22 76 0
31 3 22
30 58 9
58 59 32
35 30 43
20 60 47
46 17 27
12 66 63
4 15 4
69 21 6
5 25 21
12 66 36
42 36 0
56 4 59
44 18 28
18 62 41
33 56 56
49 52 43
28 62 27
32 50 58
73 69 13
7 8 65
5 16 76
4 70 66
65 43 37
39 52 25
60 75 67
19 13 37
36 31 8
13 4 69
52 49 29
48 19 19
58 18 20
47 5 2
55 3 34
4 58 36
64 28 18
29 19 62
69 34 77
20 33 60
6 36 0
11 22 29
69 70 34
41 26 58
71 34 73
35 24 55
9 70 0
25 70 8
12 49 32
22 46 42
62 26 28
23 16 32
10 75 15
53 31 20
42 22 43
15 64 23
30 33 56
0 15 12
67 28 28
37 37 4
74 28 42
47 20 58
57 65 2
30 43 12
64 58 19
53 16 14
56 47 10
46 47 35
64 31 4
68 52 26
21 17 36
28 71 5
40 74 3
8 54 22
76 48 32
23 64 19
21 31 23
37 14 4
15 60 8
64 69 5
31 77 54
41 37 65
31 58 30
3 14 15
2 43 6
5 23 13
29 16 47
77 29 12
62 56 2
26 6 57
5 52 40
56 21 46
72 51 35
13 42 16
25 4 37
29 46 47
38 2 22
0 71 4
19 38 35
45 73 54
56 4 43
2 73 54
16 53 12
62 25 24
57 63 26
23 48 28
73 66 15
67 42 12
39 66 36
52 15 20
22 36 4
28 72 27
75 77 61
21 1 75
77 12 62
39 74 70
68 50 73
59 16 17
17 67 67
11 68 13
19 74 70
61 5 44
43 70 27
50 49 49
56 23 56
13 53 64
18 15 26
7 37 38
46 1 67
20 8 59
7 52 52
4 41 53
37 33 26
4 27 76
25 69 2
30 28 43
31 63 61
3 72 38
53 75 50
67 64 60
21 56 34
31 11 10
71 63 31
13 4 1
15 7 2
75 34 60
20 8 54
6 50 70
73 23 75
43 24 32
72 68 28
76 8 16
21 17 46
64 68 25
31 68 68
47 1 29
46 38 75
27 52 66
67 56 8
73 55 37
47 38 19
0 58 1
36 21 13
52 18 64
1 68 51
67 45 71
25 27 55
35 76 46
67 63 17
50 0 27
59 24 47
62 10 32
13 1 29
65 23 56
9 23 12
39 49 38
15 18 61
44 34 12
63 3 14
9 33 35
9 19 12
47 62 74
66 29 41
36 0 56
3 53 67
17 59 24
6 45 61
12 49 0
71 51 30
1 68 40
5 54 31
35 29 53
24 3 16
4 48 57
64 49 67
38 66 70
61 9 73
39 53 53
68 51 37
69 27 8
36 54 28
31 33 56
69 54 31
50 30 54
40 72 33
60 59 62
11 64 31
7 42 36
53 35 44
32 31 67
57 62 77
56 3 6
30 43 70
55 38 15
34 61 33
54 56 20
46 75 2
2 22 8
10 45 41
26 35 18
12 15 11
2 22 53
69 68 17
45 50 27
72 66 36
7 69 36
40 30 41
70 22 73
10 71 7
16 52 57
27 62 0
45 2 73
77 26 55
27 24 40
54 21 1
68 11 11
10 29 17
7 45 49
77 9 12
46 9 46
0 62 43
66 65 17
18 76 62
51 53 39
9 30 53
66 1 39
69 12 70
12 8 66
39 53 20
62 6 60
72 22 76
42 44 26
2 20 50
53 48 17
49 70 46
73 14 73
13 40 28
26 25 74
29 6 57
15 4 52
75 12 11
4 34 59
74 42 7
4 76 10
65 73 32
61 60 22
60 18 42
55 44 59
35 27 69
60 48 53
59 39 0
58 30 8
62 68 14
59 67 21
23 73 23
48 23 35
20 2 30
66 68 40
36 2 63
19 10 19
39 27 4
20 34 44
13 37 41
23 36 62
74 4 0
34 41 67
26 34 59
18 70 9
19 67 73
23 50 28
17 70 21
22 30 38
10 62 13
22 38 30
19 32 23
17 69 75
74 22 69
58 71 3
23 17 63
44 33 10
63 1 32
31 62 28
41 3 48
50 57 33
8 7 58
7 35 58
38 3 76
61 69 60
15 8 42
33 30 60
70 38 32
62 7 59
8 65 51
22 26 9
0 66 40
17 0 45
10 64 13
65 53 49
22 16 41
24 14 75
59 56 73
44 49 18
4 4 10
16 9 70
4 12 64
25 69 5
65 1 8
75 19 57
43 48 74
6 25 15
41 74 17
68 35 14
14 57 56
49 76 22
14 67 38
64 39 12
76 67 11
53 15 53
16 2 29
68 70 40
7 58 43
58 13 44
57 74 9
43 68 12
10 2 22
34 18 66
25 53 18
24 27 30
64 4 8
48 7 0
8 6 47
19 18 14
74 44 44
9 73 47
51 56 36
2 51 74
21 38 68
12 77 0
36 28 10
6 37 77
38 17 37
27 36 55
54 55 28
41 12 19
42 36 56
73 11 38
61 42 47
29 0 76
76 46 28
22 22 4
58 60 62
21 43 73
75 55 30
58 60 33
9 60 6
74 61 66
26 23 58
15 35 77
22 20 52
59 16 44
18 64 62
38 23 10
71 20 31
43 24 40
9 52 24
64 13 73
2 73 57
19 76 33
31 17 66
36 13 61
64 66 33
32 72 50
24 57 68
57 36 74
29 15 65
68 22 28
42 12 29
46 11 74
14 24 25
73 75 64
9 55 23
71 18 6
35 12 29
73 32 20
59 76 67
75 57 58
24 16 15
57 49 12
41 30 73
5 53 68
44 6 76
53 64 55
59 35 42
56 42 34
69 70 59
65 38 63
77 71 11
62 58 22
4 24 34
33 33 34
8 69 32
3 31 10
21 32 38
69 56 28
39 63 24
44 41 9
3 54 24
75 29 35
1 76 66
59 13 43
5 9 2
74 7 67
74 45 74
50 55 8
67 1 9
13 47 21
4 22 31
41 45 48
47 27 58
56 67 23
28 47 16
43 51 18
54 40 7
45 27 30
31 68 17
30 44 44
49 36 5
3 51 56
7 54 22
29 43 32
70 65 39
26 54 23
50 23 70
62 37 50
45 74 30
39 61 31
71 18 44
38 15 55
63 40 44
53 50 44
63 22 5
41 24 17
25 35 26
53 43 10
4 1 51
48 52 72
41 30 6
54 61 22
31 73 6
56 57 25
70 69 70
24 22 46
2 28 28
36 5 30
72 48 40
24 75 42
46 41 2
32 38 20
9 62 45
11 10 53
9 76 14
38 44 15
6 37 74
50 15 35
64 42 3
9 73 19
25 29 22
50 35 0
27 16 59
48 52 62
16 16 67
24 29 15
9 36 71
77 13 25
24 26 36
28 74 9
64 11 72
21 3 70
19 57 54
24 5 43
41 14 51
39 42 34
19 14 49
53 49 55
29 65 60
11 3 42
50 11 50
49 8 69
28 6 49
16 24 18
41 19 72
23 57 40
68 66 77
61 37 21
21 56 24
74 63 70
46 75 68
41 12 31
51 1 10
20 13 46
48 42 32
52 7 10
37 41 31
1 76 60
7 26 68
72 0 20
42 59 24
49 45 54
31 32 31
33 15 74
73 68 27
53 18 62
38 27 49
39 10 62
42 19 6
39 27 3
47 51 50
58 67 38
8 25 18
24 74 19
66 57 46
54 71 18
30 23 71
32 49 52
0 60 1
67 72 16
4 68 70
54 60 53
63 52 19
14 46 42
53 31 0
45 65 52
2 21 43
47 31 49
25 24 20
31 15 69
46 36 53
70 68 66
75 49 77
67 51 43
45 58 69
69 35 47
17 42 9
36 7 29
12 64 55
75 0 37
61 47 73
6 5 55
68 39 26
14 76 22
40 70 21
51 6 37
9 43 52
39 52 5
53 65 27
63 24 76
31 18 48
8 58 18
20 43 45
33 50 18
66 64 14
63 65 36
7 7 71
61 61 69
52 10 52
14 43 50
49 41 64
59 55 14
26 72 31
56 47 43
12 43 57
69 12 28
66 51 5
74 55 11
43 55 38
66 51 47
54 60 51
7 3 54
74 28 55
35 62 22
27 6 37
43 8 74
54 17 28
32 51 38
9 69 0
46 32 68
55 1 55
50 14 30
41 20 48
45 15 62
59 39 55
18 20 74
39 28 48
12 61 43
61 36 31
31 46 13
49 32 43
26 36 70
53 55 69
37 72 1
50 66 52
40 71 39
71 12 34
17 42 20
48 54 17
19 31 34
50 16 64
77 17 30
65 23 46
21 21 37
34 60 23
2 14 25
66 2 17
55 47 38
13 16 67
53 15 37
13 29 39
1 45 49
66 3 47
56 6 1
9 23 75
66 46 2
2 0 68
61 1 14
23 23 1
3 4 45
76 24 46
61 24 44
22 34 23
75 75 64
27 75 63
2 11 36
7 76 20
11 57 16
71 5 8
6 47 62
42 72 15
21 49 18
36 12 41
7 70 61
74 73 75
69 10 68
8 77 43
22 4 42
60 71 66
29 73 23
69 51 12
28 67 16
74 61 67
37 42 16
23 37 30
59 16 21
5 60 38
1 44 65
1 50 77
18 51 29
57 57 34
12 35 9
25 47 69
25 17 33
21 49 12
67 19 1
52 62 20
25 66 13
20 33 64
50 33 2
66 9 76
56 4 28
20 67 33
44 52 31
47 18 32
39 4 50
21 40 39
14 71 18
61 73 72
57 66 37
46 6 6
35 0 1
53 32 75
28 10 2
62 5 28
30 58 50
59 16 57
36 39 2
16 38 70
25 76 68
23 1 24
44 13 39
20 1 25
22 10 2
25 15 29
65 49 45
76 31 16
40 22 36
3 31 20
74 51 9
0 24 77
7 71 5
67 6 59
64 9 65
25 31 28
25 28 21
61 63 52
12 54 38
66 6 4
58 20 76
6 5 15
39 30 71
4 1 40
28 39 5
7 22 44
71 20 23
66 40 13
37 70 30
2 76 36
42 62 25
64 44 5
8 40 30
69 76 7
27 60 28
6 21 26
1 70 67
8 11 23
71 18 76
54 70 36
54 30 6
43 58 68
48 3 5
66 63 12
49 56 72
53 6 30
69 41 43
33 65 3
53 3 74
2 44 16
42 16 24
25 27 43
39 69 23
23 35 43
15 5 21
71 69 55
76 30 60
29 75 20
5 43 62
45 50 28
66 60 62
74 35 27
16 3 49
25 40 64
8 65 65
28 62 54
52 8 60
61 43 64
76 17 66
27 9 74
36 72 27
66 35 13
64 72 46
24 8 0
73 18 47
64 56 40
9 52 61
5 74 72
42 10 16
21 62 65
50 56 72
42 35 72
15 50 66
62 54 26
74 1 28
38 49 61
36 6 0
16 12 44
17 66 64
77 76 68
60 49 36
56 46 43
16 60 41
41 53 56
71 53 41
34 51 32
9 73 24
64 6 18
12 0 70
53 64 17
70 64 48
53 33 52
77 11 4
15 52 7
72 34 69
15 8 74
4 20 66
61 15 62
62 32 56
76 13 63
2 36 62
49 6 71
49 55 4
22 66 50
62 37 70
41 55 69
56 28 10
53 16 60
12 25 30
43 69 62
35 66 35
45 64 51
15 2 42
46 0 76
23 47 19
20 5 21
73 7 18
67 12 27
49 3 24
57 23 47
40 9 41
22 52 20
50 48 65
2 10 66
54 74 11
26 6 24
76 0 5
17 9 52
42 31 51
71 31 58
63 66 18
32 46 30
73 65 17
49 72 64
45 16 28
2 40 27
66 31 60
77 7 49
73 62 29
43 1 25
55 17 3
50 5 74
34 67 15
21 23 36
12 24 62
26 0 10
46 70 26
19 74 8
39 19 63
20 24 54
52 17 3
13 49 33
69 3 56
21 77 62
60 66 54
54 41 58
18 29 43
4 1 44
18 15 25
56 29 73
59 24 52
4 41 53
66 13 59
11 22 36
77 39 46
43 28 19
65 17 4
10 11 33
9 39 54
76 47 66
57 39 35
74 66 77
13 14 14
42 60 26
41 70 0
62 69 58
68 6 52
46 49 27
18 58 17
24 34 9
27 37 19
17 11 20
18 73 60
60 14 35
40 19 33
15 54 10
10 62 33
57 20 56
18 21 16
38 39 57
63 49 43
47 56 61
52 20 45
9 33 18
1 10 2
22 55 38
73 66 70
25 29 66
26 24 7
34 60 44
56 74 63
32 40 40
65 26 29
18 23 9
74 0 0
14 77 21
29 59 28
72 73 13
4 44 7
44 61 4
26 71 68
65 52 18
50 43 0
38 70 76
45 52 56
24 31 60
9 24 63
42 22 54
55 27 50
38 2 24
3 54 23
54 60 52
38 36 76
32 30 44
40 12 8
17 61 24
57 10 10
66 31 58
61 62 24
72 15 30
8 63 40
19 10 41
73 51 33
63 70 13
28 36 51
3 64 32
40 69 56
54 12 52
24 12 72
62 51 15
41 17 72
67 41 63
45 46 66
52 49 12
66 24 38
34 68 15
66 17 12
38 9 40
26 47 41
16 20 34
13 14 54
68 62 58
65 73 25
5 68 7
3 30 74
9 19 56
32 40 44
74 5 6
8 27 71
33 41 34
24 46 54
49 12 24
20 61 45
74 16 10
35 36 39
40 9 10
8 23 38
63 4 45
39 73 64
7 23 26
21 36 13
34 27 19
34 57 0
66 35 51
49 33 40
74 77 15
12 72 25
67 39 14
2 26 14
40 31 59
35 60 57
51 71 8
14 46 77
3 75 68
59 63 18
14 37 26
44 24 44
15 77 45
0 77 70
30 56 23
46 8 56
21 77 50
76 42 43
56 2 42
60 62 53
76 39 18
9 73 51
12 33 51
19 74 51
40 8 45
68 5 65
75 6 34
21 14 63
7 35 4
50 56 0
53 64 36
5 39 1
6 35 30
34 4 53
76 41 64
24 16 41
73 43 3
65 64 57
65 0 51
4 63 10
22 34 53
60 6 28
13 14 71
21 67 72
35 68 28
74 34 77
66 18 15
5 70 58
75 12 39
60 12 46
15 28 9
23 50 4
21 33 31
4 54 17
0 54 71
70 42 59
20 23 52
40 69 5
22 14 73
70 8 60
50 6 65
45 9 33
29 63 48
20 7 44
20 38 32
9 3 67
9 39 29
30 58 75
5 38 2
61 64 26
56 49 15
60 53 17
6 66 34
54 37 54
32 65 76
22 64 42
27 74 24
19 31 25
2 26 23
28 24 22
65 52 39
11 17 71
39 20 36
68 61 13
72 25 60
43 13 46
77 71 6
21 2 31
1 31 3
55 52 37
2 61 30
7 37 43
53 74 18
65 66 5
75 2 50
47 8 45
65 64 76
56 35 9
68 62 49
41 4 14
34 57 34
32 37 11
25 63 48
26 17 55
14 6 48
54 27 15
20 76 33
51 68 45
18 20 43
22 10 23
57 8 43
15 62 64
76 44 75
17 14 55
42 11 60
32 16 34
4 59 72
4 71 49
27 70 62
9 36 29
64 24 42
7 16 9
37 50 30
59 12 0
6 2 7
42 9 3
56 39 54
16 63 13
12 67 55
57 76 46
74 33 27
32 32 31
28 25 57
50 73 9
35 17 15
50 26 9
64 52 56
1 39 2
64 7 2
25 36 71
15 12 55
33 46 0
21 73 22
48 44 55
40 49 51
64 64 21
50 12 29
51 30 40
7 23 38
55 67 14
8 0 46
29 14 55
24 75 6
20 41 27
51 76 55
4 77 71
42 11 12
11 33 51
0 74 29
26 6 38
44 48 13
22 41 42
69 23 5
69 3 60
59 24 50
49 75 32
55 36 36
73 0 11
24 3 39
64 54 58
48 40 28
64 32 12
24 50 47
77 41 14
30 12 34
9 23 24
60 7 31
73 64 7
55 26 72
1 32 8
5 23 51
16 59 5
9 21 47
16 58 34
58 21 17
26 7 36
1 59 31
19 32 65
15 30 64
33 40 72
35 55 6
9 5 62
2 5 73
44 33 6
8 1 55
53 35 17
62 0 26
33 21 17
22 42 22
28 35 63
73 40 23
51 5 22
46 65 22
50 51 36
7 34 12
16 11 73
45 61 19
20 10 44
11 11 8
53 57 14
52 49 73
11 51 21
28 54 7
61 11 19
76 48 53
45 53 49
26 0 30
53 13 9
23 46 26
48 37 35
23 70 73
20 67 51
15 10 25
19 39 66
22 26 32
69 26 72
42 12 76
5 34 74
33 65 77
27 20 22
58 61 51
42 24 44
11 29 32
50 3 32
60 37 0
55 11 53
20 69 38
62 0 6
37 8 65
57 66 67
4 63 53
56 49 27
0 12 23
31 10 43
63 5 40
51 50 63
16 77 12
12 72 15
52 38 69
40 24 4
62 68 0
64 24 5
9 31 4
30 25 73
0 37 57
5 8 8
41 15 64
69 71 20
43 76 23
53 72 30
50 65 72
36 21 45
17 55 51
38 2 73
59 41 58
24 24 29
29 23 55
5 26 0
31 0 11
0 9 17
73 76 74
21 66 13
67 39 51
47 47 9
15 24 66
35 21 65
51 42 12
0 14 33
68 57 24
60 41 27
49 45 1
36 65 10
50 47 28
72 55 6
30 62 19
77 33 1
33 48 0
23 33 3
62 77 0
20 39 0
67 75 73
54 58 66
34 73 49
35 64 43
63 68 77
63 13 57
27 35 22
23 4 15
52 12 65
43 31 34
57 38 46
66 58 49
64 42 15
61 42 56
59 25 58
55 39 52
11 5 76
51 70 25
19 30 20
34 27 37
7 76 2
4 22 8
51 11 23
13 62 59
44 54 42
53 2 36
71 71 40
43 11 60
53 29 8
53 21 1
24 55 73
57 16 48
7 42 31
51 63 51
27 48 44
24 4 28
47 46 44
3 54 25
64 46 56
51 37 1
65 24 59
23 10 55
9 48 62
26 49 33
37 5 71
74 4 51
69 30 60
76 56 77
11 51 63
55 36 37
65 77 75
47 36 31
47 42 29
36 33 67
70 66 1
52 4 55
5 22 18
47 58 64
56 47 41
20 25 11
36 54 41
26 34 52
39 53 65
21 2 22
26 23 18
4 60 66
9 11 9
61 36 66
46 14 71
19 16 26
64 1 47
4 77 46
46 24 29
36 6 43
33 26 9
57 25 0
76 34 4
66 12 18
29 33 10
63 73 61
71 59 70
67 50 63
1 7 69
14 37 12
75 76 10
29 71 9
37 74 34
53 55 54
4 61 19
69 50 69
64 25 68
35 38 28
54 37 9
47 31 1
8 66 12
72 12 49
34 35 48
49 8 25
12 62 34
70 65 70
26 16 43
11 29 61
39 20 65
16 14 14
11 68 68
21 69 52
38 57 63
71 75 29
37 41 43
51 52 74
37 71 24
67 55 43
16 49 58
56 20 59
63 62 44
16 27 21
48 18 56
29 34 0
14 30 76
36 53 23
49 77 5
16 77 74
2 59 25
39 25 47
76 73 40
19 67 76
10 63 17
30 26 36
36 0 25
11 27 55
15 3 40
40 58 68
56 20 70
42 44 70
53 56 30
65 57 10
38 64 20
25 26 46
35 4 70
22 11 23
8 26 26
54 28 15
64 65 57
71 73 35
39 44 1
77 26 68
20 25 5
73 19 8
21 30 8
2 26 19
15 28 21
55 27 48
65 62 24
53 67 34
24 0 28
63 62 71
25 21 71
41 42 66
28 77 56
21 18 59
8 75 61
68 36 3
75 55 6
52 13 1
6 46 56
19 54 26
39 54 76
13 15 32
29 3 59
32 35 57
10 11 57
59 19 57
71 42 24
27 40 24
8 20 6
63 32 56
22 24 67
35 28 68
46 3 64
6 33 62
23 45 76
30 73 27
8 10 51
12 39 72
67 61 18
12 17 65
48 2 46
53 59 20
22 17 17
39 67 3
24 73 25
1 47 5
4 72 46
62 18 63
9 6 65
10 63 21
22 45 70
63 52 6
73 26 36
23 14 77
49 77 64
68 0 6
30 65 66
11 38 29
68 4 59
49 61 22
7 18 21
60 67 69
48 14 55
6 61 69
3 46 55
20 1 33
38 0 1
66 71 9
58 21 30
44 77 52
54 18 42
49 21 5
26 21 22
25 5 31
68 67 18
41 41 18
63 41 67
64 19 28
56 66 37
69 63 20
44 64 37
0 63 30
43 58 11
51 2 9
52 58 18
40 51 21
76 26 3
75 59 49
5 5 54
9 44 21
36 38 1
48 12 40
10 44 9
30 59 8
15 63 1
58 59 38
49 42 48
29 46 20
0 24 54
35 20 14
36 39 66
46 35 38
60 41 10
13 18 18
32 55 39
60 50 47
21 41 31
48 17 50
18 50 38
12 10 73
74 57 76
42 44 52
53 9 24
15 20 77
73 77 66
21 23 1
74 47 42
1 25 41
57 15 26
25 71 58
2 35 35
60 42 0
39 73 29
26 44 10
22 18 68
53 28 53
14 64 54
74 13 11
18 47 12
40 18 28
67 73 7
38 42 29
55 14 24
34 61 69
27 69 28
2 35 62
17 58 48
13 22 13
26 35 4
8 29 18
30 0 35
69 47 65
28 16 3
6 2 10
46 7 67
57 66 38
44 30 29
28 66 55
36 1 44
1 11 30
27 11 66
14 25 10
17 33 69
53 42 56
14 5 25
51 34 63
17 58 40
3 42 52
7 77 40
46 64 5
68 25 15
58 57 23
20 23 67
68 41 72
51 69 61
27 68 17
37 61 15
68 53 71
39 19 41
8 20 28
74 54 41
74 33 71
32 50 37
34 75 39
50 68 19
70 34 3
25 55 69
53 0 45
33 31 47
55 40 21
65 35 66
76 66 12
22 3 7
31 45 72
75 4 50
10 44 17
47 43 57
6 51 7
49 35 74
53 21 41
25 3 62
45 71 31
35 51 38
39 66 11
23 33 18
20 8 16
43 63 68
11 13 63
63 41 25
31 20 53
28 12 63
64 34 55
55 60 44
23 47 47
77 64 19
17 39 69
57 42 36
37 75 19
52 30 61
27 57 33
66 26 21
74 54 53
56 66 15
69 23 29
10 41 7
69 69 2
45 75 62
0 61 49
40 9 50
35 13 28
59 77 77
76 77 50
19 55 13
23 76 59
55 40 20
23 20 70
28 68 13
58 27 76
36 77 66
6 51 23
12 64 65
0 49 52
56 18 31
72 72 8
76 42 30
68 18 71
31 13 4
68 51 7
3 41 73
63 31 6
74 65 29
46 56 55
54 39 10
26 58 73
65 50 55
67 45 31
46 26 27
9 48 27
72 77 66
32 4 34
54 20 70
69 29 26
33 61 75
70 10 5
70 8 20
14 29 38
8 40 64
33 40 60
45 65 43
65 0 64
8 32 21
26 34 39
66 66 67
24 50 77
43 59 5
27 52 65
66 47 11
35 1 75
23 46 76
28 43 11
17 31 58
58 19 23
45 14 37
5 5 7
61 12 64
76 43 13
48 74 0
58 16 44
57 5 61
46 75 35
24 41 32
56 14 41
19 66 31
76 54 2
66 23 16
6 59 35
74 20 38
13 75 35
6 62 32
67 54 58
7 54 19
28 7 31
76 19 49
16 73 70
38 52 66
59 2 41
7 70 43
27 73 51
11 9 17
34 74 55
29 21 25
66 8 55
13 42 71
52 54 8
69 72 64
43 34 35
59 6 12
8 50 25
69 72 50
69 5 76
40 34 9
70 57 74
75 61 71
44 61 53
58 36 45
6 76 58
6 50 71
29 22 19
36 37 17
62 55 27
6 15 58
50 17 26
68 34 19
30 69 7
14 46 35
65 5 37
0 60 17
76 73 60
31 67 42
41 8 25
10 24 75
6 75 22
15 13 34
21 28 71
9 27 36
59 60 66
59 68 47
70 64 62
72 39 42
31 54 58
72 65 27
59 19 33
37 53 31
67 52 57
70 76 24
10 14 16
53 65 18
11 8 0
66 9 51
54 53 7
49 75 4
40 58 64
42 67 33
18 48 50
6 37 19
56 13 37
24 6 41
23 32 0
58 68 29
5 61 64
2 56 40
50 30 68
73 10 11
6 42 44
73 33 7
48 64 2
75 13 13
26 21 39
9 62 19
70 63 4
73 44 31
51 2 75
45 3 6
41 34 70
39 20 71
0 13 36
4 73 21
2 55 28
48 31 56
25 70 24
41 24 54
77 42 9
51 33 53
36 70 40
15 19 32
24 26 46
74 70 3
12 4 40
20 74 45
1 9 7
43 51 66
40 36 4
57 7 44
77 75 44
31 36 54
39 47 54
4 12 31
43 1 77
5 57 52
68 56 14
12 38 55
66 55 50
4 26 61
43 40 76
73 18 46
29 46 65
62 26 29
22 13 58
56 61 15
2 68 8
56 23 77
56 51 52
75 77 30
12 31 42
74 68 65
57 4 0
52 22 38
13 66 5
25 48 77
67 66 75
48 4 15
52 55 69
26 58 11
43 46 74
5 19 42
23 17 49
6 14 45
66 12 30
4 12 62
22 8 46
72 8 49
62 4 12
76 12 63
59 8 70
65 43 23
53 21 43
25 3 41
45 77 62
44 29 46
35 73 22
58 47 18
5 62 49
76 28 5
44 15 62
77 50 42
58 53 59
40 69 2
57 1 60
4 69 22
9 39 49
24 34 62
26 55 64
23 18 5
33 11 13
70 77 57
12 0 22
53 1 65
23 77 57
10 36 59
44 64 3
26 42 11
25 57 29
70 65 60
37 15 44
5 75 25
72 2 44
20 23 25
41 56 6
14 67 44
18 60 13
68 66 38
27 30 51
50 1 20
5 33 51
30 8 71
31 20 26
9 6 50
34 12 70
65 38 9
17 2 21
14 61 50
49 37 17
64 39 42
70 55 6
53 2 26
61 43 47
65 53 28
17 70 65
57 32 3
4 5 0
8 23 73
45 59 48
41 35 35
72 76 23
14 65 60
0 62 72
12 2 46
57 62 8
46 13 52
10 60 13
27 31 18
67 3 56
1 53 57
72 54 64
28 8 24
10 66 15
67 61 31
62 58 40
22 63 42
55 30 29
75 48 50
7 75 40
28 42 26
67 34 60
25 66 52
18 65 39
0 1 7
53 30 68
18 3 14
41 72 40
68 51 46
19 21 8
55 55 27
17 77 61
9 75 49
69 3 77
22 29 43
36 39 13
21 17 75
2 53 51
57 12 52
3 4 52
22 3 29
58 34 17
41 13 31
11 60 64
9 53 65
44 30 71
17 72 47
60 30 50
18 10 19
17 18 31
47 3 57
54 74 68
18 35 30
61 67 32
49 77 43
57 19 32
46 35 75
51 77 34
70 72 55
6 15 1
34 44 62
35 25 76
42 77 27
1 42 3
15 24 39
23 52 51
0 10 61
38 53 17
64 8 67
0 4 49
71 24 46
51 15 67
72 2 15
22 37 40
8 77 10
27 38 56
44 15 65
34 46 36
59 61 68
20 22 6
19 39 48
33 69 49
17 36 72
36 36 66
39 44 15
6 60 19
50 40 13
5 42 21
73 39 38
75 62 21
40 28 55
58 23 12
43 55 40
57 62 68
59 45 50
22 32 10
33 5 27
69 13 4
15 48 11
40 56 36
35 13 48
21 59 11
58 66 58
62 37 0
68 3 30
17 73 33
8 49 1
28 12 76
14 70 36
68 67 39
3 62 22
5 45 28
34 39 69
5 76 48
35 4 50
44 9 21
57 17 24
14 53 5
35 65 20
70 11 36
5 23 66
1 66 24
15 22 9
8 8 41
47 10 48
23 8 12
35 43 28
26 67 41
60 55 28
60 61 74
60 71 22
68 16 49
47 41 51
61 0 3
48 10 55
44 21 28
40 15 72
2 62 49
67 74 67
63 44 41
18 66 7
58 33 42
71 53 74
44 56 45
38 35 4
44 39 41
77 33 49
45 74 32
21 71 13
3 34 15
41 72 25
48 11 52
1 77 52
47 47 58
75 73 32
14 75 4
0 1 67
18 67 61
44 10 47
69 63 29
40 23 26
53 28 19
67 60 66
43 30 1
53 39 65
2 62 67
46 5 66
64 53 70
42 77 8
23 31 29
50 48 31
42 76 53
71 27 50
69 22 34
23 66 73
44 15 2
54 71 59
25 41 7
45 5 14
15 47 37
4 61 15
77 46 23
58 10 66
49 25 57
13 45 11
57 6 46
55 58 43
51 51 77
50 17 60
50 54 32
30 55 14
24 52 51
12 23 23
75 2 51
41 64 68
56 9 26
50 25 17
38 64 60
5 66 54
55 69 1
44 47 15
18 65 54
43 38 22
12 10 70
14 36 74
14 18 63
18 74 6
23 0 10
45 12 40
51 42 77
0 12 3
60 35 36
9 42 60
43 6 1
22 60 44
76 37 51
50 28 77
6 51 52
57 11 47
45 29 69
37 53 23
59 56 59
64 58 34
8 24 76
36 3 16
11 60 40
14 43 66
66 40 76
76 54 37
14 74 35
41 67 8
45 66 7
53 60 25
40 40 73
21 21 48
1 13 47
65 2 10
26 0 27
13 51 59
53 66 63
63 39 28
22 27 62
12 49 53
35 50 38
33 62 32
62 71 77
11 54 52
77 44 50
31 77 69
22 38 44
8 44 65
5 42 52
52 38 12
9 66 13
5 60 60
25 15 24
65 18 5
69 57 60
65 16 59
20 13 10
65 28 63
14 25 77
5 52 73
8 6 15
20 73 0
2 50 12
76 25 38
8 30 0
22 63 64
59 36 49
76 67 40
60 63 45
12 66 63
45 77 22
44 30 74
5 57 66
20 64 2
63 53 5
61 7 44
16 25 62
9 23 70
75 58 53
31 29 1
75 13 64
64 18 16
46 44 20
4 57 44
52 74 33
70 4 36
5 14 15
6 25 77
22 37 26
3 3 51
23 15 8
26 53 10
11 17 14
67 46 63
21 59 2
46 60 42
32 17 29
14 54 71
44 24 34
2 14 42
33 2 1
14 53 32
68 31 22
24 33 40
39 18 74
39 62 71
35 6 45
35 52 9
39 22 9
23 77 64
45 37 14
21 14 22
9 43 77
34 48 20
62 1 36
51 75 59
23 64 59
29 52 64
73 58 52
24 48 24
33 14 65
50 55 41
39 34 20
47 42 0
43 2 66
57 38 20
40 61 40
10 57 12
64 76 74
57 49 52
56 24 59
23 48 55
8 77 54
39 28 39
32 72 77
37 34 21
66 17 4
2 63 54
62 36 49
36 50 40
66 25 68
29 23 23
16 22 70
59 19 58
49 15 23
58 60 58
43 72 28
48 11 47
31 69 19
32 54 6
60 69 16
18 0 54
22 19 9
45 59 20
12 23 35
40 62 73
73 37 42
38 61 72
62 73 12
44 54 70
74 56 21
34 17 17
27 73 10
66 55 19
65 53 18
25 69 46
13 59 3
46 57 66
36 11 2
67 8 6
25 44 73
47 70 68
31 76 74
6 28 64
43 24 47
5 61 68
60 40 11
13 67 50
59 64 17
18 43 66
9 37 27
53 60 18
13 26 33
17 26 38
9 76 47
44 35 9
46 22 49
77 3 43
47 63 14
4 13 68
61 31 28
28 51 42
9 1 73
57 9 58
12 48 27
6 13 9
73 12 66
44 20 44
17 27 64
65 7 44
8 6 56
34 18 40
61 25 20
35 35 14
4 28 48
61 69 55
58 26 71
13 11 29
70 63 28
75 45 53
53 72 49
6 21 57
73 44 5
1 36 17
34 1 38
43 46 37
14 40 49
75 32 32
45 55 67
76 53 32
62 73 71
23 40 68
2 54 52
20 11 74
55 40 75
12 39 76
28 24 57
61 20 69
72 29 17
44 64 54
14 50 58
43 34 50
21 75 18
40 7 34
73 26 54
21 41 73
59 51 77
24 62 1
58 13 30
75 17 13
59 76 25
57 40 3
50 32 63
32 73 47
35 75 3
22 33 29
11 65 17
19 50 66
12 40 56
66 65 45
11 50 41
29 29 22
63 36 1
52 33 40
12 75 29
17 63 65
34 26 66
0 67 38
48 1 41
2 68 21
72 7 76
22 10 77
77 4 19
5 45 70
56 60 43
55 58 37
63 68 64
70 12 0
27 33 27
38 14 17
27 39 22
16 56 37
11 12 27
58 38 57
69 29 43
55 74 40
56 74 30
55 18 66
32 2 69
17 9 44
53 35 1
61 22 38
43 69 65
18 9 46
43 45 42
43 31 31
52 55 41
30 66 53
39 2 69
11 66 3
50 1 35
33 41 15
20 67 17
22 65 30
33 31 25
70 30 29
48 55 3
17 45 28
42 6 31
4 74 71
4 21 13
77 60 5
37 1 36
8 11 26
49 76 12
77 19 18
5 56 5
39 33 37
20 38 38
40 68 38
25 58 31
1 3 26
12 68 38
18 11 49
67 5 18
66 39 16
34 51 37
66 28 56
31 75 76
26 20 37
61 52 1
48 36 75
53 25 33
17 22 19
65 39 62
38 34 72
71 40 43
23 29 77
16 54 64
47 28 56
3 5 0
6 48 74
71 71 62
47 45 54
7 63 39
61 75 19
2 27 46
58 2 74
77 57 14
30 39 15
23 31 58
23 7 75
6 43 22
28 6 76
21 22 66
68 13 18
73 44 68
43 50 30
73 61 7
51 46 75
56 1 32
46 62 63
25 13 60
7 10 21
19 76 72
21 6 57
28 57 38
54 33 53
68 48 33
4 45 68
17 27 8
61 76 20
67 48 17
72 33 70
21 49 41
76 37 63
77 16 32
23 22 70
52 28 28
50 14 9
50 10 61
21 18 8
70 22 62
5 57 44
65 37 73
1 22 17
21 38 75
19 18 3
69 32 60
53 72 25
50 63 15
52 50 61
18 49 71
26 25 56
41 41 66
66 54 2
64 17 63
44 31 66
47 69 40
39 26 39
52 26 27
39 76 5
2 66 1
1 30 11
70 61 35
65 9 54
52 29 41
29 75 19
63 53 40
5 60 68
63 49 9
56 49 25
4 8 63
72 41 16
40 1 10
21 43 37
8 2 13
63 21 32
34 63 38
68 44 52
20 0 40
6 72 58
48 28 6
77 25 27
6 72 69
19 30 28
60 77 54
60 7 13
75 76 33
26 26 65
19 64 36
76 33 17
11 25 18
73 73 77
24 31 50
23 32 38
19 50 32
44 64 52
2 44 61
22 71 57
52 52 67
68 1 16
73 29 44
17 53 34
70 6 9
73 23 11
76 17 36
45 17 49
0 63 43
47 1 6
66 76 21
12 8 59
8 59 64
66 64 0
50 73 25
21 24 19
7 43 55
34 15 47
59 51 12
12 23 51
22 58 60
18 8 27
67 21 59
23 31 21
42 65 15
36 47 7
73 27 11
10 35 36
67 27 54
15 35 51
59 68 29
76 51 16
47 17 68
43 53 51
36 37 48
41 57 3
3 69 66
8 72 10
20 45 18
46 66 12
52 25 48
21 38 68
38 36 5
76 15 77
71 7 21
70 6 67
69 43 26
23 1 38
50 26 43
6 26 11
32 77 23
9 29 63
26 52 58
43 43 3
25 37 24
1 47 3
26 18 43
26 72 22
6 58 30
18 11 77
72 35 42
37 67 7
64 52 28
7 47 30
66 29 62
67 50 32
64 62 23
55 74 70
45 25 34
18 4 4
20 34 66
14 55 0
9 66 43
37 43 26
10 1 32
20 41 76
52 57 57
50 67 62
61 29 50
73 27 28
61 1 13
0 36 44
56 4 23
60 10 14
59 21 46
73 34 18
40 41 10
23 10 33
52 41 57
36 14 32
55 4 66
72 33 42
3 52 25
38 76 32
24 63 61
9 34 61
56 10 62
57 71 41
30 27 72
2 62 72
41 41 64
72 53 54
54 32 44
54 68 4
15 64 4
64 28 33
6 47 68
27 11 53
30 3 28
31 46 10
76 59 26
31 54 27
50 70 38
68 61 71
13 28 39
32 6 13
21 73 28
67 62 77
4 43 21
75 27 16
67 9 63
13 54 25
37 66 70
21 62 38
51 20 35
35 71 63
64 13 47
39 57 45
73 35 20
52 6 50
37 51 33
70 34 63
25 74 42
21 67 41
17 63 10
32 46 66
48 68 30
24 43 5
37 22 20
8 26 51
44 54 37
62 16 31
12 17 51
29 8 56
75 68 51
75 50 19
34 9 72
13 59 35
42 20 29
38 41 2
38 1 72
66 36 5
24 62 58
2 75 5
73 43 45
56 24 22
61 18 63
40 16 33
47 54 62
19 72 76
50 8 46
4 67 17
16 15 23
63 14 62
64 77 29
3 35 24
4 44 75
60 12 43
55 24 59
73 20 28
38 28 1
34 53 58
33 23 29
61 3 11
46 60 30
20 9 44
74 43 4
60 57 24
59 45 20
0 18 69
11 0 74
43 55 56
2 0 10
22 64 29
43 36 15
66 13 44
21 37 60
47 17 61
58 41 39
30 39 32
40 71 5
20 33 13
28 70 59
5 48 32
32 4 58
25 44 62
55 11 9
57 66 64
1 13 13
11 70 73
39 17 24
48 1 36
60 71 37
1 29 67
14 76 21
20 55 75
49 5 77
47 9 26
37 67 24
54 73 44
0 74 39
76 22 69
59 36 54
6 59 67
36 67 50
71 12 6
13 21 72
22 56 51
24 63 63
48 37 11
19 28 72
42 75 28
33 55 46
19 20 17
76 3 22
46 70 66
48 67 23
65 10 4
42 68 56
77 53 46
73 7 49
10 62 58
51 29 43
29 30 10
45 7 41
42 14 41
3 53 11
30 14 33
57 56 52
31 42 30
67 62 39
5 58 35
62 74 11
75 67 57
11 55 26
23 2 65
67 40 70
45 75 21
6 65 8
61 51 26
61 16 8
34 55 12
49 7 35
22 43 61
7 19 71
59 7 30
77 7 68
32 35 62
1 8 56
24 56 48
1 21 11
58 7 74
67 14 52
66 64 63
54 51 70
69 55 69
55 54 16
50 53 8
54 13 71
39 2 55
71 2 54
50 44 30
54 61 77
8 54 5
47 10 43
68 51 22
43 37 9
32 76 44
2 70 0
44 70 51
70 19 9
77 57 33
47 3 31
3 69 4
5 31 18
44 67 51
46 25 33
37 30 65
47 55 75
58 55 53
37 4 29
50 28 73
8 49 65
66 15 46
17 51 69
11 71 16
24 22 3
11 47 31
11 76 46
69 3 61
17 45 13
49 57 72
15 15 27
29 22 67
36 33 13
54 33 77
10 20 63
26 11 34
16 22 7
77 31 34
24 74 10
22 7 70
52 68 46
63 45 50
32 34 46
11 59 59
15 33 47
71 9 14
13 18 14
56 30 63
42 44 67
33 72 42
34 65 71
38 47 6
8 14 60
74 60 44
70 46 73
70 34 10
33 13 4
27 0 1
7 30 30
28 2 38
35 60 73
72 73 16
3 65 40
66 36 59
35 70 49
35 59 53
11 7 40
56 14 76
16 34 65
11 64 1
26 13 25
9 30 28
32 17 51
72 51 66
60 5 19
21 29 53
50 75 69
66 4 70
66 18 52
34 46 2
18 77 73
1 7 59
58 68 20
72 28 77
74 71 25
10 33 14
15 24 64
29 47 73
48 76 76
67 53 76
65 68 10
37 47 45
35 69 4
67 77 69
69 74 66
30 60 74
4 1 29
31 58 34
56 67 59
76 21 6
67 37 19
5 36 68
34 71 30
14 61 14
64 20 74
64 66 71
74 1 30
66 67 1
43 25 48
40 29 33
14 20 73
57 38 43
46 48 14
64 51 15
63 31 42
12 75 28
8 71 22
68 9 23
68 30 68
30 1 73
10 57 19
31 47 76
70 9 46
61 38 26
70 50 77
69 38 17
75 18 21
20 0 15
55 67 76
52 11 40
29 56 62
38 69 55
6 19 20
66 76 69
18 34 0
41 47 43
68 8 54
61 36 54
64 69 60
37 61 65
72 0 15
31 24 5
69 41 53
38 35 46
39 54 53
47 31 42
74 3 33
14 33 11
47 17 72
15 1 74
7 73 51
7 24 65
21 53 60
33 3 14
57 44 2
63 72 51
75 20 59
36 50 9
24 29 0
71 15 15
10 74 71
73 31 58
0 26 27
43 77 65
26 53 63
11 54 72
50 42 18
24 1 8
25 34 46
58 35 77
60 23 55
12 25 16
46 41 16
75 63 13
53 10 6
51 39 19
57 22 22
14 29 73
5 57 33
9 0 67
60 70 0
3 9 39
20 64 3
14 67 57
75 8 19
76 53 66
40 39 1
10 32 5
69 1 16
73 71 25
72 56 52
65 44 46
55 60 15
70 60 51
2 12 37
29 32 21
18 17 24
45 31 32
29 9 30
70 34 77
77 17 18
14 27 33
39 74 2
7 0 46
44 55 55
53 5 43
52 52 19
40 17 74
15 19 6
25 47 50
14 49 67
49 19 19
14 47 48
65 3 57
69 31 43
9 73 39
9 20 75
36 73 34
77 46 73
0 53 71
58 37 11
36 30 0
23 32 15
50 13 65
24 7 28
15 54 3
13 4 7
59 42 11
29 76 13
68 53 56
66 72 55
20 71 76
73 69 44
36 68 54
42 70 38
46 10 73
20 51 49
62 38 32
55 39 46
46 65 44
46 8 59
33 37 33
53 20 28
36 62 67
58 11 60
13 65 66
12 38 40
51 8 23
61 26 43
50 7 37
15 10 70
59 68 9
27 25 3
4 43 38
32 40 26
61 54 7
37 41 30
74 8 57
3 20 26
22 15 60
68 18 69
28 77 4
28 74 42
57 69 21
35 53 71
42 15 36
45 18 49
13 72 65
57 29 7
63 75 14
61 75 73
38 18 26
4 76 73
10 6 28
44 6 4
1 23 67
7 25 66
4 17 62
62 24 23
63 28 20
70 36 46
45 33 3
43 22 56
22 73 67
72 34 5
56 17 77
14 46 33
3 7 53
67 45 35
74 60 24
52 54 5
73 67 74
28 52 43
54 0 59
36 22 48
15 9 68
3 31 73
71 74 59
12 62 18
35 12 37
46 29 29
15 2 59
15 74 54
47 6 6
17 69 0
38 20 50
0 62 3
10 0 63
21 74 60
65 6 22
55 76 28
64 64 49
11 76 65
6 30 12
28 23 12
36 0 77
33 58 55
62 51 15
47 4 33
27 53 72
2 25 17
27 51 73
14 45 46
18 19 68
48 57 8
62 39 45
12 11 5
11 32 55
18 33 1
74 20 35
22 59 24
69 29 16
10 4 5
32 49 76
13 57 70
29 49 50
28 44 4
52 29 50
22 40 64
68 22 50
46 40 5
5 32 24
31 40 35
4 50 77
11 52 60
61 60 30
18 53 33
54 73 28
55 38 19
14 48 16
23 40 17
52 14 73
66 4 2
36 3 58
66 17 12
69 32 57
76 4 13
64 45 23
22 26 15
28 44 63
52 36 40
24 68 66
18 10 56
19 12 65
33 58 52
11 6 53
73 68 61
60 9 31
5 72 48
20 37 53
31 26 57
59 69 26
8 8 49
35 56 49
29 66 61
3 45 22
7 3 72
9 51 47
74 35 1
20 2 19
54 52 23
7 58 5
68 35 11
37 66 75
77 44 18
44 53 4
19 54 35
57 64 47
3 33 38
22 19 29
46 16 29
37 13 46
31 48 75
35 41 39
6 6 76
27 61 65
1 76 25
32 45 48
77 77 50
74 25 7
41 42 16
25 76 54
77 11 30
38 76 7
14 42 59
21 61 18
17 47 4
0 28 48
38 31 46
28 29 48
29 59 71
6 36 9
61 67 14
13 33 56
1 51 62
42 38 58
1 41 38
74 45 51
60 24 43
36 39 5
30 77 50
9 72 13
62 10 53
62 44 65
23 45 27
29 1 72
56 72 57
64 33 68
3 59 22
20 17 15
23 32 48
67 47 72
51 34 65
23 60 62
28 30 0
22 62 63
38 71 51
54 50 54
19 54 61
58 69 7
20 9 46
39 28 8
7 28 13
18 77 2
19 1 15
68 57 32
21 24 11
69 1 16
76 14 77
63 74 41
37 75 60
71 60 42
57 73 11
21 30 33
0 68 61
44 51 18
72 17 74
75 34 34
0 76 33
1 62 36
15 15 31
69 0 63
10 57 26
50 34 72
22 50 45
8 12 25
50 13 50
17 27 11
58 43 2
62 1 12
71 4 42
75 39 46
68 40 64
35 41 77
0 23 50
8 35 71
63 22 6
47 61 74
27 18 29
63 25 1
11 70 11
59 36 0
4 15 67
50 41 31
72 32 12
30 70 4
0 75 50
69 77 24
45 9 11
74 58 59
31 15 67
21 69 75
71 2 71
7 40 22
73 45 29
31 13 56
44 72 31
14 44 41
3 18 31
65 26 24
38 21 52
53 72 9
58 46 25
10 4 44
74 70 65
44 63 38
8 55 32
35 22 72
38 4 11
21 25 33
50 41 16
45 54 74
25 53 62
5 3 46
58 57 36
17 40 68
54 64 75
42 49 48
12 61 71
38 10 50
58 4 67
56 9 70
30 17 22
68 58 58
32 46 18
2 2 44
5 27 74
3 59 38
1 5 16
19 49 49
60 12 55
16 6 44
76 48 26
58 46 27
37 63 68
33 21 42
5 22 51
35 21 31
48 8 65
3 38 26
32 72 25
73 4 0
69 64 51
26 28 11
1 17 35
77 61 43
68 52 60
48 12 38
57 32 75
76 77 16
19 39 62
40 60 41
3 3 48
62 10 56
66 42 14
32 7 58
0 31 32
59 41 32
41 77 52
6 21 35
5 12 8
71 18 7
64 32 19
35 17 45
49 8 24
8 21 25
67 77 45
52 77 29
58 74 38
13 58 23
3 6 75
11 7 56
38 4 22
20 28 1
49 24 38
61 51 69
43 34 48
19 5 14
71 26 3
32 22 4
70 20 61
36 39 56
33 76 13
2 69 23
73 43 70
7 9 48
58 20 15
56 60 57
49 48 31
39 36 16
47 51 58
72 33 53
22 52 62
58 56 58
58 38 42
6 39 75
69 32 39
40 50 67
26 9 77
38 12 31
32 18 52
10 38 70
62 38 22
4 58 45
35 26 71
73 25 27
64 70 57
20 18 0
66 8 50
43 29 7
5 41 16
62 10 67
54 68 74
64 69 64
76 3 11
26 67 53
65 50 47
55 2 17
77 76 12
51 25 69
66 26 50
53 16 49
44 56 67
37 35 43
68 41 4
15 26 13
10 37 26
34 35 38
33 22 3
54 34 55
65 53 58
53 60 19
70 67 2
23 53 67
65 17 32
4 4 19
72 26 46
27 67 65
64 25 15
0 23 16
69 16 72
24 63 7
21 14 15
52 15 60
38 58 45
30 4 59
8 54 51
64 76 56
30 52 75
17 72 48
55 32 51
57 61 26
63 7 66
30 16 46
59 73 38
59 45 64
8 60 34
49 35 35
19 20 38
46 0 66
27 55 47
27 53 58
35 33 2
21 54 38
8 35 2
50 38 63
55 21 28
16 36 55
44 62 45
64 32 67
38 30 54
15 48 34
57 32 20
75 37 27
6 28 38
7 54 42
52 70 58
56 69 19
49 63 46
1 31 12
68 7 37
70 53 65
50 35 67
5 53 41
21 30 66
24 11 55
10 27 51
56 38 47
51 43 3
63 17 51
21 55 77
39 60 63
10 62 14
68 35 61
64 9 39
15 12 7
66 24 48
54 76 75
20 16 53
68 56 69
53 59 20
27 13 23
58 31 7
33 21 74
76 47 6
22 11 6
26 55 63
45 12 47
77 37 31
41 66 16
11 5 73
10 21 68
25 39 60
42 43 45
59 2 32
13 73 20
7 34 35
40 19 17
37 30 5
77 49 8
27 0 41
72 14 43
66 9 28
53 1 15
54 64 74
28 27 41
7 15 9
60 13 76
51 40 7
62 39 54
52 35 38
42 50 24
70 2 6
2 17 49
17 10 0
38 54 40
49 48 3
59 18 53
34 4 72
68 74 57
11 23 50
9 62 39
71 71 36
33 44 73
22 60 41
3 29 26
34 34 67
28 41 31
40 75 13
42 20 73
55 11 47
49 0 3
57 68 12
70 65 52
52 65 47
34 32 2
35 68 77
71 2 75
12 68 7
64 0 11
76 15 50
17 28 32
68 56 45
45 51 21
51 1 27
36 42 18
57 17 56
45 57 4
41 44 32
72 29 20
0 41 48
70 32 46
63 2 24
35 75 44
47 33 14
36 45 17
2 18 4
12 16 40
11 38 64
50 46 19
71 46 10
53 13 26
72 38 11
19 62 30
70 35 56
6 35 24
36 20 32
61 5 56
36 46 72
12 10 40
49 48 10
70 47 53
39 30 3
36 58 8
28 16 30
75 68 36
31 48 66
54 54 57
57 61 34
20 8 55
65 63 9
39 2 64
32 44 10
22 30 33
54 61 26
16 39 54
75 59 9
17 66 3
40 73 15
4 56 72
61 42 22
10 26 38
39 3 69
64 30 40
2 73 19
66 40 53
27 20 62
29 41 5
14 17 57
68 15 15
69 48 64
58 67 17
75 53 49
28 40 67
49 61 49
46 52 72
1 2 62
54 44 37
19 47 49
20 36 6
24 45 1
4 48 19
7 41 60
76 65 14
57 13 28
10 32 30
13 22 74
18 14 0
11 20 1
69 41 58
66 10 31
66 24 67
24 48 9
44 70 72
38 17 65
8 2 32
58 38 9
20 41 38
69 11 38
75 25 40
21 8 49
28 7 33
53 72 5
0 36 6
30 64 8
21 70 56
31 47 44
33 49 28
50 66 7
65 30 42
71 44 51
54 69 22
72 40 38
17 49 7
37 42 41
10 4 29
3 57 41
71 59 55
16 30 73
49 67 64
76 37 67
34 52 34
37 0 37
15 13 65
21 68 14
56 11 35
56 14 16
68 70 22
39 55 35
41 6 2
45 4 42
53 54 54
12 28 36
70 71 37
33 17 41
25 71 17
40 56 31
72 0 9
42 15 68
1 47 65
15 11 34
0 37 46
4 24 65
62 75 33
34 32 66
69 74 62
34 66 35
35 20 20
49 39 28
47 18 24
21 16 68
50 61 12
20 43 77
2 68 45
74 3 7
53 77 61
17 69 20
41 70 2
68 16 13
12 64 59
60 40 35
18 76 67
70 21 25
9 22 22
41 55 77
25 54 28
37 53 30
65 49 41
67 14 26
65 75 72
31 13 75
14 19 39
44 62 65
67 59 5
59 33 75
41 48 64
31 27 21
64 27 19
18 27 70
16 33 15
14 43 39
62 3 21
49 38 34
0 19 31
35 59 28
25 47 72
34 24 24
55 47 39
69 27 22
46 48 40
68 43 32
52 13 31
32 52 14
76 26 29
21 29 0
1 10 39
8 74 12
62 18 15
19 9 15
75 2 12
38 42 15
19 66 33
25 15 42
75 4 37
2 29 68
9 23 32
21 32 34
43 38 68
58 53 77
23 31 63
3 58 15
34 6 22
20 71 69
27 53 65
32 2 68
7 73 24
34 28 27
48 75 66
62 69 51
20 66 55
69 34 48
41 54 37
13 70 45
52 74 57
2 7 68
13 7 13
2 27 63
62 26 65
68 58 58
63 37 15
50 45 55
21 20 37
21 52 31
74 54 10
46 41 73
38 66 15
72 5 18
73 68 32
62 28 30
32 54 0
37 55 30
36 26 65
0 57 74
39 36 25
53 9 53
69 4 45
39 26 6
60 39 12
14 54 35
24 11 71
55 75 30
42 69 64
35 70 43
15 15 18
30 43 3
71 35 56
59 24 1
24 31 36
53 30 35
16 74 52
51 22 4
33 38 27
66 60 32
31 54 72
43 24 12
57 31 13
47 30 42
2 21 14
1 73 10
55 35 56
17 22 57
17 59 59
58 11 66
66 32 33
25 6 77
39 32 55
71 10 44
15 43 31
26 27 48
74 77 76
11 75 67
54 56 43
20 47 34
47 65 24
66 25 41
56 10 22
15 34 51
46 4 24
42 72 15
49 72 10
41 53 74
49 76 51
68 25 61
55 76 39
40 29 57
27 47 35
55 11 32
74 8 39
69 19 34
68 17 1
64 47 32
5 25 63
13 61 20
63 40 9
57 75 40
68 14 73
26 25 33
47 72 75
63 71 24
27 57 43
26 65 60
57 17 1
11 52 58
51 29 24
62 52 7
51 20 15
61 6 64
68 76 53
43 72 32
37 47 22
18 5 51
7 64 30
67 42 37
58 77 73
18 61 33
59 37 71
69 49 48
9 49 68
77 18 25
8 68 49
16 20 45
2 39 1
62 74 47
37 75 8
41 3 50
16 31 7
65 41 38
30 67 62
61 1 30
71 67 57
30 26 22
50 73 17
53 12 54
6 37 40
38 72 49
59 28 15
1 49 6
15 66 65
41 23 73
44 45 48
10 56 54
15 6 3
70 53 60
3 6 46
2 57 28
64 4 52
61 26 27
46 6 35
7 30 24
15 10 55
38 40 68
47 8 61
44 28 59
67 44 72
64 71 12
66 63 63
13 62 55
8 40 9
56 22 54
46 57 21
43 53 41
33 44 38
56 9 62
15 4 55
37 21 16
26 2 11
0 50 29
70 28 57
58 21 73
25 74 58
25 17 72
4 9 73
19 43 51
54 44 28
29 24 2
24 77 47
43 72 74
34 51 77
2 56 65
5 74 44
6 72 10
71 23 66
33 9 52
23 62 6
3 6 61
48 34 28
28 10 73
52 24 14
21 61 54
9 75 44
74 70 10
19 4 18
56 66 67
46 19 25
48 63 35
13 59 62
72 0 60
14 5 8
12 46 6
63 50 42
42 53 45
10 35 38
29 37 56
10 49 75
6 1 2
57 48 42
18 61 49
54 30 60
59 44 17
30 44 28
1 28 18
23 36 43
67 14 72
15 11 42
39 61 46
65 16 47
73 66 59
52 65 75
64 41 10
70 35 11
59 34 9
20 62 24
40 77 33
61 48 63
66 63 5
46 23 21
41 37 35
35 20 30
31 51 39
31 55 25
8 74 59
75 36 15
54 16 48
72 15 13
6 49 23
53 51 53
62 15 21
5 64 66
37 58 70
39 11 27
69 54 11
44 74 38
49 20 71
16 51 27
48 23 15
72 27 48
5 13 4
66 27 61
39 59 31
27 65 61
72 65 3
14 60 65
5 74 45
37 46 4
58 39 34
73 20 70
66 22 51
30 3 15
54 16 33
70 47 33
39 56 54
0 43 32
10 63 55
47 11 71
75 20 35
3 39 64
18 52 17
45 39 57
42 25 10
4 58 56
33 0 60
23 69 23
40 76 54
46 9 0
77 72 34
14 69 8
20 30 48
51 53 44
43 6 34
7 41 19
75 44 62
61 24 38
62 70 69
47 23 31
20 54 2
11 47 42
39 45 55
0 57 4
62 20 3
60 62 60
10 65 13
7 17 24
66 15 74
5 45 35
71 46 9
68 9 16
74 60 23
76 74 5
36 74 40
5 68 1
12 21 74
54 16 1
73 67 25
67 71 77
14 17 5
60 61 32
21 1 20
38 49 49
68 4 18
72 73 14
26 1 48
0 68 8
54 49 47
1 55 33
47 8 24
63 38 33
29 63 1
59 7 10
66 18 35
50 13 12
62 63 54
68 59 12
34 66 28
6 52 22
23 14 7
28 4 7
31 20 33
8 8 77
38 66 23
52 77 24
51 23 6
36 64 73
64 23 45
39 25 2
72 27 19
46 63 53
38 14 67
33 2 14
36 53 42
36 39 45
21 4 20
61 45 17
52 10 18
3 71 0
38 38 35
5 51 74
16 40 13
6 41 27
22 71 76
77 66 76
14 62 23
7 58 74
69 63 18
46 11 23
77 31 72
49 64 16
27 13 61
70 72 69
11 37 30
16 64 73
43 53 21
77 60 21
67 38 24
19 50 60
18 16 41
35 72 47
35 2 32
72 33 8
5 50 54
1 14 7
17 35 32
31 15 9
13 64 27
54 32 21
67 17 75
22 32 71
38 13 23
0 23 28
54 26 55
25 14 0
14 61 55
5 23 41
1 75 10
39 5 2
13 31 53
16 33 2
23 55 21
15 63 3
2 53 40
9 65 72
6 66 46
47 58 52
21 40 18
33 60 51
41 7 49
71 62 70
42 28 51
71 41 26
62 68 8
44 74 76
65 17 46
50 25 34
1 39 0
6 16 50
61 52 10
26 28 22
59 69 65
4 51 54
46 59 34
76 59 54
24 30 5
1 15 24
2 25 76
55 64 27
52 67 40
6 64 76
51 57 43
72 27 48
43 62 54
67 21 38
50 64 48
2 72 77
66 5 10
54 14 51
48 67 72
67 62 21
61 46 1
25 19 38
18 34 39
8 4 31
69 33 28
10 44 71
61 46 71
42 34 51
0 5 19
73 51 6
23 44 38
34 17 19
54 38 31
55 35 38
18 18 68
17 48 64
16 29 2
23 6 68
4 38 2
30 73 8
2 29 61
56 31 68
42 13 8
56 48 63
27 4 37
60 60 40
42 69 69
10 70 30
5 65 11
7 29 69
19 30 42
42 39 46
27 43 63
33 20 60
40 41 30
71 77 13
2 55 66
4 71 19
37 70 63
13 39 37
49 9 60
8 58 38
63 73 39
55 32 7
62 23 74
29 31 39
43 20 45
39 52 74
34 2 41
35 30 34
9 60 4
22 62 50
60 31 10
33 45 43
72 10 75
17 40 49
35 44 59
27 25 32
35 2 7
35 73 54
31 20 28
9 37 76
40 51 20
57 2 71
38 32 53
12 69 44
25 59 28
55 60 68
14 27 75
48 52 1
44 71 14
44 62 5
29 15 7
27 30 25
48 8 40
22 63 55
71 47 59
45 10 52
44 52 19
7 66 45
49 29 64
39 30 1
44 65 72
64 59 60
48 29 42
52 70 16
25 59 31
60 28 48
35 67 62
0 44 8
58 42 34
5 60 76
14 49 76
19 1 71
45 35 48
24 19 58
15 56 28
36 28 69
48 16 9
40 63 65
70 5 62
68 17 75
40 8 11
60 27 71
76 66 57
72 57 28
8 53 16
57 69 61
0 54 65
0 77 27
36 59 75
54 70 11
8 18 50
55 35 72
40 39 76
49 57 73
37 75 2
26 75 64
27 48 71
1 41 20
16 41 75
47 37 9
58 18 39
8 23 37
39 3 70
65 57 64
1 48 1
17 26 40
13 28 21
76 70 6
75 43 77
33 50 47
58 48 43
1 17 22
72 12 7
38 70 7
32 66 20
36 34 72
2 15 77
11 37 61
62 42 65
15 4 13
41 33 39
33 50 1
14 3 48
74 69 45
6 46 58
12 56 52
57 38 4
47 22 52
1 70 52
38 30 13
57 47 75
20 62 44
52 63 74
5 41 70
55 69 8
37 67 63
10 73 66
44 44 7
7 16 51
34 54 7
30 25 12
30 73 19
58 46 62
0 58 44
11 65 16
39 9 76
47 20 73
38 24 36
39 8 12
72 6 20
65 76 61
29 60 4
1 22 18
37 47 14
24 72 32
65 63 44
39 23 37
62 60 10
47 76 67
43 45 6
57 51 39
29 57 5
38 68 18
8 51 20
53 65 17
0 13 8
49 51 55
39 61 10
1 72 65
72 63 74
35 68 38
5 4 36
10 66 5
75 33 53
49 9 23
15 72 0
70 37 45
71 30 61
26 77 55
75 17 50
9 56 74
22 61 7
45 2 9
51 57 49
71 4 20
64 39 52
43 68 71
71 38 40
51 63 19
1 4 53
75 30 17
15 42 31
45 49 35
34 25 50
57 70 3
40 61 13
11 30 63
67 0 2
76 30 2
50 56 14
30 5 33
53 26 19
28 57 66
30 10 19
67 3 48
46 42 11
48 26 69
12 36 21
36 33 5
14 69 21
68 16 59
31 69 46
38 37 19
4 60 22
45 76 15
70 63 4
39 3 67
76 54 67
30 68 35
42 77 32
25 41 24
74 35 40
64 34 51
53 2 67
31 19 43
39 74 44
13 49 65
50 70 18
68 24 34
14 9 70
47 41 57
63 72 48
41 66 53
71 19 0
75 77 3
4 5 21
56 64 61
46 40 70
57 76 1
40 38 54
30 24 31
44 45 68
19 56 57
5 21 4
58 45 57
10 13 18
38 2 70
45 4 37
47 0 7
76 62 36
18 45 44
74 16 61
71 57 29
14 16 28
60 40 67
69 70 39
37 42 42
27 45 11
38 11 36
20 53 20
76 71 65
22 23 9
64 44 7
23 4 72
64 9 43
16 31 63
69 67 36
60 11 12
77 3 44
24 60 9
59 40 62
32 21 72
13 18 2
62 63 32
56 74 19
62 20 3
36 62 26
74 54 13
61 1 7
10 37 17
27 71 8
18 35 48
2 46 58
76 48 9
61 3 34
19 41 47
20 65 56
35 63 7
59 64 46
61 7 48
73 64 22
60 77 13
12 31 50
20 7 26
66 64 59
44 22 69
29 6 20
16 3 45
34 20 11
38 66 68
38 53 38
68 2 8
54 14 19
53 64 3
74 38 20
51 63 36
24 3 59
16 28 18
47 66 16
40 9 73
59 44 44
38 54 30
60 72 33
3 51 52
22 29 56
44 50 19
74 73 63
28 48 12
3 36 64
58 14 63
5 46 62
27 54 70
73 12 24
39 19 69
24 71 56
58 20 20
20 73 70
32 44 57
73 10 16
46 13 61
44 58 66
6 14 10
47 46 25
16 43 49
76 38 21
56 0 34
25 76 54
33 74 44
21 58 65
63 0 17
38 68 31
24 38 26
20 73 29
66 13 47
11 47 65
59 15 52
13 43 60
49 37 40
45 50 48
34 13 46
66 54 22
25 73 27
37 4 57
16 7 54
31 4 12
33 54 77
68 0 41
30 70 12
62 8 74
75 11 59
44 48 69
43 64 45
32 53 53
19 62 51
19 23 22
3 1 52
53 32 57
69 77 35
45 31 3
40 35 70
5 27 18
61 25 47
29 45 32
29 77 71
51 27 4
38 40 41
7 0 0
66 51 70
10 49 71
62 0 50
23 58 5
24 60 65
48 48 76
64 29 69
5 47 25
24 1 12
11 16 66
25 73 18
25 61 70
9 8 48
11 40 25
7 8 11
51 59 71
29 28 46
68 61 8
5 26 54
15 50 3
52 30 34
46 58 61
73 39 53
42 65 72
46 73 40
54 34 68
7 47 60
25 0 74
20 8 31
34 67 22
13 46 56
40 61 19
73 15 1
73 26 2
33 60 64
22 41 57
13 39 54
28 41 48
54 50 74
2 56 54
20 57 10
18 12 8
45 3 40
38 7 64
5 61 30
58 19 49
66 47 77
72 72 33
70 13 71
0 58 39
76 43 5
8 4 39
7 46 74
22 50 72
11 28 2
35 71 33
69 45 23
38 70 66
53 9 67
39 31 22
70 0 22
51 36 24
58 40 47
4 65 18
77 77 7
30 8 0
8 63 63
3 39 19
72 42 65
30 56 5
21 28 72
53 15 64
36 2 38
62 48 41
3 8 16
14 31 34
66 46 45
36 4 2
32 45 70
18 26 45
27 66 21
60 64 16
1 62 1
37 38 1
76 21 39
11 75 69
63 1 20
76 39 62
55 66 35
30 10 68
26 20 51
3 4 2
46 10 48
41 14 45
30 42 67
26 23 11
38 36 11
34 10 18
14 4 42
41 25 63
69 41 73
76 41 70
67 45 23
11 45 42
10 48 52
20 77 76
4 71 27
63 76 16
0 57 58
17 36 32
62 41 48
29 60 49
17 62 23
18 59 39
66 67 28
21 67 45
10 23 41
29 54 62
66 16 18
44 27 47
25 9 32
36 77 73
65 10 60
20 28 34
63 0 23
45 15 69
21 73 42
50 32 47
17 64 46
20 47 50
39 69 66
18 46 17
50 70 33
14 45 10
42 64 43
35 56 62
48 51 48
73 62 38
70 4 52
38 1 75
55 76 24
45 72 59
25 77 14
19 7 44
39 57 10
77 44 74
71 30 22
50 73 47
14 38 25
11 23 41
73 46 55
59 76 32
55 71 35
68 12 21
58 0 0
5 18 23
55 56 12
33 37 7
66 44 21
61 58 8
22 12 56
34 41 48
49 31 21
36 36 73
56 1 47
58 67 11
3 47 75
59 43 6
8 67 63
70 34 37
27 14 61
75 22 18
9 52 64
65 15 25
62 33 58
52 46 2
72 73 0
17 67 53
44 66 44
1 61 26
77 76 14
13 63 57
43 19 15
14 55 43
21 20 38
1 29 33
44 59 73
75 42 23
6 11 42
31 51 44
39 9 40
45 53 46
16 7 6
4 73 21
2 8 13
21 68 32
54 53 14
73 4 70
60 37 76
76 59 41
44 9 43
14 40 27
31 2 24
45 58 33
25 59 1
74 54 28
0 73 65
69 54 56
11 0 3
26 39 20
52 19 76
36 8 25
34 49 22
23 48 54
31 54 24
43 20 73
24 2 65
70 73 52
32 5 46
61 40 53
22 8 3
73 30 13
32 5 53
55 15 62
40 70 67
28 23 47
41 49 59
19 76 61
9 40 24
63 45 27
26 9 62
57 66 45
69 42 47
67 27 25
47 20 49
36 30 4
73 14 21
50 57 35
10 60 26
48 66 40
73 29 70
60 22 67
72 54 24
19 53 62
56 19 59
33 67 59
69 26 19
32 65 53
8 22 9
43 77 2
70 36 42
36 54 70
52 26 75
22 35 38
28 16 11
61 0 39
31 5 7
46 1 62
54 75 62
77 50 69
17 74 3
44 18 41
0 20 29
49 23 67
59 1 52
10 75 39
2 38 35
38 31 66
33 77 0
53 55 52
13 45 9
63 14 51
21 57 58
11 12 64
12 12 66
49 48 22
54 55 21
4 13 16
5 59 62
21 71 23
76 76 22
38 10 15
54 46 14
47 26 47
77 36 12
12 53 48
2 30 53
26 8 37
50 48 20
55 21 77
18 62 6
33 12 36
5 30 32
0 47 41
50 18 40
58 52 59
33 66 8
74 7 11
14 33 44
27 1 38
9 62 45
43 30 36
73 53 42
51 72 13
36 68 0
6 13 35
54 18 60
73 70 36
5 74 27
12 73 68
26 23 45
39 45 10
20 36 60
52 0 45
19 23 25
60 45 17
75 53 48
25 54 4
5 28 51
17 35 7
44 54 21
8 15 66
19 14 74
42 43 16
11 24 33
53 29 30
44 24 22
56 40 35
28 55 2
4 4 36
65 24 34
30 19 17
46 18 54
7 30 17
21 55 53
21 68 77
31 42 44
72 52 45
28 77 7
54 47 39
62 57 4
54 44 74
7 69 38
33 5 33
34 59 52
32 49 32
46 52 16
71 74 9
55 76 42
40 24 21
55 7 63
42 53 29
25 43 68
53 35 73
48 2 54
39 54 25
62 36 44
13 26 58
15 68 30
66 31 64
51 59 13
28 38 9
39 26 7
4 41 21
39 5 73
39 55 74
56 16 26
30 48 27
53 16 51
43 26 1
54 44 52
17 19 18
29 21 12
29 68 6
9 59 64
61 48 77
44 75 53
60 34 72
53 51 40
57 3 38
39 19 46
55 63 49
34 20 77
42 52 70
15 40 3
43 67 40
45 17 75
34 75 21
3 76 6
25 30 42
25 22 63
54 45 38
58 2 63
76 69 17
46 23 63
20 57 25
64 15 69
49 53 18
73 56 33
15 69 22
38 15 63
4 61 45
30 71 71
0 57 32
26 22 59
69 72 51
44 69 43
70 48 42
13 27 64
25 11 28
45 12 22
36 67 37
10 9 26
55 15 47
68 32 71
16 41 60
45 0 47
56 10 46
75 63 40
3 57 33
66 49 3
36 33 9
45 57 12
60 42 8
58 28 12
70 66 37
56 64 69
41 49 8
67 61 52
68 50 67
53 73 38
67 7 67
49 20 71
75 43 30
68 0 11
37 28 10
57 58 65
23 11 45
60 70 20
74 63 29
4 67 14
58 60 54
57 72 48
30 60 5
67 13 59
20 53 75
4 26 21
54 20 70
25 57 68
12 38 56
56 51 68
37 76 1
46 61 1
55 18 43
4 11 71
52 17 71
49 43 57
62 51 15
40 56 26
9 61 54
26 50 72
40 47 7
68 60 23
49 13 22
59 62 74
54 28 39
48 64 73
8 71 16
72 53 44
26 19 1
42 68 38
19 23 33
41 62 65
55 35 42
0 9 8
7 71 62
11 31 7
55 35 3
3 0 32
65 66 12
27 58 10
68 74 19
13 53 28
58 56 74
40 33 33
51 15 4
74 68 24
23 56 1
11 57 77
5 12 71
62 20 14
71 11 42
59 28 31
26 62 52
43 19 46
62 69 9
32 16 52
9 47 29
10 77 41
69 13 2
62 35 58
53 21 13
61 32 59
49 50 38
16 18 12
2 69 9
44 44 62
72 31 3
69 62 73
36 60 76
5 5 60
39 34 52
66 65 43
14 0 43
53 29 70
76 57 65
49 31 13
25 34 45
61 39 18
47 3 26
21 71 70
54 26 29
10 26 58
73 69 75
77 53 22
12 41 7
50 29 52
57 43 4
11 53 10
70 12 41
34 0 52
59 77 45
13 9 77
65 56 41
13 12 40
75 49 1
23 65 21
73 15 58
56 18 68
12 10 62
3 19 8
20 71 69
15 4 24
8 29 33
40 71 75
57 36 23
77 27 33
30 33 23
39 67 17
66 11 19
21 61 34
31 63 16
18 15 41
17 62 31
67 55 35
43 22 14
40 9 14
73 20 1
33 39 70
61 23 17
34 4 34
67 13 36
65 64 66
49 22 46
9 60 39
62 24 25
47 63 48
73 37 68
14 0 40
69 49 49
43 37 22
58 18 25
0 21 15
72 70 62
18 48 31
60 64 37
38 64 20
48 44 42
15 37 42
2 7 8
75 64 37
30 51 2
29 25 65
15 19 33
0 49 36
23 2 3
28 42 19
24 28 60
59 59 54
22 3 37
5 75 38
41 39 44
49 32 55
6 38 11
61 22 29
47 23 61
1 63 71
24 24 41
0 19 9
49 62 7
1 25 22
39 50 4
4 77 18
24 53 18
70 50 62
64 76 28
53 22 46
77 4 11
52 32 67
21 38 38
10 15 7
1 9 56
39 27 56
25 7 64
61 65 52
33 70 64
15 55 72
43 27 52
31 31 22
50 26 16
9 4 33
13 73 57
40 32 0
74 50 1
30 16 11
30 26 24
45 25 53
39 18 23
59 56 77
39 35 54
67 46 25
62 18 57
31 6 22
25 13 19
47 14 20
56 34 71
76 74 15
68 38 37
53 9 23
50 62 56
37 3 57
25 20 21
24 53 39
68 30 27
42 65 35
24 17 59
35 59 63
38 58 23
59 17 57
39 47 16
8 51 13
20 31 8
68 29 20
40 58 76
48 25 75
40 30 58
39 19 56
21 66 19
13 47 7
73 40 15
47 68 48
27 2 77
36 17 64
67 6 25
42 67 34
45 49 35
52 1 46
3 29 65
36 27 36
30 43 31
20 21 37
35 72 64
48 26 31
62 21 67
26 17 50
52 47 0
19 40 29
61 8 23
50 69 61
40 77 60
9 18 71
64 21 48
38 72 8
30 77 70
33 4 45
68 36 77
72 43 4
11 20 38
46 70 66
43 26 27
75 8 26
41 48 8
49 49 30
28 69 45
65 62 69
25 34 69
31 24 48
54 68 12
45 54 24
52 4 59
37 11 0
16 36 39
15 5 43
45 71 77
9 50 54
17 55 1
26 32 58
65 33 73
15 55 42
17 31 57
36 61 42
41 14 8
63 48 4
15 50 52
29 70 39
67 19 72
73 2 76
38 29 55
44 1 29
58 60 1
41 2 64
26 39 13
55 34 75
60 69 35
16 27 8
64 33 0
35 8 36
55 55 76
76 25 57
22 24 14
46 61 74
53 70 54
20 63 42
62 31 10
55 37 5
67 19 31
45 47 21
32 75 7
68 64 69
37 6 32
40 37 72
63 6 66
19 41 2
45 5 16
0 62 54
49 66 15
2 17 72
75 58 0
54 11 27
17 60 64
31 52 63
1 36 12
17 60 76
62 42 40
43 0 60
64 14 49
54 36 71
50 64 21
45 21 73
63 38 4
52 68 37
22 47 20
28 45 31
71 26 28
50 50 13
29 55 17
61 28 19
3 43 46
38 77 44
44 31 72
15 51 30
47 64 72
50 75 47
8 13 43
1 50 40
65 73 28
53 22 22
12 24 41
57 75 38
77 43 62
3 61 50
16 72 25
63 8 46
55 69 69
35 6 15
12 3 50
22 39 25
12 75 66
46 14 26
25 57 74
65 77 42
68 76 38
32 10 49
39 1 2
24 32 47
48 63 5
15 53 29
74 15 24
18 15 22
45 75 25
44 7 2
44 17 56
75 60 49
10 20 32
75 57 55
9 56 64
23 39 32
0 7 6
42 48 1
32 7 10
48 50 5
66 24 14
62 9 38
53 54 29
32 6 59
60 75 8
52 43 8
27 19 34
35 70 2
52 54 64
14 36 73
47 47 2
30 8 15
65 6 12
55 26 21
69 76 77
64 6 35
34 77 60
17 1 15
66 49 36
41 38 35
9 65 24
19 42 32
26 69 64
5 57 18
73 59 77
45 17 17
23 16 1
29 69 52
76 66 61
15 70 63
13 49 17
65 77 48
33 67 3
69 61 21
26 35 65
3 42 0
18 0 37
68 44 59
71 7 39
1 0 14
58 17 30
12 32 26
49 67 13
35 42 54
36 62 69
44 8 58
70 68 70
51 73 60
20 1 70
60 11 34
12 15 0
56 30 71
30 51 45
48 33 9
1 25 15
36 55 57
29 70 44
17 35 58
45 63 60
10 28 50
75 38 16
63 77 16
48 63 17
14 65 18
65 48 20
25 14 24
55 23 14
1 50 33
72 54 48
37 8 10
50 63 14
59 68 0
20 6 49
66 32 48
73 46 72
27 16 45
1 13 58
72 56 54
55 31 73
9 52 59
3 26 68
24 45 4
53 72 43
15 49 58
59 20 24
49 17 73
47 24 2
46 76 28
24 12 34
40 6 72
40 64 29
31 19 22
29 70 9
37 76 63
45 21 21
4 26 57
19 10 68
36 41 9
51 49 3
29 35 23
26 11 32
29 43 51
17 50 62
12 0 70
12 61 23
21 41 46
53 3 6
1 61 40
63 25 12
64 1 30
64 73 35
31 46 15
61 35 25
34 66 38
2 3 1
63 34 50
70 8 29
8 23 0
39 61 10
54 32 73
49 23 3
65 24 46
74 33 54
38 55 43
18 11 37
68 51 13
28 57 73
16 58 74
60 42 12
73 4 16
61 16 50
73 28 11
12 4 34
38 45 16
12 29 65
11 10 15
73 30 65
64 16 56
66 54 76
40 37 15
58 76 59
31 27 34
34 70 20
75 32 17
18 23 36
21 39 1
62 8 57
15 54 10
41 51 42
57 19 57
2 46 59
66 38 71
53 19 41
61 37 14
26 52 12
27 23 39
25 34 48
69 21 54
64 62 54
7 54 26
36 33 62
70 36 18
19 13 27
50 66 34
60 24 74
42 57 65
46 52 37
11 36 60
3 77 76
27 33 19
74 43 2
50 23 26
54 0 58
63 30 21
36 49 66
50 19 73
28 40 15
26 58 48
69 60 30
75 16 15
19 22 4
12 22 26
16 21 4
39 3 74
36 19 44
58 8 66
25 1 15
42 2 27
25 77 1
21 24 67
9 55 43
32 1 43
69 39 35
74 25 15
16 64 63
48 47 27
19 69 29
7 21 33
24 25 8
5 24 45
18 67 43
66 47 40
26 75 66
22 74 6
19 4 13
66 19 69
44 35 69
0 20 57
58 37 53
50 52 7
61 27 43
48 51 24
6 20 47
28 55 66
22 67 42
68 51 14
46 18 15
75 28 4
25 44 27
76 17 65
26 39 51
13 52 18
41 9 56
45 3 8
5 12 16
72 4 53
17 56 5
57 6 61
19 47 53
33 65 69
3 27 7
72 43 32
24 30 35
50 14 52
5 54 26
34 55 3
9 21 75
47 37 71
66 69 14
53 36 37
7 61 64
73 39 61
65 66 49
48 18 61
65 72 33
40 69 68
49 37 16
10 24 7
48 56 57
12 61 12
19 32 21
48 6 21
50 2 43
49 65 29
17 18 37
48 52 70
68 39 21
17 60 56
52 17 32
65 17 14
38 40 34
46 51 19
66 21 8
58 6 53
39 11 45
0 25 22
37 9 70
54 41 16
7 23 62
60 66 69
11 61 8
67 17 22
76 28 73
54 63 16
72 41 68
5 32 43
3 44 19
38 76 11
56 44 40
16 45 76
28 24 64
68 55 19
74 3 27
8 58 72
28 1 67
6 33 37
22 24 57
70 70 31
65 55 25
2 67 56
75 54 43
70 54 9
37 77 9
19 65 15
71 43 31
10 27 17
69 66 28
50 62 37
43 27 25
44 67 33
16 50 28
9 69 65
13 13 61
51 66 74
60 40 47
68 23 18
72 56 14
21 25 61
60 64 69
52 28 37
20 23 37
44 14 32
67 65 19
47 43 43
35 19 36
51 11 63
14 1 45
9 11 26
38 66 52
71 20 66
49 57 2
1 55 55
26 62 21
14 0 25
53 10 15
46 26 53
27 47 8
24 59 44
15 35 19
29 40 2
39 42 77
67 54 36
4 16 61
50 73 12
73 57 19
54 72 67
25 58 46
12 14 4
19 44 76
10 50 43
38 30 61
16 33 61
20 74 3
28 39 17
2 70 66
66 27 17
30 29 22
1 8 12
29 42 59
35 22 23
74 42 63
62 48 59
61 69 58
40 71 14
59 32 75
15 17 68
76 73 67
18 37 57
8 10 31
58 62 20
70 18 19
51 66 17
57 28 72
71 26 39
65 4 51
38 64 40
11 49 53
57 59 46
27 63 22
10 35 49
11 2 61
21 75 20
57 29 27
22 42 10
52 62 46
16 20 60
37 16 26
1 40 4
12 7 10
42 8 76
48 51 29
8 57 5
27 27 48
76 25 27
63 38 72
11 44 19
59 5 48
0 32 64
62 12 39
28 0 29
1 26 67
69 70 57
53 29 3
36 72 68
38 63 37
5 36 37
42 23 27
53 28 75
75 58 13
39 48 38
48 44 56
46 49 45
65 69 55
65 38 50
43 18 9
9 31 50
63 6 37
16 52 2
74 52 49
65 77 63
33 35 40
45 50 66
17 36 66
60 18 39
63 24 26
12 30 17
25 18 76
60 44 3
40 3 32
64 74 37
30 8 37
23 24 27
58 16 21
32 2 51
55 51 4
8 76 62
0 73 21
39 36 22
24 61 37
52 17 30
48 45 30
16 27 57
34 44 38
35 1 49
9 62 62
19 31 30
6 20 34
39 30 21
46 35 23
77 41 70
71 43 47
27 51 75
5 62 18
18 24 64
2 5 34
40 50 15
28 46 19
64 62 36
14 16 58
35 19 18
33 47 37
77 67 48
36 72 13
22 35 77
24 74 9
38 73 14
54 33 6
19 3 37
77 0 76
30 26 9
23 62 63
42 22 38
42 70 44
27 59 6
64 13 76
73 52 13
33 14 73
77 23 24
70 15 33
16 9 73
46 74 57
19 12 43
19 73 71
73 77 13
36 13 16
49 75 58
66 5 50
76 0 20
40 44 28
12 34 20
44 52 44
30 50 15
16 12 72
14 16 67
9 64 10
62 58 22
50 6 30
39 27 44
48 34 0
68 40 50
59 55 8
60 68 23
30 67 28
61 71 9
55 18 2
23 72 14
19 46 60
28 20 57
60 45 71
45 77 54
39 60 20
31 45 18
1 69 40
54 76 43
13 74 28
16 5 4
8 18 54
48 43 37
20 72 50
21 32 19
25 13 68
59 33 25
0 39 30
15 30 29
36 33 70
63 32 76
23 62 74
47 58 36
71 74 0
40 52 52
48 7 22
23 17 14
45 75 34
19 14 14
66 9 68
46 48 71
56 11 14
13 34 22
13 74 37
76 8 59
3 45 8
21 77 57
31 44 15
71 77 46
56 75 43
33 15 20
54 76 54
54 13 54
22 75 30
44 73 67
56 65 35
41 75 49
3 23 31
7 23 17
18 72 44
52 41 5
19 34 40
3 72 51
59 75 21
74 67 65
10 61 32
18 40 41
33 18 64
58 21 69
53 71 22
33 73 43
26 22 21
7 12 54
20 51 23
49 13 57
51 50 30
67 77 68
15 63 38
7 59 2
62 52 67
3 8 12
69 73 39
55 65 37
9 76 21
2 54 26
61 10 53
5 55 52
11 42 1
15 7 46
11 69 74
52 52 53
71 14 62
60 47 39
72 17 33
19 51 32
5 57 18
32 8 60
7 11 24
33 74 31
42 2 14
4 40 60
62 54 8
24 60 62
53 39 18
9 65 5
55 11 5
28 56 58
67 13 1
63 3 40
59 43 41
47 59 34
59 26 61
3 58 48
68 21 39
10 75 12
56 40 73
23 58 38
24 42 42
15 28 44
59 71 64
17 13 49
76 57 10
3 35 47
25 16 52
72 52 0
13 18 35
58 71 43
47 0 62
70 15 37
33 44 51
45 16 14
73 13 33
41 28 33
30 66 71
29 63 15
42 53 37
18 14 29
58 34 58
52 34 44
25 46 8
35 24 12
0 71 45
62 56 2
9 19 8
14 47 67
2 55 61
35 18 66
67 38 36
16 12 73
12 20 13
64 65 11
65 23 12
53 58 59
74 4 53
77 51 4
72 62 66
26 4 34
51 57 33
53 21 4
40 6 9
1 50 50
60 32 18
29 50 60
64 50 65
51 27 19
64 2 0
69 76 63
19 76 61
4 4 48
29 66 49
77 45 61
15 51 6
41 72 55
29 40 69
2 20 74
8 61 36
59 4 71
50 26 67
60 36 75
20 40 0
45 4 27
57 56 22
12 18 20
12 73 25
23 25 44
14 43 19
41 46 65
28 56 8
68 67 28
63 63 59
41 64 27
34 25 24
8 20 27
32 53 77
20 65 77
74 1 34
74 58 50
72 21 22
57 15 22
51 15 61
61 30 51
9 36 72
5 64 76
22 68 33
29 61 9
48 10 66
72 15 47
73 34 16
68 59 73
2 65 63
73 7 35
18 43 12
3 40 0
2 10 47
52 51 44
10 62 25
33 56 8
48 72 45
15 75 45
40 18 56
41 65 71
26 8 51
70 23 34
64 74 26
19 68 15
62 10 6
40 76 8
54 23 40
51 16 38
61 33 62
20 67 65
64 12 24
22 64 18
56 8 71
48 55 14
54 20 3
50 66 44
9 22 67
18 13 23
60 33 62
10 75 6
31 71 38
67 70 50
30 45 77
7 40 57
43 69 4
3 61 16
53 55 73
76 33 51
21 31 4
53 33 75
6 56 27
52 26 4
74 28 24
25 43 71
1 16 1
63 3 73
64 66 52
51 10 18
33 48 51
61 69 5
36 74 54
60 67 71
35 2 74
27 41 31
46 8 39
45 57 42
58 47 58
28 61 12
55 32 61
36 60 47
47 7 36
58 12 35
30 56 24
47 59 74
44 28 76
44 46 7
49 74 66
45 47 6
58 45 27
41 66 23
8 29 34
35 21 18
50 71 56
58 52 34
29 32 49
31 71 46
55 43 10
68 15 29
36 56 4
18 11 21
76 19 14
53 53 32
63 65 41
30 57 47
16 12 44
3 39 77
23 40 34
30 10 32
29 59 11
26 28 23
10 21 77
57 4 44
35 62 33
64 32 23
3 47 15
44 67 21
60 28 47
69 52 60
36 51 38
16 14 60
38 16 47
57 7 45
51 64 44
51 70 47
71 44 55
49 70 71
61 28 72
61 11 41
9 39 47
66 67 41
12 23 71
52 5 23
15 41 11
66 19 39
1 50 24
56 31 3
54 40 54
4 70 48
27 39 67
30 55 77
56 33 52
48 5 69
33 56 66
25 7 40
28 24 49
19 60 8
72 65 40
46 40 17
7 72 24
13 65 15
13 31 61
55 29 42
65 56 30
44 69 22
19 68 31
50 46 33
29 54 19
6 5 67
6 42 45
49 9 30
72 14 4
12 56 66
59 39 13
73 46 68
48 7 42
66 48 52
30 12 3
72 6 18
20 20 62
8 30 74
43 2 55
46 6 13
49 51 49
54 20 64
12 53 51
69 37 69
75 34 38
32 10 40
8 76 54
4 12 17
68 66 60
40 0 18
46 12 69
42 39 33
4 51 29
56 42 72
64 20 53
50 48 17
67 71 67
61 73 29
20 51 26
55 14 68
77 15 28
58 36 25
60 42 14
73 9 66
17 0 21
42 16 26
76 66 22
20 73 1
57 28 70
4 29 53
63 45 68
65 68 3
67 26 76
28 77 57
7 25 30
23 71 20
54 29 17
20 27 20
72 40 41
13 1 69
58 16 46
68 36 63
57 8 41
16 58 21
68 21 43
30 7 1
71 73 17
69 35 70
12 69 43
73 36 73
70 71 12
24 23 47
47 14 12
54 71 58
12 29 16
21 50 64
27 42 51
49 69 36
37 77 43
72 45 14
18 1 55
61 21 20
33 55 58
62 19 52
75 19 61
38 45 1
43 61 28
31 13 9
38 52 72
4 56 2
47 74 31
27 20 69
70 56 66
54 73 10
32 41 15
69 63 5
3 73 57
37 5 10
6 20 49
35 10 1
62 36 58
43 14 26
43 13 37
23 11 46
57 8 33
24 27 6
54 61 69
47 51 16
76 56 21
72 1 55
36 30 26
20 54 38
42 61 37
9 6 70
11 58 33
17 25 27
5 57 8
41 20 32
33 40 33
52 18 54
52 71 53
21 1 33
39 27 71
9 72 38
3 11 29
15 58 74
61 48 16
28 16 71
22 3 34
77 76 50
57 72 40
48 49 52
77 26 71
45 29 21
70 61 21
66 4 43
50 63 27
3 9 53
34 60 58
13 49 62
50 26 40
27 68 2
60 33 59
70 11 44
17 43 23
57 2 64
29 28 6
22 60 27
52 50 17
65 47 14
62 29 2
2 50 66
70 30 56
12 37 55
36 13 50
29 71 56
54 71 59
11 12 2
67 72 54
69 28 4
77 34 24
10 68 41
40 61 52
35 23 12
63 22 16
76 12 48
52 15 41
46 72 33
72 7 12
23 57 12
23 31 72
22 75 7
72 70 46
4 67 67
63 49 70
28 4 34
65 77 49
22 73 34
37 35 19
5 26 51
45 28 34
63 21 31
51 16 44
19 45 59
17 36 50
25 11 6
52 50 74
63 14 11
7 9 45
73 29 24
40 16 45
69 44 56
33 68 36
55 23 51
77 65 63
56 34 36
6 55 53
54 24 33
23 51 48
60 40 24
64 55 4
7 4 76
11 67 76
6 24 28
1 66 4
44 61 52
16 60 62
65 57 46
69 14 53
70 33 36
33 15 49
16 55 7
60 18 56
33 28 29
75 6 20
33 43 75
61 35 54
14 76 22
4 8 13
9 19 10
40 65 16
48 1 31
48 9 72
37 63 14
53 52 38
22 2 17
11 27 76
38 70 75
4 77 66
7 11 63
13 19 23
16 29 39
18 10 33
55 47 75
62 9 34
51 21 24
31 52 49
62 2 38
63 77 69
42 15 18
73 26 21
47 11 58
45 1 36
75 20 71
44 27 0
47 28 61
4 38 77
63 2 52
4 1 60
29 60 17
77 37 48
22 71 67
3 61 10
27 62 61
42 7 20
9 49 36
49 33 60
7 70 62
66 76 72
60 47 4
56 10 14
5 63 45
2 59 60
65 49 64
58 8 46
14 60 70
71 44 41
75 57 74
42 53 72
42 59 48
0 44 48
72 10 59
45 57 69
55 49 37
6 22 34
8 74 13
12 10 61
31 56 13
28 71 8
3 28 12
34 68 22
35 12 64
73 23 56
25 12 13
73 58 72
2 23 21
46 26 48
44 20 42
35 54 27
74 58 6
37 43 77
39 41 56
29 2 40
6 47 32
26 48 61
22 56 14
74 64 1
28 30 51
27 31 12
59 19 53
13 28 10
36 12 64
4 54 23
40 69 68
24 63 64
34 6 38
0 1 28
37 42 34
49 2 37
57 46 50
40 76 72
62 69 3
75 6 71
55 23 75
25 61 70
67 21 28
38 46 72
27 57 14
68 53 20
42 16 74
61 10 73
54 64 43
60 3 11
42 48 71
21 50 43
6 69 75
20 42 50
38 29 50
76 18 8
31 22 71
51 9 7
69 9 25
65 67 28
39 25 15
45 10 68
50 4 13
3 19 56
62 75 3
59 23 69
17 18 64
8 21 49
50 34 7
22 37 65
11 57 66
67 10 0
58 43 24
22 70 75
21 74 77
29 66 11
70 68 75
74 73 71
3 71 29
40 28 9
20 22 65
2 35 12
51 52 15
44 70 19
69 56 41
26 33 64
41 52 52
37 10 2
28 45 3
14 3 35
51 9 51
6 39 3
47 46 19
41 9 1
47 7 36
11 58 71
23 65 38
5 24 25
49 38 13
16 66 21
1 70 68
11 11 12
45 31 54
45 40 56
73 34 54
73 16 1
5 2 22
21 42 53
7 17 44
0 56 20
42 73 31
77 4 2
64 8 6
41 34 43
17 70 10
24 60 69
53 61 66
49 18 68
54 56 6
34 18 48
51 41 27
25 42 15
56 10 67
77 64 48
71 55 32
12 46 20
60 77 20
67 49 61
70 28 3
47 56 27
54 21 17
35 7 39
59 18 40
35 19 50
13 0 2
61 34 21
59 37 54
62 4 62
19 0 19
70 67 32
57 6 68
49 18 51
57 53 15
10 27 9
57 25 69
41 50 67
18 57 11
73 9 77
6 33 55
57 55 51
61 2 30
62 66 49
24 14 0
26 66 39
12 1 10
22 16 56
0 51 17
56 39 38
22 14 69
6 34 14
9 0 76
56 47 29
16 34 73
48 71 18
60 46 43
36 35 50
65 55 25
58 44 29
0 34 51
40 31 29
39 19 66
12 56 66
35 57 74
32 51 1
23 49 31
37 9 16
55 64 4
46 48 5
71 6 67
6 12 52
48 21 72
0 24 23
9 38 68
60 16 23
34 26 13
73 26 16
32 48 27
71 37 26
0 6 73
60 47 72
55 6 63
75 42 38
70 35 42
39 36 16
42 54 51
48 43 2
30 54 20
71 30 71
10 63 67
19 48 38
23 75 8
60 12 38
66 0 14
51 33 27
9 28 60
54 28 66
44 18 61
54 36 60
9 40 64
47 13 42
25 39 1
14 55 30
74 62 29
76 28 10
5 27 14
48 20 56
5 32 57
61 10 22
0 13 73
26 24 20
67 27 61
19 18 30
67 32 51
15 58 12
56 66 67
75 54 8
59 53 37
56 34 19
41 51 63
5 9 15
56 49 38
69 9 0
21 52 51
63 21 0
19 51 16
26 53 71
10 72 44
25 27 35
63 31 45
68 23 3
47 63 43
74 24 72
13 51 5
27 24 61
70 19 42
12 66 10
52 36 70
47 0 58
45 49 68
33 30 25
39 59 47
41 69 13
63 23 29
59 51 49
62 19 26
23 7 6
35 15 30
52 77 7
23 42 34
68 67 8
52 59 31
46 76 71
74 77 8
47 26 8
5 29 2
46 30 41
48 62 64
21 30 59
28 5 44
17 26 55
72 77 49
73 10 0
70 49 59
23 51 61
77 46 0
39 22 40
15 31 42
2 10 53
59 0 64
13 38 32
69 37 8
7 32 68
22 67 60
48 69 62
75 2 18
32 24 5
2 58 67
71 18 1
37 38 54
5 9 26
6 31 61
28 19 35
16 52 66
27 44 11
28 15 75
14 57 27
21 10 11
72 45 35
56 70 39
12 1 4
72 47 75
29 41 77
54 62 46
22 35 71
49 36 52
2 5 1
16 55 28
51 41 60
2 46 72
3 53 38
15 56 34
40 72 74
64 19 57
10 72 12
2 29 74
24 34 4
45 51 50
52 29 41
47 51 12
74 7 68
31 56 0
39 52 27
53 31 55
11 24 32
7 59 33
8 63 71
46 51 57
73 32 10
16 27 38
39 55 48
14 41 71
12 18 6
45 0 0
45 14 31
70 39 45
3 66 15
17 8 50
1 41 71
31 43 29
67 46 15
33 16 53
77 38 71
44 77 63
2 32 3
4 24 28
51 18 29
43 64 69
28 67 49
65 30 46
71 32 69
74 45 4
61 69 59
77 16 33
0 50 3
66 15 23
58 8 72
17 27 38
70 35 10
38 2 59
67 58 4
17 11 24
63 52 0
3 4 67
60 11 56
26 23 53
31 32 48
14 3 25
73 39 42
14 19 45
7 45 16
47 0 75
26 12 54
34 41 34
12 42 71
76 68 68
43 38 39
39 3 53
40 11 30
9 44 48
19 53 43
45 20 73
14 18 60
45 41 8
13 7 67
54 22 35
64 65 28
76 14 18
22 1 72
64 50 3
2 9 34
33 55 49
65 38 46
39 15 11
23 8 0
64 20 42
43 59 11
1 11 43
40 18 28
69 35 26
28 75 63
44 2 2
15 29 68
71 68 51
74 55 62
4 54 43
26 38 39
76 74 47
72 6 63
46 46 55
60 15 55
72 31 28
58 73 67
51 29 40
64 40 74
27 36 27
20 19 10
61 7 64
17 2 48
18 9 60
7 40 0
16 60 23
54 5 28
19 57 17
14 61 26
75 60 29
49 70 49
7 39 5
4 77 60
59 26 42
14 5 18
29 14 29
47 36 1
52 2 51
73 19 19
71 69 54
17 11 0
74 45 17
13 66 42
1 67 48
6 36 60
1 63 53
50 28 18
48 2 26
74 76 61
15 32 29
37 49 75
54 50 15
18 10 64
49 65 0
1 0 22
50 34 64
16 11 9
12 54 33
13 75 36
58 18 75
1 39 16
9 8 52
19 7 68
53 35 61
26 60 39
12 30 30
73 69 73
3 72 21
71 24 26
12 76 74
20 44 13
46 69 4
37 76 15
16 25 57
75 66 33
31 41 6
28 4 27
40 18 8
1 51 41
14 5 25
25 23 36
18 2 77
42 75 14
2 53 69
3 75 33
76 14 72
77 67 62
76 21 71
60 56 38
46 51 40
59 62 0
34 64 43
56 69 37
68 24 13
12 54 75
32 13 24
7 15 2
25 50 46
27 51 33
20 29 20
34 7 22
71 23 22
30 35 19
24 60 16
22 15 61
64 45 36
37 43 69
12 55 6
19 65 50
50 11 0
0 31 11
59 72 33
47 31 21
62 60 16
58 25 0
51 74 56
52 33 25
24 27 2
25 76 76
46 56 66
28 15 20
77 75 49
38 18 49
27 35 37
50 61 15
65 6 39
19 36 64
28 33 31
29 31 68
23 59 73
34 76 25
71 32 43
76 18 39
53 23 5
11 25 54
31 17 12
77 60 46
16 18 28
13 14 5
35 43 7
5 33 37
9 25 36
62 5 1
56 25 6
31 2 16
49 22 28
67 59 36
48 29 25
30 21 20
48 50 9
67 44 48
32 69 31
57 48 18
27 3 37
12 75 20
9 30 71
45 40 8
32 70 29
29 65 28
2 62 29
62 24 72
62 25 7
46 21 9
75 71 41
30 53 67
22 54 73
28 42 28
19 73 1
25 32 49
12 40 1
77 17 43
25 73 34
76 46 42
52 48 24
76 55 39
42 40 35
11 32 9
2 30 11
68 57 69
46 3 72
20 8 40
36 30 33
21 1 38
55 35 30
77 3 73
16 8 75
3 68 51
16 21 53
12 9 54
14 41 56
63 66 75
4 53 28
77 11 45
42 3 34
3 46 36
8 45 64
51 14 64
50 71 67
31 4 63
73 46 10
53 69 68
28 51 71
20 39 46
33 22 76
75 10 30
31 49 21
35 38 65
64 57 14
64 13 13
63 45 0
53 56 44
27 42 35
74 21 70
66 5 70
46 48 73
44 21 70
54 44 9
14 49 39
57 38 26
62 70 0
33 64 60
30 73 47
13 38 41
29 6 33
9 12 58
25 26 0
20 51 6
13 40 12
56 20 37
62 48 64
30 24 57
26 24 69
5 68 32
11 46 65
12 15 59
77 69 57
61 64 60
54 10 66
75 49 26
77 62 71
18 53 5
64 74 0
33 49 31
22 48 30
69 19 62
6 54 0
8 75 70
23 3 19
33 63 39
29 17 28
48 75 74
2 60 7
77 73 10
69 6 29
18 65 58
5 0 1
7 6 28
58 59 22
47 32 37
49 30 41
74 71 40
55 59 74
69 59 62
35 11 69
12 71 69
0 47 10
20 60 10
46 8 55
55 46 7
71 27 3
0 53 37
67 25 8
49 48 32
37 68 60
45 26 4
38 56 36
62 9 19
74 57 29
34 41 49
58 38 5
56 56 6
47 19 15
68 66 20
12 8 24
37 2 9
42 28 63
26 37 63
28 12 66
15 59 72
76 38 54
36 25 34
67 28 13
59 2 29
4 52 59
41 72 55
44 32 13
50 47 51
50 65 70
7 4 76
38 46 57
39 8 60
61 20 6
76 55 71
76 47 46
53 55 43
32 9 66
62 63 73
3 64 39
33 26 47
5 34 67
62 23 73
38 25 54
26 73 43
7 30 6
17 41 8
1 19 66
33 3 28
3 45 20
7 34 67
37 37 47
77 21 40
52 53 63
23 45 18
35 48 5
40 26 22
58 1 8
16 17 58
6 38 2
69 21 5
63 59 23
75 61 4
63 55 15
62 61 44
36 34 62
32 52 44
29 77 76
20 66 60
69 21 53
6 28 30
33 48 2
3 2 22
71 6 70
2 9 46
75 17 20
48 2 60
3 38 59
60 20 45
3 51 39
54 65 70
39 48 40
46 58 55
17 51 61
24 66 71
77 48 22
35 75 41
58 53 54
63 32 72
37 1 50
22 71 41
0 40 27
53 26 40
29 45 46
63 19 55
12 1 6
50 50 27
3 45 61
29 3 36
45 59 25
29 65 43
45 34 63
21 19 40
52 64 60
14 43 65
62 63 24
51 56 59
26 52 46
17 59 70
50 54 12
20 68 48
77 68 52
67 34 64
20 10 25
39 70 48
0 21 36
13 14 16
48 30 22
4 41 9
59 71 68
62 34 47
55 70 59
65 52 54
53 25 30
39 16 47
19 52 5
35 60 12
7 69 11
35 29 69
15 48 64
63 68 20
18 53 43
22 19 7
36 19 26
30 0 1
21 50 1
70 1 57
8 66 10
17 75 1
69 17 36
42 12 38
24 23 35
56 73 9
3 53 38
67 56 67
27 58 12
27 2 25
55 23 34
70 55 67
22 10 64
18 13 47
62 17 70
11 2 8
66 31 60
25 37 68
41 1 33
76 52 47
18 2 45
47 11 55
16 40 51
70 42 3
32 21 30
25 67 52
11 24 65
52 60 71
8 19 75
65 13 55
64 54 43
11 57 2
17 8 42
22 67 36
22 49 62
39 14 30
37 73 48
52 75 8
14 35 53
35 72 62
62 17 2
13 10 38
77 7 8
37 77 40
38 39 32
47 55 46
36 52 57
50 47 6
47 30 8
54 3 53
32 19 49
46 47 19
35 44 20
0 24 24
76 6 24
33 50 12
19 21 51
5 40 62
45 15 14
29 38 40
18 52 57
26 25 13
29 70 67
27 69 6
1 2 71
58 41 50
59 70 63
47 48 52
55 41 59
16 5 74
55 57 26
45 31 17
49 49 43
73 21 24
4 52 40
68 10 53
64 5 75
25 19 5
2 56 41
72 51 11
34 46 51
69 14 29
36 6 20
59 53 57
59 70 22
34 14 5
65 3 18
26 17 76
2 58 54
47 51 69
56 74 39
57 56 42
15 13 1
20 58 24
49 22 76
30 52 29
15 61 48
19 67 64
35 53 64
28 69 28
6 20 39
6 50 58
60 76 33
32 50 63
46 3 10
61 37 12
37 74 0
9 52 55
21 5 42
61 24 13
23 41 70
22 52 71
74 16 54
34 20 16
21 21 20
48 45 5
54 52 16
16 56 23
73 53 3
12 3 35
44 23 26
19 23 18
73 15 32
68 27 22
49 37 62
73 41 59
77 4 16
52 75 61
67 32 71
9 38 41
36 38 65
75 3 54
43 1 3
76 55 65
0 9 77
22 65 24
36 75 55
9 9 8
53 28 50
8 34 45
75 64 48
57 18 2
13 0 22
51 38 18
27 19 45
26 35 69
13 2 54
52 57 22
56 39 61
18 10 7
72 28 39
11 66 50
1 24 16
7 65 18
47 68 68
7 58 11
1 69 76
0 17 65
1 23 64
47 46 19
52 19 76
66 1 28
24 53 70
23 42 65
22 61 45
49 57 34
53 22 26
33 59 71
51 49 60
73 37 21
66 48 14
67 16 1
26 77 6
26 39 67
18 45 75
65 74 63
44 27 69
25 36 38
42 72 46
9 59 62
41 11 68
47 30 35
61 63 74
29 39 56
23 73 42
73 61 75
67 37 73
2 6 23
48 17 9
56 13 28
36 13 77
41 32 9
63 33 46
1 4 48
13 16 60
30 44 69
37 76 36
55 7 68
23 25 66
22 37 72
23 73 33
43 56 54
51 71 13
28 76 25
51 21 63
46 72 14
49 24 27
22 30 58
46 56 58
65 22 8
11 23 18
26 29 65
43 11 53
74 24 17
34 2 9
17 17 54
15 43 16
73 59 61
9 3 51
55 65 68
17 2 69
73 9 59
75 9 23
3 29 71
20 61 77
55 71 74
16 66 71
16 51 67
1 77 18
74 71 5
9 15 8
72 69 10
24 41 29
3 3 35
19 41 11
64 45 63
65 75 75
62 7 0
5 42 13
54 51 62
71 22 13
1 18 6
37 49 33
69 12 52
54 56 70
76 13 18
72 7 30
2 15 70
42 67 48
7 42 69
57 47 11
1 44 54
68 45 47
33 40 66
8 70 32
56 22 23
38 3 40
19 62 43
60 13 33
71 29 33
48 37 15
56 27 40
76 0 24
57 57 20
71 28 61
30 3 43
18 77 72
73 25 23
76 23 28
72 58 16
19 15 65
67 31 12
76 8 72
62 63 22
17 54 56
13 67 53
75 55 28
18 73 65
40 11 34
75 13 30
25 73 8
60 72 26
49 4 68
56 20 14
39 21 49
12 52 22
38 38 11
64 72 59
14 1 0
2 9 40
24 2 3
62 74 18
8 75 68
13 22 76
65 38 1
19 58 17
0 4 4
14 38 14
75 14 27
68 68 33
47 24 55
73 39 54
2 20 27
76 15 20
5 48 49
48 20 48
75 28 28
55 7 60
51 44 63
48 46 28
16 44 51
67 33 45
71 37 11
51 37 5
51 73 6
50 12 28
46 68 7
5 69 58
72 50 30
28 68 27
26 21 15
2 22 8
25 15 68
21 67 50
74 47 24
3 46 28
19 4 60
73 31 20
76 76 10
48 38 16
45 0 59
15 70 21
35 43 26
58 30 49
31 55 46
28 46 33
21 24 75
43 44 34
68 56 45
23 64 26
31 7 61
54 52 70
19 4 4
73 63 70
52 33 17
36 49 45
21 33 19
13 39 63
55 13 31
49 40 70
65 45 17
58 72 10
32 34 7
25 31 8
28 39 12
40 59 41
77 15 46
33 74 24
55 53 27
41 22 1
67 66 63
47 2 37
40 18 17
13 69 52
42 57 19
42 7 26
18 42 24
72 7 62
40 33 21
46 41 4
38 16 48
61 76 6
27 47 63
16 37 63
43 34 9
14 14 76
39 1 55
1 0 20
74 70 3
12 38 74
18 3 18
51 69 17
0 75 60
1 54 70
4 64 25
0 0 59
22 75 32
10 38 47
0 26 0
65 69 42
30 2 64
40 16 66
46 67 40
19 7 28
30 34 33
70 22 63
10 59 9
63 8 6
47 32 68
73 65 29
24 1 21
72 27 12
53 25 32
77 32 55
61 66 48
20 10 12
67 16 4
70 5 24
49 35 18
61 75 68
70 39 45
10 39 24
63 13 37
75 63 64
41 56 16
48 21 26
22 58 12
7 55 66
31 32 68
59 75 47
77 44 62
43 56 54
41 46 51
15 58 18
44 13 6
15 18 69
13 27 44
61 27 19
9 71 39
28 26 46
31 76 69
4 43 48
63 24 65
7 38 46
2 17 15
16 56 31
71 25 11
73 4 37
43 66 5
55 13 17
30 75 5
47 17 3
72 25 7
12 24 51
54 38 3
17 29 33
27 60 25
12 48 76
2 75 28
40 73 76
65 43 7
50 72 76
69 25 63
24 39 22
35 1 71
29 4 51
53 8 43
73 7 53
62 16 29
34 9 49
49 47 39
41 27 15
38 50 63
22 27 56
69 31 17
7 32 64
33 65 39
4 39 23
22 53 23
6 69 76
67 70 22
63 53 54
1 41 26
38 24 65
35 29 77
40 22 53
35 48 44
56 57 32
24 27 45
28 56 56
5 45 32
53 14 68
5 70 69
60 54 28
68 36 5
2 71 68
34 49 48
54 11 4
27 46 8
41 14 33
20 14 5
43 31 50
58 15 18
19 42 65
70 62 21
45 41 6
76 20 67
34 60 76
32 63 11
57 7 60
73 0 24
53 14 17
19 8 5
10 4 70
76 57 61
44 12 42
50 26 11
13 1 21
2 42 18
59 65 1
23 23 16
39 9 77
6 40 37
50 59 72
53 54 1
45 50 67
25 49 65
48 23 53
3 16 40
43 75 62
77 67 20
75 3 73
22 11 61
36 24 26
41 44 71
40 35 14
45 59 64
37 5 47
19 12 49
9 53 4
41 77 23
36 26 13
35 35 52
30 19 6
74 51 62
57 48 21
5 47 73
11 58 28
19 45 35
45 30 24
33 52 58
31 73 55
37 39 3
47 71 45
2 11 16
65 45 67
69 5 26
66 44 31
18 14 68
60 8 34
42 22 40
25 54 52
41 73 47
62 2 21
27 20 54
50 41 61
1 46 18
69 36 34
67 2 62
43 10 10
38 74 70
2 2 17
71 59 31
63 62 62
19 45 32
55 4 66
27 73 73
27 25 58
36 50 52
2 72 72
73 41 44
1 36 14
49 23 1
26 1 1
30 40 25
61 35 9
1 43 19
7 67 50
4 50 40
22 3 65
36 0 63
12 60 51
64 62 48
32 1 45
60 59 14
25 67 48
22 24 17
38 17 70
0 42 0
58 60 4
52 65 76
55 54 39
72 46 28
32 66 45
57 17 5
24 43 42
57 21 73
53 19 16
72 59 25
28 19 69
30 77 23
38 26 46
24 1 57
37 2 24
61 76 13
42 10 8
8 17 36
35 46 29
39 61 28
28 69 44
18 11 52
22 68 11
53 22 21
39 65 44
68 14 74
72 13 19
48 51 57
71 37 2
12 13 1
73 49 45
46 9 44
44 53 42
11 22 57
19 15 66
31 26 63
35 44 74
52 27 64
63 13 5
0 37 37
42 48 71
28 18 8
24 28 40
45 21 40
57 72 48
38 70 3
9 12 3
35 35 12
35 66 50
2 6 27
3 71 65
24 64 58
21 31 30
4 30 58
0 15 0
1 55 33
35 66 4
24 9 64
24 17 10
67 32 30
62 56 8
6 36 53
24 43 8
20 16 53
10 63 60
23 71 77
40 56 36
25 49 3
66 34 60
59 53 14
77 56 38
43 72 60
25 54 13
72 67 12
3 41 44
4 23 8
64 59 67
26 20 37
25 56 56
13 11 16
58 11 20
73 54 31
32 38 28
11 15 77
33 40 28
75 13 37
72 47 38
34 32 66
10 64 17
29 19 14
52 42 55
14 41 9
66 31 31
51 51 52
22 45 43
27 36 75
45 77 70
48 66 29
76 55 25
18 24 31
36 30 2
13 35 65
18 36 40
22 14 28
59 22 44
26 62 75
69 43 3
27 1 44
35 17 43
23 33 67
54 12 59
21 28 58
35 5 45
56 60 37
27 69 15
23 9 21
14 42 13
39 52 57
17 18 21
10 45 60
3 42 55
21 34 60
17 8 51
13 21 25
20 49 14
52 7 57
54 61 9
33 62 47
12 67 76
39 33 73
72 37 16
0 4 57
28 9 15
75 4 1
0 72 60
65 13 4
6 68 45
71 70 11
58 38 49
38 70 38
70 22 65
