100 100
88 99
45 84 37 79 57 41 80 55 84 39 29 68 67 41 74 57 50 48 54 46 39 63 39 28 48 11 49 24 24 70 36 67 60 19 54 59 44 58 38 71 19 63 85 72 63 45 75 47 78 71 47 54 73 64 17 50 42 48 62 54 49 28 37 20 46 59 49 48 59 22 87 47 50 74 58 60 71 47 25 49 50 41 51 20 51 18 66 55
58 79 36 60 44 90 66 58 7 65 42 87 71 20 49 86 31 70 47 86 54 70 79 59 35 60 86 77 86 48 65 84 43 42 14 13 55 46 12 47 50 24 43 56 58 47 33 53 55 80 34 37 49 69 39 40 55 74 49 89 56 41 45 94 92 45 65 49 71 48 30 56 53 49 90 22 90 38 41 52 39 24 85 9 64 72 18 70
46 8 36 84 23 17 29 77 77 27 28 70 52 57 49 57 16 49 64 66 33 19 82 40 45 52 90 47 54 57 32 75 88 67 46 70 73 68 40 13 47 32 28 83 47 44 54 33 27 25 76 32 27 41 29 59 68 63 62 67 70 51 69 34 65 26 56 22 44 27 39 35 56 9 26 47 28 84 35 72 13 40 79 55 48 80 82 48
50 39 26 45 34 53 29 50 51 36 70 44 57 61 84 32 71 40 36 63 54 63 67 37 9 65 13 56 33 23 76 26 72 12 20 92 40 32 41 63 18 6 49 59 41 37 64 68 41 91 71 24 59 64 67 49 54 50 60 25 39 66 47 52 17 54 36 47 73 51 54 70 65 60 61 70 77 18 12 33 6 44 60 52 58 81 73 58
66 66 40 62 74 51 81 60 12 39 17 38 66 70 55 83 36 26 54 48 13 23 38 57 22 40 49 52 41 55 44 33 82 33 70 60 51 18 43 69 44 36 48 40 69 61 61 59 47 36 11 94 58 80 42 67 63 61 11 91 32 80 43 79 38 57 53 54 68 32 64 67 46 19 60 32 51 15 83 48 47 66 73 30 52 34 48 54
54 36 52 61 26 47 42 25 5 59 46 41 17 42 24 72 67 57 9 46 73 61 70 73 53 40 44 56 59 45 64 70 64 57 72 53 51 49 47 42 68 62 40 36 61 60 44 13 59 85 39 87 39 18 77 39 55 65 11 46 33 54 20 50 44 42 17 70 55 22 57 85 73 70 34 46 44 67 62 44 43 84 12 76 70 63 52 54
54 37 50 52 63 74 71 62 21 55 40 55 69 51 38 55 42 8 15 19 20 39 31 27 50 50 13 16 53 88 57 87 22 27 53 49 41 60 47 27 32 9 55 47 43 13 83 44 75 43 25 20 53 56 37 40 83 83 87 41 67 67 59 44 28 86 74 41 55 49 46 16 72 44 51 66 57 79 38 49 69 33 51 79 11 32 55 66
64 53 44 33 29 9 45 72 57 34 60 57 59 31 82 73 76 80 40 66 62 62 53 64 63 44 85 74 55 15 66 48 40 35 38 15 73 76 65 90 38 8 47 56 14 86 42 61 18 41 25 19 86 17 19 43 65 48 19 71 36 24 56 25 80 28 29 69 47 41 49 38 52 55 42 70 54 59 68 38 39 60 42 68 28 33 65 44
42 42 47 55 40 50 41 44 38 41 16 36 37 51 46 57 70 86 69 63 38 44 72 47 53 51 38 65 63 44 92 46 44 44 18 80 22 35 62 42 43 9 38 77 20 34 46 47 59 57 49 72 58 8 20 46 19 66 58 71 34 65 24 35 50 65 36 45 11 80 61 55 13 32 64 74 32 69 15 86 17 31 46 20 40 30 41 49
50 70 19 41 62 52 39 24 42 54 60 41 43 73 27 58 95 39 45 46 74 37 19 45 31 58 51 48 54 22 63 51 86 43 52 29 83 39 71 43 46 15 60 78 16 44 68 18 38 79 49 39 85 41 57 55 62 36 25 85 69 64 27 77 50 54 25 70 62 49 44 54 60 59 58 88 19 47 15 32 69 34 66 54 38 57 88 68
53 43 29 35 60 33 66 50 19 19 35 39 26 81 22 43 44 19 91 47 38 62 82 87 70 6 43 33 69 59 63 33 64 42 74 82 58 35 72 90 86 20 30 28 30 21 36 35 46 49 54 24 39 27 33 44 14 85 39 34 73 17 49 49 28 21 50 88 64 77 75 39 83 15 2 55 42 76 46 36 45 45 54 61 71 41 34 46
75 89 59 69 31 67 66 46 40 42 22 50 47 12 61 2 31 58 57 47 55 39 64 47 26 85 59 69 52 49 68 56 30 75 62 29 58 18 55 82 61 33 11 39 58 48 49 25 21 57 13 43 25 24 9 10 73 59 54 58 64 90 48 63 62 29 39 73 78 63 21 32 54 41 40 60 74 50 59 40 67 44 64 29 32 73 87 64
43 54 34 80 48 81 20 72 59 83 27 53 26 44 49 30 42 16 15 49 71 54 42 84 33 83 32 42 67 51 47 48 60 34 66 62 47 74 31 58 24 1 33 50 64 11 45 54 44 67 74 23 9 56 43 55 84 44 79 53 48 47 8 8 39 30 77 52 45 29 33 51 16 45 50 51 45 28 53 80 33 4 14 28 6 35 88 23
65 54 59 24 47 18 60 39 30 61 69 44 19 26 53 52 67 66 85 37 21 47 47 7 65 33 86 46 32 42 41 35 54 26 82 37 15 48 54 58 41 34 57 82 71 42 38 59 70 64 64 55 7 55 48 59 49 48 33 37 73 67 40 33 40 10 14 53 57 32 91 35 32 57 79 30 33 56 82 83 47 83 69 65 44 47 66 73
68 87 30 46 27 37 59 56 71 20 90 44 4 39 17 67 41 44 93 28 49 29 26 33 83 70 44 50 58 76 13 41 46 65 64 49 23 73 46 56 91 34 70 45 43 1 63 13 75 75 32 61 79 10 23 17 51 67 74 71 27 77 51 42 32 33 40 57 60 46 25 50 33 75 45 42 81 18 83 14 37 2 48 65 33 15 43 39
43 77 47 27 86 64 53 2 54 57 47 60 82 81 40 39 52 58 42 74 37 49 58 80 64 61 71 51 71 81 43 50 88 48 83 53 47 7 49 11 57 82 17 88 66 60 13 58 27 72 41 67 43 72 71 14 61 25 5 52 40 49 17 35 45 43 45 42 3 26 39 36 10 61 49 49 89 33 76 46 35 75 17 38 92 71 62 41
34 18 30 50 75 65 15 23 16 77 65 32 96 19 38 45 39 16 10 38 29 15 36 44 61 79 65 78 45 44 61 34 19 65 54 30 84 16 95 73 33 33 59 32 28 58 41 62 42 17 58 81 25 49 58 66 18 46 41 60 17 45 87 48 29 61 17 50 52 75 46 31 29 45 4 61 21 17 62 42 62 44 50 46 24 51 75 50
54 65 31 68 42 38 34 42 21 68 31 43 67 43 31 66 25 71 45 69 26 62 59 31 57 69 11 26 50 78 77 25 29 58 50 56 58 40 67 65 46 31 48 45 34 45 64 31 44 79 33 83 48 36 65 36 76 64 38 58 44 71 17 61 16 54 59 25 20 27 56 75 67 31 44 40 52 63 61 44 55 59 76 22 39 49 64 38
73 33 28 60 87 19 47 41 80 41 10 35 37 25 31 78 61 48 84 41 17 43 54 51 82 64 74 43 79 54 25 60 86 72 75 37 40 53 34 58 33 41 65 85 82 66 58 46 34 64 63 36 57 71 48 60 54 27 76 62 21 48 25 80 52 50 50 29 10 67 87 38 53 16 44 19 34 80 47 53 69 27 15 65 36 32 87 50
56 95 15 94 19 45 37 53 36 69 49 66 50 55 26 82 50 43 43 54 81 1 26 50 53 49 54 22 85 84 59 56 84 49 10 77 23 71 49 18 39 48 22 58 21 33 57 50 81 65 26 92 20 55 50 45 15 31 89 26 58 73 62 79 50 38 51 60 58 45 52 23 37 75 21 61 38 28 46 42 61 68 48 52 55 24 80 27
52 50 61 25 61 51 55 69 76 48 58 78 74 68 12 81 88 0 27 59 40 48 41 36 36 34 53 69 45 27 82 55 77 37 55 70 61 41 31 87 58 89 63 43 65 58 56 50 63 83 53 82 77 74 41 24 86 66 85 35 59 38 63 22 37 69 43 16 62 61 67 40 57 59 63 62 73 37 45 33 57 36 68 40 38 75 79 87
59 43 42 47 69 63 70 47 57 90 92 45 68 31 43 35 65 85 57 33 62 66 9 6 25 22 50 39 33 56 83 48 62 44 88 46 55 63 23 41 22 60 57 20 56 54 41 72 43 37 52 63 16 34 69 73 84 48 59 67 21 17 11 85 50 49 56 19 48 28 65 48 59 67 42 7 37 68 70 49 36 14 44 65 64 39 25 49
59 65 90 55 47 5 57 35 22 22 58 80 40 47 47 61 70 84 41 76 84 30 64 95 66 64 78 72 31 32 76 55 27 55 51 20 64 25 46 61 49 52 40 32 69 42 75 15 74 31 49 79 39 17 50 36 46 69 28 85 12 43 60 50 62 88 59 71 25 34 88 56 30 43 45 90 35 75 47 45 26 24 52 46 44 57 52 70
17 12 55 40 69 30 69 37 41 57 22 55 48 60 14 59 68 55 59 48 33 42 50 39 68 44 41 62 46 39 62 37 65 14 39 2 59 51 94 38 26 33 35 11 66 92 85 52 72 36 33 49 67 77 43 42 47 86 48 21 28 34 36 48 67 50 37 37 80 64 89 49 22 49 11 63 40 52 34 39 83 23 27 51 38 42 62 57
64 26 63 45 64 57 67 45 46 39 65 51 51 51 17 66 67 60 25 83 53 79 68 84 31 68 28 54 54 38 48 4 92 68 70 38 52 45 39 85 18 55 57 15 4 16 59 45 35 26 49 27 79 8 61 43 10 43 45 58 68 40 49 63 26 64 14 61 18 11 42 4 54 22 42 53 15 56 62 21 20 65 46 48 30 50 56 49
29 62 35 43 90 59 52 42 52 61 83 31 46 23 22 45 73 71 10 66 49 69 56 69 48 44 49 36 65 21 12 48 43 36 37 28 73 29 38 63 45 71 30 49 36 14 9 25 55 37 33 23 40 65 42 79 60 32 61 74 44 27 1 35 54 49 50 49 78 65 58 35 37 65 54 47 33 56 57 64 30 66 85 30 82 25 59 11
71 83 34 38 86 33 53 81 39 60 26 20 7 55 39 38 70 46 69 16 83 69 25 47 46 62 15 27 63 67 78 20 50 47 64 46 72 58 67 32 53 81 89 11 65 65 63 42 10 44 39 2 65 50 19 57 58 46 56 53 59 55 21 64 36 51 74 55 56 40 38 26 54 77 30 56 55 78 72 50 48 33 44 87 47 26 66 87
43 44 61 46 57 9 44 31 16 7 62 73 62 28 76 44 59 42 76 33 78 59 46 59 69 35 67 39 63 36 66 27 41 58 8 54 60 65 13 40 34 45 74 42 50 53 36 81 71 55 38 25 30 33 57 6 52 81 59 29 72 35 58 63 66 50 30 35 8 46 39 72 81 74 12 55 62 66 32 94 30 53 75 45 56 51 49 30
36 13 27 41 90 28 76 27 54 56 26 74 26 55 52 73 48 13 53 42 38 59 19 72 41 84 46 48 45 31 44 14 71 51 44 43 43 65 64 41 70 32 43 78 53 56 82 81 60 45 54 33 59 56 57 86 29 34 74 59 35 57 16 53 86 43 45 39 47 35 31 65 53 9 31 44 39 22 38 81 37 59 79 48 19 29 46 59
64 30 94 33 54 29 1 42 41 79 34 90 18 57 67 50 30 37 75 52 18 51 40 33 30 51 47 55 60 43 82 63 15 64 72 32 32 63 71 45 38 45 28 70 48 70 49 70 5 53 59 37 60 76 41 76 23 59 59 63 52 74 48 45 26 47 49 37 35 35 45 31 29 34 63 88 65 83 56 41 27 62 86 32 46 81 15 54
25 21 51 82 27 48 23 19 70 37 61 73 31 37 59 46 30 50 41 89 62 59 23 45 26 61 50 34 63 50 28 72 21 60 66 62 49 13 62 40 77 38 37 24 74 15 30 50 20 25 38 80 50 63 59 47 81 69 55 54 34 95 75 74 64 40 61 51 62 24 18 54 87 77 62 55 18 82 75 82 63 62 45 27 42 50 49 28
63 47 82 31 66 53 54 46 29 51 27 42 51 71 65 65 26 59 80 26 50 55 77 57 51 63 32 35 60 15 76 91 90 38 15 75 71 55 47 43 43 62 45 29 42 15 66 86 58 42 58 19 60 58 53 73 29 17 32 46 13 22 67 54 30 75 52 45 70 34 45 45 55 63 58 43 15 51 58 63 15 36 33 49 19 20 14 60
41 22 61 65 51 66 67 48 55 80 36 30 16 39 88 34 60 64 25 25 51 64 57 15 49 35 29 40 46 77 45 41 50 85 53 58 52 46 40 61 40 70 63 78 41 40 31 47 61 84 46 50 50 82 50 60 58 65 59 86 47 64 55 75 83 42 26 80 22 70 36 47 22 49 64 38 36 52 34 57 54 58 63 51 69 79 53 69
43 65 86 82 69 23 60 72 56 45 14 76 77 41 93 53 43 75 60 76 44 28 31 22 38 18 37 52 49 85 46 74 28 33 76 27 47 88 36 35 70 45 39 51 54 56 10 89 65 45 49 71 41 89 70 66 42 52 46 32 51 84 33 79 71 7 9 59 57 53 48 24 29 29 46 77 81 40 43 6 58 64 60 35 29 20 36 35
45 40 66 59 27 31 76 73 35 15 31 62 62 50 52 49 87 43 16 64 44 46 30 55 68 29 35 54 16 91 79 71 49 57 68 59 14 37 64 30 46 54 21 45 64 65 31 36 74 39 53 62 12 41 87 28 56 49 39 62 61 64 46 66 44 60 45 50 50 47 35 83 66 42 38 49 49 25 39 64 39 93 53 84 90 56 32 59
63 29 90 30 56 57 63 43 42 46 65 56 21 28 47 69 49 39 37 79 46 52 40 38 69 54 38 61 10 22 33 19 49 39 67 37 14 47 54 58 33 31 44 43 74 83 10 53 67 57 17 65 15 61 56 72 90 62 19 62 23 16 32 16 60 50 44 65 53 47 35 78 70 64 51 85 66 50 95 71 62 82 87 34 55 12 50 61
37 44 38 49 43 49 39 33 68 50 42 18 92 49 78 35 80 57 79 48 77 64 73 8 26 27 18 23 48 46 76 19 46 83 31 47 92 69 10 42 35 85 69 63 28 50 54 53 43 42 52 57 8 52 20 40 51 57 5 62 15 55 62 45 34 70 63 49 41 37 90 33 53 68 72 4 27 53 48 55 57 55 45 79 45 51 59 61
60 47 66 76 7 58 64 65 87 66 47 40 53 37 44 24 62 73 70 21 62 88 53 37 68 47 40 40 54 50 15 27 55 50 62 69 61 70 41 49 37 54 26 46 77 53 43 51 36 50 62 42 52 61 38 25 28 62 48 60 53 54 52 76 49 55 40 30 48 82 14 47 55 57 94 61 45 77 48 21 50 10 12 38 41 77 32 51
82 49 15 69 48 35 88 32 66 64 53 14 72 28 44 61 25 81 79 45 56 35 50 50 22 42 48 88 44 43 51 57 28 44 42 41 55 38 24 70 69 39 56 49 68 64 34 31 36 44 58 51 31 45 50 75 25 53 8 28 26 36 34 74 42 28 43 59 47 84 4 69 15 85 76 20 56 40 11 55 12 61 47 27 45 44 51 33
78 81 81 65 50 55 57 27 50 59 65 51 64 82 58 79 28 47 56 69 83 74 29 77 46 24 62 86 30 47 33 25 15 87 5 76 50 45 34 58 51 83 90 55 64 71 57 22 56 87 74 35 34 73 96 55 35 39 62 64 60 24 53 49 66 64 61 23 31 45 72 37 81 13 18 58 36 91 47 12 47 43 88 5 15 64 35 48
14 54 56 87 3 57 64 60 83 31 15 50 45 59 74 82 48 41 55 54 47 72 14 54 51 45 61 44 71 55 54 38 85 51 49 27 51 67 17 55 74 45 21 49 38 61 46 71 85 69 4 34 58 53 66 65 49 74 45 59 22 75 58 67 65 67 48 24 32 22 81 34 68 43 52 58 28 61 45 63 42 19 52 52 67 76 47 21
54 38 13 72 20 33 71 51 48 39 58 40 34 65 43 28 6 54 63 26 52 13 44 58 36 61 60 58 29 51 65 29 41 70 93 83 41 53 50 76 10 27 40 80 13 71 78 20 57 39 65 9 39 28 72 69 43 79 51 63 49 48 14 25 46 63 49 49 44 37 53 63 28 56 52 96 26 26 52 18 60 54 42 40 63 31 34 79
53 47 44 77 47 18 47 46 48 13 63 38 13 51 51 52 74 41 61 60 83 29 88 73 83 43 73 21 68 83 49 72 53 41 55 73 7 32 47 28 67 48 66 16 60 85 6 28 40 77 36 15 82 77 21 61 70 48 48 44 62 76 21 78 37 22 67 69 40 50 56 74 47 35 28 48 23 42 20 55 33 66 54 49 59 68 66 41
51 52 46 82 97 61 74 62 40 42 40 51 31 65 38 58 54 52 26 36 69 45 73 46 45 57 47 48 76 29 20 41 83 40 44 14 67 45 77 18 50 78 77 48 54 67 12 42 6 40 42 66 35 28 20 49 50 70 57 71 20 74 29 19 71 42 47 10 31 65 30 5 35 42 36 57 19 37 66 73 23 32 33 52 40 43 21 19
27 42 34 46 37 33 92 44 49 94 48 59 63 36 82 44 56 62 45 74 85 17 41 61 59 53 74 30 70 50 49 52 56 44 40 51 39 55 32 11 52 31 59 58 30 27 24 52 54 89 63 56 61 47 40 67 52 49 28 48 46 74 68 60 36 78 45 60 33 40 42 21 51 47 68 81 35 55 54 42 51 85 49 15 16 38 64 34
52 86 91 22 50 46 83 52 37 53 36 22 25 46 60 92 74 85 72 28 47 64 19 51 42 25 66 71 77 62 76 28 21 79 14 60 49 59 75 58 66 71 10 56 55 62 66 45 42 59 85 35 50 72 32 46 47 33 58 53 47 20 32 63 67 44 43 29 72 60 52 64 18 56 81 34 49 73 8 63 84 31 19 28 63 92 66 51
51 42 47 47 46 82 40 50 40 72 45 29 82 57 27 31 42 44 77 23 53 30 92 74 79 84 42 84 45 87 17 49 60 73 65 46 82 60 53 63 13 35 47 52 52 55 27 37 45 57 94 65 34 12 67 63 71 60 58 33 66 84 45 65 31 49 51 57 45 44 22 93 35 59 60 16 85 22 65 39 5 48 45 79 67 51 59 56
58 72 21 67 59 34 48 15 40 69 27 38 67 73 84 16 8 30 22 16 51 68 54 17 23 69 62 81 86 44 57 79 57 44 57 43 43 76 43 33 6 26 50 15 79 31 76 41 86 16 66 60 41 14 26 40 43 71 47 39 18 24 52 42 45 78 34 48 70 44 92 80 58 82 89 15 17 55 65 33 62 72 72 27 65 71 42 55
48 22 24 44 82 21 15 51 25 41 80 43 57 32 40 21 15 84 28 32 71 86 10 60 59 67 76 39 6 57 22 55 32 50 38 15 32 40 40 42 15 78 54 33 75 0 29 23 42 39 32 15 54 84 47 64 66 36 24 82 58 80 43 67 43 21 58 19 50 69 73 39 61 55 19 61 36 46 44 40 42 77 63 28 42 19 55 10
37 52 36 75 44 51 76 71 61 75 76 28 35 52 56 88 83 20 51 27 29 51 30 15 57 35 44 41 93 89 34 55 21 36 56 33 46 67 37 40 39 57 62 38 55 53 50 22 33 45 77 81 56 59 29 54 56 59 16 39 45 14 67 52 60 27 68 95 68 27 61 56 76 54 59 73 79 76 35 40 41 38 75 43 74 69 50 35
43 46 62 66 26 52 11 62 24 38 40 38 79 65 67 48 64 20 42 58 36 81 79 69 26 36 61 48 75 65 61 34 39 43 60 31 53 42 49 60 56 30 48 46 17 12 77 63 9 68 59 21 36 54 93 49 40 13 92 62 31 60 54 27 95 38 57 47 51 22 33 53 55 17 67 28 81 31 76 54 25 48 92 17 37 68 48 40
28 27 54 30 21 21 40 22 24 62 69 1 41 68 40 29 27 38 44 45 42 32 39 45 11 82 52 80 69 62 22 61 24 28 15 41 27 69 59 58 56 26 63 29 64 20 58 75 60 66 88 63 30 54 86 74 90 47 83 49 43 44 29 47 13 51 59 75 66 53 31 39 29 76 1 43 20 63 48 33 31 77 48 44 44 28 12 59
40 57 59 61 30 22 11 33 69 79 92 24 33 95 62 31 41 32 67 58 39 54 29 60 32 58 48 41 42 62 38 87 29 45 43 87 65 59 15 17 76 34 28 27 76 70 48 45 39 38 26 60 23 59 38 37 21 31 63 40 52 58 44 31 45 53 27 27 83 56 38 38 13 38 40 50 48 48 79 40 27 49 40 41 63 74 14 32
50 53 64 59 8 39 71 40 39 54 45 81 71 51 4 45 68 5 49 25 80 72 41 48 46 42 73 63 37 63 60 54 72 49 84 82 14 65 52 57 48 46 62 59 49 53 56 25 87 55 77 65 83 57 26 33 38 43 21 50 22 33 82 70 13 58 68 69 28 23 62 60 89 26 39 47 75 47 35 62 80 53 80 19 67 59 76 14
27 42 54 41 41 15 41 56 75 60 37 82 27 30 53 24 32 32 17 64 80 71 23 77 13 24 59 29 46 31 54 20 77 70 54 38 31 94 46 67 69 84 37 94 42 25 54 15 45 65 37 34 19 27 68 36 74 41 34 32 60 40 77 72 80 60 53 63 37 44 12 84 61 29 58 71 73 31 53 57 70 86 73 36 52 53 85 28
19 40 12 24 75 19 38 32 12 29 21 46 26 46 43 37 56 63 27 30 71 35 47 71 12 36 49 30 55 34 74 35 75 60 60 60 58 41 49 32 64 89 58 42 35 82 46 54 45 62 79 64 55 57 28 41 65 78 75 59 43 79 70 59 41 57 68 67 74 67 55 30 58 27 26 61 39 54 66 78 85 48 57 59 44 80 29 53
60 24 64 73 34 29 65 38 47 43 31 41 16 68 74 36 74 62 47 41 40 72 45 70 52 74 19 65 75 65 59 66 31 75 67 76 72 33 59 71 47 50 51 67 47 30 69 17 64 33 30 26 40 26 56 77 20 27 46 59 37 35 56 51 67 44 88 59 39 55 30 41 33 71 76 10 81 17 37 22 33 3 72 36 32 75 18 32
9 46 56 27 30 38 67 51 29 52 25 42 31 55 81 36 25 23 56 36 30 79 73 43 48 42 36 50 18 68 77 23 67 33 47 63 55 32 48 83 49 48 28 4 67 43 18 68 37 36 69 56 27 24 65 82 73 89 45 72 54 84 20 93 71 27 72 12 31 47 49 44 49 54 42 32 20 57 42 57 66 18 88 46 79 63 62 19
27 81 19 17 66 48 58 14 57 52 29 65 70 70 12 55 43 88 70 47 66 23 75 34 59 45 56 37 38 37 60 24 69 63 67 24 45 78 37 26 66 52 83 51 51 57 56 81 49 55 11 55 28 29 60 32 51 73 47 89 53 65 76 73 56 21 68 46 65 48 23 69 79 83 61 85 50 22 80 17 44 23 24 69 68 35 78 44
30 34 45 84 92 19 33 72 26 39 70 57 25 35 65 23 67 49 73 55 54 42 38 53 82 65 14 13 76 49 53 58 80 39 57 42 47 66 32 61 59 34 66 48 19 31 28 84 68 47 52 25 48 49 47 72 41 30 49 44 24 84 18 16 44 27 39 17 50 54 38 41 60 62 45 33 28 41 52 61 38 47 30 19 76 37 66 58
41 40 48 56 93 40 67 46 63 26 56 66 29 49 55 28 67 53 21 40 39 46 43 45 84 44 77 26 33 53 51 91 95 59 44 52 87 54 31 77 46 42 67 44 81 65 58 31 86 69 29 24 38 48 26 60 60 85 29 34 18 54 78 63 80 42 21 47 54 35 67 73 51 74 29 23 71 62 68 60 49 84 56 50 76 37 38 34
51 69 21 34 28 43 57 67 31 51 28 39 49 64 41 85 62 54 77 32 56 67 87 47 48 48 40 65 70 34 32 43 70 25 17 51 69 85 55 64 12 51 23 66 62 30 67 49 20 10 39 32 86 26 23 54 47 63 44 28 61 7 66 40 40 64 51 53 91 90 48 75 65 37 77 74 74 79 87 30 39 54 61 58 29 27 20 52
59 47 61 73 62 63 65 44 43 56 48 33 52 21 58 95 81 20 71 24 86 48 16 21 53 51 66 83 64 46 35 70 62 63 36 54 79 70 51 69 52 32 16 59 52 37 50 85 46 55 56 11 80 20 62 43 73 55 42 72 67 26 75 80 29 81 71 49 50 44 58 18 28 59 67 67 49 49 15 38 59 83 40 18 44 48 80 35
83 72 40 41 50 69 18 43 37 8 51 52 15 20 66 53 54 94 65 56 44 60 22 18 84 56 55 93 79 69 42 11 50 55 62 57 91 65 46 44 54 47 87 37 58 41 62 49 31 11 43 77 42 71 51 78 19 75 44 46 34 79 33 45 68 61 21 56 34 91 69 42 43 30 57 43 29 80 25 58 62 50 46 87 41 25 41 53
39 66 74 23 56 87 76 32 72 46 65 35 9 30 18 46 50 77 41 39 33 79 34 62 50 48 55 30 42 60 76 20 73 76 27 61 24 48 81 22 80 76 41 25 35 73 52 27 60 29 59 10 48 68 58 44 29 38 79 44 40 51 34 44 49 42 57 59 54 15 67 27 52 70 26 80 44 43 64 35 34 54 66 69 24 59 66 33
61 25 26 43 30 19 18 41 62 35 40 32 32 22 58 61 38 11 82 51 32 43 33 63 15 32 80 50 43 8 8 27 22 41 47 74 48 16 61 23 74 32 25 33 64 36 58 47 88 35 43 26 29 78 76 67 14 64 83 16 22 12 28 43 48 70 57 48 32 39 55 56 33 66 80 55 13 40 50 48 44 48 65 51 53 9 61 76
15 52 47 46 20 78 51 83 64 50 29 44 61 15 54 60 71 38 9 57 51 37 65 34 55 16 67 73 32 20 49 67 65 61 34 51 92 63 42 42 42 51 62 47 64 63 5 70 26 20 77 62 41 26 85 60 65 23 31 64 54 70 60 16 30 49 74 61 50 38 42 15 17 73 31 46 57 27 48 76 84 20 40 34 44 64 63 79
34 20 38 56 44 19 65 33 75 75 65 86 58 85 26 58 53 79 52 73 58 41 53 45 59 34 70 27 46 41 20 29 20 30 75 66 59 72 54 10 30 86 49 59 54 19 43 52 60 42 27 56 71 15 17 51 28 59 78 63 19 37 20 35 51 45 68 40 17 7 27 50 19 21 14 39 87 67 22 55 55 72 68 1 51 42 45 53
62 47 48 30 47 49 17 51 61 34 36 72 41 69 59 25 68 44 17 60 40 48 60 20 82 72 37 48 36 41 56 29 69 68 51 56 34 52 28 69 58 88 27 44 40 50 45 48 45 56 39 35 72 61 83 93 70 60 68 54 66 62 60 90 13 59 33 63 85 72 83 48 61 79 23 51 54 32 14 31 62 25 60 48 35 51 77 41
60 24 14 48 64 25 67 81 64 45 32 40 62 48 44 80 19 54 25 41 80 63 70 11 16 93 59 68 68 54 57 39 54 47 61 63 51 32 57 35 18 83 63 43 12 53 55 22 47 47 56 34 24 58 63 4 36 65 42 34 19 62 41 50 48 60 80 46 82 52 45 68 42 37 33 71 25 60 18 53 44 18 48 68 68 18 27 35
83 59 37 67 29 68 20 70 78 70 89 32 59 32 51 52 48 66 29 17 67 62 33 16 32 67 48 20 29 32 46 89 47 44 81 63 61 82 41 51 56 59 57 7 66 82 59 44 39 51 32 41 31 33 30 69 22 29 46 42 75 50 50 41 33 50 60 47 35 74 64 44 16 61 64 86 34 44 48 61 27 39 55 74 21 7 61 28
53 29 39 41 33 81 77 59 23 44 43 22 53 42 51 76 42 18 4 26 74 64 40 68 82 59 59 39 56 29 26 67 58 77 58 62 55 70 19 33 58 45 28 71 35 52 27 46 76 50 49 45 46 68 35 90 57 28 38 54 53 91 19 64 55 33 80 66 23 41 82 75 47 56 21 54 43 59 60 45 39 65 49 41 35 37 12 62
28 10 34 57 79 36 51 50 57 45 56 71 71 25 38 53 51 67 37 12 73 47 29 57 87 30 47 67 73 76 8 36 15 69 76 56 37 81 49 51 71 61 22 17 39 58 81 91 42 45 72 62 71 48 54 76 41 73 77 42 74 46 76 76 38 38 46 55 67 80 80 45 55 73 25 16 40 53 77 48 36 37 12 57 31 81 58 60
84 14 32 25 42 75 60 23 26 61 60 52 29 52 46 46 62 29 40 69 65 53 26 20 54 54 49 73 55 76 5 45 43 61 11 78 59 49 51 38 72 22 41 17 59 33 59 65 57 68 46 58 57 48 53 72 53 35 43 24 56 60 54 49 39 45 35 48 52 65 15 64 51 30 50 40 48 58 39 45 50 93 81 19 58 79 29 88
38 68 88 45 19 29 52 42 17 61 47 20 25 27 49 72 68 47 55 58 49 68 35 18 70 57 82 30 36 63 60 52 42 62 20 62 48 87 40 41 47 55 76 97 20 47 60 20 28 81 17 56 59 37 75 41 48 71 86 37 83 35 54 48 88 68 90 25 83 66 38 35 52 20 40 66 60 42 67 52 79 59 50 39 73 77 39 10
38 53 66 45 42 76 63 42 76 48 66 70 45 19 10 79 62 26 54 65 57 84 33 7 44 20 20 36 64 71 55 37 50 38 34 84 51 64 47 34 32 46 58 61 49 32 43 24 39 66 36 54 48 48 17 64 54 82 46 71 42 75 26 14 25 64 28 9 73 45 22 35 50 59 21 49 54 24 12 51 30 94 22 37 59 61 54 56
30 48 49 70 30 47 20 49 14 44 67 63 46 28 21 73 50 61 79 62 28 60 16 56 48 65 10 71 41 50 61 14 73 67 57 30 75 57 3 73 51 48 35 77 52 67 35 72 60 62 28 16 40 95 34 40 72 69 31 51 34 43 62 77 41 84 50 69 25 63 78 25 42 22 35 34 70 54 37 50 25 47 59 53 31 42 64 32
24 29 45 60 51 62 48 39 86 61 73 59 86 65 67 12 26 75 24 66 51 43 17 52 40 27 64 58 55 60 34 39 22 31 59 58 43 34 49 12 39 68 69 17 55 40 49 44 71 45 20 22 67 51 48 54 15 28 57 40 50 29 35 64 59 25 23 81 34 70 44 15 43 61 49 85 68 40 41 45 83 38 84 60 84 79 84 39
48 92 30 49 28 35 31 59 55 50 96 31 33 38 40 45 33 69 27 31 43 29 42 34 53 39 78 72 64 65 73 52 45 21 73 64 95 42 48 39 86 88 51 72 21 37 22 15 28 23 35 73 75 34 55 37 65 58 95 73 37 52 46 26 46 71 31 54 45 36 33 87 81 40 31 23 66 18 85 67 54 47 60 77 21 26 39 73
91 38 71 69 53 43 37 38 38 49 76 65 26 87 35 73 59 78 55 54 55 13 40 71 94 76 61 38 57 72 30 61 6 49 10 55 54 68 76 38 38 12 61 37 84 45 74 50 71 71 82 27 61 53 38 32 51 61 54 73 57 22 36 57 73 48 49 84 75 87 54 48 51 52 43 38 36 56 19 76 37 39 57 44 26 48 31 85
51 78 27 53 48 57 65 61 67 72 36 57 20 67 61 95 53 7 38 28 54 58 51 66 43 27 34 37 75 52 43 13 64 32 26 50 93 72 19 54 56 51 87 44 7 70 60 65 55 40 92 45 42 44 50 58 21 58 63 65 52 48 82 33 47 24 75 61 46 33 70 57 73 48 23 82 46 39 73 26 30 52 39 72 72 55 53 62
49 63 70 54 35 59 66 66 67 46 60 61 30 50 55 64 51 21 21 37 40 88 51 35 77 59 19 21 60 51 42 37 84 77 45 51 17 36 26 27 50 57 39 79 48 41 51 56 43 65 48 3 55 80 13 67 51 57 83 48 53 51 50 79 59 21 62 51 25 65 85 38 48 70 41 44 59 55 73 31 57 27 25 20 72 24 63 68
77 48 74 38 49 50 54 53 13 50 77 61 52 59 66 75 39 31 67 65 38 32 45 64 76 41 48 66 63 50 86 32 78 54 18 71 91 62 26 31 43 33 47 25 72 65 69 77 45 57 40 27 51 28 49 47 45 47 55 81 87 56 60 55 38 46 57 10 37 88 76 23 34 52 71 36 74 52 71 43 32 13 60 19 66 23 50 42
86 78 53 54 18 34 48 15 34 56 50 8 47 59 60 66 8 32 17 13 78 21 63 41 77 55 48 36 84 52 41 18 43 26 77 48 41 67 67 71 45 55 45 53 11 52 64 54 53 41 8 9 66 42 50 56 23 49 57 49 39 59 17 15 39 26 73 42 79 54 27 50 89 67 83 29 80 32 67 76 79 65 49 45 3 16 77 53
37 21 61 61 84 24 23 69 72 31 55 49 43 56 52 89 26 98 26 50 48 71 73 48 39 65 22 13 63 60 42 67 68 70 69 78 47 21 27 83 29 40 34 60 54 72 66 75 46 44 52 76 33 44 27 54 37 48 47 60 52 69 65 19 64 25 14 61 56 49 67 55 76 19 80 17 45 90 65 38 29 77 38 52 53 36 42 18
55 72 38 94 36 52 50 10 68 52 14 53 54 85 78 85 72 39 54 50 84 57 5 38 74 52 54 66 65 46 69 53 53 25 66 63 59 42 11 31 39 62 13 73 20 64 35 68 60 40 62 5 24 26 68 62 62 86 48 42 39 48 27 86 48 70 56 66 27 84 24 61 50 25 46 52 30 34 25 48 34 69 39 28 27 37 62 6
40 74 38 50 42 84 63 51 69 81 55 81 21 48 63 78 60 64 74 23 41 86 52 52 74 47 7 43 64 8 75 28 26 65 43 45 15 35 39 59 30 37 31 24 34 59 46 51 58 33 49 51 38 63 53 53 68 8 57 40 40 62 26 74 47 24 83 78 61 58 43 53 36 51 87 27 81 63 71 7 36 54 4 34 71 31 50 5
47 59 7 47 43 31 28 38 46 64 57 36 17 59 74 72 60 25 62 49 92 65 65 19 82 93 63 74 61 42 71 46 50 26 31 23 19 67 31 79 17 54 39 51 44 31 51 55 46 25 46 55 66 34 66 27 10 57 35 85 28 12 49 44 69 64 70 28 68 55 38 37 61 51 60 46 47 73 50 58 35 79 26 73 64 44 29 25
45 57 72 60 46 73 43 43 58 48 65 16 26 25 48 53 25 61 6 38 68 38 65 3 19 12 7 75 67 36 49 76 5 62 62 26 30 59 39 61 29 36 59 54 56 58 20 24 55 20 92 31 54 87 92 1 18 39 57 34 67 49 73 59 86 65 39 67 32 4 21 41 62 60 86 66 80 57 16 35 84 52 20 77 49 48 89 48
83 48 26 57 76 37 72 27 47 79 73 77 81 26 68 87 48 39 23 55 73 47 70 58 41 53 47 68 66 20 63 49 75 50 38 88 64 51 50 53 45 60 37 34 36 80 81 28 54 68 74 42 90 47 76 82 30 48 40 44 27 22 32 63 65 55 69 43 70 53 72 44 12 50 38 48 60 44 25 45 62 36 30 38 64 69 59 70
46 26 53 29 32 60 53 75 62 74 81 65 42 50 68 34 48 48 38 40 37 13 58 40 37 11 47 87 84 45 60 79 53 46 77 52 52 21 44 46 68 49 51 7 45 58 11 46 48 57 38 40 44 87 24 63 60 55 56 39 41 21 59 22 47 23 17 28 48 33 58 32 54 49 61 84 50 35 22 38 41 52 44 63 62 78 79 26
54 16 45 38 51 81 16 42 36 30 37 20 65 67 53 82 62 52 69 61 49 44 52 64 67 30 53 61 53 32 38 84 64 39 66 42 62 53 84 16 52 88 46 35 47 49 21 63 83 45 53 55 86 41 80 70 72 75 71 42 69 88 48 50 29 59 68 73 69 72 53 84 85 23 43 76 86 53 49 52 61 51 34 69 72 32 51 54
28 60 46 80 30 12 86 25 65 62 51 29 72 86 19 53 40 45 43 38 33 70 58 14 71 29 15 46 24 62 69 61 31 60 86 81 32 42 31 57 42 77 54 81 45 80 69 73 70 58 81 18 46 49 62 43 17 55 56 53 72 27 37 49 69 56 47 40 25 78 13 32 10 88 58 93 36 69 56 44 38 46 36 51 60 66 51 39
65 69 69 37 53 57 54 78 76 48 92 62 73 35 37 27 24 25 69 66 45 27 36 41 50 77 79 74 73 66 55 54 44 57 34 54 66 81 47 27 45 56 37 66 31 66 28 47 31 76 78 53 19 33 83 67 61 39 59 68 24 77 27 64 72 48 44 80 63 62 27 34 29 37 8 56 52 26 58 37 34 32 40 57 29 46 37 38
64 46 42 63 25 11 53 63 12 43 30 40 61 54 13 14 59 34 82 74 17 44 38 62 35 44 32 2 21 55 12 78 44 73 44 32 90 70 42 41 42 18 51 63 27 46 40 46 46 42 55 76 44 85 49 71 47 18 37 19 38 49 47 53 65 63 34 51 24 49 31 76 21 48 65 16 40 67 40 44 47 59 21 32 63 78 31 30
35 75 49 74 69 69 15 71 28 59 52 36 36 47 22 61 52 63 24 61 82 26 91 45 65 54 43 46 29 17 63 79 34 46 58 59 27 80 70 14 53 65 18 10 41 62 43 47 47 71 43 85 46 68 50 25 17 11 42 65 45 43 59 23 35 80 56 56 42 21 60 35 41 77 54 36 74 59 36 15 44 12 49 55 72 69 55 39
32 50 54 50 25 54 39 35 53 88 18 40 46 27 72 46 7 42 86 32 34 10 63 27 17 32 43 54 16 37 57 39 73 29 76 72 68 28 77 45 65 55 11 39 12 31 46 64 86 41 21 10 48 62 93 46 52 38 53 83 75 8 21 65 36 54 25 48 71 81 79 47 27 29 75 35 82 82 67 42 24 44 44 36 73 84 64 33
48 26 49 47 63 47 57 8 64 33 27 29 52 48 74 36 64 38 35 32 21 51 84 21 26 50 3 68 58 77 66 68 47 28 37 56 38 46 25 54 50 42 82 84 62 36 42 67 34 28 25 44 35 49 49 9 51 38 49 24 38 74 6 51 81 42 85 62 18 74 60 50 54 23 54 49 64 53 8 37 67 25 52 71 75 27 35 87
13 6 69 61 52 51 83 68 60 35 60 62 17 71 35 41 55 53 30 47 85 68 19 50 36 78 75 93 58 53 28 85 68 22 38 46 39 24 65 47 63 67 52 31 55 6 27 89 16 43 12 44 55 86 39 45 87 72 16 82 21 56 41 34 76 16 39 38 53 13 59 20 26 43 70 29 52 61 35 18 83 53 79 73 52 56 73 63
67 66 86 54 40 52 62 47 78 80 69 56 60 38 28 77 84 44 10 30 82 49 50 68 60 42 77 84 91 46 66 74 51 60 51 83 34 93 13 23 59 58 64 60 51 34 77 39 61 22 47 81 63 44 13 50 48 37 83 17 31 6 74 45 66 81 55 47 88 92 46 20 33 96 49 71 40 46 64 48 61 84 61 36 71 45 40 51
53 36 27 44 34 32 13 44 23 36 28 31 26 36 40 22 29 32 14 45 49 35 16 23 39 56 41 15 51 26 14 27 25 43 37 32 34 43 26 29 57 53 17 18 45 30 11 33 42 46 35 26 45 46 33 27 49 13 25 54 30 36 37 19 18 43 34 27 9 32 32 34 33 52 28 25 32 55 34 22 31 50 45 15 43 50 33 40
15 61 51 56 6 14 23 44 35 29 23 14 35 27 30 44 43 29 22 44 30 19 26 50 41 38 33 25 4 25 17 37 46 15 32 52 29 16 41 42 45 31 40 20 37 23 52 7 58 14 18 29 38 59 35 55 8 10 43 14 24 46 45 21 18 59 23 36 25 31 47 34 21 55 30 20 57 45 47 33 32 17 37 32 19 50 17 28
22 45 12 26 36 26 10 30 39 60 33 4 35 20 20 31 19 55 47 13 31 29 11 41 6 30 5 15 37 41 33 49 9 42 41 31 20 23 41 14 27 39 33 32 56 24 34 36 42 41 34 24 58 55 32 27 17 35 27 49 30 32 33 29 32 54 38 30 41 44 12 35 48 7 22 44 15 34 38 53 22 48 25 13 11 27 30 7
39 42 25 29 21 9 21 50 31 36 57 27 20 22 12 12 25 41 39 51 35 34 21 26 20 47 50 13 4 6 57 54 17 33 14 38 50 21 33 37 33 42 35 36 44 15 21 58 37 26 35 30 52 6 21 43 35 15 14 39 39 52 12 39 43 61 7 27 54 50 38 61 20 7 33 22 37 20 14 20 34 57 44 22 46 33 35 13
43 10 30 58 39 32 9 36 34 31 20 48 34 19 17 19 36 46 43 7 32 42 34 18 38 12 24 44 52 46 19 37 36 40 28 30 25 24 47 30 28 31 12 34 33 31 29 33 32 64 28 39 46 34 35 20 50 28 29 28 29 23 31 47 29 8 28 13 18 24 24 22 31 46 26 34 39 42 25 29 64 28 26 38 50 37 50 45
24 39 50 25 36 32 38 45 34 14 15 3 18 53 36 36 23 29 28 53 25 33 14 39 41 40 24 31 15 19 34 38 7 15 54 46 37 36 53 44 29 30 38 10 37 28 23 23 26 34 44 26 24 19 39 42 23 10 33 58 7 48 33 44 42 34 23 35 43 34 44 9 35 39 27 25 12 37 35 39 16 33 6 24 31 17 19 38
34 62 23 17 37 33 30 46 45 26 59 42 14 33 38 25 21 41 56 32 38 43 44 44 24 14 15 26 15 57 50 52 32 7 34 27 32 62 45 36 43 8 29 28 34 54 61 42 9 25 22 44 45 27 46 17 15 24 25 28 53 21 16 9 46 48 13 13 36 42 13 26 13 24 29 38 18 39 13 44 17 12 15 12 38 25 38 19
22 41 40 45 8 13 24 5 23 23 54 3 54 38 18 49 19 54 33 45 51 57 37 26 26 24 26 59 32 33 55 41 54 14 28 55 30 34 47 15 59 42 37 37 58 14 38 37 26 19 26 49 27 42 30 29 26 26 53 62 32 49 42 39 37 37 18 34 33 54 31 33 45 26 4 42 26 5 14 24 32 19 13 21 24 4 44 47
50 30 38 16 31 48 31 11 20 19 50 33 34 22 31 41 36 48 26 35 46 22 25 18 45 40 26 43 6 27 32 39 20 39 44 46 24 16 42 29 44 25 41 49 23 30 54 54 26 39 15 33 27 30 28 12 53 30 27 45 33 19 14 27 13 48 58 43 42 25 27 54 23 51 26 32 41 30 29 22 21 27 29 22 34 14 29 18
33 34 18 15 34 41 55 40 38 20 34 40 28 10 39 38 40 29 32 22 13 34 48 40 43 12 7 31 31 22 57 10 23 36 43 33 44 56 35 22 41 25 26 16 43 35 43 27 30 29 50 27 60 20 7 16 40 35 17 41 18 39 37 30 27 31 34 48 45 28 25 32 47 44 37 37 37 6 19 42 45 38 41 24 37 41 10 49
53 55 19 22 38 57 29 58 23 32 43 20 41 34 21 26 28 14 18 61 23 39 33 12 31 33 45 34 37 30 9 31 31 52 48 38 52 19 36 58 36 44 20 52 26 30 25 52 46 28 41 45 18 34 16 14 33 46 16 32 33 40 12 24 27 36 12 24 42 19 39 42 42 35 19 36 27 32 43 35 28 13 45 19 14 18 30 51
36 48 31 12 18 48 19 29 48 51 35 22 52 15 45 18 10 41 34 23 11 50 32 40 33 33 35 22 49 45 14 54 36 12 31 32 41 64 32 28 18 16 31 21 29 28 16 25 38 42 11 31 23 29 32 16 29 30 26 13 55 9 18 20 14 58 56 55 52 38 28 23 26 30 42 32 27 57 17 38 34 35 46 16 24 56 45 4
34 29 46 39 20 45 14 55 41 60 24 17 36 28 59 43 25 14 45 27 13 44 53 46 12 37 35 47 2 32 40 4 16 13 47 46 33 5 31 48 20 15 31 36 23 47 36 49 13 14 24 43 11 17 6 21 4 28 5 44 38 45 23 22 41 28 39 16 27 28 33 7 24 52 61 51 59 27 23 40 30 9 43 24 35 30 11 25
34 53 22 18 53 44 13 37 38 21 33 39 43 50 20 33 35 38 27 31 48 34 18 59 39 19 20 26 34 36 29 50 53 35 36 42 45 43 48 10 12 17 15 23 46 42 4 26 52 17 39 42 23 34 25 5 60 39 32 24 29 23 18 58 49 9 14 30 56 32 56 55 9 21 46 28 56 48 17 60 28 15 46 59 17 37 24 27
48 20 24 51 19 26 39 52 52 59 49 36 22 9 29 50 31 26 12 11 29 59 11 22 46 48 46 36 39 36 45 45 26 35 43 38 21 30 32 52 40 37 32 31 37 27 29 37 38 21 19 29 22 53 38 49 56 30 51 45 49 44 43 45 31 20 50 21 13 40 20 32 14 19 60 9 31 28 63 31 19 28 40 14 38 4 20 35
50 42 36 18 25 2 36 56 17 51 57 44 33 28 15 26 31 25 41 24 42 21 20 28 35 42 20 42 32 13 18 41 34 7 3 20 4 52 42 24 28 45 33 37 26 33 24 38 21 16 2 34 21 51 42 41 57 37 12 13 12 23 45 31 32 29 57 50 28 43 58 17 38 37 45 17 46 36 25 44 17 41 22 35 37 39 37 44
39 43 22 48 54 57 36 11 30 33 53 22 40 40 60 30 25 16 30 31 28 33 35 32 32 38 48 40 22 57 46 40 25 45 44 38 33 20 53 38 13 39 21 32 34 55 14 27 41 33 32 62 33 42 54 12 32 8 62 15 39 34 19 5 53 28 37 43 35 41 27 24 37 32 20 32 51 33 45 45 56 42 48 35 48 40 37 50
41 22 23 17 21 24 17 56 33 50 25 36 27 16 26 43 39 38 33 5 29 12 48 38 27 38 29 54 30 38 29 15 17 29 35 37 48 21 24 31 13 43 11 39 30 8 37 7 38 27 48 2 34 4 54 9 38 30 52 46 42 23 46 10 18 23 59 6 18 24 49 54 56 28 45 33 28 58 28 32 45 24 61 17 37 31 11 22
41 46 33 30 63 25 8 18 18 25 52 32 19 47 37 14 49 43 30 30 38 22 31 17 36 42 46 25 19 36 50 42 31 42 25 26 25 26 13 38 37 47 36 9 36 26 34 35 35 29 32 41 50 11 40 15 22 29 35 22 46 48 29 37 47 40 30 27 54 37 14 27 55 37 42 22 24 22 35 48 26 25 16 24 35 34 23 3
57 35 51 33 39 29 5 54 15 34 37 36 42 30 21 38 45 16 46 18 13 30 18 35 39 48 19 17 16 31 26 29 15 22 16 17 16 9 38 26 19 31 60 45 52 17 40 28 19 21 12 17 19 18 19 30 37 28 27 13 7 19 45 10 53 33 27 35 29 27 33 8 45 54 47 35 61 19 18 27 29 38 26 14 42 33 39 28
35 53 42 34 57 27 33 43 61 35 57 35 40 6 12 53 48 20 50 52 30 43 10 17 41 50 44 20 46 38 47 58 40 35 59 37 17 38 42 43 28 27 34 44 25 21 21 51 29 42 34 15 45 17 21 32 13 4 58 36 31 26 59 23 24 22 40 16 16 30 25 50 18 38 42 53 14 12 35 35 39 4 14 48 24 34 46 36
26 50 38 23 34 15 38 36 26 3 15 16 36 43 45 36 42 44 31 48 31 16 33 18 19 32 62 31 19 20 44 58 30 21 5 45 42 31 35 31 33 10 25 33 14 26 48 40 33 33 51 21 35 47 33 39 42 36 18 29 28 45 7 36 15 30 35 41 27 10 31 1 46 31 29 22 49 38 35 49 14 14 1 41 22 30 5 29
16 15 19 40 32 28 36 21 49 49 38 29 55 3 10 35 24 45 10 37 12 23 32 30 43 56 58 28 35 44 38 54 25 29 50 26 32 6 14 15 23 15 24 47 24 17 28 61 53 62 44 5 15 16 38 39 16 30 25 25 38 27 17 23 35 42 44 28 26 12 45 47 49 33 45 29 2 54 55 51 55 33 46 30 17 50 23 29
41 44 33 4 16 16 26 56 34 56 21 33 16 46 25 12 7 17 37 38 39 23 18 28 28 16 4 35 36 59 36 22 45 22 14 41 56 18 55 28 38 23 64 49 40 16 52 42 12 31 57 12 32 33 33 35 48 22 23 30 46 24 15 45 10 36 42 19 46 21 44 38 31 14 25 44 22 39 61 47 25 28 22 33 40 47 51 14
17 52 59 26 26 38 56 42 51 20 38 38 21 27 15 20 4 27 27 53 36 54 37 22 25 22 17 34 48 46 29 41 24 35 32 35 58 18 21 11 53 36 12 50 64 31 17 46 59 27 45 51 52 25 46 50 45 28 35 42 47 39 34 35 31 39 27 11 8 43 10 39 43 20 32 38 47 57 64 33 21 16 2 24 38 46 15 14
17 35 47 11 36 33 20 30 34 38 37 25 24 25 35 53 31 50 33 16 41 33 42 47 40 43 51 44 36 18 33 29 40 45 13 33 31 42 32 45 11 24 33 35 48 53 26 13 50 22 25 6 50 27 48 49 30 43 10 43 31 50 31 23 55 48 49 44 35 28 44 30 25 39 38 30 23 28 36 28 60 19 25 40 20 25 27 28
12 39 35 14 28 37 45 3 53 27 39 30 48 33 34 32 29 59 35 29 25 38 15 25 25 23 41 41 12 33 51 41 16 21 60 24 24 29 32 32 12 27 37 30 36 29 26 39 43 22 38 27 12 30 17 21 14 50 35 21 42 52 20 25 26 15 7 48 44 39 3 34 37 36 41 47 6 49 22 20 56 10 32 34 23 52 38 31
44 24 35 57 53 19 35 31 47 23 17 13 54 17 31 35 33 18 2 51 46 32 18 26 34 13 13 45 24 23 22 41 53 17 39 30 20 40 42 31 16 30 32 33 27 20 27 31 14 21 25 22 31 26 35 4 26 14 59 12 41 40 38 47 38 23 23 35 59 8 34 28 38 45 29 20 20 53 40 36 37 52 48 51 28 28 30 28
37 14 40 24 37 52 12 28 29 29 11 14 33 28 25 57 29 37 29 21 45 45 38 47 47 47 43 18 35 27 35 46 36 19 21 36 18 34 42 18 61 23 49 33 21 36 23 28 18 44 34 56 44 48 38 20 15 45 26 28 25 38 30 17 26 36 35 54 37 55 30 15 48 30 15 23 30 32 39 32 25 46 37 62 27 52 22 43
39 30 27 19 48 14 46 14 50 51 59 30 38 55 26 51 22 24 20 48 28 21 54 13 29 37 25 29 45 19 4 45 28 31 31 36 37 14 43 36 36 33 50 43 56 19 34 32 40 29 17 17 26 18 65 40 13 62 50 40 30 20 34 30 31 36 52 34 51 45 14 43 29 8 21 33 28 13 17 45 54 29 39 52 40 58 19 50
30 30 11 46 34 50 14 19 48 59 4 22 45 35 54 32 35 33 43 44 33 57 36 32 23 38 8 30 7 32 57 17 17 14 16 35 36 27 26 24 36 17 41 30 44 40 41 6 62 33 23 63 27 36 24 28 13 8 37 56 51 26 18 27 26 26 27 45 15 35 14 23 16 31 31 55 17 47 37 19 22 41 40 27 52 34 25 34
39 35 41 35 27 30 45 51 39 23 33 28 22 28 50 57 42 39 28 63 47 18 26 43 39 9 19 25 13 44 37 24 7 31 40 45 24 11 58 51 36 15 23 30 52 38 14 51 45 32 44 29 39 24 58 48 25 39 38 11 9 39 13 16 18 31 34 45 40 18 32 51 33 37 24 29 22 47 25 38 39 57 26 45 28 58 21 33
14 30 33 36 45 12 34 15 38 35 6 45 23 19 25 47 60 51 8 39 37 27 24 9 24 30 21 26 16 36 42 40 5 48 39 28 6 14 21 49 13 41 31 15 38 12 62 44 31 28 31 17 35 46 37 17 61 39 26 48 11 38 37 22 3 32 27 29 58 32 37 46 29 26 16 21 14 30 39 28 14 12 42 38 22 42 55 46
46 47 18 21 36 17 39 19 53 34 48 30 58 23 27 35 33 45 39 37 12 12 25 10 45 30 50 33 48 59 37 25 45 38 33 31 35 33 45 27 20 26 34 18 28 22 23 57 58 10 52 46 32 42 36 60 26 33 38 29 16 27 50 24 41 52 37 11 42 31 55 43 24 39 8 12 23 18 20 35 10 24 28 15 55 60 12 17
37 33 30 20 13 27 43 37 34 59 30 45 60 45 40 34 13 34 22 34 10 54 14 48 61 26 24 33 47 63 20 26 39 10 65 42 26 34 19 47 50 34 57 15 27 38 55 43 38 45 30 54 36 40 8 38 31 60 29 21 31 47 60 49 49 53 41 48 39 25 40 39 12 25 12 32 29 42 7 65 24 50 63 57 35 21 51 48
26 16 34 34 30 48 7 31 11 32 13 10 49 49 36 32 48 31 7 14 35 29 29 50 12 45 33 52 6 52 14 28 8 36 37 38 37 45 47 13 37 35 40 25 29 35 44 27 32 39 19 56 5 20 55 12 28 15 37 14 45 38 25 45 35 20 16 11 54 35 20 32 46 45 22 60 44 32 44 40 20 32 56 40 29 23 25 32
60 8 36 16 56 37 45 17 37 34 39 22 37 37 25 33 37 13 39 53 47 13 39 44 24 27 4 6 35 39 55 34 30 41 23 46 57 39 41 24 55 14 33 30 29 37 23 38 30 24 23 21 29 48 52 9 54 45 23 21 25 37 48 26 30 42 31 5 51 34 24 43 43 40 23 33 34 20 19 21 36 13 35 34 17 48 9 42
54 27 31 59 19 24 32 32 33 20 39 47 33 17 23 28 46 41 41 33 29 16 22 45 31 32 33 20 50 33 34 23 13 28 36 36 56 18 63 39 30 36 13 58 31 35 24 42 37 4 33 10 30 37 30 40 31 56 48 37 21 6 35 17 63 31 45 19 7 25 37 36 37 17 8 56 12 18 10 32 22 11 27 33 2 49 30 36
30 27 23 15 12 28 32 42 30 20 37 27 41 42 25 15 35 18 13 34 16 23 33 40 18 12 12 28 62 12 36 40 37 55 51 27 36 54 35 12 30 16 35 11 36 28 47 50 41 39 53 29 40 41 23 36 19 34 7 19 59 23 35 44 21 27 17 30 13 11 52 39 47 16 13 22 49 15 13 32 49 58 34 35 33 2 23 28
9 17 33 36 38 15 53 25 46 46 35 3 34 32 24 12 39 38 35 19 26 44 28 46 6 39 40 36 43 44 34 34 30 22 56 52 51 39 34 24 14 40 26 21 45 33 3 30 42 24 29 7 37 7 32 40 43 38 16 16 21 28 50 22 24 39 27 58 63 29 40 49 35 28 49 27 45 18 18 47 14 11 26 47 18 17 39 33
26 42 34 30 24 36 32 49 37 22 50 2 27 47 31 17 34 34 50 41 28 18 23 42 36 39 32 26 11 17 44 55 17 12 36 45 28 49 18 35 30 33 25 25 16 51 30 22 58 22 27 30 25 29 30 26 20 26 34 29 35 52 30 54 25 17 6 13 28 50 22 33 12 12 55 42 6 40 4 15 18 37 41 45 41 57 53 15
18 37 43 13 30 41 37 34 35 45 8 40 13 32 14 6 18 20 18 41 40 24 31 37 21 43 22 37 27 52 43 35 25 61 63 49 22 19 8 26 57 8 29 33 9 6 56 30 47 40 36 25 9 28 8 31 51 34 39 51 22 18 32 32 21 15 32 57 38 6 56 32 27 45 49 33 11 34 43 35 35 55 24 17 17 36 25 10
7 33 44 42 26 47 37 38 39 48 30 52 39 16 7 29 44 34 16 57 32 44 40 12 60 53 53 4 25 29 37 31 35 38 39 9 38 35 34 20 46 18 14 41 31 32 4 42 51 61 16 39 35 32 25 51 51 31 28 38 25 25 36 38 47 25 21 37 28 12 28 10 9 30 30 39 34 40 15 18 34 26 16 32 41 31 27 48
23 34 26 11 44 47 27 32 17 20 20 34 47 52 29 18 37 43 48 35 57 39 41 29 32 19 33 54 39 25 30 44 23 35 38 28 18 38 31 43 24 43 37 10 30 48 27 36 22 39 39 35 37 49 50 15 9 22 46 21 54 49 52 32 31 31 40 47 60 28 57 7 25 10 18 42 36 48 24 11 43 37 41 34 14 44 21 55
25 19 31 24 24 34 12 30 34 26 30 20 44 40 47 31 29 6 28 18 56 31 15 15 39 56 9 21 33 31 50 44 47 35 32 33 34 7 36 21 35 28 7 59 34 34 45 10 34 62 21 10 17 42 23 24 17 31 43 23 21 23 55 58 16 39 41 41 63 35 38 23 21 30 38 52 27 39 35 26 37 25 17 14 24 38 39 20
25 45 38 37 24 40 15 35 58 22 33 31 19 31 15 31 8 42 35 29 27 37 18 21 37 27 38 52 31 55 31 31 21 8 18 43 14 20 10 41 55 31 36 17 45 25 29 27 42 6 26 38 19 25 49 39 39 34 50 17 46 21 45 39 18 23 39 10 28 23 31 50 50 14 12 21 26 38 40 43 12 25 28 15 5 26 11 33
36 10 33 10 42 18 51 49 19 33 40 29 13 39 14 45 24 23 56 40 30 23 20 43 48 47 20 29 13 31 21 35 38 29 25 46 26 34 45 35 28 55 35 27 53 58 15 25 28 20 38 27 46 33 15 27 34 28 51 16 34 34 34 31 18 45 22 27 45 28 55 39 52 24 31 35 24 48 50 13 33 19 45 52 25 35 28 35
10 47 43 20 32 41 21 31 50 32 59 49 29 38 17 16 8 27 27 31 55 22 36 27 27 23 50 55 50 41 22 20 47 38 33 36 15 8 38 48 48 24 9 43 59 24 12 39 30 14 24 42 41 46 29 24 26 64 20 41 46 56 23 24 21 2 45 11 6 16 31 63 41 54 26 43 46 33 7 36 12 38 29 54 44 17 27 31
46 15 22 27 17 44 31 48 49 41 64 20 18 9 14 39 42 30 51 31 32 14 27 33 39 23 63 52 5 28 17 27 44 50 31 43 53 38 22 28 32 6 40 41 61 32 38 21 25 3 52 40 30 20 26 25 35 41 35 55 12 46 40 11 52 31 35 44 36 44 25 36 27 26 29 22 14 42 31 45 28 8 29 29 34 13 34 49
33 18 41 26 11 51 39 41 24 38 37 44 48 51 26 26 50 23 35 25 30 10 5 45 28 41 18 21 24 41 52 25 13 39 16 45 7 41 56 11 38 15 37 26 41 32 39 34 22 46 10 32 11 29 29 58 47 26 38 41 35 40 37 59 43 20 60 14 39 38 13 53 36 4 31 46 45 22 51 24 35 16 34 50 45 52 36 32
24 26 57 28 35 43 30 22 52 18 23 30 24 28 12 47 31 21 18 39 40 20 23 54 32 25 17 19 49 35 26 27 56 46 34 35 27 52 37 14 37 32 35 25 22 4 45 22 46 61 42 30 32 32 32 56 40 50 37 46 40 39 43 28 37 41 25 39 60 44 35 14 33 16 19 37 48 33 35 35 22 42 32 33 22 42 10 36
46 19 21 21 40 40 45 48 28 55 22 45 64 12 38 9 56 43 26 54 42 32 37 39 19 37 6 29 44 51 51 18 5 23 39 46 50 33 45 35 36 28 61 28 25 34 45 42 41 21 45 17 12 42 47 28 31 19 44 37 14 20 16 15 8 18 23 51 27 38 52 42 47 33 29 37 26 18 40 15 47 24 40 26 35 32 44 36
49 31 28 22 58 37 41 33 58 34 31 26 16 41 6 38 38 53 30 36 49 6 36 26 34 5 56 46 36 7 25 16 11 29 50 31 25 30 7 18 15 46 21 31 26 34 21 11 45 52 2 9 20 45 45 16 30 64 29 49 22 45 15 11 30 19 17 38 59 35 17 52 21 49 30 35 7 19 26 43 42 12 47 34 44 28 18 31
43 24 19 21 25 41 38 24 45 29 54 44 37 38 32 35 56 30 40 55 51 48 33 48 38 42 43 56 47 34 20 40 30 3 22 29 7 42 24 31 18 53 18 55 44 47 13 53 34 37 20 62 33 32 50 43 60 53 16 27 49 35 33 32 39 53 42 32 34 55 48 47 47 18 62 19 12 31 57 52 44 60 33 23 19 12 46 61
19 27 41 10 35 34 33 27 12 32 30 22 15 56 35 37 35 29 48 32 55 28 9 44 60 31 43 36 37 30 30 17 20 24 26 51 30 38 57 48 30 15 52 58 39 57 38 50 29 36 18 47 18 17 30 46 45 32 51 43 17 39 56 16 31 23 39 27 3 32 17 27 14 26 39 45 21 18 38 34 32 48 62 44 40 22 38 24
54 34 38 61 30 40 27 27 28 28 22 8 44 51 31 43 32 52 18 35 33 16 21 33 34 32 34 4 36 25 48 59 15 38 38 31 31 55 36 26 31 38 31 36 33 20 5 34 44 11 19 37 52 54 47 33 27 25 50 15 28 62 46 24 26 14 41 14 26 35 41 26 41 26 3 30 46 25 31 28 34 24 52 56 27 32 29 32
35 33 30 44 24 40 27 56 34 40 36 41 17 31 34 27 22 39 35 27 32 26 31 55 20 27 46 30 22 55 33 14 32 46 39 48 22 35 32 32 39 9 16 45 39 36 49 16 29 9 20 17 15 52 30 53 28 40 51 38 19 36 22 20 37 38 27 39 16 35 29 35 36 34 47 36 33 54 37 41 56 20 22 56 35 51 27 39
29 37 14 42 27 8 27 25 27 10 30 32 36 16 43 34 49 22 52 11 19 10 35 19 41 22 45 32 56 25 36 18 48 27 19 21 55 22 19 7 41 58 50 10 54 39 35 19 12 15 4 19 38 21 42 41 34 31 48 12 3 36 25 49 34 51 25 50 17 28 16 20 21 22 23 36 27 34 9 8 34 59 40 43 20 37 57 45
43 39 7 39 35 46 23 30 33 30 41 36 37 44 26 37 48 47 29 23 28 33 43 24 43 48 33 32 26 45 53 23 35 18 27 47 23 25 25 57 33 31 29 24 26 29 47 52 20 32 59 44 29 42 42 28 25 26 29 13 26 12 16 23 47 26 49 30 46 20 32 43 28 12 14 37 50 24 45 58 21 31 30 64 34 21 32 30
30 29 23 25 28 52 51 31 54 50 22 48 43 33 24 15 33 22 20 19 8 22 57 13 29 30 16 23 21 14 39 27 45 27 31 31 27 39 20 34 46 41 8 34 9 23 35 22 18 17 45 36 32 11 34 21 55 15 24 32 14 30 63 44 33 25 27 21 40 45 21 32 33 24 21 33 38 14 21 48 14 54 37 19 32 44 42 30
50 49 38 21 23 44 47 36 40 38 20 18 47 41 52 43 16 34 37 42 2 36 38 42 24 10 25 34 36 50 41 45 43 45 19 40 50 39 50 33 33 33 24 51 30 43 25 11 61 27 62 50 11 28 46 31 26 41 34 26 24 34 54 32 49 34 12 35 32 48 26 43 43 32 33 31 12 49 35 7 43 47 45 12 32 46 48 22
44 37 52 23 38 19 41 54 41 10 25 51 6 52 23 27 33 53 25 53 65 44 1 40 44 40 8 49 21 38 31 46 27 15 41 38 56 22 39 51 23 34 26 11 23 31 24 2 11 18 35 37 48 10 36 29 31 50 27 31 32 45 37 28 47 31 39 18 30 55 33 8 36 41 24 45 18 59 24 16 27 53 33 36 15 27 25 43
31 36 36 41 24 46 38 57 13 22 36 39 24 38 32 25 33 44 38 43 48 19 33 55 23 5 55 41 19 17 27 37 31 36 33 21 63 28 42 34 7 41 44 58 22 30 40 33 15 44 37 16 34 38 49 17 31 35 49 53 18 49 17 30 23 47 50 40 35 26 32 36 54 31 39 40 37 42 61 24 39 34 45 41 34 27 32 45
48 36 14 24 53 43 57 42 41 58 32 36 46 29 37 28 3 32 35 40 44 40 43 28 26 37 18 37 46 22 43 42 48 32 3 62 48 47 38 32 33 31 38 56 30 22 42 33 25 56 20 39 26 22 45 22 31 16 46 30 53 23 17 39 45 22 32 39 20 40 49 42 38 30 16 27 25 22 25 8 24 22 29 17 10 17 16 28
50 43 28 1 23 34 33 33 40 15 52 61 14 40 22 31 22 37 42 31 43 19 31 44 40 32 23 26 7 30 28 30 29 10 12 17 19 33 29 33 26 40 22 45 50 41 33 54 51 21 27 11 43 50 43 14 27 45 20 32 52 17 55 36 32 29 32 46 41 16 30 24 24 19 49 23 25 58 13 30 32 42 24 41 37 38 27 7
53 45 41 49 45 49 43 27 19 13 50 24 25 34 29 17 28 37 28 45 16 26 49 49 19 29 32 37 32 29 30 35 12 19 47 18 22 29 49 25 14 40 29 29 23 33 26 11 39 50 45 26 26 45 62 16 19 14 36 58 33 38 27 40 57 29 45 11 27 57 17 31 16 32 38 21 38 61 29 41 10 58 54 12 54 52 43 17
31 10 15 19 52 13 55 35 47 48 29 34 55 40 46 37 35 60 26 18 34 39 31 49 47 44 49 24 33 26 28 64 53 13 13 22 47 17 25 39 50 37 18 39 56 30 34 26 1 48 25 29 38 3 19 53 20 49 35 27 37 26 37 33 23 45 48 36 59 28 23 23 13 50 30 26 41 30 16 51 33 17 30 33 16 41 39 25
32 42 35 42 58 36 13 35 54 26 15 35 22 45 50 9 37 40 21 51 22 38 36 35 18 52 30 15 45 36 43 26 29 26 33 45 41 33 27 58 45 43 25 35 33 36 34 18 55 30 26 32 52 45 23 48 43 47 21 41 53 36 25 17 35 49 7 15 22 28 23 41 19 30 51 34 26 31 29 35 30 24 29 23 31 17 24 47
43 43 9 29 59 27 28 28 31 36 39 29 40 39 50 43 61 36 26 24 46 40 26 20 32 10 39 15 12 27 20 14 32 31 17 58 9 41 48 33 53 38 26 48 41 30 42 17 29 32 54 21 22 52 56 45 11 30 27 51 9 32 22 26 15 63 55 37 55 27 46 54 40 29 42 47 15 54 52 20 51 50 17 12 35 13 34 36
36 26 36 26 32 46 20 34 28 23 35 49 55 28 50 39 37 51 54 24 37 21 29 47 11 27 11 26 32 27 26 12 35 44 48 26 33 44 46 32 39 31 34 20 51 47 25 29 31 20 23 41 44 38 54 43 8 37 54 40 59 34 27 21 35 37 30 39 40 37 58 31 27 20 3 27 40 58 54 34 29 29 46 29 33 22 49 37
40 5 27 51 6 44 31 52 33 8 35 25 33 11 38 33 50 6 11 39 44 15 38 37 29 26 61 28 43 30 50 19 37 39 11 48 40 18 6 39 36 48 46 22 49 32 32 33 21 28 13 21 22 15 37 39 27 15 20 25 20 38 10 44 39 46 29 24 20 32 31 30 37 45 45 19 23 21 62 31 46 23 25 40 39 48 44 24
20 32 62 30 28 46 43 41 62 27 18 40 59 55 6 33 18 51 54 30 25 25 26 34 32 30 31 41 6 34 22 40 50 18 21 14 22 51 27 14 44 26 32 8 9 22 20 17 55 29 44 33 35 24 42 31 25 29 19 49 51 23 15 31 9 23 30 45 52 19 44 20 50 29 22 53 24 37 28 23 31 54 37 10 50 39 51 33
15 17 26 46 34 41 49 49 42 49 26 36 36 25 22 8 42 43 36 31 37 17 23 31 33 20 15 17 22 35 26 9 47 44 38 42 41 30 43 58 25 52 28 42 34 26 38 21 53 32 29 56 35 28 6 40 34 48 56 30 29 30 10 30 21 22 4 45 32 50 43 41 33 52 38 41 23 35 61 43 29 23 31 18 27 27 32 34
24 26 48 45 19 32 54 7 37 64 33 41 10 55 33 36 19 38 17 33 31 58 20 30 34 49 60 48 22 31 41 27 23 44 19 20 46 15 29 29 33 22 42 27 31 30 42 16 46 40 56 52 49 38 16 55 53 17 24 29 29 31 38 32 51 40 50 47 46 22 24 39 53 28 56 21 38 34 43 22 34 36 52 35 33 21 24 49
38 20 28 30 37 21 31 4 34 36 11 28 41 40 26 37 29 34 53 31 40 37 36 38 25 25 44 31 46 36 35 34 41 36 13 19 19 48 2 10 46 8 36 43 45 41 24 22 47 50 33 34 47 27 46 33 31 33 52 6 31 31 27 35 59 8 30 32 32 43 45 3 44 33 30 29 6 50 45 31 23 19 24 43 13 49 32 30
34 20 57 15 49 46 6 19 35 14 13 45 33 34 12 29 12 56 37 13 41 24 34 42 38 20 24 18 38 13 29 49 30 18 30 43 21 20 45 32 36 38 50 51 45 15 47 33 32 32 19 22 48 52 20 21 21 46 40 33 13 33 18 12 31 39 15 46 29 30 25 39 23 47 28 28 35 52 28 63 57 31 25 23 42 35 26 54
9 5 27 24 20 63 32 45 41 47 28 19 31 31 39 34 24 27 30 15 14 25 37 47 19 12 1 27 29 17 42 24 30 29 28 52 45 43 65 27 27 31 33 42 57 29 31 41 9 23 16 52 48 0 38 29 32 62 23 31 44 32 29 16 38 13 13 52 12 34 10 21 27 44 17 13 25 21 41 24 26 48 27 51 32 34 46 44
33 36 43 56 27 43 29 57 20 21 50 33 26 24 30 18 55 44 23 27 39 34 37 24 11 53 22 37 24 17 35 24 22 29 27 21 27 41 32 55 36 60 52 52 11 36 34 41 41 33 29 44 3 29 27 35 58 36 22 19 23 41 8 34 37 18 26 13 41 28 22 41 26 19 40 56 17 37 48 53 6 28 22 32 51 12 29 41
27 44 12 32 38 12 40 19 23 63 17 30 23 47 46 36 47 8 23 21 24 38 58 28 29 38 28 37 32 36 13 22 17 18 48 42 33 16 51 36 38 55 9 21 21 64 21 32 47 29 34 20 20 38 10 27 26 33 32 28 37 45 36 30 37 60 36 20 28 31 11 33 32 46 16 54 49 34 41 25 41 23 6 5 34 28 21 35
20 19 38 60 15 41 56 26 16 45 28 11 40 33 43 49 13 30 62 30 33 43 50 24 46 33 40 36 15 33 50 32 49 43 17 26 41 29 29 18 35 24 3 46 24 30 35 28 56 11 25 14 8 48 46 24 24 18 18 32 34 49 8 7 37 35 44 52 24 20 23 5 12 30 35 46 44 40 12 50 45 10 36 47 30 17 25 12
18 55 36 32 26 18 24 20 35 44 37 45 45 39 19 46 29 19 38 26 49 30 37 11 40 6 58 52 18 32 47 38 29 13 48 46 28 33 57 51 58 14 29 27 31 29 20 38 13 9 32 36 43 55 23 24 56 43 25 36 52 34 19 27 52 27 36 51 20 44 34 35 29 21 45 43 30 29 24 14 40 53 55 35 23 29 36 32
34 33 43 35 20 26 22 11 21 37 21 39 30 32 54 37 16 16 37 38 12 39 29 57 41 45 35 64 24 34 39 5 43 31 37 49 20 43 30 5 40 26 27 18 40 49 33 20 35 27 26 54 47 35 6 4 40 27 57 18 54 25 56 53 28 42 51 20 37 31 6 18 31 28 32 19 29 22 36 27 32 36 40 46 9 33 6 48
30 27 46 16 4 38 56 33 40 26 59 31 11 50 48 17 35 35 32 38 40 60 24 10 13 49 57 17 16 4 33 19 44 33 31 15 48 26 51 50 18 37 33 54 45 15 27 40 19 34 16 41 27 32 54 11 53 38 41 21 34 40 17 48 30 35 56 8 58 34 5 32 21 30 22 49 49 31 22 35 20 48 42 35 18 28 25 33
42 10 49 10 23 31 16 47 20 24 19 35 35 40 41 38 38 35 19 42 39 39 34 61 44 44 41 43 33 45 45 42 14 18 4 35 34 37 32 13 38 42 43 21 23 26 46 64 31 29 38 28 48 19 22 3 11 35 23 12 14 54 39 14 28 30 36 21 24 24 39 64 44 44 18 49 40 18 14 47 31 41 17 12 30 29 40 34
27 24 17 46 36 37 26 1 4 39 53 39 24 45 32 52 34 48 37 34 27 24 11 41 56 27 29 15 37 47 46 33 22 41 42 21 12 31 51 39 64 32 50 44 12 5 28 31 46 31 43 29 47 44 23 51 43 9 48 48 18 41 11 15 56 15 52 51 32 32 32 25 37 33 46 20 20 35 40 29 41 43 58 28 61 41 59 48
55 12 29 16 31 44 17 41 29 18 37 32 38 38 28 53 32 7 22 12 44 39 18 61 32 45 32 44 34 12 22 34 26 42 44 26 17 27 6 27 48 1 64 43 62 48 15 52 47 32 31 40 42 23 19 26 33 46 44 45 8 30 19 52 26 22 21 26 32 36 45 44 40 31 18 59 32 44 22 31 38 11 38 33 49 41 16 55
25 43 42 29 39 16 31 58 40 31 18 12 28 35 41 32 19 39 38 53 45 55 8 12 27 3 22 37 43 3 38 44 32 31 54 29 42 47 19 29 38 13 29 31 23 44 37 31 28 19 28 36 41 38 33 41 10 36 19 21 23 40 40 32 28 39 20 51 27 27 35 31 49 14 26 27 39 44 26 28 14 34 29 31 40 12 29 28
25 11 26 52 45 52 11 37 40 2 3 20 36 24 53 32 34 57 26 41 10 20 21 25 30 28 19 10 21 32 44 47 30 8 44 31 31 42 15 31 24 37 61 10 22 15 53 36 24 49 38 52 21 63 27 14 44 28 30 38 53 32 12 19 9 25 15 36 40 25 25 45 38 18 22 25 50 24 16 27 29 48 29 20 47 46 17 19
46 16 11 42 42 26 56 7 40 20 26 59 40 33 39 44 45 6 53 35 9 59 37 37 42 43 2 23 30 30 35 28 18 40 40 53 31 18 38 31 39 46 53 46 51 57 9 29 24 32 35 50 44 55 32 56 12 24 33 27 43 34 37 41 41 16 27 44 14 40 20 38 34 31 33 39 17 16 21 49 38 34 35 57 34 43 40 7
51 22 45 32 40 13 31 7 6 34 25 37 33 25 42 39 65 10 36 13 41 31 31 35 43 25 48 31 32 27 31 9 8 45 46 8 23 25 17 59 46 35 29 43 58 49 32 53 30 37 35 48 32 35 42 43 28 5 34 37 35 53 12 29 40 27 39 32 14 43 24 27 14 47 23 32 25 34 39 45 23 20 53 39 6 41 4 27
53 33 57 38 25 20 36 15 18 22 23 32 30 56 19 7 20 59 15 46 40 53 43 29 37 32 28 34 25 18 26 43 23 30 30 35 43 15 37 35 36 19 37 28 27 48 12 33 40 26 44 30 53 43 28 45 41 13 24 5 8 30 13 24 28 21 13 39 27 22 41 52 48 45 29 29 29 30 28 54 54 13 21 44 34 36 52 32
50 45 36 54 1 39 38 51 46 42 25 43 18 27 34 30 41 41 34 18 44 20 49 38 18 27 33 35 6 40 24 31 35 26 30 26 49 51 51 30 21 44 16 32 34 24 39 40 43 61 42 16 32 44 21 11 38 32 53 10 25 39 40 26 24 7 14 39 36 17 17 58 32 36 39 19 44 57 19 33 27 55 8 25 47 46 53 27
10 48 40 38 15 36 26 20 44 32 47 29 28 40 21 3 35 19 58 50 38 23 53 45 52 32 19 33 7 25 33 50 25 61 53 30 41 25 39 36 31 46 44 24 41 51 43 38 32 31 17 50 34 46 9 40 38 39 11 25 36 44 60 52 42 30 19 40 21 29 46 60 30 36 15 46 16 12 32 19 51 52 49 24 22 51 44 11
34 1 29 47 37 32 57 21 31 21 37 8 22 42 29 14 4 30 39 20 27 22 41 20 44 40 18 28 27 39 19 24 60 23 11 21 31 28 36 3 40 55 58 29 42 36 19 59 9 12 34 15 50 27 36 41 33 43 21 47 29 51 34 23 17 33 52 12 27 51 12 38 39 41 21 29 48 31 41 39 30 22 37 46 8 22 38 17
47 34 28 36 22 19 34 36 18 20 53 38 34 9 35 37 25 50 55 37 42 34 22 51 23 33 35 16 38 27 58 51 27 51 25 17 30 32 48 48 36 41 17 8 30 1 38 19 27 25 59 26 45 17 23 53 52 22 10 57 34 25 40 29 34 42 49 27 11 9 34 40 40 28 29 26 35 26 37 50 49 16 39 15 26 51 53 34
32 42 42 35 20 33 32 51 22 28 33 24 57 43 12 30 33 24 28 36 20 26 38 19 40 22 45 48 48 17 37 58 35 30 21 21 54 15 27 11 45 21 40 52 45 35 37 43 29 60 42 24 42 19 46 39 32 29 47 27 41 39 26 33 57 46 44 33 39 45 34 29 60 18 39 26 34 6 13 22 55 29 35 24 22 40 35 28
18 20 41 25 37 32 31 18 34 14 30 8 22 25 20 33 37 18 11 28 40 29 23 29 27 18 41 28 46 19 24 38 21 42 19 21 47 35 36 31 39 23 56 9 41 45 13 25 28 22 54 49 11 11 9 23 21 22 37 21 12 48 14 40 33 19 45 38 33 54 33 56 60 41 28 30 58 34 46 56 44 9 27 33 32 26 40 28
15 15 20 25 26 25 27 51 27 50 29 23 47 34 30 44 40 48 25 3 39 26 27 33 26 37 48 46 33 24 23 42 57 20 8 34 52 21 15 51 22 26 29 47 36 31 56 25 46 47 32 39 52 35 11 24 51 25 41 16 23 36 4 46 46 20 18 25 44 28 31 49 29 58 27 13 52 18 4 12 47 33 23 31 48 29 9 32
37 17 40 6 37 14 44 36 29 25 35 27 23 25 36 27 52 25 33 29 21 29 30 6 16 35 23 29 28 34 58 34 21 26 59 21 37 4 27 36 47 49 22 29 47 21 40 8 33 44 28 49 19 24 34 37 3 55 21 46 52 41 31 21 58 40 38 15 22 19 28 35 39 19 53 20 22 24 4 35 20 42 34 43 41 37 31 39
46 9 8 31 12 14 8 37 34 29 42 26 29 13 24 60 17 7 28 28 36 54 15 40 44 31 55 39 45 44 51 50 39 29 50 10 37 28 11 19 34 15 38 22 45 52 30 17 32 40 38 25 35 11 30 16 23 46 15 62 24 35 55 27 39 40 26 20 32 42 20 36 17 45 35 38 44 22 42 26 59 42 45 36 28 46 42 25
