51 34 18 43 45 45 44 45 37 47 45 7 42 43 43 6 47 28 40 46 45 7 25 48 47 45 47 44 46 27 44 44 10 18 46 41 45 10 46 44 43 39 4 48 42 44 46 28 25 18 38 45 3 44 49 45 43 26 22 9 46 43 17 42 21 44 43 44 38 35 44 44 46 4 18 44 31 43 43 45 44 37 44 17 44 42 14 43
26 47 45 10 40 40 44 27 45 47 11 42 8 43 43 14 47 15 38 19 38 48 19 9 47 0 47 5 12 33 44 18 47 9 37 37 45 45 16 44 20 46 45 5 42 44 14 42 7 44 47 39 2 44 49 45 43 43 46 48 37 28 39 42 22 44 43 41 43 14 2 44 8 44 45 44 44 43 16 45 44 43 14 43 44 42 50 43
51 39 45 11 45 17 44 45 45 47 38 42 23 41 43 47 47 24 14 46 20 48 48 46 47 45 31 44 46 43 44 44 47 42 46 45 20 45 46 1 43 46 39 36 42 19 46 37 9 37 26 45 47 44 11 39 43 43 11 48 33 43 43 5 43 43 43 4 43 8 48 44 23 34 45 44 14 6 6 42 44 43 46 12 44 42 29 43
51 45 45 43 45 22 38 0 22 30 45 42 7 2 43 30 47 4 36 46 45 26 48 48 47 45 47 44 2 43 44 44 47 42 11 14 18 45 37 44 30 46 40 48 21 0 37 42 44 10 47 45 45 29 15 29 27 30 46 20 42 43 43 42 0 44 43 44 43 44 34 34 30 44 45 27 44 35 42 32 21 21 22 9 13 42 1 43
51 48 45 38 45 13 44 45 12 47 11 42 44 32 43 47 47 33 0 16 16 48 48 48 47 45 30 44 46 43 44 44 22 42 38 19 45 45 40 44 5 15 3 36 0 14 31 16 44 38 47 45 47 27 49 2 23 42 46 48 16 24 7 42 43 34 25 44 43 44 48 44 46 44 45 44 17 31 43 45 44 43 12 28 44 20 17 25
9 48 45 21 45 42 44 24 45 47 45 42 8 19 43 46 25 46 43 26 13 26 48 48 35 28 47 44 0 43 1 44 20 2 35 4 45 45 24 33 43 46 43 48 10 30 15 42 44 44 4 16 47 44 49 7 43 43 46 48 46 43 27 24 43 11 19 44 43 44 25 35 29 8 25 4 44 43 14 45 20 43 11 41 44 42 24 6
51 13 42 41 13 38 44 45 30 8 45 42 44 43 24 47 47 46 30 0 45 44 48 15 47 16 1 37 41 4 32 32 28 37 46 34 45 45 20 28 37 27 38 22 42 44 39 20 44 44 0 45 47 42 49 24 43 43 46 46 42 7 43 35 43 25 43 4 35 36 48 44 46 2 18 24 8 43 43 45 44 35 36 43 44 42 50 43
51 28 2 43 45 45 20 45 41 47 45 42 10 43 43 8 39 46 18 46 45 48 21 46 47 8 8 44 46 19 44 44 47 42 28 2 45 45 46 44 43 17 27 21 42 29 46 42 40 44 47 24 47 14 22 36 43 17 46 48 46 43 18 42 43 11 43 12 35 44 20 44 9 44 2 44 18 43 43 4 24 22 46 21 44 42 29 43
26 48 45 43 45 0 44 26 29 47 45 25 44 34 36 47 47 21 26 46 45 48 48 48 47 45 43 4 21 28 6 30 19 16 46 7 40 45 46 44 43 46 45 48 42 44 5 42 42 44 35 45 47 44 49 45 28 43 1 48 23 27 41 42 43 44 20 41 43 44 48 44 43 38 45 44 15 30 43 1 10 41 46 19 44 42 50 22
12 48 13 36 45 7 44 28 45 11 45 28 4 43 25 25 47 46 21 46 45 3 48 16 47 45 47 44 46 32 22 25 47 42 17 45 45 45 46 44 43 38 19 48 42 44 21 21 44 44 47 45 36 14 49 25 43 43 46 48 46 31 43 42 43 44 34 11 43 44 38 10 28 44 33 37 44 15 43 45 44 43 46 27 44 16 50 8
51 6 45 21 45 44 44 3 32 47 45 42 19 43 2 41 22 4 43 46 0 48 48 6 47 45 47 44 25 43 44 44 47 42 46 45 38 12 17 29 43 45 8 35 42 43 46 33 44 44 47 21 47 39 1 45 21 13 46 17 46 41 43 37 12 27 31 11 43 39 48 44 6 41 45 44 44 13 17 45 44 18 46 43 44 6 31 43
51 48 45 43 45 45 40 45 15 47 45 42 44 43 43 47 13 35 43 46 45 7 19 19 47 37 23 44 46 26 32 44 47 42 46 43 45 26 25 33 43 46 26 48 42 44 46 20 16 18 47 45 30 44 49 28 43 43 46 48 46 34 43 42 33 6 22 44 36 44 48 44 28 21 45 24 11 43 14 45 33 43 40 43 44 32 15 43
42 37 45 18 15 33 42 20 45 20 37 42 36 43 41 39 47 46 43 46 45 9 48 13 3 9 3 44 43 7 44 44 47 42 46 26 44 45 46 44 43 46 16 48 6 23 27 25 43 11 47 2 12 32 49 32 36 43 46 48 46 43 43 42 43 44 28 44 19 44 39 44 46 6 45 44 44 3 43 19 44 43 46 43 44 20 9 43
51 48 45 24 45 45 35 45 45 24 45 42 28 6 4 47 47 46 43 46 7 34 46 48 33 45 4 44 46 43 28 44 35 42 14 34 45 38 45 19 10 46 45 48 42 40 13 42 42 24 16 45 47 14 49 45 26 43 45 46 46 43 43 42 42 44 17 21 31 28 29 38 7 41 45 33 0 43 21 45 12 21 46 43 44 19 50 9
25 48 45 43 45 9 44 38 45 19 23 42 36 43 43 47 4 46 43 17 37 8 48 48 9 13 27 43 46 43 44 26 47 42 46 9 8 45 46 44 39 38 40 12 42 23 46 42 44 43 20 45 47 44 39 45 43 29 46 48 44 43 43 42 41 44 17 13 4 1 38 41 46 44 45 44 34 8 36 45 44 43 37 43 44 17 9 43
51 28 27 43 45 45 41 34 43 30 45 12 1 43 43 47 18 46 24 46 45 39 24 48 37 39 24 44 46 43 44 44 42 30 14 11 37 45 46 5 43 43 28 10 42 16 44 42 22 19 47 21 40 44 49 45 43 43 46 48 46 43 21 0 43 9 43 44 19 44 6 44 45 44 45 43 29 43 24 45 38 21 46 43 44 1 50 43
51 41 45 43 45 0 44 45 23 47 40 42 44 43 43 47 47 13 24 46 37 48 28 48 21 4 6 32 35 43 44 44 4 42 46 45 28 15 23 44 43 46 45 48 42 24 46 42 19 44 18 45 38 44 40 45 4 43 46 46 17 43 43 42 43 15 2 13 39 0 48 44 46 22 45 44 44 43 18 3 2 43 35 43 44 42 50 43
34 27 10 43 45 19 8 45 1 14 45 24 44 25 1 47 21 46 43 46 45 48 8 2 21 45 47 44 46 19 27 44 17 18 46 19 28 0 46 5 43 46 38 37 42 44 46 19 44 44 47 11 45 26 29 32 43 43 33 4 46 11 43 42 29 44 43 44 41 4 8 16 20 44 45 44 44 11 15 12 40 43 46 43 44 42 21 43
41 48 31 26 45 21 39 45 44 47 45 42 44 43 39 28 47 41 43 46 29 48 20 48 5 45 22 44 41 25 19 44 47 42 46 45 45 27 46 44 22 22 45 48 42 44 46 42 44 44 47 45 26 23 49 1 6 12 46 48 38 40 43 9 40 44 43 44 43 44 41 17 15 42 45 44 33 4 8 16 43 43 25 41 44 42 50 15
49 12 45 24 41 39 31 25 30 47 45 42 44 43 43 47 36 46 17 5 3 48 45 48 47 45 47 44 46 36 44 44 47 42 6 45 45 45 46 44 5 46 45 48 30 25 19 42 44 44 28 45 47 44 9 45 40 43 46 48 46 43 43 42 43 44 18 44 43 44 48 44 41 33 27 44 44 43 43 38 44 43 34 42 7 42 20 9
21 48 6 42 45 45 26 45 45 18 45 12 34 43 43 20 26 46 43 46 45 48 12 14 47 45 47 39 38 9 44 39 47 25 24 45 45 3 46 26 43 29 45 21 42 44 23 10 44 1 47 45 40 22 20 12 43 43 46 39 46 8 43 9 14 44 43 44 43 0 48 15 8 44 27 1 15 43 43 45 8 43 8 43 44 31 50 43
51 48 20 43 27 45 44 45 45 3 35 40 44 43 43 7 47 46 43 14 45 26 3 17 47 45 4 22 26 43 31 4 16 42 27 45 30 45 46 44 43 29 45 8 42 34 46 25 44 44 47 45 47 44 49 32 43 4 46 25 37 24 34 42 43 24 43 44 43 44 4 44 5 17 28 44 23 43 43 45 44 24 46 43 31 28 50 43
51 48 45 43 45 45 3 45 45 47 14 42 30 43 10 41 39 46 43 46 45 24 48 35 47 26 6 20 46 43 2 4 37 22 46 45 15 45 46 44 1 46 45 48 42 44 46 0 44 44 15 43 47 4 7 23 43 43 46 24 35 25 9 27 43 44 43 44 43 8 48 44 45 12 45 3 34 38 34 45 11 16 36 43 35 42 18 43
51 40 25 43 45 45 7 45 45 16 45 42 0 43 18 29 47 43 43 12 45 42 4 48 47 12 47 44 46 43 44 44 3 28 2 18 45 45 40 4 43 17 29 48 12 5 14 42 44 16 47 37 47 26 30 41 37 20 46 48 46 43 13 12 26 44 43 20 42 4 48 3 46 7 45 44 19 43 43 35 44 43 46 43 18 42 50 43
51 48 45 13 45 5 42 12 45 4 41 42 27 43 40 26 38 0 43 33 45 28 30 42 47 17 47 44 46 17 42 44 6 18 46 33 17 24 33 44 36 46 45 48 42 44 19 38 44 0 26 45 11 11 49 45 15 43 22 28 46 43 43 32 43 44 35 44 43 44 42 44 43 44 45 25 7 0 26 14 44 13 46 16 32 16 28 43
5 9 1 5 8 45 44 9 45 47 45 42 44 43 43 47 33 46 43 46 39 48 41 5 13 29 12 44 46 43 23 33 47 35 3 4 43 45 46 11 43 18 25 48 30 44 46 42 44 44 47 35 18 34 9 7 19 10 46 48 8 25 43 1 43 44 43 25 7 4 48 13 7 34 45 44 44 43 28 39 44 43 46 29 29 42 11 43
16 40 3 6 14 45 44 9 1 15 34 42 4 43 43 47 16 1 43 46 45 48 4 14 47 25 47 35 46 15 44 27 47 42 34 4 45 45 46 44 43 0 45 4 42 44 5 40 44 44 47 45 47 44 49 45 0 43 46 48 46 21 36 15 0 44 43 44 26 44 38 44 46 36 45 29 44 31 43 0 33 26 46 43 44 42 48 43
22 48 45 11 41 45 44 45 32 45 0 34 44 33 43 47 47 46 36 46 0 48 13 48 31 22 20 44 46 43 24 3 47 5 46 4 44 45 19 0 43 24 45 48 42 15 22 42 44 44 47 4 33 44 49 26 10 43 40 48 46 24 43 42 43 44 43 44 4 16 22 11 11 27 18 43 44 2 42 45 31 43 13 10 44 31 50 43
43 48 45 43 21 15 44 45 41 5 45 42 44 13 22 29 47 32 43 36 8 48 48 48 28 45 47 44 46 43 10 44 47 42 23 2 45 45 46 24 43 31 45 48 19 22 46 42 44 44 47 5 47 44 38 19 40 0 46 48 6 43 10 42 29 44 43 44 43 44 48 44 46 44 45 44 23 43 43 45 44 14 15 0 14 42 25 43
51 2 45 43 45 45 29 45 45 47 45 42 44 6 18 11 47 9 43 18 45 13 4 17 47 45 47 26 45 43 44 44 44 42 20 45 35 26 46 44 23 20 40 48 42 30 46 42 44 44 47 45 47 44 10 45 29 32 46 48 46 42 43 10 11 22 19 44 24 44 13 33 46 18 11 12 44 43 35 15 44 43 46 43 44 18 40 43
51 48 45 43 45 45 44 30 45 47 45 42 44 40 43 47 47 46 43 46 38 35 48 48 31 34 12 10 36 33 44 44 47 27 3 45 45 45 45 44 43 46 25 41 42 44 46 42 44 9 47 45 47 27 49 45 0 43 46 48 8 43 1 31 43 35 14 39 43 44 48 8 35 44 20 44 23 43 23 45 4 21 20 38 33 42 50 43
51 48 45 29 41 37 37 40 0 47 45 42 40 43 41 23 47 46 43 10 38 48 48 48 47 45 47 31 41 43 28 44 47 2 46 45 45 31 41 44 31 38 30 48 6 44 37 42 37 44 47 45 47 44 44 13 43 32 10 48 46 1 43 30 16 44 43 4 43 21 41 44 22 13 45 17 16 43 43 45 44 43 14 2 8 12 50 34
30 4 28 30 45 45 2 45 10 47 45 18 44 39 12 32 47 46 6 46 45 43 48 48 47 24 47 22 46 15 23 44 47 31 46 16 35 45 46 44 4 44 27 8 42 5 30 42 39 38 47 19 11 44 45 45 43 43 46 0 46 42 43 42 0 32 43 21 13 44 19 33 46 44 18 44 15 43 34 29 5 43 22 43 42 42 10 39
49 42 45 43 45 45 11 45 45 31 8 15 25 43 43 10 47 19 35 46 45 48 48 48 47 33 29 44 12 43 0 44 47 42 21 27 45 23 46 44 43 46 1 48 42 12 46 42 44 44 13 9 47 44 4 35 43 25 15 1 7 43 43 12 7 38 27 11 43 17 48 16 46 44 45 18 44 43 25 36 44 38 22 10 44 25 50 43
19 48 28 43 12 45 42 45 45 16 6 42 44 43 43 2 38 46 17 46 42 0 5 48 23 6 47 44 46 41 26 44 9 42 46 45 45 45 46 11 43 46 11 40 42 44 21 0 44 44 47 45 30 44 49 45 7 43 46 38 40 38 43 42 28 38 43 44 43 36 48 28 46 44 41 44 44 43 34 45 44 43 8 43 44 42 14 43
51 47 45 43 45 22 44 45 45 14 7 24 2 43 43 47 20 46 11 1 45 34 19 48 47 31 47 44 46 43 33 44 7 42 46 33 30 45 46 43 14 22 2 48 38 2 46 7 44 44 37 45 25 44 49 45 43 43 46 25 46 0 1 42 43 44 13 44 42 44 39 8 46 28 45 18 44 38 43 45 41 43 46 43 44 19 50 43
46 14 45 39 45 45 44 45 45 47 45 42 29 43 43 47 47 46 27 21 45 48 40 48 16 40 47 2 4 30 44 44 47 42 27 9 45 45 30 17 43 19 41 48 6 25 46 42 24 44 46 36 47 44 33 45 43 43 46 48 46 27 2 42 43 33 43 37 43 44 32 33 31 44 45 10 44 3 43 7 44 43 29 43 44 27 50 43
51 31 45 6 45 45 44 7 10 47 34 36 44 21 3 47 47 46 43 46 45 48 48 48 36 45 47 44 46 43 44 22 14 42 46 38 45 4 46 44 43 46 38 48 42 44 46 36 35 44 33 45 41 44 45 45 43 19 21 21 15 43 43 27 43 35 43 44 43 44 48 44 7 44 10 19 44 40 43 18 44 33 46 20 44 42 36 43
16 40 7 42 7 45 29 45 45 47 45 4 16 43 43 47 47 26 43 46 16 48 48 27 11 45 47 2 17 34 44 14 30 42 5 45 7 28 46 44 43 28 45 48 42 38 46 42 44 44 46 17 19 31 49 45 41 3 46 48 46 35 43 36 43 33 43 44 36 44 48 14 10 32 45 44 22 43 15 39 44 43 16 43 31 10 44 41
19 48 45 43 45 45 44 45 45 44 45 42 22 32 43 15 47 46 43 46 45 29 48 48 47 45 47 44 46 16 44 44 47 22 46 45 7 45 46 44 43 36 45 48 6 5 11 11 11 27 26 45 47 44 14 45 2 43 46 21 15 1 10 42 43 29 43 7 15 22 20 17 46 4 8 37 30 28 12 2 44 20 20 19 36 42 50 8
22 48 45 22 3 45 32 8 16 44 45 34 44 43 43 47 44 2 43 8 45 48 48 1 27 10 9 44 46 14 20 44 22 41 28 45 34 45 22 9 34 5 45 48 42 25 7 17 44 11 47 45 47 44 49 39 43 38 46 48 46 43 43 1 43 26 32 44 43 44 34 44 46 44 45 44 3 43 43 45 16 21 46 34 15 5 44 43
51 12 39 30 45 45 44 37 24 15 6 22 44 5 43 47 47 46 23 46 45 48 39 36 47 45 15 14 19 16 28 32 47 42 46 9 32 5 6 28 43 46 25 48 42 44 46 21 3 17 26 45 16 44 26 14 43 36 16 48 38 20 43 42 5 19 36 44 43 44 27 44 43 44 41 4 3 43 24 14 44 18 23 5 4 42 22 19
51 48 23 13 0 45 44 25 24 47 33 39 44 43 43 47 24 46 43 46 45 13 48 48 47 45 47 44 23 43 23 11 27 42 32 14 45 45 46 44 25 46 45 48 42 24 46 42 44 44 47 10 47 44 49 21 43 43 46 46 46 43 29 21 22 28 18 9 3 44 38 44 46 3 7 44 44 43 43 45 19 43 46 43 44 42 36 43
51 4 45 8 45 34 44 45 45 24 45 33 35 36 43 47 19 19 43 15 45 48 47 43 13 27 47 44 46 43 44 36 47 23 46 45 45 45 46 44 41 46 20 22 42 43 16 42 17 44 45 9 47 44 14 24 1 43 46 45 46 17 43 4 43 3 1 34 1 44 27 27 46 44 45 44 44 43 4 30 41 43 46 43 11 42 45 43
51 48 43 43 45 18 44 20 44 1 10 42 44 16 43 47 47 46 39 37 24 4 9 4 24 45 45 44 46 43 4 6 46 26 2 38 20 45 46 44 43 32 6 30 42 44 23 42 16 44 45 45 47 44 9 29 43 16 28 48 37 43 31 42 43 44 19 44 43 44 48 4 46 44 45 44 17 14 43 23 31 43 46 14 44 28 50 19
1 48 19 43 45 42 31 45 41 47 10 1 30 43 4 6 8 12 21 2 45 21 3 48 47 35 47 31 37 29 41 44 47 7 26 45 45 12 12 44 34 46 45 48 23 44 40 42 44 44 7 45 7 10 28 12 17 43 45 12 46 43 33 42 43 32 20 22 4 44 22 44 46 3 4 44 44 35 43 45 44 43 34 20 40 42 50 43
51 48 2 43 45 2 44 45 45 35 45 42 27 43 31 4 47 43 43 1 0 48 48 48 3 45 17 8 20 17 30 44 35 42 33 43 45 45 15 44 42 16 45 48 42 9 18 42 36 34 47 43 28 44 49 19 43 43 46 6 32 6 43 42 8 31 24 8 29 44 48 4 46 44 45 32 44 11 3 25 9 43 46 43 44 42 1 43
51 14 45 43 44 45 44 10 45 22 45 42 26 43 5 1 12 1 43 3 12 48 48 48 47 45 47 44 46 43 44 37 47 20 46 42 24 11 46 44 3 42 44 48 42 44 46 42 44 1 47 45 47 27 49 45 43 43 20 48 46 43 43 42 1 44 43 30 43 10 16 44 46 44 9 18 38 8 32 45 32 23 46 20 0 42 50 43
37 48 24 43 45 45 44 45 26 32 4 13 34 0 43 12 41 43 28 46 3 38 48 43 36 14 47 44 46 43 14 44 9 34 7 45 8 45 2 44 33 15 45 48 18 7 25 42 44 44 4 45 1 11 49 35 43 43 46 40 44 43 3 42 43 44 43 17 3 44 2 44 32 44 17 44 1 17 29 45 44 35 46 43 44 42 50 43
11 17 40 43 45 43 21 6 21 47 36 1 40 43 32 21 47 38 10 46 42 48 48 38 47 45 5 8 37 43 10 19 47 42 46 12 45 45 46 44 43 3 3 26 42 44 46 42 6 44 40 45 47 8 49 39 43 43 37 23 46 43 38 42 43 27 43 44 13 44 48 39 46 44 15 43 33 43 6 45 44 36 33 1 20 42 50 37
51 48 45 43 45 10 36 45 45 47 45 3 44 20 13 47 47 46 43 38 27 48 4 48 27 45 47 44 46 43 44 44 47 42 37 45 45 45 46 44 43 42 22 48 42 30 36 42 27 28 47 0 2 44 49 19 43 12 46 48 24 3 43 42 21 44 19 44 43 15 48 12 20 44 42 44 44 10 43 45 26 43 19 25 11 42 46 43
51 48 45 23 14 45 44 3 14 22 45 1 0 43 35 47 41 36 43 46 45 39 48 48 47 25 47 44 19 43 44 44 47 42 46 45 37 45 14 38 43 27 42 48 42 21 46 42 44 44 30 45 47 6 33 45 43 15 46 2 39 5 12 42 4 16 43 13 0 7 48 6 21 28 45 44 44 43 7 25 8 43 46 23 20 42 49 43
51 48 6 43 26 39 6 45 7 39 45 42 44 43 43 8 20 12 43 27 22 48 48 15 47 29 47 33 16 43 37 4 47 42 26 35 45 45 46 44 43 46 41 2 11 44 3 2 44 2 47 45 47 8 25 45 36 31 46 14 8 43 32 42 2 44 43 44 43 44 8 44 15 9 11 42 1 43 43 45 10 9 46 43 44 42 50 43
1 48 31 5 45 45 44 26 45 47 45 42 25 43 43 47 47 46 43 30 32 48 48 48 47 6 47 44 46 10 44 44 47 3 39 13 41 45 25 34 8 9 45 26 42 15 46 42 18 12 47 37 6 28 14 39 15 43 1 19 17 28 43 42 25 23 4 44 43 44 17 36 23 44 21 38 44 22 43 45 44 43 46 37 44 42 50 20
51 48 45 43 45 45 44 45 16 47 45 42 44 43 43 47 47 46 43 46 45 48 48 48 28 13 0 44 23 43 44 44 24 20 38 10 1 9 46 44 43 46 20 14 42 0 46 42 31 44 47 42 47 21 49 0 43 43 44 29 46 8 31 42 5 5 35 39 2 31 48 44 46 37 24 18 32 21 26 26 34 15 46 43 44 42 19 1
51 34 30 43 15 45 44 38 19 14 13 42 44 14 43 8 4 5 41 25 45 48 45 16 47 45 47 44 5 5 5 44 47 39 46 45 11 26 46 44 43 46 21 12 42 11 46 3 29 44 47 45 14 44 16 45 26 1 0 30 46 43 43 11 43 44 43 37 40 44 8 28 46 44 45 44 44 26 42 45 33 43 16 43 7 27 23 27
51 4 20 43 45 45 36 45 45 47 38 42 44 43 43 43 47 46 33 46 45 48 48 48 47 35 30 37 46 43 44 8 19 11 46 45 26 45 21 22 43 1 28 48 38 21 46 30 14 31 47 45 47 4 49 35 43 43 46 48 46 43 43 2 39 3 43 44 27 16 12 44 46 44 45 20 35 41 42 4 20 21 30 43 0 4 50 43
19 48 17 6 45 2 44 45 45 47 23 42 44 43 43 17 47 7 43 20 45 48 48 21 15 24 0 44 6 43 44 31 47 42 23 45 45 2 1 44 43 46 13 48 42 44 46 42 28 44 47 45 47 44 15 6 43 43 30 48 11 43 41 18 43 8 18 5 26 41 40 44 46 44 45 39 24 20 43 45 44 43 34 43 33 42 50 22
41 15 45 12 45 45 11 45 45 47 32 42 44 43 18 4 38 46 43 46 45 46 48 48 47 45 32 44 46 40 44 44 41 15 23 45 45 45 30 44 15 46 45 21 38 30 27 14 44 24 47 37 47 44 35 45 43 43 46 48 46 41 15 42 24 16 43 44 12 44 13 15 46 44 45 44 44 43 24 12 44 43 46 27 44 25 50 34
51 30 45 40 45 45 44 45 30 15 7 42 0 1 20 47 33 46 25 46 25 18 48 24 47 45 47 42 11 28 44 44 47 42 34 45 29 17 46 44 43 46 9 48 42 44 10 42 23 44 31 45 47 44 42 36 43 41 46 48 46 20 43 42 36 1 43 44 43 43 48 44 46 31 45 44 44 4 43 45 23 40 33 12 21 42 50 43
13 37 45 43 32 15 44 45 45 47 18 42 44 33 43 47 46 46 43 46 35 48 42 27 47 45 27 44 46 26 44 13 11 38 25 40 35 45 26 27 43 46 45 23 42 44 46 42 44 44 0 45 0 44 49 45 43 10 46 25 46 3 43 32 43 4 43 44 40 44 37 44 19 3 36 44 44 43 43 45 10 43 46 43 32 42 50 23
29 15 45 4 45 26 7 45 45 37 45 42 44 24 43 15 43 23 9 46 45 48 48 48 47 45 47 44 12 25 44 29 18 40 6 45 45 21 46 40 43 19 37 48 33 17 23 15 37 2 47 16 2 44 49 15 43 2 46 48 46 43 12 33 43 29 12 7 43 44 48 44 1 17 24 27 44 35 43 40 34 42 28 43 44 42 24 43
36 6 18 43 38 45 44 45 31 47 45 42 44 18 43 47 27 46 43 46 45 34 48 48 47 31 47 44 46 43 44 15 47 22 46 22 45 45 46 43 28 46 45 7 1 9 40 42 44 12 12 40 47 33 37 45 4 43 46 38 13 0 43 42 40 44 1 44 43 2 38 44 27 44 45 32 22 43 43 45 44 43 15 43 44 42 35 20
34 48 45 30 40 19 44 45 45 47 12 31 44 25 11 23 27 0 16 46 14 48 11 48 13 45 41 44 21 4 44 44 47 30 46 39 16 45 17 44 43 46 45 48 40 17 46 28 23 18 23 12 47 44 39 29 12 22 31 27 11 43 16 28 43 44 0 32 7 44 9 44 15 14 45 44 44 40 43 0 9 1 23 40 34 42 6 37
3 30 35 43 4 41 36 37 45 47 22 42 44 43 9 47 27 46 9 46 18 48 48 24 32 45 47 37 46 0 9 34 47 42 42 45 5 45 35 30 1 46 45 16 29 44 46 42 2 44 47 45 47 44 15 45 43 19 17 38 23 37 43 42 43 33 43 44 43 20 48 11 46 24 45 44 6 43 11 23 29 43 9 17 44 42 50 43
51 48 45 43 45 33 41 34 45 47 19 42 44 43 38 47 47 46 42 23 28 48 13 48 0 5 37 44 20 43 44 5 47 42 46 1 45 6 46 44 23 46 45 48 42 44 15 36 19 10 47 45 47 34 28 43 43 43 46 46 6 0 13 42 43 31 43 44 43 44 12 35 19 27 45 44 36 15 2 45 44 39 30 43 44 32 0 31
51 15 35 43 39 24 44 45 24 47 45 42 5 6 43 31 30 23 43 7 45 48 33 9 29 18 47 1 46 43 44 44 2 17 46 41 45 45 20 44 43 44 45 48 42 44 46 12 44 2 12 9 47 39 49 37 43 11 46 23 40 43 9 42 16 44 32 18 43 44 48 44 44 32 19 43 15 24 43 42 44 43 26 43 44 42 41 18
51 48 45 9 44 9 44 8 45 47 34 7 14 5 43 47 24 46 43 46 45 48 25 29 36 45 47 44 24 43 5 44 47 37 1 1 24 45 35 14 43 44 45 48 33 44 46 42 44 44 34 45 47 44 49 13 43 15 46 48 17 43 41 14 43 44 27 44 2 44 22 44 46 44 45 44 44 36 43 45 40 43 46 13 33 42 16 43
14 48 45 10 45 15 44 4 45 47 45 0 44 43 43 12 47 46 43 46 6 4 48 5 21 39 47 44 46 42 16 44 28 9 28 45 36 45 46 44 43 46 45 48 42 44 46 42 2 1 47 45 47 44 11 2 25 36 30 37 46 43 43 42 43 15 0 44 36 44 48 44 46 44 26 39 44 43 43 45 23 43 46 43 44 17 45 43
51 11 45 43 41 45 23 27 26 15 5 42 44 7 7 47 8 31 15 46 16 48 48 48 47 11 22 44 46 43 44 44 18 42 46 45 28 45 46 44 43 14 13 36 10 44 14 19 44 44 24 22 13 33 31 20 39 43 46 23 46 27 21 42 5 44 14 44 43 31 18 38 19 16 12 29 44 26 39 45 44 24 12 35 44 42 26 43
51 37 45 43 17 20 44 45 30 47 45 42 35 43 43 47 47 46 19 35 45 48 48 48 45 4 19 33 39 43 44 44 4 37 11 19 45 45 0 44 16 1 45 19 21 44 46 42 9 43 47 45 30 17 49 45 43 29 46 48 46 43 43 42 0 44 26 9 29 16 48 44 46 32 45 44 44 43 43 3 35 43 46 43 44 42 34 43
45 40 30 43 45 45 44 43 0 47 45 42 44 43 43 47 47 14 43 23 45 48 48 48 1 45 45 44 46 20 44 44 47 42 35 45 18 45 40 10 38 46 45 48 42 44 46 42 16 44 23 45 47 44 42 25 37 36 5 5 46 43 43 23 43 36 43 44 43 44 42 44 46 34 45 44 44 36 43 5 44 43 46 43 5 42 40 43
51 14 45 29 0 26 44 45 45 38 45 42 14 43 43 47 47 26 23 46 24 48 48 39 47 24 47 44 46 43 44 20 47 1 46 45 45 26 46 44 43 5 45 48 0 12 18 30 44 23 47 29 47 44 3 7 43 40 10 48 46 9 27 42 43 31 43 34 43 21 36 44 46 32 45 23 44 43 38 25 44 6 46 28 31 42 5 34
51 48 30 8 26 45 44 5 45 42 45 11 44 37 40 13 47 46 24 46 45 48 48 3 47 20 47 36 46 38 44 44 47 42 3 40 37 45 12 28 32 7 45 48 20 44 46 15 39 12 47 25 12 44 49 45 43 43 46 26 5 30 43 37 43 0 43 44 31 44 48 44 27 44 21 31 44 35 7 23 38 42 46 14 44 10 35 43
51 48 33 1 45 0 26 3 45 2 45 42 44 36 17 21 47 45 5 33 45 35 1 37 47 45 47 2 12 36 19 6 14 42 46 45 9 45 46 9 2 46 45 24 42 39 6 42 44 27 6 45 23 44 35 15 43 2 46 34 46 43 9 42 39 23 43 38 35 18 48 32 45 44 45 44 44 43 43 29 17 43 46 43 14 42 31 43
51 48 19 43 0 45 42 17 45 35 45 42 41 16 43 47 37 18 43 19 45 48 48 0 47 45 47 34 46 20 39 26 8 34 30 12 11 37 22 44 43 36 45 42 42 4 46 14 18 6 30 45 7 44 40 3 43 12 46 48 28 10 43 37 14 44 43 44 43 1 48 0 46 44 45 40 44 29 43 28 44 43 46 30 37 42 50 43
30 48 23 40 45 45 44 45 45 47 15 42 35 15 24 47 47 41 43 46 45 48 2 22 14 45 22 8 46 43 7 20 47 1 46 9 23 18 23 44 43 46 45 15 20 44 46 30 44 44 47 9 47 34 49 30 43 1 25 18 46 14 43 33 24 44 13 19 43 44 15 36 46 44 45 4 44 43 3 45 44 43 46 42 33 42 29 43
25 48 45 17 45 31 17 45 45 13 34 28 5 43 16 21 38 46 14 46 45 48 26 48 47 45 19 43 46 4 44 44 47 42 35 40 45 4 46 44 4 46 42 48 5 32 22 37 13 28 47 45 47 44 49 14 6 13 27 48 46 1 20 16 43 44 43 44 43 44 48 23 46 14 45 44 44 43 16 44 44 30 42 22 44 12 23 43
51 25 45 8 11 45 15 15 45 11 45 42 32 43 11 47 47 20 3 20 24 48 48 48 2 4 34 25 46 43 10 1 19 1 46 13 45 45 46 44 43 46 19 48 1 11 46 42 41 26 40 45 47 18 30 45 24 35 34 19 46 43 43 41 43 44 23 23 43 44 35 25 46 44 45 44 25 43 43 17 44 43 46 26 44 42 50 43
51 46 11 34 20 45 44 22 39 0 45 42 44 43 43 47 8 46 43 26 45 48 28 48 1 30 47 44 4 43 44 44 39 6 9 45 45 45 46 44 19 14 45 48 42 44 46 42 44 28 47 39 47 44 26 39 43 43 43 44 46 38 43 13 43 44 39 28 43 18 45 0 41 35 0 44 44 43 43 33 41 43 46 43 44 42 34 43
51 48 45 43 45 14 11 45 45 47 7 31 44 7 43 47 47 15 43 38 45 4 4 48 47 45 20 35 46 43 28 11 35 42 46 40 6 33 37 44 9 46 44 41 42 44 46 4 44 44 47 1 47 28 49 32 8 24 39 47 45 0 30 24 43 44 43 22 31 44 48 9 37 44 45 44 34 30 43 27 12 43 46 3 44 42 50 43
51 29 4 43 15 32 44 30 45 47 45 42 44 9 43 47 47 46 43 46 20 48 48 1 46 45 47 44 46 4 38 44 47 42 43 45 45 45 30 44 29 25 45 48 27 44 23 32 8 44 9 19 42 44 49 45 43 43 46 48 0 27 1 42 43 44 43 44 28 33 11 43 45 35 45 43 38 43 13 45 44 43 42 43 31 17 34 36
24 45 45 43 9 45 44 19 30 47 45 27 44 43 8 47 47 5 18 46 45 48 20 38 47 45 47 16 46 43 6 44 5 42 46 45 45 45 46 5 43 46 45 9 36 44 46 42 44 0 47 45 47 19 49 19 32 8 24 27 1 43 43 31 43 44 30 44 43 44 48 44 46 32 4 44 17 37 22 45 44 29 46 43 6 21 50 43
51 28 5 43 45 26 44 45 42 47 4 37 44 19 43 47 40 42 43 15 2 48 6 48 37 45 47 5 23 43 44 15 47 41 4 45 37 45 20 11 43 41 14 48 42 44 46 42 3 44 2 45 47 44 49 4 43 43 46 31 46 42 43 37 43 44 43 44 14 44 12 44 46 44 45 44 44 43 23 23 44 41 9 43 43 33 50 43
14 6 29 24 45 1 44 22 45 8 45 42 12 43 38 47 42 26 36 46 45 15 48 48 47 40 47 44 46 43 39 27 47 41 3 45 19 11 8 44 43 14 45 48 42 44 15 32 44 31 36 45 47 5 6 39 43 33 46 24 46 43 43 42 43 37 6 32 43 5 10 22 39 44 45 4 20 32 43 45 44 43 44 43 41 42 50 40
51 24 45 43 45 45 44 34 21 47 26 36 27 43 43 47 44 46 32 46 45 48 48 48 20 45 26 44 46 43 6 44 47 42 46 24 45 45 25 17 34 46 45 24 42 21 20 42 6 44 47 45 47 1 49 31 43 43 7 48 16 43 43 7 43 44 43 44 35 25 26 44 46 44 45 21 44 43 21 12 44 43 46 43 44 42 39 19
41 9 45 43 41 45 10 45 21 47 45 42 6 4 33 22 47 46 43 46 45 14 41 45 47 45 47 24 46 7 44 18 47 10 33 3 16 2 19 8 6 28 4 27 42 44 46 27 44 44 47 45 6 44 49 45 43 33 41 37 43 40 7 42 10 44 42 44 43 31 48 44 37 44 45 44 44 43 43 45 42 43 40 15 44 7 50 43
51 11 3 43 17 31 44 45 39 23 30 42 13 11 43 5 47 20 43 30 45 23 15 25 47 45 5 26 46 43 44 44 47 9 41 45 37 3 28 42 43 46 45 48 42 44 46 42 7 44 47 45 20 44 32 45 43 24 46 2 19 43 43 8 33 44 20 44 43 44 48 44 46 44 45 15 3 19 9 45 44 43 46 39 44 42 13 43
51 48 45 43 45 4 32 45 20 46 17 34 44 43 43 47 18 8 43 46 31 4 48 48 35 45 47 19 46 34 44 4 23 42 18 18 27 45 46 44 43 7 33 46 12 25 46 39 44 12 1 45 4 44 49 45 42 39 46 48 36 43 43 1 43 15 43 44 43 37 44 44 4 44 45 44 44 43 3 45 15 7 46 43 9 35 48 25
9 48 45 43 17 3 6 45 39 40 42 42 44 43 43 47 47 46 43 39 45 13 42 48 16 37 47 7 46 43 44 44 47 42 46 10 31 45 46 44 43 46 19 30 42 44 24 42 44 21 47 20 18 44 49 45 43 16 18 35 46 43 18 27 43 30 43 39 1 19 32 15 1 29 45 44 44 43 39 45 21 43 35 28 20 42 28 19
37 46 35 43 18 36 44 12 45 47 10 42 44 43 28 47 47 46 33 46 45 48 48 17 45 45 43 44 37 39 11 41 47 42 27 42 45 45 46 44 43 46 13 48 42 14 46 42 39 18 12 31 4 44 13 18 43 43 7 20 37 43 39 42 38 44 34 44 43 44 48 4 46 44 45 44 20 40 39 45 31 43 36 33 44 34 43 43
51 7 44 43 45 45 43 45 10 38 29 42 44 24 33 47 16 46 39 46 45 48 21 48 35 29 28 31 13 31 44 40 47 42 38 45 45 45 13 44 14 46 45 48 18 44 46 42 28 44 32 45 47 37 23 27 40 43 16 48 46 43 43 42 0 2 27 44 12 0 48 44 46 33 45 4 42 43 12 45 9 43 46 43 44 42 50 8
36 36 45 36 6 23 20 45 45 47 45 42 11 43 43 47 30 46 43 46 45 41 48 36 32 28 31 44 36 43 44 18 47 25 12 30 32 41 46 35 43 46 13 48 7 9 46 42 15 3 15 45 47 44 49 45 43 43 46 48 46 0 43 42 10 35 19 44 10 44 48 14 26 44 42 44 38 8 43 45 4 28 46 43 34 42 50 43
51 26 45 5 38 15 44 45 43 47 45 42 44 19 17 47 15 12 21 46 26 48 16 48 24 2 19 44 46 11 44 44 47 29 10 41 45 45 46 44 20 39 45 48 42 44 23 42 15 44 12 45 47 44 49 1 12 25 17 48 2 5 43 29 12 44 1 43 43 44 28 18 38 44 10 44 38 43 43 45 44 12 9 43 1 31 50 43
51 48 8 43 45 45 42 39 45 41 45 42 44 43 0 47 24 46 43 16 37 48 48 48 47 1 30 20 46 23 44 32 17 28 46 7 10 45 46 7 4 46 45 44 42 44 46 12 4 44 47 4 47 17 9 38 43 9 46 40 46 24 12 42 43 44 18 25 40 35 48 44 45 44 1 44 44 20 43 45 44 21 32 43 21 38 50 43
51 17 44 0 4 45 27 45 26 46 45 38 44 39 3 47 10 46 43 46 5 48 48 48 47 20 47 21 46 43 41 24 46 42 35 13 45 45 17 44 25 46 45 48 8 35 35 6 44 44 47 30 47 44 49 45 43 43 45 48 46 43 18 2 41 2 43 44 27 33 48 44 46 32 45 44 37 43 43 45 44 11 14 14 44 40 50 43
51 48 21 43 45 45 44 45 45 47 45 42 41 38 43 47 45 46 43 46 45 9 48 16 37 45 34 44 46 43 20 44 47 0 46 12 12 44 9 31 43 4 44 42 42 44 5 42 27 44 47 45 10 44 49 5 43 3 46 48 46 42 43 29 43 44 43 34 43 44 26 14 46 44 45 39 35 43 43 45 44 14 19 43 44 28 50 43
25 29 24 16 45 45 44 45 45 15 45 19 15 43 43 31 47 31 0 34 45 48 48 48 10 33 47 10 4 43 35 0 4 4 46 45 45 38 25 4 43 22 29 42 29 7 4 42 44 44 47 21 47 25 36 32 43 1 18 10 44 43 43 32 43 32 43 11 41 18 48 28 20 44 22 4 16 31 43 27 44 43 35 43 44 42 50 11
51 48 35 43 45 4 44 7 8 47 10 42 38 43 27 43 47 46 35 46 11 25 48 48 1 11 36 44 46 39 44 19 47 42 21 45 45 45 46 44 39 46 0 48 42 44 20 42 5 44 42 45 22 21 2 26 41 43 6 4 46 43 19 42 43 44 43 13 29 40 24 43 46 44 45 11 40 27 27 45 44 43 46 11 44 21 33 10
26 48 45 35 17 45 44 45 6 47 45 22 44 43 43 6 47 46 43 46 45 48 20 48 40 9 47 44 42 43 21 44 39 30 27 45 24 9 46 44 7 3 45 15 42 11 37 18 44 44 39 45 47 44 31 37 35 43 19 48 23 33 43 42 2 28 9 27 29 44 48 44 46 44 29 10 44 14 8 45 44 43 46 43 42 42 50 43
