100
5 1
3 2
8 2
50 3
100 10
1 1
1000000000 100
900000001 3
900000002 3
900000003 3
900000004 3
900000005 3
900000006 3
900000007 3
900000008 3
900000009 3
900000010 3
900000001 4
900000002 4
900000003 4
900000004 4
900000005 4
900000006 4
900000007 4
900000008 4
900000009 4
900000010 4
846930819 84
957747794 16
649760407 87
25202363 22
102520060 91
365180535 27
303455737 73
294702519 69
861021531 83
145174068 24
801979795 30
369133019 59
89018457 94
131176187 43
914544920 22
734575199 38
38664371 16
412776092 27
749241874 57
982906997 71
84420926 6
572660337 28
632621730 47
141616106 58
1100546 83
610515435 68
760313751 44
945117277 9
709393499 89
752392755 52
264095061 33
943947740 69
749698571 27
36140796 40
975960379 35
376710098 2
603570493 18
959997302 57
593209407 87
364228445 90
270744725 41
114738098 18
822890634 82
631704568 28
524872259 98
269455307 66
600028625 20
112805733 72
515530019 4
409959709 69
631518131 41
117142619 24
439493452 47
231192380 56
338888229 65
911165194 51
116087759 35
8936988 15
387346492 44
960709860 66
186452552 33
476153276 29
626276122 75
239036030 96
350573794 36
789366119 29
784639530 29
939964444 5
67854539 14
909002905 41
532670669 29
504569908 18
496987737 25
