0.9999 40
69542792 18379097
69541195 18381681
69537014 18388446
69526068 18406157
69497411 18452525
69422386 18573918
69225968 18891729
68711739 19723769
67365470 21902078
63840892 27604965
54613427 42535317
39683075 66693134
33980188 75920599
31801879 79445177
30969839 80791446
30652028 81305675
30530635 81502093
30484267 81577118
30466556 81605775
30459791 81616721
30457207 81620902
30458804 81618318
30462985 81611553
30473931 81593842
30502588 81547474
30577613 81426081
30774031 81108270
31288260 80276230
32634529 78097921
36159107 72395034
45386572 57464682
60316924 33306865
66019811 24079400
68198120 20554822
69030160 19208553
69347971 18694324
69469364 18497906
69515732 18422881
69533443 18394224
69540208 18383278
