0.9999999 60
69544074 18377024
69544061 18377045
69544027 18377100
69543938 18377244
69543705 18377621
69543095 18378608
69541498 18381192
69537317 18387957
69526371 18405668
69497714 18452036
69422689 18573429
69226271 18891240
68712042 19723280
67365773 21901589
63841195 27604476
54613730 42534828
39683378 66692645
33980491 75920110
31802182 79444688
30970142 80790957
30652331 81305186
30530938 81501604
30484570 81576629
30466859 81605286
30460094 81616232
30457510 81620413
30456523 81622010
30456146 81622620
30456002 81622853
30455947 81622942
30455926 81622976
30455939 81622955
30455973 81622900
30456062 81622756
30456295 81622379
30456905 81621392
30458502 81618808
30462683 81612043
30473629 81594332
30502286 81547964
30577311 81426571
30773729 81108760
31287958 80276720
32634227 78098411
36158805 72395524
45386270 57465172
60316622 33307355
66019509 24079890
68197818 20555312
69029858 19209043
69347669 18694814
69469062 18498396
69515430 18423371
69533141 18394714
69539906 18383768
69542490 18379587
69543477 18377990
69543854 18377380
69543998 18377147
69544053 18377058
