100
33
16
50
101
1
2
3
4
4404
3209
25901
13578
19209
32627
10606
5764
3104
15079
27949
4668
18523
27468
21249
2297
17337
20913
12427
28521
32637
3173
1206
31580
653
19905
9020
12592
280
30025
14701
25996
999989894
999983885
999995861
999998127
999996827
999968058
999987911
999982131
999996359
999996249
999982154
999973581
999991883
999996815
999968284
999974584
999981614
999977916
999995345
999994273
763543034
327993840
188667726
946115058
369617399
448785066
266765733
7583436
882809129
15703590
933457286
502090292
852025367
124779259
734756749
66585176
13215450
170640779
311064122
85141230
80774549
550847441
284982193
958873189
635168921
862392221
812581591
448680959
864731633
463433683
118031737
985349983
947704063
296898929
618076817
253598753
533303843
65944393
572298833
849521219
