2146636995
2142048580
2141619357
2140248952
2139735631
2135206764
2129297303
2123143919
2122489012
2121727180
2121266361
2113914162
2107401931
2106967498
2103461865
2100014719
2095563338
2092120283
2090456318
2087708179
2084574268
2084114948
2083370628
2081130322
2077758473
2076669179
2073025751
2072716729
2070796627
2066544839
2063006151
2059215232
2057990386
2054501836
2043678865
2037506939
2037313785
2035995646
2034866889
2029345569
2027870921
2022764698
2017882977
2011521719
2008996888
2008559238
2003869271
2002274810
1997624205
1989610982
1977914508
1976539623
1973066716
1971831100
1971456709
1971167049
1969723858
1966949916
1966902267
1963173580
1962757113
1957464498
1957402090
1957079000
1955937739
1947510065
1946953631
1946750847
1938699277
1935706919
1929045066
1926360181
1923640220
1916358138
1910730598
1910346078
1910027923
1906909738
1904073925
1901581078
1901210767
1899560950
1895574933
1893337267
1882364202
1882258216
1875754496
1869343223
1868564375
1867055858
1864091770
1862274133
1861640718
1860565594
1855534793
1850039124
1848355381
1848273605
1840632259
1839511351
1834465938
1829653330
1829379367
1827967905
1826803303
1819565238
1817803864
1815524002
1813086269
1810938493
1806869768
1805257850
1802558720
1802216063
1801343881
1800743371
1793647417
1791233545
1788703411
1783813134
1782375955
1782162074
1773442101
1770194009
1769191152
1765465772
1763121424
1757511816
1755322908
1750122485
1748107991
1735905240
1729647373
1728908095
1723063020
1721414522
1718954009
1717770230
1712383462
1711350242
1700468874
1692411326
1689104635
1685553591
1683694715
1679151323
1678087539
1675689359
1671898228
1662939393
1648349882
1648255371
1646781017
1643843731
1641716322
1638354398
1637187107
1634650124
1630999432
1630627178
1628230702
1618330680
1616315785
1615412667
1611010060
1608381789
1607234456
1606035854
1598178653
1591166839
1588048008
1586002993
1576417536
1568725341
1560253979
1550565022
1549536358
1543538713
1539611842
1539436779
1539290325
1527062255
1524046158
1522492490
1513189875
1507739793
1506447560
1504484489
1504442869
1498141637
1492913514
1491023610
1489409614
1483041148
1481226305
1479295265
1478539140
1465998721
1461911842
1459671198
1455841272
1455339459
1454995087
1454267672
1453305568
1443911554
1442321169
1441980231
1433377601
1432709259
1424544074
1422671336
1421677610
1421569569
1421398404
1414024985
1410605603
1407462007
1396049887
1394104005
1393387214
1390237731
1390219826
1386318401
1381688222
1381513414
1375666741
1364532174
1362576160
1358462259
1355132559
1353583296
1346958034
1345799931
1340389691
1338006713
1333870163
1332646093
1329434442
1319585190
1317913070
1311794179
1307736263
1307077226
1295763667
1293619813
1288953031
1288561702
1272425957
1266355720
1264160676
1262578937
1254100509
1253216953
1238344315
1229814472
1214509905
1208354172
1205319334
1202914780
1196429736
1175279972
1174772895
1168501750
1148120138
1139237703
1138948763
1136947189
1123447711
1123355515
1122554097
1106533260
1103580465
1103477713
1091646984
1089450356
1088334566
1084750630
1078881301
1074766977
1068101131
1053450124
1040841269
1037088494
1036669355
1029695324
1022765460
1019677609
1016046843
983885054
981498829
980216048
975945381
962284385
960071477
951572796
934999875
910118174
899005535
896527034
893412718
890068288
883226231
879410008
866280902
866276960
853313352
852878585
843738787
840957661
828793607
823165744
822579594
819628408
815508588
810027024
808474877
806289666
803652296
793284034
770085305
768982945
751103669
739485508
738286380
733058821
725495462
712714421
711498133
709965859
700351981
689206982
684784361
674820848
663686418
662183884
658897867
646642662
641911069
640972170
640714102
635702788
633809539
626660351
623988261
617699307
602039853
588362197
583757117
577852586
572362376
553806741
547643008
534343587
533815031
517311237
511092357
510232392
510131057
504658657
499554857
485851597
469107679
458173818
444209674
432641468
428958540
413956350
409260368
404641826
404228717
402746385
397029397
394855880
393136303
392709089
381358079
379727221
378172659
376564758
374097387
365298142
354328777
349840989
341390721
337377792
312086736
308921257
302029333
291305772
281762259
280580183
280224165
279315746
276876785
275697777
270982368
258303359
252833060
228199575
219713568
217519646
216875324
210920239
204530934
204007661
199940789
191769907
190537661
146407852
125942175
117179840
104306728
98307742
81014504
60573147
19108279
2751264
2122315002
2080359528
2071105564
2069301365
2053403080
2023932445
2023879338
1989915322
1978181006
1969799739
1942391354
1928706975
1888352361
1886511851
1828142824
1815098066
1803573815
1801809693
1798445050
1797393728
1789344936
1768857372
1735821296
1731323275
1724035816
1690052005
1684286828
1677023437
1621581449
1601485543
1571926001
1567607240
1563007128
1553841035
1536886306
1520566511
1495041274
1489626198
1456838167
1452333674
1442826565
1439359888
1419572708
1411255829
1403525773
1332026370
1297516655
1268626615
1259733611
1228914828
1169343084
1160150795
1150008442
1148331305
1130539575
1122193372
1120954437
1082568238
1055805957
1042785401
1010469584
1002226356
898862966
882379636
831947146
826516242
826056726
801229167
774807428
756424920
742491370
741512318
738453438
736013167
726495096
720765226
711878107
709878183
694901680
682597016
668131755
659460598
650805556
648035733
632540125
631741847
624014714
587396611
578575003
576732489
565423783
549303068
535884923
470342272
401529151
381019215
380539339
352520967
349302199
294989647
242787106
229698084
225301608
217816173
209600983
199611429
169554678
109211228
80237350
62165698
55266979
364461
2137760722
2062784209
1533959808
1465767886
1330920105
1199035118
957063123
780272029
510197648
431406019
254921023
189067346
69541410
2136059536
1893278191
1862937242
1817855839
1672763441
1565152560
1513179403
1513048637
1495013419
1475665731
1469875534
1421018411
1403107840
1397946492
1390156617
1335320436
1290942508
1280694648
1222784894
1172577542
1153275926
1091636588
1084780642
1071226352
1058885518
982627170
959130480
918276801
866030749
849535001
787249147
774874208
634261874
633311424
477521322
472364831
428798369
407988086
338237019
321970712
318256521
289128639
195714954
159344149
158289708
137089029
104339705
1994679897
1933712520
1932063216
1594319210
1489333054
1397024828
1275698903
1264760829
1098878865
1078254697
1053204192
893205544
885490288
830143456
816588737
748847303
640384463
627029928
624547927
614025662
478713005
430133653
371254767
342299009
332442704
160771884
143907073
132369538
54271510
1528738539
1436713655
1031586553
612181824
593136744
555450619
301612333
120062924
80456914
27842635
18905793
1986268113
1865948595
1752959036
1573213222
1380274308
1228451773
1188851040
1162752886
1082102920
967451255
957295104
901070897
886364153
771485404
692308779
671419311
615502202
561809354
375169277
362891969
242531390
184055050
125823708
18175715
1977478068
1920906772
1639752300
1420913857
1322009565
1300589835
878732799
805216264
671533398
655969707
641649027
551168732
266014938
216964933
215036851
94170724
10122167
2072144787
1722850505
1390779957
1317792014
1195286436
860663158
823668376
761937150
490524531
433089877
426590457
366172325
247830892
220424854
2109644245
1715456651
1360404134
1173847067
1150264142
972478748
909190673
833436584
564775133
557113678
549524106
478258616
475019262
429287172
358673121
294556422
214338013
98546064
1467797
2091605826
1805598166
1537412535
1438479805
1266427891
1260315736
1209267135
834042436
813279061
607370640
538075666
535776256
231425180
61882381
1600612609
1098467343
1050327406
684439348
386151648
373222203
362078105
351142813
293027727
43062109
1426989072
1418478069
1065913630
1055744221
542004345
407839701
1720695513
1666762443
1658169134
1503269230
1372462571
920213524
833814043
767784254
428238843
389254089
328837939
286413826
1769460886
956826151
691947436
446019435
345606127
274757947
145588181
1959958969
1047071893
853554631
762965283
692842713
631469975
559546697
539750963
832267270
654119134
569651754
441416287
30230382
1436534421
1242436082
1225436191
479398266
116097197
1210335714
895012617
828662260
232002539
98724817
83284854
1822881991
106591302
1275670879
614379725
569539379
413417205
288590708
388986292
330075502
152934631
2040872101
1628603039
1510618918
1307925140
1289662761
1227866312
496412935
42395120
1422397503
771187383
1497218520
1057048840
997028032
360535482
43449797
1768466295
828317707
84623112
890008274
939984767
220074137
175956423
116555133
329831872
193826240
75846985
1264462225
895018711
591447366
1213354515
802280091
47057586
560808714
84706461
587542678
541163107
1857232947
469888624
1548943872
604566196
579771513
108127336
1561583167
1018758379
2037303846
1185678544
799866279
679428301
217449493
5879808
65633955
1626050471
244863297
476198288
366859338
1811980289
195196700
1051358796
471182793
320285359
197451573
336998968
1816261104
244840092
474368938
453957646
1736156179
403588823
998704356
985898135
66557398
69377429
273478530
232152711
193451068
