2147333723
2147107001
2147090671
2146811353
2146755776
2146583643
2146170648
2145596440
2145496705
2145184522
2145177059
2145120625
2145116623
2144922132
2144777395
2144771102
2144737802
2144714616
2144403927
2144187664
2142732179
2142640339
2142511596
2142509109
2142504973
2142451651
2142184188
2141525274
2141508176
2140644219
2140525566
2140458376
2140375287
2140336315
2139698777
2139393330
2139298896
2139040002
2138941087
2138825942
2138793685
2138517720
2137698583
2137450626
2137390164
2137349168
2137274286
2137003042
2136811407
2136694129
2136508665
2136272862
2135816517
2135367089
2135154883
2134963871
2134532512
2134495559
2134486950
2134380903
2133776151
2133744586
2133706887
2133689636
2133574862
2133517593
2133318649
2133307712
2132852560
2132817353
2132730363
2132102349
2131975765
2131791302
2131354833
2131232357
2131149863
2131126259
2130951423
2130575030
2130526949
2130443926
2130040889
2129991670
2129983913
2129945108
2129848116
2129535657
2129453491
2128834275
2128767289
2128108292
2128096487
2128022227
2127981889
2127923856
2127922380
2127892093
2127782065
2127581253
2127324434
2126872294
2126491730
2126368361
2126271463
2125804216
2125623299
2125452232
2125348134
2125084027
2124882998
2124402424
2124394106
2124352178
2124309119
2123877153
2123781869
2123693245
2123561178
2122526718
2122431519
2122399998
2122154428
2122035443
2122022021
2121644757
2121475855
2121066302
2120722363
2120506545
2120085698
2120051526
2120030350
2119906503
2119409678
2119386817
2119298016
2119248219
2118732498
2118634638
2118200412
2117885682
2117587383
2117470565
2116882614
2116838042
2116756002
2116154266
2116113509
2115691946
2115546949
2115333825
2115228164
2115162277
2114697084
2114426842
2114254798
2113621587
2113565932
2113553005
2113275443
2113082744
2112810215
2112026976
2111887905
2111829809
2111819512
2111805261
2111778823
2111244475
2111187293
2110882865
2110643079
2110601728
2110262508
2110252874
2110143681
2110067698
2110039049
2109738503
2109545732
2109299512
2109208227
2109008152
2109001443
2108616071
2108411553
2108350855
2107910287
2107882792
2107486096
2106957363
2106612032
2106527695
2106289245
2105924955
2105875245
2105865032
2105778238
2105698086
2105553308
2105392415
2105222278
2105180312
2105169004
2105016879
2104668870
2104477017
2104009125
2103873108
2103444392
2103351004
2103132358
2102939458
2102557383
2102397884
2102258106
2101858484
2101840311
2101752684
2101747598
2101363887
2101299936
2100962902
2100818007
2100543964
2100541814
2100406197
2100388970
2099825975
2099761277
2099373012
2099239229
2098983941
2098947434
2098741643
2098069927
2098056315
2097366541
2097032111
2096561395
2096161647
2096120432
2096013400
2095847211
2095623350
2095621039
2095366282
2095171137
2095151353
2095086933
2095075000
2094950451
2094805010
2094793088
2094580759
2094448619
2094313555
2094239763
2094141368
2094044151
2093832840
2093691292
2093678517
2093103576
2092931776
2092236359
2091936449
2091474809
2091474357
2091395829
2091185660
2091164251
2091163863
2091101326
2090923063
2090731614
2090251102
2089875635
2089703387
2089413690
2089334238
2089216911
2088560748
2088492055
2087791036
2087268022
2087060612
2086468727
2086407746
2086085176
2085744956
2085692498
2085668354
2085409186
2085405384
2085404125
2085148559
2084786801
2084731228
2084698780
2084695406
2084104060
2084050481
2083362085
2083324111
2082714066
2082485557
2082271366
2082168488
2082052903
2081909258
2081569392
2081477125
2081068266
2081022201
2080988357
2080652550
2080615046
2080164496
2080116449
2080092042
2080064497
2079936309
2078594694
2078276122
2078269240
2078248747
2078238233
2078210170
2078031695
2078004638
2077931513
2077752955
2077714718
2077695468
2077662576
2077577278
2077394786
2077294779
2076750369
2076651400
2076422292
2076320019
2075531308
2075276766
2075182423
2075150936
2074895311
2074875667
2074847294
2074687369
2074410183
2074298556
2073653301
2073516055
2073347979
2072511373
2072438239
2072302035
2072212521
2072117537
2072102647
2071299286
2071268552
2071093912
2070955104
2070634923
2070541397
2070326540
2070216591
2070175965
2070038062
2069959397
2069809654
2068904854
2068864179
2068649060
2068361382
2068054126
2067465128
2067406356
2067009691
2066771869
2066439036
2066071982
2066031918
2065999928
2065716211
2064232506
2064138215
2064128595
2063607552
2063505114
2062853619
2062670023
2062457369
2062430202
2061783270
2061751308
2061641546
2061448489
2061431846
2061338611
2060938993
2060619479
2060477550
2060450261
2060024958
2059984685
2059967304
2059866213
2059844292
2059558704
2059098739
2059021986
2058587606
2058542123
2058479164
2058399269
2057906430
2057734426
2057380686
2057232303
2056826085
2056820524
2056734673
2056722620
2056517303
2056363303
2055872199
2055660043
2055566460
2055553400
2055357857
2055122226
2054828852
2054316782
2054280637
2053881870
2053028278
2053015406
2052861199
2052645783
2052412183
2052073340
2051852166
2051834636
2051548220
2051455562
2051363078
2051077738
2050834632
2050825104
2050523325
2050337595
2050296300
2050163509
2050156856
2050107104
2049662473
2049623531
2049540958
2049062840
2048984279
2048952340
2048806818
2048559596
2048308867
2048121827
2048091775
2048052216
2047549114
2047481990
2046734345
2046344305
2046238715
2046185091
2045893146
2045853150
2045849351
2045693014
2045188664
2045185446
2045103702
2044789995
2044757138
2044444072
2044435059
2043757073
2043491280
2042946278
2042735542
2042723991
2042447719
2042178775
2041769197
2041718971
2041666541
2041570218
2041391812
2041343218
2041125152
2041089914
2040657236
2040557838
2039788927
2039638163
2039631918
2039337865
2039271699
2039190978
2038832812
2038599499
2038551343
2038369253
2037975226
2037882714
2037550111
2037522434
2037510461
2037062455
2036994331
2036677028
2036413585
2036116633
2035976152
2035970184
2035956501
2035869124
2035822934
2035632211
2035320835
2035246084
2034598905
2034467714
2034283995
2034126627
2033985464
2033671194
2033481525
2033144971
2032726054
2032601076
2032217467
2032196905
2032106235
2032091253
2032017043
2031712115
2031683237
2031334388
2030876664
2030669564
2030567061
2030445476
2030303280
2029871920
2029846583
2029830793
2029703897
2029449984
2029425461
2029133991
2029037194
2028610098
2028599230
2028407322
2028398886
2028082957
2027954952
2027331900
2027222804
2027076869
2026724956
2026695055
2026664733
2026640725
2026623153
2026484009
2026157073
2026036541
2025601240
2025551298
2025378342
2025351159
2025093043
2024691973
2024615441
2024577812
2024571884
2024523345
2024325430
2024318111
2024293156
2024241278
2024086150
2023865887
2023430413
2022341563
2022045897
2021800186
2021515457
2021407969
2021210753
2021159625
2021104774
2021053063
2019520458
2019519106
2019430698
2019193150
2018787045
2018678186
2017894276
2017879829
2017808305
2017652311
2017618444
2017451862
2017228732
2017197362
2017099266
2016510788
2016399089
2016242192
2016173697
2016084539
2015848654
2015716966
2015492339
2015440105
2015312851
2014736101
2014520021
2014164149
2013976642
2013693155
2013646436
2013614036
2012924671
2012364091
2011912517
2010730700
2010684609
2010498168
2010488699
2010093187
2010046427
2009930152
2009367678
2009199959
2009079343
2009024519
2008953739
2008587168
2008513028
2008397331
2008099155
2007672266
2007102600
2006938665
2006409862
2006332809
2006238585
2006226731
2005944139
2005823157
2005034581
2004673113
2004479660
2004020859
2003817246
2003698046
2003292114
2003251430
2002835074
2002759029
2002626062
2002361044
2001912997
2001892115
2001863819
2001860123
2001583736
2001531171
2001440779
2001083735
2000971930
2000896885
2000762503
2000549876
2000358251
2000270279
1999849886
1999810098
1999535569
1998336589
1998190898
1998122017
1997975596
1997866271
1997792092
1997442219
1997412498
1997356771
1997344569
1997091289
1997015797
1996952355
1996915115
1996471437
1996007664
1995198839
1995198703
1994748534
1994630124
1994174602
1994015739
1993978132
1993859019
1993842063
1993830490
1993695091
1993694435
1993694362
1993629052
1993615165
1993252771
1993119254
1993096678
1992598568
1992591516
1992547061
1992377256
1992027631
1991694183
1991548193
1991108276
1990970024
1990884965
1990588223
1990401274
1990110961
1990005043
1989801538
1989744943
1989525021
1989497997
1989463866
1988846754
1988692924
1988688817
1988065691
1987669633
1987639540
1987621362
1987546767
1987515364
1987494458
1987342081
1987298855
1986887008
1986855166
1986690998
1986432512
1986399840
1986142833
1986136880
1985664643
1985397784
1984609054
1984517063
1984121250
1984103598
1983613389
1983547244
1983483711
1983105539
1982644427
1982550889
1982318763
1982160934
1981398882
1981228786
1981081504
1980960862
1980723391
1980681765
1980518174
1980484488
1979908269
1979794362
1979423112
1979337209
1979323893
1979009020
1978803375
1978444238
1978349147
1978299589
1978116490
1978112818
1977038564
1976898920
1976726107
1976600081
1976529263
1976359962
1975866231
1975542329
1975421598
1975359374
1975041721
1975030816
1974700933
1974276684
1973806004
1973393678
1973148742
1972417658
1972200510
1972047314
1971700784
1971651917
1971634389
1971455139
1971264719
1971259381
1971256315
1971149288
1970979961
1970560294
1970228535
1970078756
1970007670
1969777670
1969669707
1969637595
1969577855
1969572905
1969042454
1968970567
1968602701
1967878665
1967748795
1967582272
1967098851
1966970934
1966858811
1966835164
1966304000
1965735945
1965606474
1965363855
1964641209
1964636674
1964610021
1964448419
1963960373
1963765513
1962829292
1962657019
1962615345
1962520043
1962515241
1962172672
1961699793
1961411851
1960941812
1960874780
1960471234
1960355447
1959974152
1959833754
1959777070
1958653010
1958369051
1958128449
1957628607
1957074330
1957028158
1957013283
1956998572
1956733866
1956423096
1956388715
1956225749
1956140402
1955988136
1955258487
1955132343
1954913140
1954832042
1954765472
1954457613
1954393748
1953751041
1953725076
1953666900
1953502764
1953132280
1953112542
1952756112
1952652090
1952366266
1952357702
1952229177
1952093181
1950999425
1950620920
1950524570
1950348748
1950249692
1950071688
1950057582
1949660161
1949537801
1949453570
1949440290
1949431859
1949400030
1949220449
1948246648
1948157727
1947724880
1947627771
1947507897
1947507170
1947474685
1947436989
1946881786
1946791301
1946748254
1946720721
1946703230
1946369264
1946304265
1946262757
1946251592
1945914239
1945864144
1945643290
1945472251
1944932945
1944439545
1944377731
1944238571
1943655567
1943589320
1942790271
1942525491
1942405117
1942355674
1942332895
1941865988
1941720481
1941516431
1941452240
1941265218
1940907025
1940773539
1939647231
1939633562
1939608443
1939570595
1939158553
1939089317
1938676425
1938561902
1938403729
1938327157
1938028237
1938016350
1937849053
1937692836
1937367652
1937286225
1936973446
1936904571
1936759998
1936477552
1936329764
1936017909
1935856891
1935434515
1935424230
1935186900
1934838768
1933737592
1933576898
1933551089
1933463683
1933297432
1932624805
1932595835
1932321450
1931688144
1931654391
1931577762
1931407605
1931020022
1930667045
1930610886
1930504112
1930489666
1929992262
1929507733
1929246821
1929237933
1928654074
1928597235
1928275918
1928245467
1928204140
1927946226
1927867696
1927730663
1927504983
1927347717
1927110911
1927067047
1926782882
1926519501
1926430737
1926379878
1926329318
1926099187
1926033776
1925944417
1925720356
1925550646
1925175882
1924967943
1924731071
1924480688
1924330974
1924117947
1923911876
1923752192
1923499352
1923359146
1922837756
1922715281
1922657608
1922136409
1921422220
1921386879
1921043855
1920723802
1920587485
1920373779
1920125109
1920052531
1919886936
1919875441
1919782594
1919535076
1919362451
1919005077
1918962486
1918647606
1918385328
1918324638
1918246004
1918098800
1917527044
1917526919
1917300410
1917203765
1917178508
1917087715
1916870084
1916713023
1916639263
1916524577
1916233636
1916066214
1915636205
1915630823
1915544972
1915515188
1915425742
1915414189
1915016762
1914994306
1914991007
1914975722
1914914935
1914779332
1914170782
1914116616
1914084970
1913854573
1913838301
1913638083
1913463463
1913303349
1912504704
1912441942
1912420659
1912414454
1911987325
1911894425
1911618746
1911422081
1911314506
1911278249
1910740709
1910365688
1910173376
1910116337
1910087094
1909947802
1909908253
1909477589
1909264128
1908989365
1908362936
1908202621
1908176881
1907900950
1907689031
1907608470
1907279562
1907208008
1907076619
1906988489
1906546573
1906072416
1905977430
1905654571
1905625551
1905571567
1905081479
1904897659
1904471138
1904071238
1904022353
1903627023
1903484921
1903454486
1903265658
1902817402
1902296988
1902230169
1902219783
1902105509
1901200021
1901158218
1901043748
1900822271
1900636819
1900589899
1900552085
1900519406
1900148727
1899897669
1899872143
1899589901
1899475046
1899404230
1899225534
1899042652
1898965768
1898942228
1898877081
1898687940
1898684594
1898681241
1897180057
1896970702
1896947445
1896083854
1896034642
1895386805
1895094301
1894893795
1894793391
1894741156
1894593451
1894505094
1894387392
1894270377
1894051914
1894051266
1893589589
1893577200
1892677143
1892304004
1892223279
1891830028
1891359704
1891141421
1891026208
1890933325
1890893341
1890781605
1890773478
1890249117
1889638790
1889511888
1889431635
1889377521
1889187983
1889113162
1889064067
1888040511
1888011488
1887893696
1887239933
1887161745
1887131001
1887093036
1886534254
1885913624
1885847823
1885615800
1885249527
1885187415
1884475650
1884405400
1884325664
1884106486
1883859816
1883808309
1883430485
1883371019
1883208776
1883035681
1883034221
1882944856
1882875819
1882853434
1882844899
1882788582
1882757668
1882386579
1882381811
1881760604
1881574249
1881294990
1880970506
1880866209
1880482309
1880418635
1880086413
1879560526
1879472765
1879308906
1879163021
1879018833
1878752279
1878730018
1878514576
1878345684
1878234753
1878161594
1878159911
1878130482
1878128963
1877450518
1877330471
1877202174
1877076500
1876848354
1876591774
1876449128
1876184822
1875665481
1875240095
1875142804
1875025856
1874950292
1874766053
1874717790
1874623222
1874127948
1874086345
1873944208
1873642352
1873293365
1872576861
1872346999
1871967857
1871775264
1871340914
1871111225
1870626889
1870615336
1870131231
1869914823
1869749500
1869229385
1868583467
1868514799
1868501720
1868460228
1868314383
1868102830
1867982535
1867922723
1867814955
1867729655
1867277657
1867126940
1867115051
1867083018
1866558503
1866214891
1865852824
1865791777
1865749917
1865609896
1865551409
1865439106
1864994596
1864274789
1864054749
1863698380
1863543308
1863042862
1863031035
1862917340
1862815786
1862492891
1862399933
1861954927
1861457865
1861268433
1861076812
1860963895
1860682695
1860595049
1860506186
1860435453
1860150505
1859718953
1859600786
1859168635
1858988749
1858631319
1858374891
1858311412
1858237118
1857738882
1857737136
1857714810
1857464845
1857389060
1857244038
1856867385
1856733986
1856716629
1856569018
1856565249
1855630378
1855505016
1855471929
1855406104
1855367666
1855318579
1855156466
1855143288
1855132152
1855093096
1855027430
1854985461
1854391592
1854385228
1854349718
1854033042
1853637466
1853468859
1853272898
1852900639
1852891662
1852413829
1851550860
1851331432
1851086937
1850948445
1850844819
1849953967
1849687204
1849231162
1849085565
1848755095
1848723901
1848698427
1848364006
1848195640
1848169502
1848165842
1848155721
1846946776
1846433930
1846432985
1846143188
1846088278
1845818031
1845721449
1845483863
1844936311
1844437516
1843793841
1843231922
1843215481
1843186828
1842367498
1842128874
1841655906
1841149143
1840946824
1840821982
1840706641
1840672752
1840469588
1840280861
1839895966
1839846009
1839431577
1839051146
1838937143
1838782307
1838465218
1838378347
1838084259
1837674528
1836897712
1836731830
1836469121
1835976942
1835971639
1835406987
1835251076
1835088925
1834905728
1834883855
1834630409
1834187827
1834187339
1833968339
1833654119
1833552043
1833308025
1832918860
1832836128
1832472838
1832267969
1831231636
1831151466
1830922399
1830910326
1830637867
1830573399
1830029782
1829870097
1829840938
1829711500
1829538461
1829506024
1828963104
1828890887
1827940942
1827590821
1827548317
1827179912
1827016931
1826682822
1826588825
1826418907
1825957743
1825955874
1825844901
1825792717
1825563736
1825405475
1825375026
1825341821
1825291291
1825223636
1825066155
1825003958
1825001484
1824872660
1824854973
1824635302
1824296572
1823996704
1823659134
1823635639
1823471338
1823320981
1823038203
1823021832
1822703143
1822395597
1821895451
1821860685
1821804351
1821556859
1821465870
1821430559
1821418868
1821171392
1820730641
1820687929
1820450170
1820206750
1819883367
1819766641
1819706040
1819700909
1819662469
1819465249
1819425030
1819423490
1819214413
1819146467
1819026228
1819004621
1818865795
1818609338
1818517617
1817874147
1817724532
1817474333
1817316663
1816839682
1816159402
1816051195
1815925089
1815738284
1815700028
1815303343
1815183121
1814071879
1813584228
1813341346
1813231993
1813134168
1812993622
1812348936
1812240511
1812039013
1811973892
1811249620
1811068323
1810619096
1810506845
1810475846
1810450885
1810240288
1809916725
1809734759
1809253542
1809226142
1809206371
1809147720
1809003809
1808855525
1808672000
1808645191
1807889435
1807606923
1807226686
1807200619
1807118477
1807098351
1807066409
1807020654
1806961209
1806670707
1806533501
1806084259
1805972888
1805601149
1805457031
1805014718
1804773427
1804743666
1804243292
1804194328
1804028689
1803570793
1803429683
1803418366
1803201513
1802828827
1802802643
1802339385
1802197497
1802123307
1801724685
1800887812
1800841014
1800635599
1800579866
1800573257
1799908292
1799797311
1799546554
1799332126
1799287683
1799284721
1799191255
1798936662
1798582961
1798568649
1798287092
1798240685
1798227529
1797099237
1796766048
1796761911
1795973432
1795759969
1795513823
1795380083
1795226046
1794975910
1794892503
1794872749
1793880156
1793747918
1793238696
1793208232
1792945534
1792472318
1792309588
1792159876
1792072435
1792070700
1792027858
1791909204
1791596478
1791489738
1790898845
1790610393
1790451281
1789354846
1789348243
1788597961
1788407189
1788175073
1788008616
1787982260
1787824185
1787821558
1787670864
1787636124
1787319532
1787274630
1787103880
1787003062
1786951860
1786524321
1786376102
1786312035
1786089821
1785900204
1785534732
1785521300
1785416071
1785398354
1785302866
1784933467
1784486621
1784081872
1783768693
1783546207
1783204275
1783198056
1783145631
1782769881
1782519448
1782103757
1781939642
1781721033
1781312594
1781249408
1781244174
1781123231
1781105699
1780986555
1780932458
1780821892
1780188725
1779999887
1779931198
1779732743
1779573986
1779558571
1779557271
1779524298
1778800140
1778700651
1778278469
1778219521
1778022432
1777920638
1777318250
1777226722
1776822097
1776730677
1776693340
1776564392
1776166467
1776153836
1776030236
1775679278
1774717075
1774679811
1774646690
1774379460
1774167540
1773818046
1773757350
1773590047
1772947233
1772698629
1772479281
1772471548
1772371461
1771846684
1771466109
1771276768
1771011363
1770664803
1770370568
1770324683
1770042687
1769284682
1769102442
1768937311
1768665640
1768634200
1767286391
1767259664
1766185332
1765997919
1765904156
1765783456
1765724638
1765662833
1765429935
1765065334
1765022173
1764832890
1764626372
1764554440
1764544209
1764413429
1764216804
1763823723
1763683719
1763494203
1763414046
1762968302
1762648928
1762571118
1762417724
1761540569
1761034070
1760776876
1760763866
1760732175
1759606387
1759088497
1758696386
1758146359
1756577338
1756221872
1756144859
1755837951
1755778939
1755100807
1755042047
1755006439
1754553357
1754538667
1754521625
1754488214
1754237078
1754235543
1753961959
1753419718
1753251991
1753134959
1752978527
1752944903
1752262758
1751940661
1751467557
1751439145
1751433327
1751352941
1751293007
1750995476
1750943698
1750853754
1750163513
1750127192
1749673150
1749565025
1749378082
1749350736
1749316118
1749066307
1749007175
1748906244
1748890272
1748853765
1748608611
1748528520
1748523240
1748269665
1748205380
1748097201
1747999561
1747545991
1746312689
1746207618
1746114497
1745940045
1745627354
1745463098
1745277159
1745259594
1745158910
1744869100
1744842036
1744825995
1744654011
1744632578
1744521559
1744277429
1744157104
1743749597
1743563154
1742222444
1742033656
1741708734
1741515737
1741359840
1741341263
1741073176
1741040296
1740349909
1740232124
1740212875
1739980444
1739656701
1739438309
1739268646
1739246921
1739226033
1739088495
1739064923
1739052342
1738879127
1738861811
1738835049
1738774585
1738472351
1738439258
1738433201
1738285663
1738140544
1738004505
1737658637
1737437938
1737319853
1737230556
1736860907
1736858223
1736725348
1736398178
1736215622
1736044324
1735948252
1735938806
1735800755
1735453380
1733449152
1733133040
1732846990
1732444832
1732442375
1731943017
1731849767
1731808036
1731793227
1731760656
1731383245
1731360213
1731302354
1731187188
1731094347
1731012090
1730914838
1730799208
1730492829
1730429912
1729860020
1729653682
1729604824
1729433047
1729284502
1729149615
1728879432
1728630780
1728279462
1727705128
1727663675
1727652674
1727594276
1727307645
1727280723
1726753715
1726525487
1725966207
1725433217
1725342806
1725235770
1724869014
1724614026
1724395692
1724036754
1724012964
1723997767
1723787543
1723706857
1723630576
1723503974
1723169824
1722983747
1722750701
1722273323
1722221777
1722087911
1722016817
1721985359
1721790512
1721654030
1721533285
1721525271
1720246061
1720177682
1720041592
1719713778
1719559455
1719169576
1718859559
1717967012
1717215325
1716639238
1716531739
1716396324
1716296027
1716196125
1716154784
1715967011
1715905596
1715630603
1715490606
1714838688
1714725814
1714633460
1714038798
1713895663
1713530524
1713355732
1713006203
1712847884
1712827170
1712756703
1712525515
1712501786
1712356643
1711970738
1711410232
1711119680
1711023810
1711023020
1710543223
1710522869
1710478366
1710071452
1709828000
1709600694
1709216389
1709013818
1709001356
1708813531
1708628070
1708299247
1708016246
1707599049
1707440901
1707409824
1707233500
1707094919
1706821876
1705760878
1705741410
1704360509
1704217317
1704135237
1704031550
1703912966
1703529696
1703402147
1703313668
1703258591
1703182593
1702875164
1702718257
1702432498
1702194155
1702138029
1701971407
1701903461
1701622938
1701570193
1701435384
1701022380
1700992965
1700786803
1700667075
1700499206
1700067485
1699845558
1699591891
1699126167
1698997538
1698970987
1698831843
1698603370
1698580590
1698130229
1697958672
1697622424
1697331872
1697172480
1696830001
1696673607
1696481310
1696412468
1696025962
1696019611
1695986755
1695709519
1695666909
1695566905
1695401327
1695095566
1694814535
1694262575
1693666841
1693189256
1692995724
1692129354
1691878474
1691873154
1691511993
1691169877
1691146240
1691063921
1691061159
1690708262
1690373681
1690348106
1690104365
1689877165
1689662391
1689573655
1689508956
1689267167
1689077833
1688731544
1688691325
1688425555
1688308855
1688300528
1688219338
1687698320
1687595929
1687557612
1687224189
1687136702
1687009110
1686530883
1686440096
1686230830
1686197972
1686193314
1686112574
1686036826
1685892514
1685880419
1685507134
1685066365
1684881167
1684706042
1684365607
1684315218
1684140265
1683866862
1683754656
1683749808
1683284099
1683134944
1682924539
1682863143
1682846218
1682398665
1682391646
1682384429
1682384228
1681883984
1681742599
1681476748
1681468474
1681095692
1679886315
1679836877
1679699167
1679445740
1679198505
1679172488
1678946632
1678419120
1678132093
1677979415
1677911631
1677482828
1677398735
1676253141
1676023299
1675957413
1675782320
1675460900
1674944575
1674588145
1674532894
1674116977
1673490549
1673240275
1673061647
1673007160
1672829376
1672787237
1672484608
1672237060
1672005520
1671572981
1671316747
1671197876
1671037001
1670706357
1670112615
1669527215
1669508936
1668971799
1668474075
1668365981
1667197459
1667122583
1666883745
1666297691
1666115645
1665573542
1665377392
1664373678
1664202790
1663917471
1663906496
1663867472
1663672530
1663528802
1663503928
1663480752
1662998173
1662892772
1662801638
1662553640
1662485371
1662447382
1662426894
1662298789
1662287587
1662206827
1662136518
1661833392
1661570927
1661540053
1661113892
1660681306
1660547750
1660429338
1660382290
1659786946
1659752471
1659722550
1658227696
1657746331
1657642345
1657628044
1657440208
1657185234
1656998322
1656926324
1656505759
1656468423
1656418309
1656347781
1656172552
1656008537
1655510354
1655253239
1654814035
1654451840
1654253629
1654203936
1654157005
1654150857
1653989337
1653608213
1653556884
1653482130
1653036285
1652996747
1652462368
1652073701
1651500213
1651355707
1650563318
1650483979
1650376146
1650198581
1649626599
1649559116
1649383628
1649367347
1648792354
1648775814
1648190856
1648166132
1647489451
1646939399
1645489439
1644890520
1644676552
1644523142
1644192917
1644067593
1643936226
1643754778
1643730524
1643489085
1643321549
1643142349
1642702922
1642426051
1642372917
1642176484
1642124042
1641781808
1641748192
1641498229
1641341294
1641303135
1641055863
1640955835
1640682197
1640620705
1640478074
1640264445
1640215643
1639754746
1639161857
1639059582
1639043968
1638935228
1638910748
1638775026
1638495406
1638314302
1638244586
1638120014
1638101014
1638051210
1637570719
1637030507
1637018619
1636162558
1635768969
1635394416
1635017535
1634771598
1634406879
1633899388
1633774045
1633677757
1633626426
1633343667
1632852949
1631689039
1631682187
1631639095
1631434140
1631346080
1630520849
1630460335
1630256235
1630168482
1629966934
1629953108
1629787975
1629105635
1628758242
1628547950
1628386011
1628248277
1628050955
1627995331
1627957443
1627564636
1627458984
1627359717
1627304863
1627278226
1627258683
1626751141
1626556551
1626423541
1626249318
1626094674
1626091806
1626006819
1625906656
1625849894
1625828093
1625461034
1625286271
1625199993
1624933198
1624818227
1624774327
1624765378
1624501648
1624136625
1623705257
1623398553
1623389106
1623317055
1623209497
1623029176
1622923155
1622641558
1622084550
1622076493
1621972023
1621464533
1621369416
1620840531
1620825260
1619609731
1619375168
1619366046
1619229314
1619092861
1619012707
1618776598
1618650780
1618502776
1618192092
1618174342
1617966275
1617650145
1617191807
1616915893
1616827928
1616616690
1616360754
1616182623
1616162975
1615833479
1615769950
1615760674
1615580924
1615120909
1615043005
1614925939
1614787539
1613938822
1613863402
1613567753
1613180656
1612991314
1612879455
1612113102
1612007022
1611953401
1611922373
1611475042
1610892816
1610853587
1610570353
1610508647
1610329504
1610259806
1609778520
1609577804
1609410401
1609222659
1609212020
1609109420
1608804860
1608796375
1608251190
1607951656
1607779121
1607729809
1607659306
1607628318
1607386898
1607298494
1607208342
1606882092
1606829098
1606779772
1606674635
1606639116
1606399307
1606294368
1605820689
1605656102
1605624183
1605261145
1605151920
1604739392
1603551660
1603212747
1603154919
1602813350
1602774477
1602766123
1602701528
1602650414
1602589295
1602475591
1602474323
1602473336
1602275488
1601632512
1601177274
1600764550
1600112636
1600091428
1600062326
1599982844
1599822381
1599566219
1599208740
1598908376
1598785650
1598642671
1598199814
1597979691
1597807887
1597632117
1597197769
1596733573
1596594877
1596098212
1595586177
1595561812
1595354678
1595343332
1595215390
1594969607
1594696440
1594583444
1594322942
1594219817
1594195060
1593597828
1593593088
1593151756
1593109881
1592822074
1592754039
1592690390
1592322590
1592277562
1592253421
1592133493
1592009805
1591906463
1591816412
1591727658
1591446593
1590966537
1590611640
1590351761
1590287156
1590205611
1590060044
1590032800
1589952600
1589897613
1589711696
1588853593
1588650554
1588436807
1588363573
1588119539
1587932657
1587499775
1587301324
1587159467
1587104965
1586843354
1586480819
1586446316
1586432935
1586410792
1586138095
1586105556
1586003465
1585871793
1585778355
1585553101
1584490917
1584317324
1584309497
1584031206
1583771885
1583613231
1583537134
1583529544
1583505752
1583122113
1582706950
1582609433
1582398998
1582383794
1582286670
1581986355
1581928630
1581366843
1581239785
1581040922
1580606908
1580453483
1580147126
1580118847
1579919275
1579565228
1579218846
1578900195
1578882314
1578706223
1578557637
1578332294
1578016812
1577886271
1577694197
1577451810
1576779444
1576442383
1575902000
1575827400
1575712467
1575590664
1575577273
1574896985
1574756540
1574689742
1574204232
1574197240
1574075077
1574054952
1573624555
1571687880
1571513938
1570692276
1570688748
1570545560
1570134934
1570064983
1570056079
1569875170
1569831340
1569562045
1568675378
1568294093
1567494434
1566871056
1566828160
1566743645
1566695875
1566524935
1566232271
1566127154
1565993695
1565859166
1565775714
1565705837
1565319308
1565284598
1565271418
1565231419
1565166077
1565035680
1564866874
1564863496
1564312883
1563871965
1563793415
1563496375
1562689740
1562609755
1562324407
1562225471
1562094765
1561715445
1561604564
1561499734
1561490577
1561414387
1561031981
1560329190
1560238306
1559926273
1559808338
1559715691
1559579855
1559238611
1559163629
1559018122
1558877092
1558837485
1558820641
1558650409
1558628587
1558316817
1558255177
1557736171
1557687319
1557416389
1557218899
1557106674
1557023065
1556639871
1556568366
1556396069
1555595381
1555364248
1555246520
1554729037
1553796929
1553315348
1553065166
1552901924
1552279468
1552063518
1551733615
1551588550
1551413369
1551405122
1550197920
1550117694
1549902650
1549753530
1549719850
1549583831
1549480528
1548717495
1548463899
1547838518
1547601645
1547350535
1547136994
1547114552
1546833958
1546017413
1545953738
1545918073
1545775764
1545284743
1545279158
1545230261
1544662694
1544634280
1544418804
1544160294
1544132459
1544073441
1543824121
1543388359
1543253974
1543217878
1543166420
1542945420
1542877929
1542697748
1542591049
1541648814
1541213584
1541064121
1541002413
1540989862
1540950287
1540943448
1540392929
1540364122
1540015106
1539148189
1539053854
1538908042
1537988704
1537832626
1537591079
1537533980
1537054977
1536382654
1536358601
1536001694
1535672601
1535413646
1535154316
1534839510
1534173761
1534096185
1533738017
1533212868
1533210875
1532856598
1532674266
1532035534
1532016463
1532007113
1531718883
1531708061
1531607766
1531552958
1530564687
1530486346
1529903205
1529863853
1529827161
1529743224
1529465990
1529329687
1529111852
1528914339
1528664805
1528445428
1528339786
1528214974
1528160775
1528158946
1528084983
1527942412
1527861547
1527717383
1527378572
1527333805
1527251015
1527044256
1526205277
1525982206
1525773844
1525150963
1525129030
1525118819
1525080561
1524831720
1524776076
1524684126
1524574416
1524126642
1523528679
1522915411
1522773769
1522394744
1522388685
1522370745
1522263914
1521895229
1521752899
1521351662
1521260679
1520418535
1520145447
1519438256
1519061008
1519052463
1518864453
1518627231
1518343662
1517989979
1517787499
1517464763
1517155705
1517073694
1516548998
1516195076
1515357342
1515348916
1514750767
1513182910
1513177220
1512938675
1512751401
1512393551
1512267084
1511994282
1511922711
1511807942
1511761039
1511669473
1511553693
1511405720
1511335498
1511300431
1511143903
1510219283
1509977999
1509624567
1509544997
1509214701
1508940594
1508759328
1508709872
1508680791
1508350345
1508237116
1508062687
1508028917
1508013412
1507568361
1507053553
1506813783
1506613593
1506594716
1506407807
1505902179
1505884023
1505686974
1505641945
1505597831
1505405021
1504612992
1504593586
1504499831
1504030607
1503664175
1503576553
1503353514
1503190693
1503050828
1501743761
1501702662
1501546116
1499404495
1499168502
1498972629
1498864728
1498715953
1498636259
1498233338
1497554507
1497361454
1497251585
1497239744
1497061888
1496714145
1496198784
1496109703
1495764128
1495759523
1495287875
1494880859
1494674093
1494068806
1493794838
1493768604
1493353560
1492911020
1492865672
1492638994
1492239483
1492044143
1491994623
1491919336
1491181668
1490783103
1490621572
1490474447
1489719502
1489633043
1489211794
1489054585
1488940163
1488639836
1488635946
1488611170
1488470907
1487885216
1487565123
1487227244
1487141854
1487092822
1487049561
1486909662
1486906054
1486792368
1486630714
1486626457
1486592648
1485997561
1485981045
1485939358
1485688590
1485528263
1485258465
1485212765
1485078520
1483976302
1483885761
1483854823
1483488904
1483446869
1483441407
1483229560
1483011420
1482703199
1482469975
1482045499
1481802668
1481657080
1481636782
1481437732
1481163442
1480914984
1480791825
1480713620
1480603331
1480571046
1480345846
1480204167
1480170288
1479759671
1479242085
1478822957
1478699043
1478610295
1478532067
1478520723
1478491731
1478274184
1478197570
1477792179
1477718672
1477646199
1477627175
1477600170
1477595137
1477511768
1477452281
1477372949
1477324363
1477138692
1476931172
1476916736
1476380949
1476233417
1476103246
1475892302
1475789963
1475357383
1475318484
1475265532
1475190363
1474773445
1474448983
1474409801
1474374758
1474287086
1473811366
1473750737
1473731220
1473443758
1473427098
1473256355
1473163970
1472799703
1472601011
1472579546
1472549796
1472395670
1472362461
1472117441
1471932299
1471926981
1471523083
1471515795
1471504154
1471449390
1470716356
1470681869
1470389688
1470016632
1469953771
1469488413
1469058413
1468887262
1468752800
1468609352
1468596359
1468345700
1468157954
1467828011
1467736846
1467253526
1467240540
1467097344
1466774570
1466406842
1466241224
1465592009
1465177595
1465162697
1464985738
1464958794
1464698387
1464635044
1464162670
1464092144
1463202165
1463174830
1462552299
1462545671
1462459109
1461809652
1461552472
1461430381
1461363089
1461218413
1461142463
1460677246
1460428949
1460407328
1459957207
1459532339
1459432398
1459377389
1459330003
1458922434
1458821088
1458508490
1458144674
1458126882
1458071296
1458069127
1457903649
1457825693
1457760657
1457616506
1457529323
1456915071
1456811535
1456329728
1455873471
1455715369
1455617564
1455514062
1455240517
1454770091
1454621567
1454583046
1454420238
1454347035
1454178438
1453921525
1453811104
1453569546
1452640034
1452535405
1452395177
1451638675
1451560811
1451458821
1451427345
1450936518
1450674893
1450653591
1450448082
1450257786
1449868956
1449792108
1449746966
1449631217
1449329860
1448872275
1448733782
1448323831
1448043092
1447851614
1447640393
1447502765
1447328695
1447202737
1447121094
1446779136
1446768730
1446716437
1446537720
1446487692
1446219790
1445964310
1445495174
1444510808
1444395579
1444317076
1444154476
1443854121
1443648936
1443141200
1443075956
1443053258
1442504854
1442450654
1442292942
1442083872
1441974902
1441833228
1441512056
1441333068
1441212801
1441113112
1440947426
1440460317
1440412152
1440341265
1440094192
1439512398
1439066118
1439045706
1438848368
1438802729
1438579312
1438473982
1437807948
1436949523
1436926699
1436889722
1436841912
1436549774
1436266392
1435926085
1435605876
1435439967
1435149078
1435013679
1434681148
1434427886
1434295205
1434181994
1434100038
1433956276
1433691753
1433148895
1433138149
1432846180
1432663857
1432474607
1432400037
1432153634
1431995799
1431891263
1431598029
1430898836
1430856907
1430646143
1430404960
1430394522
1430365050
1430238729
1430183909
1430177302
1429961402
1429716810
1429710828
1429623672
1429588092
1429495054
1429478376
1429399041
1429368310
1429352549
1429213616
1428686120
1428536202
1428381731
1428012818
1427762342
1427718625
1427533039
1427525557
1426772961
1426334468
1426103643
1425904717
1424476515
1424395042
1423967708
1423620219
1422732101
1422717431
1422472206
1422375000
1422072357
1421359850
1421241467
1421118064
1421109207
1421037345
1420552588
1420416303
1420377209
1419966106
1419886855
1419661456
1419037681
1418499292
1418361847
1418021115
1417973640
1417863897
1417846204
1417829594
1417602165
1417505453
1417354200
1417080132
1417037850
1416191224
1415948909
1415540137
1415418221
1415385036
1415216819
1415114973
1415062418
1414786669
1413944225
1413679828
1412885558
1412776293
1412760257
1412417035
1412027346
1411678017
1411522214
1411473422
1411151330
1411021635
1411004319
1410700532
1410491615
1410443167
1410406685
1410318691
1409928004
1409680348
1409457328
1409212128
1409048941
1409026352
1408367358
1408263827
1407896259
1407762733
1407701397
1407494006
1407376307
1407050394
1406556559
1406226440
1406056444
1405947133
1405858896
1405815226
1405698573
1405581099
1405323653
1405279918
1404979266
1404960963
1404851893
1404753881
1404531429
1404423887
1403125504
1403104928
1403087305
1402789308
1402109142
1401879775
1401606270
1401182547
1401144201
1401029631
1400895488
1400830947
1400480288
1400413914
1400221651
1400154811
1400098702
1400042566
1400007313
1399965467
1399828800
1399760254
1399660339
1399565722
1399436787
1399415884
1399387629
1399323216
1398382959
1398155418
1397982665
1397865067
1397827745
1397616843
1397160687
1397062903
1396960224
1396748263
1396568869
1396403982
1396222824
1396208218
1396194373
1396093963
1395889711
1395886986
1395815057
1395722195
1395540964
1395061077
1395038089
1394935413
1394795536
1394583642
1394210002
1394007270
1393899021
1393737093
1393664034
1393570834
1393541446
1393537130
1393225549
1392950793
1392693522
1392397329
1392265104
1391906898
1391825720
1391470253
1390708775
1390704018
1390623243
1389685800
1389543847
1389138583
1388839901
1388839749
1388389904
1387633176
1387058906
1385988909
1385514485
1385466647
1385371807
1384829291
1384793447
1384706993
1384443526
1383947341
1383872995
1383754203
1383731395
1383545728
1383453606
1382190472
1382020171
1381707938
1381621548
1381272215
1381219563
1380980915
1380583175
1380473074
1380450490
1379902661
1379840692
1379575996
1379567032
1379539597
1378000217
1377996863
1377972241
1377908359
1377766792
1377637713
1377449422
1377263261
1377054313
1377050459
1377022797
1377017825
1376910754
1376909035
1376871273
1376851156
1376765538
1376529468
1376287697
1376037462
1376023026
1375919715
1375753203
1375676017
1375446278
1375140319
1374867488
1374840546
1374744379
1374556418
1374322617
1374287130
1374173741
1373928717
1373154304
1373117682
1372951410
1372728800
1372451417
1372429372
1372208647
1372187159
1372175264
1371966530
1371821226
1371653108
1371410304
1371084326
1370472264
1370166644
1369985908
1369498355
1369040789
1368808372
1368778786
1368748830
1368691463
1368514647
1368405893
1368290108
1368265952
1368199911
1368136155
1367920193
1367821953
1367796157
1367195996
1367061635
1366804384
1366783928
1366782380
1366596929
1366352637
1366287759
1365910221
1365798094
1365460901
1365232145
1364949029
1364613377
1364036481
1363873476
1363534542
1363490802
1363050708
1363008521
1362839113
1362704589
1362659279
1361939913
1361544891
1361504388
1361501405
1361499589
1361314740
1361284677
1361037716
1360937301
1360853881
1360791086
1360684874
1360407821
1359625646
1359496955
1359346292
1359323957
1359082770
1358834150
1358791169
1358655734
1358488103
1358406197
1358211515
1357938340
1357710427
1357225263
1357102942
1356707594
1356668649
1356651515
1356540577
1356485506
1356431807
1356223104
1356061837
1355834085
1355824332
1355697812
1355211773
1355114922
1355058467
1354857434
1354358029
1353905049
1353876256
1353235310
1353082951
1352993114
1352765107
1352034779
1351944398
1351942409
1351141213
1351081928
1350927265
1350157303
1349867957
1349372885
1348897689
1348727294
1348688490
1348454050
1348434043
1348120065
1347488073
1347046241
1346923007
1346901480
1346897912
1346506368
1346250213
1345842472
1345733303
1345089520
1344739799
1344268095
1343988592
1343476948
1343362940
1343165004
1343044826
1342764504
1342469746
1342406707
1342049993
1341961514
1341924712
1341415980
1341274334
1341147806
1340988731
1340592227
1340587201
1340536687
1340284188
1339680248
1339390512
1339316799
1339237160
1339217381
1338922941
1338462375
1338407523
1338362420
1338322696
1338277384
1338267157
1338045866
1337386209
1337374285
1337356674
1337341393
1337231171
1336946744
1336512107
1335787572
1335507240
1335242937
1335125013
1335123958
1334686575
1334548585
1334199153
1333960665
1333942900
1333913828
1333553032
1333250305
1333202864
1332903102
1332715905
1332204375
1332135318
1332119769
1331763573
1330872288
1330297806
1329809046
1329552016
1329410437
1329232730
1328926002
1328804388
1328083402
1328004363
1327796083
1327722235
1327330298
1326820277
1326398130
1326028206
1325907615
1325859862
1325833225
1325579263
1325574350
1325153113
1325000362
1324615456
1324096637
1324087985
1324020168
1323607666
1323338036
1323130598
1323008687
1322990650
1322760992
1322608646
1322297859
1321392702
1320642664
1320255177
1320118027
1320098477
1319540875
1319525865
1318697739
1318682224
1317788787
1317620387
1317483364
1316480682
1316454651
1315402247
1315259440
1314347689
1314032493
1313801991
1313707830
1313001872
1312643087
1312586382
1312426809
1312349856
1312007329
1311695804
1311679721
1311624724
1311490018
1311286449
1311255903
1311215579
1310719210
1310394976
1310249346
1310110435
1310011108
1309796072
1309760528
1309565917
1309521783
1309415197
1309103702
1309069258
1308507700
1308485947
1308290747
1308088378
1307397320
1307185788
1306786600
1306388120
1306278517
1305639560
1305479398
1305230284
1304991326
1304573758
1304528800
1304286106
1304245483
1304225827
1304218882
1303814465
1303730921
1303504294
1303484044
1303418502
1303391934
1303259539
1303039714
1302915964
1302789817
1302542698
1302528714
1302291420
1301396262
1301321462
1301243409
1301170144
1300523658
1299955728
1299252402
1299246340
1298779540
1298177229
1298147307
1297901604
1297857608
1297836118
1297650990
1297612092
1297321099
1297232350
1297078192
1296866784
1296451598
1296377917
1295685109
1295528203
1295431518
1295270221
1295264740
1294978077
1294893175
1294710160
1294442766
1294370401
1294369087
1294353552
1294236322
1293789775
1293726053
1293405396
1292925644
1292921567
1292520565
1291981107
1291958657
1291662246
1291655379
1291471491
1291104676
1290872834
1290480606
1290264263
1290247754
1290175028
1289908666
1289594385
1289141837
1289105348
1289024739
1288820884
1288797201
1288590888
1287679268
1287620638
1287428538
1287338606
1287318435
1287187215
1286912881
1286522473
1285966132
1285952551
1285952481
1285597757
1285530077
1285108196
1285025201
1284371971
1284162844
1283868527
1283596687
1283330684
1282674353
1282286581
1282259975
1281636086
1281407138
1281118096
1281055424
1280608784
1280398206
1280349023
1280223664
1280166937
1279757212
1279555083
1279249605
1278397468
1278057276
1277688547
1277617752
1277608762
1277563357
1277332542
1277325742
1277271580
1276965677
1276766551
1276512137
1276488358
1275731860
1275430483
1275250737
1274991846
1274945491
1274718615
1274671413
1274069064
1273805427
1273476265
1273276690
1272963673
1272657645
1272547597
1272284130
1271033300
1271031164
1271030199
1270753674
1270364095
1270178275
1269826249
1269706385
1269372559
1268993605
1268942635
1268697034
1267894863
1267741222
1267740088
1267681804
1267635927
1267622325
1267280517
1267256169
1267210464
1267144952
1266985672
1266577199
1266214864
1265882363
1265745471
1265626630
1265255555
1265075101
1264767462
1263716111
1263548406
1263423601
1263136161
1262905705
1262840746
1262732215
1262723776
1262698222
1262390828
1262106888
1262078261
1261990577
1261775979
1261642775
1261443609
1261386797
1261218195
1260854902
1260790519
1260599509
1259883609
1259325153
1259306014
1259120615
1258843453
1258673494
1257942866
1257631450
1257602913
1257429320
1257290092
1256962314
1256369670
1256216021
1255784923
1255178692
1255142861
1255111919
1254905183
1254867517
1254801062
1254683242
1254514384
1254245736
1254080580
1253998151
1253949348
1252679464
1252314127
1252011185
1251972930
1251574033
1251319468
1251168109
1251055141
1250909153
1250779971
1250771389
1250409102
1250296344
1250012644
1249479274
1248788568
1248350096
1248268918
1247944658
1247396147
1247140267
1247064914
1247014790
1246895538
1246737089
1246545765
1246509788
1246290249
1246001708
1245804649
1245625202
1245563386
1245412097
1245359750
1245336482
1245036964
1244969031
1244819764
1244729634
1244621309
1244573272
1244048474
1244041883
1243529847
1243504849
1243371122
1243264457
1243175911
1242996261
1242250274
1242038654
1242002858
1241839207
1241425506
1240902457
1240866500
1240277568
1239984340
1239741372
1239719781
1239566922
1239435438
1238809914
1238608852
1238281554
1238257811
1238244717
1238110515
1237440811
1237362532
1237353469
1237180901
1237175982
1236958356
1236945509
1236786415
1236657652
1236356157
1236347866
1236205839
1235948538
1235922036
1235779955
1235465498
1235436843
1235349199
1235163365
1234889788
1234783779
1234333863
1234157519
1234147713
1234135055
1234111269
1233844865
1233584394
1233394785
1233124301
1233081477
1233066357
1232939055
1232565903
1231591917
1231463695
1231400706
1230953221
1230745702
1230660044
1229772213
1229549913
1229337939
1229193579
1229017255
1229001243
1228866339
1228642368
1228260658
1228170143
1228081790
1227898085
1227614595
1227091247
1227054676
1226360060
1226134113
1226099990
1225921303
1225524457
1225500317
1225393787
1224817339
1224756534
1224712473
1224478673
1224054255
1223892780
1223869862
1223808939
1223656842
1223637312
1223499569
1222927179
1222764352
1222740191
1222710397
1222456858
1222266862
1221785525
1220789418
1220565753
1220415048
1220295314
1219553348
1219504161
1219267798
1218974165
1218714839
1218680259
1218394763
1218377118
1218213937
1218111267
1216692334
1216396017
1216245664
1215437128
1215187653
1214858060
1214542524
1214388582
1214386552
1213827437
1213750788
1213340329
1213267745
1212995614
1212720599
1212700864
1212596752
1212540782
1212466024
1212446523
1212226597
1211891983
1211869755
1211696743
1211678731
1211442421
1211328874
1211130396
1211125779
1210651817
1210621561
1210477686
1210464082
1210247235
1210221866
1210190766
1209985592
1209889675
1209823143
1209434700
1209431048
1209346586
1209143109
1209025750
1208862428
1208833086
1208780829
1208729378
1208438788
1208191226
1207899445
1207350812
1207341945
1207183829
1206912478
1206903459
1206715596
1206668781
1206578638
1206544851
1206363800
1206360537
1206260454
1205916060
1205417750
1205068643
1203962452
1203548307
1203267369
1203022263
1202892023
1202786278
1202645150
1202223562
1202041530
1201899231
1201646654
1201371619
1201200504
1201172057
1201017364
1200764652
1200727962
1200521460
1200186852
1200123887
1199937979
1199762152
1199146881
1199124793
1199090536
1199002177
1198866593
1198388173
1198242201
1197885922
1197685767
1197489306
1197067804
1197042334
1196860873
1196711490
1196477166
1196406015
1196349746
1196131044
1195396481
1195343334
1195299622
1194620727
1194339118
1194127150
1193533424
1193203735
1193048441
1192817456
1192725404
1192546057
1192198021
1192026500
1191861501
1191083632
1190709794
1190673917
1190164488
1190101478
1189728597
1189609866
1189476418
1189283578
1189127897
1189082161
1188880833
1188579649
1188516244
1188508420
1188274764
1188256744
1188231026
1188198183
1188062542
1188060364
1188046207
1187704167
1187271101
1187266052
1187000074
1186743780
1186571840
1186337494
1186276939
1186151601
1186064906
1185841968
1185476562
1185246332
1184544889
1184137552
1183916819
1183221337
1182854061
1182549482
1182386057
1182362783
1182252373
1181418027
1181359315
1180950953
1180886058
1180582090
1180545935
1180272599
1180076401
1179901160
1179751924
1179253233
1178803199
1178748358
1178579523
1178496564
1178395309
1178139622
1177892551
1177890274
1177684230
1177084225
1176935487
1176812340
1175921196
1175848846
1175840176
1174780640
1174540364
1174343424
1173722718
1173708082
1173351699
1173310619
1173249126
1173236688
1172970819
1172875577
1172672910
1172379100
1172314040
1172032119
1171318013
1171124538
1171057182
1170609895
1169387274
1169228776
1169226099
1169209312
1169184088
1169121396
1169036279
1168977332
1168612222
1168563043
1168500198
1168050640
1167657388
1166580144
1166453689
1166189833
1166136762
1165947457
1165543845
1164794226
1164649192
1164456595
1164454619
1164185080
1163952146
1163805684
1163592204
1163529769
1163296688
1163189327
1163169620
1162871884
1162722318
1162148008
1161904450
1161697154
1160885726
1160311792
1160298688
1160279469
1160020670
1159453940
1159415046
1158916407
1158894092
1158834558
1158797197
1158769455
1158566352
1157953003
1157893430
1157829305
1157620999
1157103552
1157004558
1156801527
1156413502
1155916706
1155837593
1155546203
1155407757
1155388519
1155292649
1155198606
1154799872
1154372568
1153840831
1153471959
1153433937
1153256305
1153236518
1152512052
1151891290
1151501687
1150410306
1150039158
1149376260
1149338095
1148779860
1148776295
1148751027
1148706176
1148699769
1148634785
1148135293
1148119540
1147316941
1147057553
1146816408
1146776513
1146722275
1146624052
1146508542
1146450369
1146326417
1146309541
1146226055
1145514650
1145387140
1144500209
1144499866
1144390677
1144052367
1143921575
1143821100
1143370403
1142709012
1142531005
1142501911
1142125522
1141152572
1140857574
1140839539
1140665476
1140594928
1140591349
1140427447
1140376235
1140259686
1139785560
1139753301
1139658595
1139167119
1139026757
1138905680
1138405993
1138081258
1137985488
1137816526
1137667577
1137414569
1137333749
1137305587
1137124911
1137037034
1136829557
1136766991
1136490738
1136490404
1136409957
1136321578
1136302655
1136252750
1136226288
1135571195
1135416632
1135401834
1135370392
1135134262
1134963492
1134957773
1134609910
1134562786
1134541742
1134269153
1133811738
1133494305
1133050484
1132586542
1132575089
1132355508
1132273948
1132057369
1131837389
1131419820
1130795375
1130648457
1130527239
1130424432
1130261174
1130222260
1129976966
1129328456
1129092824
1128705479
1128668087
1128589102
1128509108
1128471298
1128404666
1128174679
1128157338
1128147755
1128021328
1127881389
1126864374
1126692844
1126528133
1126374614
1125636613
1125628276
1125609726
1125570057
1125398715
1125363026
1124962621
1124768130
1124685644
1124397161
1124257122
1124069499
1123930507
1123651139
1123648817
1123284711
1123235122
1122352737
1122248298
1120825494
1120822754
1120811722
1120592742
1120071043
1120057143
1119992239
1119948609
1119756390
1119301969
1119062279
1118986398
1118524644
1118035109
1116995295
1116521427
1116299535
1115992656
1115650163
1115419127
1115385382
1115321820
1114929379
1114927908
1114860132
1114765773
1114656968
1114526382
1114388029
1114305197
1113511996
1113176858
1112710936
1112564403
1112120720
1111383704
1111288783
1111021666
1110666229
1110491847
1110412756
1110326546
1110264053
1109881737
1109806018
1109777932
1109742322
1109729369
1108701585
1108690659
1107866430
1107810336
1107496185
1107402219
1107205541
1106966523
1106542852
1106388906
1106260803
1105636299
1105619883
1105252981
1105184134
1103577879
1101786910
1101228698
1101091966
1100535678
1100135962
1098912104
1097947843
1097908032
1097742272
1097626213
1097421363
1097210231
1096848354
1096812315
1096781386
1096405710
1096338703
1096335954
1096137292
1096113511
1095678632
1095527527
1095507150
1095341137
1095226640
1095081171
1095076019
1094992788
1094861719
1094785874
1093831062
1093764475
1093744553
1093706708
1093381519
1093092937
1092985101
1092487502
1092419821
1092028782
1091867870
1091761598
1091663973
1091470186
1091318871
1091230782
1091115617
1090625378
1090289192
1090231176
1089305225
1089205878
1089080785
1088806327
1088649166
1088567540
1088447493
1088000799
1087934652
1087586254
1087272231
1087163143
1087073801
1086513853
1086456021
1086421669
1086363618
1086325960
1086258047
1086153986
1086025729
1085793033
1085191619
1085180336
1085026766
1084952121
1084869134
1084664626
1083931234
1083627533
1083586088
1083127216
1082861154
1082758346
1082599947
1082330227
1082300347
1081785305
1081760446
1081430830
1081276395
1081218169
1081184080
1080834010
1080800803
1080246918
1080116780
1079675282
1079354662
1079146172
1078978099
1078949565
1078916253
1078512306
1078366429
1078301445
1078265417
1078104007
1078046481
1077957548
1077735795
1077608565
1077607557
1077537448
1077412485
1077163046
1076691477
1076587719
1076488983
1076121695
1075874411
1075693956
1074984343
1074965639
1074437888
1074226899
1074225771
1074029450
1073973894
1073710000
1072978618
1072917148
1072903700
1072771750
1072707578
1072608724
1072400649
1072058442
1071782094
1071406423
1071350043
1071243908
1071223510
1071028835
1070992340
1070949963
1070714536
1070337004
1070253669
1070166300
1069815276
1069484942
1069402992
1069316756
1069131153
1069072597
1069052573
1068816247
1068481806
1068450685
1067855748
1067586097
1067458955
1066953815
1066880730
1066383128
1066294074
1066238859
1066207552
1066052526
1065938616
1065618685
1065467236
1065229009
1065221353
1065210429
1065130621
1065081502
1064813493
1064802613
1064755050
1064684893
1064218199
1064110392
1063884602
1063732406
1063729916
1063620771
1063533860
1062669749
1062275594
1062214058
1061960376
1061838040
1061610607
1061568728
1061564087
1061292343
1061087642
1060897680
1060706621
1059877134
1059338545
1059142123
1058960564
1058954398
1058816509
1058734155
1058538774
1058307940
1058090910
1057879220
1057293495
1056894263
1056857200
1056618901
1056356971
1056092280
1056076348
1055909991
1055716872
1055595950
1054604816
1054355505
1054347149
1054290325
1054258610
1053858011
1053582362
1053580116
1053435244
1053007290
1052795674
1052455912
1052427453
1052426915
1052282964
1051659479
1051451459
1051423390
1051233686
1050769948
1050519576
1050374087
1050178300
1049765661
1049697112
1049502872
1049203322
1048946388
1048697026
1048427445
1048351427
1048195426
1048117641
1047916610
1047666038
1047631907
1047254871
1047097847
1047013457
1046718265
1046645404
1045997934
1045475678
1045316348
1045142321
1044989624
1044989081
1044774455
1044433791
1044414985
1044380763
1044379259
1044251186
1044041301
1043775239
1043202376
1042993895
1042915593
1042670579
1042123896
1041773314
1041757677
1041602832
1041364804
1041245829
1040857907
1040307304
1040298284
1039796285
1039251616
1038839774
1038710492
1038432462
1038319373
1038255473
1038034676
1037937786
1037826351
1037648711
1037186465
1036308172
1036275452
1036102570
1035996932
1035954209
1035724706
1035461841
1035315781
1035150657
1034769815
1034724842
1034380965
1034356715
1034054540
1033778942
1033732621
1033505416
1033461157
1033098860
1033025587
1032852689
1032205055
1031809561
1031738267
1031700104
1031455207
1031429564
1031425001
1031346093
1031185301
1030874272
1030201481
1030135487
1029975335
1029738726
1029595955
1029589571
1029577106
1029479676
1029376723
1029234799
1028509647
1028492760
1028479550
1028412756
1028311731
1027396054
1027358008
1027051536
1026928653
1026924487
1026805707
1026607258
1026584989
1026466766
1025979316
1025622534
1025614753
1025449158
1025362551
1025172337
1025081830
1024739795
1024480715
1024186724
1024150684
1024120263
1024053333
1023980108
1023918798
1023350986
1023129832
1023066931
1022919967
1022896366
1021805503
1021620597
1021313099
1021240061
1021050932
1021047906
1019835964
1019633712
1019632407
1019630982
1019578708
1019442954
1019132158
1019125538
1019018964
1018343905
1018338489
1018003403
1017740808
1017533816
1017479245
1016998063
1016964220
1016617446
1016449443
1016301240
1016271058
1016091059
1016047153
1015377318
1015136128
1014967066
1014866403
1014792857
1014737764
1014574143
1014488002
1013996761
1013448529
1013274252
1013104831
1012866485
1012033091
1011949662
1011559967
1011354268
1011087603
1011075409
1011063313
1011016524
1010808279
1010797864
1010688077
1010503477
1010472635
1010448902
1010410077
1010328643
1010283507
1009988142
1009637634
1009362974
1009358033
1009340693
1009237822
1009158540
1008960431
1008423560
1007361970
1007330757
1007306698
1007269556
1007161556
1006989398
1006875239
1006768715
1006735091
1006718224
1006683843
1006111310
1005626332
1005613133
1005581078
1005551222
1005350319
1005269377
1005145367
1005064581
1005028718
1004838849
1004001954
1003902446
1003729835
1003719119
1003567321
1003279877
1003124048
1003030903
1002948826
1002511358
1002257557
1002233260
1002211135
1002068375
1002007658
1001504392
999734333
999491319
999298785
999001039
998746278
998729117
998272725
997973701
997900998
997848410
997699135
997498897
997290442
996379306
996257020
995119322
994920069
994808812
994765826
994741504
994711450
994684135
994356219
994085752
993953157
993579115
993539458
993256570
992345724
992337929
991826054
991807187
991797721
991741400
991428150
991013959
990930373
990561926
990530477
990389060
990362116
990045739
989750048
989187411
988593966
988255308
988102666
987986125
987728710
987699141
987690392
987163129
987069232
986690289
985673356
985293015
985152542
984792239
984662434
984586870
983973616
983636688
983514395
983507838
983472748
983348490
983267230
983192762
983127580
982633331
982418933
982385886
981731653
981479837
981308335
980984691
980623105
980431928
980325175
980091952
979846507
979427132
979226775
978247276
977743263
977324423
977280329
977270530
976931971
976917235
976790330
976724411
976619317
976078040
975857074
975853426
975692972
975379698
974901334
974595778
974102550
973913658
973781006
973752331
973188067
972953439
972662098
972233170
971967301
971682831
971366333
971346765
971083648
970912072
970882023
970843529
970813600
969863613
969699481
968293587
967966851
967913331
967832794
967370253
967227900
966971997
966763897
966624348
966596902
966200622
966157916
966046518
965938088
965620704
965480345
965353869
965036913
964504660
964388683
964384166
964359965
964264788
964010524
963971001
963958305
963863672
963845015
963742686
963005330
962783910
962769430
962737125
962230451
962155194
962109469
961913547
961709739
961637393
961578988
961530326
961527817
961462779
961403924
961338762
961212089
961115058
960858192
960489316
960083996
960046357
959907087
959850999
959400463
959025344
958891476
958565684
958493165
957944732
957919497
957636232
957565722
957243399
957128760
956943091
956393531
956344887
956284849
956133187
955458232
954627324
954570593
954498469
954368002
953372096
953338202
953081413
953054780
953041812
953020518
952842456
952817867
952772193
952623656
952372774
951475097
951432834
951046960
950660564
949946668
949854537
949834482
949530178
949317579
948580583
948371272
948338149
948199734
947992121
947977844
947893621
947513466
947378105
947100270
946324647
945977814
945893368
945860554
945811639
945742928
945482353
945103129
944927988
944749449
944658584
944488308
944227652
944096322
944052867
944047791
943992607
943709291
942925100
942698326
942039186
941890162
941757016
941463600
941329922
941227083
941086466
940920291
940282916
940208145
940035426
939983624
939982909
939926296
939916865
939891294
939860496
939676690
939230106
939190669
938835187
938653866
938543305
938056979
938022673
937982777
937922791
937861617
937728898
937726562
937372482
936732311
936455819
936065551
935953077
935952633
935730058
935508734
935429332
935428779
935072054
934935305
934865227
934593058
934292576
933680418
933511986
933185760
933120899
932837179
932308992
932237927
932151743
932048474
931897885
931878081
931831621
931803819
931327099
930866774
930837034
930656313
930334232
930090652
929997479
929511738
929244730
928852326
928681301
928614000
928379175
928188586
928161467
928138883
927769151
927753932
927349398
927315756
926709714
926540976
926488014
925833265
925764087
925319744
925010794
924719866
924618022
923938443
923771231
923656850
923363155
923171584
922937698
922751302
922680574
922652852
922632383
922439991
921804239
921447729
921096081
920715096
920433759
920383999
920350370
919825161
919823232
919385500
919180149
918895854
918891088
918737801
918636318
918099430
917790993
917735091
917499689
917357022
917348418
917271876
917172489
916952993
916811046
916478518
916204429
915788295
915759229
915641901
915592734
915507385
915487248
915389727
915311548
915190108
914872639
914838812
914725055
914342102
914245003
914198990
914181017
914071910
913829243
913653012
913442999
913211603
912791772
912729750
912374414
912123569
912090686
912010724
911860898
911646727
911270383
911071853
910809178
910267507
910171436
909826581
909713016
909543413
909500231
909311968
909190194
908827082
908808439
908805192
908718168
908696076
908622699
908181502
908009055
907621784
907306459
907143565
907004779
906299882
906292668
906046662
905601857
905184218
904904676
904880886
904665778
904107284
903430192
903081214
903075815
902946375
902931564
902930599
902623691
902244604
902104367
902083871
902074540
901940935
901748791
901572119
901168330
901099702
901039639
900794665
900675244
900339437
899449929
899293433
899232335
898811472
898513769
898505966
898383632
898224187
897788034
897576539
896981928
896887312
896701325
896464535
896265870
896021663
895799728
895689484
895675943
895656219
895619801
895524327
894808963
894396380
894378030
894359863
894014506
893756022
893552362
893385103
893199537
892843600
892643927
892545628
892288439
891906031
891653446
891632763
891272572
890959997
890864569
890747964
889955940
889925757
889753809
889741304
889503079
889420433
889389118
889371327
889248832
889120184
889049592
888909917
888854440
888550224
888430812
888362748
888319316
888210849
888041948
887662770
887400419
887383939
887357704
887348204
887330647
887314209
887249665
887145149
887097788
887079967
886772705
886663145
886630510
886548458
886429923
886031757
885663364
885640615
885536644
884909609
884867699
884709336
884687665
884491823
884421936
883709691
883620124
883389639
882964241
882811119
882718070
882640278
882470043
882372890
882296732
882226123
881986648
881624728
881402093
881367202
881322942
880855139
880182790
879802118
879236354
879192373
878920445
878472550
878339626
878040584
878006902
877876749
877809473
877192712
877083551
876845850
876623469
876364528
876216798
876047829
875895060
875845309
875350417
874675121
874357866
874338692
874288168
873756071
873402295
872832944
872780037
872590198
872493862
872484815
872381993
872022806
871809067
871609920
871597950
871245856
871153189
870888319
870589545
870331477
869743087
869481178
869463092
869218597
869143856
868873797
868710742
868452183
868301920
867618492
867078759
867055838
866901097
866862800
866637471
866582533
866363133
866011183
865984018
865696379
865614096
865135232
864431857
864222009
863825035
863539911
863289639
863209246
863041196
862966264
862961913
862898428
862163320
861951851
861927090
861235869
861207794
861084148
859815607
859592715
859590108
859289906
858700649
858413314
858161479
857676712
857358342
857073339
856530238
856439883
856392208
855724296
855466395
855164779
854920172
854726646
854641499
854620220
854424476
854348305
854329400
854277628
853481325
853428247
852933424
852849279
852833504
852252033
852234102
852219853
852191265
851967295
851930564
851747219
851560972
851492149
851474774
851321064
851080838
850925457
850910475
850776226
850678405
850239769
850152921
850093410
849986855
849878783
849688567
849074612
848882378
848602939
848497442
848444801
848319404
847577026
847538326
847530498
847149240
847102347
846813046
846711216
846424964
846405533
846213568
845920108
845838052
845588982
845577528
845442239
845160426
844926964
844700699
844495166
843928053
843743372
843684078
843324068
843306913
842823076
842449204
842364608
842267498
842193582
841187672
840939321
840637722
840597910
840578871
840325318
839992674
839473861
839339785
839293606
839114453
838991957
838780864
838745414
838440026
838293978
838253121
838169489
837893604
837417015
836640691
836466181
836371934
836321823
836272850
836168281
835324469
835201828
835073738
835029268
834947687
834926256
834686457
834645324
834319085
833881968
833646985
833495592
832574127
832191352
832070225
831924804
831852748
831675758
831596794
831527849
831521152
831517573
831236190
830822487
830769854
830625241
830494305
830311761
830220128
830185456
829648433
829635798
829347538
828943732
828522995
828414125
828318775
828111010
827974659
827958308
827798446
827470885
826875592
826647590
826582067
826495334
826416122
826413052
826396102
826359256
826291119
826030124
825904944
825900716
825839756
825719320
825550660
825450658
825415634
825352890
825021625
824842396
824833578
824756133
824526588
824478463
824371687
824232244
823824636
823773660
823667102
823450930
823241480
823046418
822952032
822650239
822644661
822320510
822189025
822075906
821822258
821744383
821212143
821192334
820079411
819973228
819429491
818890502
818766821
818683922
818636332
818056147
817973173
817956089
817604377
817455648
816163925
815698272
815580021
815462941
815377188
815282655
814883877
814754859
814659584
814615226
814476698
814052798
813633249
812740483
812523158
812100940
811902167
811669527
811461215
811391497
811386913
811131344
810846892
810621716
810530597
810215081
810017655
809959227
809887474
809746749
809681039
809645663
809609062
809219843
808750809
808730972
808562100
808483937
807922269
807900394
807505346
807025080
806918119
806845352
806612714
806323999
806026357
805955487
805555611
805011040
804571693
804568269
804370699
804286870
804039505
803811675
803673112
803522176
802524660
802120285
802015378
801683175
801623782
801603197
801425398
800931961
800916239
800851079
800405902
800277974
799486130
798948501
798561742
798290448
798251691
797712467
797561343
795821175
795548010
795430690
794636707
794518004
794243744
794126654
793908455
793873432
793779874
793744154
793691846
793375366
793024192
792830822
792751318
792593793
792406564
792360937
791871712
791565637
791361066
791191865
791158428
791154585
790979201
790815814
790565113
790396356
789609867
789208921
788564025
788431401
788314369
788257530
788194158
787533898
787471394
787452256
787231281
786692942
786418129
785319800
784985597
784858501
784636288
784614271
783596286
783590549
783475904
783405449
783303930
782959613
782945573
782900179
782674992
782622727
782570919
782244334
782126150
781844045
781419344
781281234
781268053
781208805
781184157
781161728
781098999
780704201
780349517
780033937
779936170
779548178
779314929
779178221
779149941
779133149
779007099
778941632
778655223
778612719
778509020
778468591
778290624
778263109
778205842
778080743
778035780
777864772
777833543
777448780
777278772
777181927
777147661
776752650
776660380
776339298
775846246
775823868
775729091
775674221
775493434
775271676
775255617
775125538
775092766
774962880
774765783
774728155
774714088
774658385
774623556
774339168
774258148
774126717
774085060
773958118
773715815
773632866
773580705
773492942
773277221
773273246
773040981
772980889
772640796
772546787
772522380
772463031
772206816
771935718
771699396
770893819
770873006
770718923
770485172
769806226
769791050
769289952
769289180
769124522
769075170
769037522
768262272
768103735
768060559
767949877
767939408
766824533
766486947
766290340
766253295
766233033
765593298
765307578
764669333
764463374
763683757
763650854
763624093
763516354
763310343
763296316
763221743
762636624
762212336
762186318
762114259
761616558
761495541
760948395
760698347
760438371
760105159
759761663
759580122
759439860
759113548
759002417
758862217
758734538
758477292
758333495
757647488
757601159
757245227
756898206
756566643
756177554
756043528
756018983
755904209
755607018
755149135
755091501
754641613
753989105
753781442
753756732
753229420
752950444
752448949
752270402
752216431
751947412
751835399
751816692
751779800
751727143
751633855
751499898
751485120
750176911
749860403
749784976
749717883
748995468
748307943
748123123
747964278
747934619
747863182
747787289
747446961
746767588
746694113
746645225
746625946
746356041
746346413
746306709
746265286
746260226
745649160
745512694
745427418
744487067
744270602
744200020
743843074
743792206
743736573
743721691
743441503
743151610
742682481
742549750
742440739
742238468
742135271
742012448
741593089
741549588
741380985
741096715
740991290
740959498
740727504
740107544
739899514
739753061
739718397
739566511
739488826
739324802
739303470
739001683
738884066
738807439
738116190
737881409
737363829
737180426
737158675
737147978
736851191
736817337
736468026
736313171
736057869
735810390
735271226
735254320
735018970
734668088
734585596
734488653
733655833
733452957
733336854
733132648
732880959
732292223
732036934
731666417
731456936
730859603
730562753
730174981
730007872
729863537
729753827
729622637
729591454
729393838
729294783
728776224
728768915
728457466
728424088
728247585
728218406
728162272
728000785
727914928
727720023
727701219
727420697
726944649
726930347
726776226
726553842
726275359
726204592
726030719
725780169
725720633
725691489
724909648
724706956
724633939
724455344
724224619
723950595
723614795
723383164
723334395
722911995
722595236
722396329
722319898
721819262
721690336
721494682
721002846
720942808
720751605
720245113
720085579
720026843
719983003
719961024
719292796
719065187
718819018
718784711
718504889
718495363
718296452
718223948
718178827
718150611
717612607
717358004
717183584
716557072
716473052
716321218
716164991
715311251
715229994
715044304
714964567
714620803
714499206
713823117
713498173
713340881
713078503
712722753
712588410
712564407
712235785
711875323
711704528
711441319
711301614
710726415
710499024
710438348
709730995
709354293
708873575
708717590
708683669
708457241
708160066
708082118
708026349
707628520
707526894
707489381
707217222
706614756
706383342
706117618
705682823
705545899
705310668
704824587
704795587
704757973
704746691
704676791
704318324
704057916
703900520
703885582
703849198
703713054
703712780
703536620
703408955
703401059
703364726
703244873
703029993
702675772
702638365
702612170
702343496
701458271
701225147
700394409
700292366
700192176
700029527
699639984
699443889
699345316
699193347
699113317
698648168
698496395
698397162
698367193
698149557
697668434
697399107
697117868
697104927
696948437
696863683
696699305
696634800
696389979
695683134
695471313
695382179
695113289
695072906
694991256
694988389
694955037
694879482
694822857
694801205
694460293
694416809
694386697
694280584
694085283
693988328
693954226
693935522
693921359
693707299
693555459
693448285
692945966
692809379
692768157
692605803
692245484
692207466
691340901
691131862
691084951
690961790
690693107
690265026
689918048
689835575
689615614
689253840
689069582
688958624
688716839
688525233
688472280
688248420
687573646
687572571
687531452
687376381
687324664
686938767
686934551
686891185
686850855
686821546
686727829
686629569
686612592
686367071
686352218
686341949
686313772
686094739
686012655
685741708
685348178
684669653
684118120
684099993
683869215
683804112
683680017
683230020
682985073
682687159
682053231
681870841
681751609
681379152
681285853
681251604
680974878
680932121
680374903
680306461
680201623
680173208
679540567
679522841
679367219
678986257
678898962
678558602
678516905
678408248
678241547
677732936
677496233
677107745
677032796
676709243
676582407
676356593
676244709
676201899
676023777
676009202
675844072
675336711
675241343
674049557
673829627
673818950
673812702
673727446
673415585
673380669
672640400
672549309
672505332
671923956
671736915
671321975
670763471
670642110
670580916
670441688
670350467
670132296
670091873
669486479
669451918
669448160
669148233
668720414
668567599
668481781
668045700
667852262
667670945
667547669
667250958
667231460
667062440
666791677
666483735
666354793
666289822
665959341
665891958
664893766
664833946
664723718
664442899
664405708
664379475
663936374
663742615
663714591
663637275
663597910
663530831
663394840
663374541
663369797
662729947
662682143
662580268
662422460
662326994
662092417
662070717
661860476
661835475
661334205
661154173
660889241
660763722
660502856
660258592
659823290
658961888
658430492
658279685
658244218
658184682
658166659
658039733
657631342
657628228
657422339
657406795
657009517
656591840
656065042
655896800
655741855
655667399
655574932
655482010
655387491
654136349
653757747
653200443
653175008
652814528
652230551
651676870
651143831
651130659
651029021
650711053
650634105
650075226
648846853
647830285
647672708
647662000
647537929
647500975
647169619
646422745
646111360
646093057
645835836
645745218
645232861
644933911
644792358
644742477
644579949
643786132
643497171
643040024
642459774
642282843
641810657
641657797
641630023
641171634
641140278
641082198
640513145
640407944
640193156
640106272
640070999
640033671
639186704
638951228
638834227
638685261
638169978
638076519
637968393
637886219
637703236
637345101
637190681
637160309
637129003
637106857
636970517
636928837
636380658
636085861
635427785
635266689
634991259
634859186
634268369
634099168
633368159
633194119
633050385
632658903
632270239
632017827
631838377
631595155
631484716
631483654
631105046
630926736
630879628
630869276
630839795
630385702
630315206
630059952
629938428
629722479
629654831
629272431
629208814
628991004
628957767
628703003
628623056
628051955
627805060
627787620
627502113
627434943
627301276
627193468
626981628
626788523
626533920
626295306
626294419
626135807
625820550
625376022
625108396
624839874
624770194
624720033
624422717
624277226
624084846
624081649
624007948
623823582
623779516
623736342
623714726
623371019
623056738
622988004
622119375
622109009
621803173
621758276
621653046
621534537
621256100
621253649
621235363
621044088
620817328
620233874
619118223
618518481
618365459
618317753
618096060
617440473
617418446
617376658
617038879
616899651
616681261
616601537
616310878
616003899
615944371
615889119
615834132
615581717
615226170
614735105
614670791
614618628
614570760
614175316
613764683
613562382
613426968
613316574
613044083
612927080
612824365
612810247
612621740
612603146
612130959
611800214
611642609
611481145
611341787
611233908
611056311
611029408
610706704
610573030
610541063
609968573
609846172
609560673
609494417
609295791
609266307
609252541
609211670
607807066
607551599
607429477
607207411
606685357
606481346
606383614
605964656
605674656
605534728
605318928
604977268
604661558
604393718
604316177
604240465
604125642
604090756
603468444
602887597
602643084
602601440
602527004
602520557
602506006
602407377
602366491
602128972
601601949
601505669
601338037
601184821
601040053
600993934
600323832
600197329
599741957
599686340
599314734
599245948
599133147
598798802
598783375
598632627
598521369
597354667
597293609
597137206
596992876
596916236
596912663
596893955
596815342
596524955
596520251
596452978
596390914
595867932
595597120
595423630
595387844
595387078
595248473
594941230
594903184
594434681
594108278
593940175
593811984
593736515
593702284
593607034
592933405
592772940
592572356
592434802
592207806
591909344
591544652
591058176
590232507
590022302
589866431
589644597
589533175
588809885
588764792
588475180
588298222
588171700
588132170
587993010
587937499
587168018
586711961
586629006
586617613
586419120
586064402
585987302
585606709
585391787
585123952
584939902
584935870
584886005
584431114
584377535
584353407
584217240
584105075
583532704
583453568
583077288
582633341
582629888
582431630
582224832
581932347
581742861
581636211
581606747
581563971
581259461
581160043
580993215
580543305
580502003
580467671
580380400
580185020
580176917
579656909
579497851
579330072
579201069
578824508
578708733
578607382
578550272
578410975
578113232
577859445
577725071
577338998
577302844
577170397
576997002
576959633
576923898
576673219
576023696
575504166
575470505
574990772
574894225
574785852
574735170
574376075
574358087
574189700
573628414
573332981
573308537
573166151
572481878
571850012
571789255
571780338
571562894
571055777
570296981
570284689
570187370
569446282
569379038
569079316
568607218
568314512
568102444
568007498
567939784
567523003
567366143
567185675
566867770
566819823
566762483
566508232
566362161
566243538
565948665
565778862
565775641
565467937
565148246
564920837
564903652
564481654
564455594
564449808
564368711
563697932
563408382
563130764
562311465
562271546
562218139
562021206
562017918
561630429
561399138
561092124
561069906
560999684
560934881
560754774
560727406
560687733
560658784
560645413
560584051
560287073
560042970
559719766
559707963
559584636
559282912
559230599
559007369
558989968
558662332
558562741
558540556
558334548
558023397
557730471
557644370
557332608
556735854
556259501
555685417
555269454
555078388
554649426
554597625
554563914
554175890
553695297
553262998
552690032
552640903
552451111
552408275
552300592
552286975
552237431
552144159
552141527
551798977
551781171
551668547
551389488
551274991
551191422
550594106
550544025
550372346
550185525
549901800
549857721
549814916
549681068
549056508
548995335
548969066
548599025
548404347
548335207
548326315
548186040
547555738
547536815
547329197
547270972
547168650
546928333
546878541
546277458
546141249
545903715
545837210
545733725
545372489
544678366
544341790
544082413
543712919
543602708
543209397
543039159
543022710
542942896
542520274
542414632
542285588
541986965
541711589
541308558
541232851
541181448
540468666
539939331
539923004
539836655
539652378
539400908
539266059
539005638
538883703
538769907
538769670
538627680
538358145
538164697
537951862
537867433
537815074
537775698
537592529
537430596
537316249
537287742
537124915
536975456
536256182
536131852
535850512
535773523
535547496
535479692
535256400
535084400
533916190
533903376
533635749
533529549
533136626
533071282
532984065
532175084
532113610
531840997
531782401
531611616
531512577
531417457
531412451
531124575
531045091
531023905
530984925
530567741
530564057
530348703
530219160
530212875
529895663
529764747
529548135
529515103
529420249
529409018
529374421
529252936
528846402
528836199
528490762
528485565
528478310
528426675
527702228
527687882
526474684
526318989
526264514
526090284
526082263
525886289
525840859
525478881
525470883
524824927
524739848
524574290
524530512
524436660
524355495
524210711
524172816
524010925
523961809
523630450
523306058
523213696
522941707
522670799
522583431
522538020
522178541
521778415
521726921
521701968
521483789
521148089
520938880
520600158
520495566
520476829
520404024
520225769
520149057
519860333
519761790
519682725
519240336
518868967
518444849
518438607
518194035
517729995
517464884
517452839
517215149
516879568
516847997
516798330
516351571
516260917
516103417
516030398
515964257
515780086
515107181
514983962
514881647
514851049
514565827
514352086
513928961
513388995
513326961
513212742
512858322
512415275
512410608
512049676
511652061
510550006
510485150
510321656
508960487
508407027
508086409
507882729
507600159
507128410
507113878
506712401
506620719
506397751
506188693
506120059
505982655
505967834
504788880
504743069
504696384
504133094
503959245
503858782
503817504
503750723
503224384
503180603
502827703
502796613
502787106
502447364
502223470
502214588
501895414
501696481
501187256
499827514
499686972
499585870
499411268
499339675
499330037
499144780
499086835
498950520
498696072
498558810
498290737
497969505
497885206
497770682
497537198
497430577
497152121
496943040
496941176
496915271
496761979
496734184
496367659
496147138
496051392
495978218
495919427
495415774
495367033
493927636
493727510
493603831
493540605
493364246
493183295
493109632
492711225
492349868
491537115
491496355
491396911
491108739
491056763
490875634
490775558
490515104
490480449
490458901
490204572
490195363
489414332
489321595
488723672
488384479
488270086
488188823
488067819
487524508
486867971
486578226
486325260
485814527
485808476
485761203
485567248
485399563
485256922
484789469
484539465
484262918
483801834
483751372
483703301
483594303
483503721
483000967
482808317
482678159
482449360
482176479
482038912
481883655
481790850
481187802
480780883
480532826
480382946
480313883
480290124
480059652
479981959
479617716
479601948
479517023
479339452
478897215
478814025
478717522
478666597
478540909
478445341
478269393
478225045
477966410
477964701
477873144
477733475
477299928
476916504
476844371
476781115
476778988
476003949
475899923
475796586
475514021
475439449
475401709
475205993
475140741
474669214
474468722
473309025
473230450
472991350
472967297
472964461
472917394
472915792
472905072
472692363
472367286
472101783
471862173
471673709
471356393
470972782
470717262
470478323
470374338
470144103
470082199
469875353
469694428
469536768
469506975
469278506
469096498
469049433
468253088
467839615
467533119
467306658
467261814
467228442
467151734
467142188
466883116
466675842
466338524
466324547
466311773
466192877
466146218
466065002
466053262
465923106
465883153
465646433
465566343
465327766
465210212
465201511
465179002
464639979
464435100
464391393
464239814
464030086
463338700
462766797
462177963
461934754
461767821
461753751
461623770
460800592
460644983
460471622
460134247
460114261
459569600
459284183
459144273
458721586
458588868
458419942
458009433
457880408
457832263
457767100
457650263
457574115
457246899
457107782
456717972
456480637
456238153
456163450
456007823
455670938
455578823
455577471
455541172
454795110
454662777
454636026
454509175
454454349
454287259
454147781
453734860
453613445
453564576
453474984
453378741
452905360
452808823
452596689
452507308
452487544
452248865
452091891
451748120
451541293
451391957
450939222
450436734
450325384
450228935
449850131
449548177
449333788
449238223
449186623
449125223
449034250
448534583
448214392
448213594
447750959
447370380
446907255
446264603
446019662
445881484
445570059
445327912
445044299
444986722
444957657
444673985
444400723
443962216
443723466
443226061
442978681
442908071
442666267
441904551
441899172
441898437
441677148
441599352
441509646
441335164
441285867
440881920
440718292
440203721
440136107
440009122
439584059
439395706
439221722
439121115
439083502
438114565
437877968
437743004
437656095
436993735
436937454
436750168
436655836
436372577
436078368
435993534
435970272
435700109
435363169
434945430
434689545
434635232
434505551
434379288
434246273
434155161
434122074
433205451
433158634
432825589
432551784
432270897
432131273
432113741
431754895
431362834
431325286
431120519
430991413
430375691
429853992
429706278
429274063
428864481
428811752
427889608
427244840
425835410
425494985
425449769
425129533
425116103
424955908
424917826
424521369
424317960
424035778
423883937
423826767
423789431
423651742
422130575
422094118
421751373
421591676
421433300
421217170
420831072
420748294
419721803
419719069
419642685
419302972
419280330
419112294
418836199
418691352
418557852
418444965
417545553
417538851
417376611
416498881
416359436
416314253
415989150
415277870
415110871
415067905
414384998
414379750
414067531
413988196
413970542
413708800
413563211
413312644
413255260
413170548
413129608
413031463
412844955
412618987
412437572
411563760
411550162
411251426
411006113
410065797
409705573
409419626
409340420
409176932
408435033
408256140
407990135
407822766
407768317
407403162
407363014
407219708
407155467
406904244
406627564
406610734
406325678
405765529
405563975
405210733
405077602
404866021
404562925
404489320
404338977
404172644
404043379
404035553
403468546
403453576
402670562
402639414
402439484
402218864
402212672
402108606
401521647
400990064
400452415
400181958
399831323
399615645
399226859
399044307
398830220
398786915
398736952
398697135
398557152
398446519
398250416
398207461
398150213
398047206
397757672
397038553
396389496
395948319
395847402
395343928
395089252
394998445
394785660
394258627
393878506
393832884
393162879
392930284
392715074
392251021
392218621
391941229
391938991
391546365
391131847
390769691
390729038
390044645
389800832
389642213
389467363
389377843
389016047
388888661
388776483
388689392
388420332
388351881
388195317
388178545
388129064
387960854
387832090
387472476
387364288
386907445
386635946
386616662
386520611
386406340
386338104
385756413
385598122
385055358
384826985
384369398
384084107
383905972
383800877
382323849
382212136
382141380
382049704
381929901
381798789
381518168
381150295
381129948
381011198
380825849
380695872
380687295
380305080
380217711
379852826
379472523
379330484
379303584
378700140
378265698
378074605
377810965
377651224
377606091
377314926
376210904
375739622
375608465
375061551
374927580
374852135
374831049
374726151
374380608
374283584
374231001
373376456
373206452
373202518
373106873
373017115
372883678
372876216
372233822
372160471
371774422
371045755
370696653
370500884
370018707
369334160
369062792
368947942
368902609
368357591
368328436
368221933
368072777
368067592
367469824
367371822
366556233
366466116
366442970
366370523
366307824
366215727
366211715
366087894
366009609
365939590
365921441
365903488
365802199
365669844
365648920
364851965
364851234
364336056
364155445
363903969
363806356
363227506
363032964
362775939
362655957
361918724
361607287
361507551
361036361
361016232
360758180
360398793
360194826
360069818
359873104
359627294
359507090
359381235
358819791
358625319
357909343
357794992
357487274
357011357
356914572
356885967
356594218
356592055
356528732
356418223
356368327
356126660
356010904
355927464
355874077
355577078
354704133
354458248
354139660
354024511
353864788
353782692
353667388
353621168
353453025
353312228
352588037
352242721
351954911
351855529
351793560
351504070
351172862
351156664
351153754
351111497
350964357
350943015
350918315
350500806
350452671
349824205
348125395
347753312
347566841
347463596
346853990
346646841
346528954
346450418
345816210
345798441
345409540
345375477
345236542
344775367
344744678
344387835
344010215
344006547
343828548
343794023
343402058
343305718
343195800
343073090
342531377
342502010
342223383
342141340
342074787
341557127
341526007
341487672
340954078
340789792
340445722
340069815
340044954
339657994
339438222
339383120
339180672
338884437
338869597
338770706
338551089
338390175
338270435
338180508
337555569
337498541
337410172
337357118
337219733
337157268
337118639
336353034
336326320
336304545
336104802
336048401
335951321
335931992
335672715
335589212
335473404
335460591
335358643
335191032
335125221
334265548
333491546
333479547
333424015
333408770
333381221
332507379
332403725
332236581
332190304
332110446
331908677
331873208
331485245
331355037
331105491
329938197
329879336
329804260
329767175
329595161
329523234
329186995
328976928
328911000
328398784
328384612
328204054
328197842
327869497
327642458
327353533
326983474
326951976
326658797
326330876
325102155
324907830
324489527
324366497
324035022
323955834
323718834
323015448
322852268
322794975
322651010
322580911
322277963
322198218
321920546
321756820
321378378
321208745
320983668
320408654
319929600
319830889
319562707
319477776
319324367
319192192
319013917
318944396
318818488
317909663
317861125
317784128
317310332
317288111
317218487
316756702
316511119
316440690
316320417
316182451
316152126
315755564
315384481
314427757
313221986
312895071
312866628
312415449
312242492
312225655
312215846
312173562
312123559
311585099
311568096
311278971
311219895
310978241
310837825
310113742
309783912
309069758
308980876
308886731
308635464
308342118
308315613
308274580
308168550
307632988
307046244
306851718
306822149
306715758
306560677
306539393
306011969
305945618
305346672
305335310
305096575
304803478
304779027
304111450
303515565
302816501
302508421
302231088
301847814
301713353
300872509
300335568
300300218
300032577
300025078
299987636
299942817
299716740
299706620
299432013
299075209
298147855
298140218
298056011
297942714
297838177
297672508
297546874
297226132
296508117
295878130
295333524
295061881
295038854
294413039
294212421
293435946
292948868
292249269
292220821
291932346
291780804
291751291
291649255
291542046
291506668
291368106
290978646
290969870
290587114
290491839
290406748
290305417
290126147
290052162
289332803
288946757
288478896
288070087
287972414
287545817
287533103
286538171
286419207
286031515
285570013
285086412
284593149
283866085
283097378
282821140
281872184
281042811
280895738
280318949
280304596
280145420
280109376
279567068
279535037
279346598
279176966
279052937
279031100
278915644
278798548
278468034
277853488
277759303
277494940
276888638
276830148
276816708
276440755
276361286
276293649
276209131
276179457
276155202
275970217
275962587
275933880
275253262
275222356
274740599
274674073
274624565
274405221
273817933
273809916
273749325
273358537
273272459
273225911
272898253
272720132
272101996
271218523
270968581
270893053
270820629
270761116
270380943
270266510
269986951
269986512
269906573
269235617
268943295
268897301
268456649
268401865
268165255
268091812
267995772
267007809
266232563
265635725
265477142
265474329
265240114
265154465
264787313
264693254
264351491
264232002
264220624
264181515
264080806
263823884
263645759
263578146
263438197
263425145
263322966
262521306
262426680
262407912
262390013
262315533
262175155
261486271
261471974
260982168
260916941
260500758
260357960
260064226
260033303
259989393
259668403
259283380
259233445
259039306
258862623
258123679
257664366
257524321
257281472
257124631
257040256
256661095
256379180
254290993
253979486
253951029
253022897
253018200
252994658
252983981
252265560
251987333
251943364
251854916
251821260
251781416
251670763
251348507
251303513
251204890
251194134
251184086
251089415
250921001
250774464
250114163
250066508
249962660
249874654
249128594
248970424
248697780
248559523
248379404
248196200
248102672
247538129
247281850
247258933
247050489
246955498
246934423
246918476
246761788
246641753
246059857
245894557
245765193
245311099
244388907
244191748
243830969
243215302
243162764
242279294
241603817
241260631
240600428
240593311
240399754
240350955
239780738
239743124
239558573
239476329
238824247
238455025
238117147
238028428
237998633
237977057
237031583
236971925
236511385
236441594
236204492
236149447
235818683
235494462
235426940
235180950
235160987
234870716
234527795
234417551
234265746
233781310
233724588
233362271
233330379
233323217
232844267
232412028
232130497
231884484
231754652
231475176
231189130
230853157
230781641
230460908
230451897
230256523
229599010
229540626
229259397
229220916
229156841
229030698
228962950
228659211
228643432
228303187
228080104
227317836
227274229
227225388
227102357
226905964
226429553
226352896
226248480
226125874
226091598
225912810
225900959
225113747
225032245
224982058
224755301
224700899
224009648
223909315
223823134
223796723
223666555
223535770
223498126
223131863
222872504
222326250
222050161
222000149
221510351
221246013
220457395
220433363
220354326
220032787
219923003
219654377
219597618
218994906
218982486
218675090
218076297
217393002
217280633
217213462
216593582
216368204
215461195
215310422
214659987
214576120
214114864
214083700
213975702
213923325
213771222
213593524
213273389
212036750
212022278
212017126
211814359
210761913
210284438
210055552
209836956
209823418
209001954
208600790
208361188
208232900
208093005
208085496
208013566
207341859
207232950
206619350
206572042
206236907
206220324
206195137
206121369
205918383
205729384
205046927
204984637
203566734
203462699
203283135
202979282
202917796
202394421
202172206
202061660
201917486
201621370
201174392
201039425
200997341
200496426
200241112
200219489
200159507
199980991
199699073
198816603
198813724
198691227
198444969
198350167
197291564
197281157
197117682
196287203
196286264
196159039
194908942
194637422
194612540
194585009
194292026
194141019
194101081
193889707
193253996
192578261
192515626
192354934
192310316
191846071
191505935
191190284
191044488
190787952
190424294
190272728
189589827
189429288
189042873
188555126
187978111
187178579
186986912
186722027
185943213
185861618
185356408
184776128
184071787
183873374
183125881
182479095
182057892
181800797
181789316
181723860
181503102
181400371
180470410
180333158
179401765
179342469
179091764
178038286
177719454
177137364
176878029
176718586
176432426
176411807
174613618
174325072
174275450
174060602
173747814
173449858
172502715
171965603
171465496
171394413
170831218
170793489
170667098
170465849
170421890
170205612
170154038
169726267
169321545
169068149
168783959
168751718
167675218
167080796
166414971
166383619
166344269
166302840
166186389
165676562
165238405
164735467
163680512
163537334
163312978
162432745
161611084
161587880
161430152
161230058
161213507
160241436
159937664
158823109
158166899
158135770
158060793
157462650
157449602
157382556
156602611
156461278
156138972
155888815
155800591
155648047
155465213
155414532
155266745
155153496
154976151
154964365
154022695
153846064
153421778
153413792
152990655
152806666
152719711
152495950
152375568
151777727
151694348
151633047
151619270
150805063
150633809
150510036
150437483
148742983
148308018
148120821
147295297
147075137
146613420
146074254
145522033
145410916
145349336
145323322
144845252
144785272
144548285
144353099
144008002
143534826
142308155
142041578
142028889
141707522
140884703
140645880
140293200
139710885
139393477
139337712
139151669
138820145
138551050
138512843
138354877
138349901
137892186
135406093
133763160
133721075
133656018
133097623
133095955
132524811
132507190
132401434
132188515
131615618
131131979
130808329
130722141
130627416
129963169
129895733
129590968
129460138
129322637
127681702
127461481
127385981
127235340
127205103
126917665
126379336
126255191
125959265
125850964
124840349
124486939
124362386
123559387
123268070
123204955
122968882
122561843
122126320
121733370
121290709
121120492
121071289
120618391
120443777
120102399
119221093
119127357
117821848
117794251
117751103
117728604
117421745
117235883
117070953
116196045
115570933
114827687
114307920
113992675
113922747
112710430
112285643
112019750
111909792
111774565
111110971
110024229
109414820
109370649
109267660
109077913
107748317
107133075
106816930
105905896
105444632
105277888
104816182
104757300
104590330
104561912
103420580
102574725
101889151
101868557
101517788
101446094
100840077
100823748
100519096
100155076
99296360
99177808
98751882
98591515
98459979
97863293
97682573
97585734
97382817
96928226
96816663
96795364
96720080
96505429
95641700
95619007
95479339
95272350
95243682
94685350
94439040
92342612
92193758
92111818
92106259
91925825
91315728
90134567
89765896
89479527
89029110
88664552
88542478
84960615
84749800
84672528
83964930
82645596
82423608
82140937
81971035
81682730
81180546
80598468
79775455
79724872
79076494
78783229
77562600
77470561
76595012
76560593
76096142
75144374
74487895
74221306
73934225
73456873
73397342
72980702
72850964
72440476
72106546
71933093
71901619
71595222
70753473
70468634
70257330
70148249
69813193
69622030
69457671
68825924
68767183
65281868
65177182
65101260
65030243
64794679
63993141
63594399
63471251
63095335
63018856
62960409
62595367
62250033
61936328
60483662
60330541
59631254
59553533
59409068
59298731
59097016
58913130
57689848
57609144
57414630
56876006
56479832
56479276
55119699
54926599
54922737
52492002
52176472
51917398
51615685
51579824
51336870
50403409
50322288
49910396
49901942
46068326
45950629
45228703
45122700
43709381
41810296
41140851
41027369
40813008
40644724
39858497
39511304
39476594
39037428
37318661
37288822
36974798
36217264
35852506
35454688
34691908
34520201
33979965
33530094
33276168
32781358
32598152
32454687
32147547
30861975
30633280
30505080
30034327
29903080
29586504
27786867
26403909
25637316
25515935
25016388
24868503
23911039
23097146
22628945
21435041
20988616
20631160
20506822
18702678
18693273
15976766
15964050
14847076
14433140
13931991
13646960
12330924
10734517
9136709
9011764
8984257
8279147
7731328
7232159
7054988
6923659
5219819
5177777
4343244
1804190
562960765
559053179
517996039
434929340
386438887
367922524
346919692
309072344
305630763
295980546
289821420
287757917
286639206
283568357
279556857
273883337
272293773
269513724
268295918
260022227
259424484
250325949
241595949
240984517
239226895
234090966
233940874
232989566
226452879
214004906
213192728
208904439
199511348
198160158
197337581
196300606
194570914
194062157
190424314
186745874
182680579
181155605
173345414
172513310
172335487
170628527
168796663
168424333
163043450
160132901
158292216
158271962
156003001
155101877
153812270
152971500
145183349
144688825
144111944
143985912
143703213
141640967
140879207
140672105
137141528
135282858
134721685
131402741
128812988
128590562
126420494
126255061
125068661
124829418
124465820
124260444
121330311
119420947
118808732
117712499
116898734
116418619
111129796
110963262
108930817
105807095
105735606
103268563
99474667
99165931
94703872
89937393
89581519
88190388
86952570
86329470
86123852
81487731
81386913
81086192
79827649
79401238
78964977
78136406
78011050
77733156
73739579
72944181
69319657
69051316
66944631
66463652
64158941
59721459
58988487
57063617
54404091
50610972
50120942
49614950
49361391
48315332
48309060
47331358
44130347
40445328
39655811
39115442
37768826
36462749
33802370
31941282
31812389
31312175
31101276
30342429
28606891
28234373
21841891
16968248
16704209
15616474
14833129
14065503
13158164
11691566
10548599
8385604
7506404
4206134
3239272
1172986
555561
126099891
105828584
79324895
66624781
64656109
38113361
34662489
31261949
30506598
21522738
18036245
6384415
374563742
321838253
305830811
302004040
298496137
199363840
197548092
196770861
189017853
184238220
176327722
173245582
169049711
163776908
159886603
150030733
146138255
145448443
140953069
135961907
129698499
127333147
122151271
111688900
111238945
109390410
104392689
93435942
89711180
67463417
66684104
66198659
65908326
58467145
56576693
52306935
51643790
51132464
50496971
37478019
32380509
27277165
27257317
21845318
21229504
15827187
15657571
7785783
6837884
3156796
911486
548937456
401970149
298191715
249856630
216601722
195547596
179188662
161893167
158563781
134794198
117710167
114918369
100376340
92661353
90277192
65826209
64347633
60847727
58465865
52796867
49044274
40334712
39265274
29874991
29400724
18625461
18304018
18084588
17793995
3935976
1879924
483141356
348380044
210971273
196812680
174797974
173846610
173840637
163284356
161408291
156187573
151017716
138870947
118981586
110936993
108012927
80330911
38680487
34529187
351402140
303575005
238893537
185943199
183603685
138073616
136520953
127999940
122945051
115343035
99660762
82252450
71555815
65114282
64794500
54893339
30137854
24942144
22591543
20796249
19099273
15159778
10466394
215665270
207029940
184360586
176246636
150657322
122906867
97193265
94156053
80365299
66645201
57921581
56191310
50682354
47543806
35253436
12386128
9538908
441497083
400955528
198381347
161890733
161279070
148064328
111638615
111345623
109293306
107794226
103679051
65822011
65350797
56737865
54202148
45386600
29550669
26772373
21062126
14628114
12247467
3360603
230431671
211378403
154323734
139212476
131426170
128587656
107758600
97424631
88972941
74237283
46146762
43648192
25596946
24066115
19653310
12678458
9828910
433182538
221588850
186138707
168444948
150848394
42721914
16825124
11978567
6616653
5416733
448397013
220301527
205805976
179229857
149792602
128692490
111109927
100945035
66748199
63442193
27908912
11934399
8428018
280978891
164750231
159471904
122507572
88486866
86522293
67402671
59826464
48746996
45220014
39190660
33714789
6005285
258497304
182598140
126863694
106570986
71375532
68134524
54035365
33654623
30108154
150127
93203299
33767393
16755851
7099322
350738865
288115986
173041940
160522845
64764401
47385855
392844473
121303639
108271555
77897279
61185815
25480809
14234021
455159988
116709696
69648904
52640981
46523388
10459737
9590278
1539882
130682858
188534584
121734652
27098784
295578278
212536262
139945161
46047430
29574342
9412538
19488596
55385658
31331700
19481060
12106633
55473837
50827634
19854431
167917028
8734026
153270130
66439871
109530909
43352788
39817009
137023623
66284669
64452126
27631007
219849169
124924643
122505079
10260544
320044683
144028708
62120534
38419139
38342817
4958893
25312898
55583892
34162645
370767488
138773532
69130873
32761824
4704337
104218763
153661715
38075138
91793321
68775496
29229325
6496638
166421745
95131631
179367701
13620127
2064375
45648066
36702894
214315519
76997454
91964651
113248306
46244567
39015166
170414008
40328309
4509936
44921033
54834767
45842744
220564588
135926238
43136417
146637029
95110033
31688706
9415817
145482325
50032204
59706401
227731047
9334290
8395556
