2787
228 203 341 2147480861
25 224 341 2147480862
113 297 72 2147480863
245 224 304 2147480864
245 252 276 2147480865
216 104 276 2147480866
245 153 72 2147480867
130 162 324 2147480868
216 224 74 2147480869
216 252 74 2147480870
245 104 304 2147480871
25 340 72 2147480872
245 182 72 2147480873
25 224 146 2147480874
231 162 72 2147480875
216 236 341 2147480876
245 104 72 2147480877
25 158 165 2147480878
130 34 165 2147480879
308 224 106 2147480880
155 254 341 2147480881
25 273 341 2147480882
244 203 304 2147480883
155 68 74 2147480884
216 264 341 2147480885
213 101 49 2147480886
130 224 72 2147480887
245 252 341 2147480888
155 252 341 2147480889
245 104 83 2147480890
25 340 72 2147480891
155 104 72 2147480892
245 254 72 2147480893
216 182 72 2147480894
105 68 72 2147480895
25 104 341 2147480896
155 104 72 2147480897
216 104 341 2147480898
25 104 165 2147480899
223 254 207 2147480900
245 162 86 2147480901
216 224 72 2147480902
245 340 104 2147480903
245 340 341 2147480904
272 252 341 2147480905
55 162 153 2147480906
245 182 74 2147480907
178 252 276 2147480908
231 224 74 2147480909
245 66 72 2147480910
245 182 341 2147480911
25 104 276 2147480912
245 104 341 2147480913
245 224 72 2147480914
245 162 304 2147480915
216 104 304 2147480916
216 159 341 2147480917
155 224 341 2147480918
272 162 184 2147480919
135 104 202 2147480920
231 104 304 2147480921
228 104 200 2147480922
245 224 74 2147480923
328 104 74 2147480924
25 162 341 2147480925
216 252 341 2147480926
76 224 37 2147480927
155 224 165 2147480928
25 162 72 2147480929
216 224 74 2147480930
198 162 304 2147480931
216 252 72 2147480932
25 104 74 2147480933
245 104 244 2147480934
155 104 74 2147480935
245 203 229 2147480936
231 162 276 2147480937
151 333 274 2147480938
25 162 86 2147480939
216 252 341 2147480940
216 104 341 2147480941
263 162 341 2147480942
59 340 248 2147480943
231 221 124 2147480944
245 224 341 2147480945
25 224 104 2147480946
245 224 74 2147480947
266 104 74 2147480948
329 104 74 2147480949
244 224 304 2147480950
155 224 341 2147480951
130 252 72 2147480952
308 104 341 2147480953
216 224 104 2147480954
245 104 165 2147480955
155 224 276 2147480956
130 104 276 2147480957
155 104 72 2147480958
245 19 341 2147480959
25 104 341 2147480960
182 252 50 2147480961
244 162 72 2147480962
105 162 304 2147480963
25 252 267 2147480964
231 224 74 2147480965
231 162 104 2147480966
130 224 304 2147480967
25 224 304 2147480968
216 224 341 2147480969
25 224 341 2147480970
216 203 341 2147480971
245 68 165 2147480972
245 328 74 2147480973
155 203 72 2147480974
245 104 338 2147480975
231 118 304 2147480976
245 68 88 2147480977
155 163 349 2147480978
245 104 88 2147480979
121 252 104 2147480980
245 104 74 2147480981
155 203 162 2147480982
130 159 104 2147480983
216 254 304 2147480984
216 340 165 2147480985
130 38 104 2147480986
216 104 276 2147480987
25 162 341 2147480988
263 104 125 2147480989
244 162 284 2147480990
155 104 86 2147480991
130 162 72 2147480992
228 162 341 2147480993
216 104 341 2147480994
243 224 304 2147480995
245 252 65 2147480996
245 104 256 2147480997
308 104 341 2147480998
231 236 276 2147480999
304 224 74 2147481000
240 252 276 2147481001
25 104 304 2147481002
130 104 276 2147481003
231 224 165 2147481004
245 162 72 2147481005
155 104 267 2147481006
245 221 341 2147481007
25 203 165 2147481008
25 224 304 2147481009
319 104 74 2147481010
245 224 65 2147481011
245 221 72 2147481012
25 224 72 2147481013
216 254 49 2147481014
155 254 72 2147481015
216 224 334 2147481016
196 203 104 2147481017
245 162 243 2147481018
25 162 158 2147481019
218 203 21 2147481020
216 331 314 2147481021
155 68 276 2147481022
272 224 74 2147481023
216 104 276 2147481024
258 104 72 2147481025
245 39 72 2147481026
130 252 276 2147481027
216 68 74 2147481028
163 162 310 2147481029
25 162 72 2147481030
216 224 304 2147481031
130 68 276 2147481032
216 224 74 2147481033
86 224 72 2147481034
216 327 165 2147481035
155 104 276 2147481036
244 252 276 2147481037
155 104 165 2147481038
245 203 190 2147481039
245 224 72 2147481040
245 224 74 2147481041
245 104 341 2147481042
245 305 341 2147481043
155 203 74 2147481044
25 162 104 2147481045
155 254 341 2147481046
245 235 341 2147481047
245 252 88 2147481048
105 104 104 2147481049
231 62 72 2147481050
308 254 165 2147481051
216 252 341 2147481052
245 104 74 2147481053
245 254 341 2147481054
245 162 86 2147481055
155 254 304 2147481056
308 254 165 2147481057
130 224 86 2147481058
25 122 104 2147481059
155 101 72 2147481060
161 162 72 2147481061
216 252 357 2147481062
245 203 74 2147481063
216 254 74 2147481064
155 254 74 2147481065
25 104 153 2147481066
25 254 341 2147481067
130 104 72 2147481068
231 189 65 2147481069
155 104 341 2147481070
245 252 72 2147481071
216 224 74 2147481072
245 104 304 2147481073
155 162 321 2147481074
308 176 88 2147481075
216 75 341 2147481076
245 224 243 2147481077
308 224 304 2147481078
105 104 74 2147481079
25 104 90 2147481080
155 162 12 2147481081
245 224 72 2147481082
25 327 165 2147481083
216 224 288 2147481084
272 68 341 2147481085
216 255 304 2147481086
155 162 72 2147481087
155 124 72 2147481088
25 162 104 2147481089
231 254 72 2147481090
245 236 74 2147481091
25 182 165 2147481092
245 20 72 2147481093
216 241 72 2147481094
245 148 341 2147481095
245 196 341 2147481096
231 162 304 2147481097
245 162 341 2147481098
268 224 72 2147481099
245 162 267 2147481100
231 104 72 2147481101
216 224 66 2147481102
25 254 72 2147481103
25 104 341 2147481104
25 224 96 2147481105
25 245 341 2147481106
195 68 304 2147481107
25 200 341 2147481108
299 224 74 2147481109
216 132 72 2147481110
25 317 243 2147481111
216 104 276 2147481112
130 101 341 2147481113
134 182 165 2147481114
308 104 165 2147481115
155 104 304 2147481116
8 252 304 2147481117
244 203 349 2147481118
67 162 74 2147481119
308 252 72 2147481120
245 68 276 2147481121
25 252 341 2147481122
231 203 304 2147481123
155 340 341 2147481124
122 319 341 2147481125
216 34 72 2147481126
25 68 105 2147481127
105 182 276 2147481128
245 104 276 2147481129
25 254 72 2147481130
216 162 349 2147481131
216 252 72 2147481132
263 154 341 2147481133
308 224 341 2147481134
308 224 341 2147481135
130 252 341 2147481136
263 162 341 2147481137
216 224 276 2147481138
308 224 276 2147481139
332 340 341 2147481140
27 162 104 2147481141
56 224 86 2147481142
25 224 267 2147481143
303 203 341 2147481144
130 104 33 2147481145
245 106 74 2147481146
245 254 72 2147481147
155 104 341 2147481148
25 104 351 2147481149
155 349 72 2147481150
130 254 74 2147481151
155 116 341 2147481152
272 252 304 2147481153
245 252 104 2147481154
155 203 86 2147481155
119 182 276 2147481156
245 254 72 2147481157
130 224 276 2147481158
216 7 165 2147481159
333 254 165 2147481160
216 104 341 2147481161
105 254 74 2147481162
245 104 88 2147481163
130 165 276 2147481164
244 159 304 2147481165
25 224 72 2147481166
245 224 276 2147481167
231 162 304 2147481168
25 221 341 2147481169
155 254 148 2147481170
216 224 88 2147481171
245 254 341 2147481172
216 104 341 2147481173
245 224 72 2147481174
25 159 88 2147481175
105 254 304 2147481176
245 104 341 2147481177
245 224 72 2147481178
130 162 341 2147481179
216 224 341 2147481180
308 254 165 2147481181
245 104 104 2147481182
245 104 341 2147481183
216 269 304 2147481184
245 162 74 2147481185
245 104 72 2147481186
105 224 349 2147481187
245 340 238 2147481188
25 224 74 2147481189
308 162 304 2147481190
25 104 304 2147481191
322 224 341 2147481192
231 224 280 2147481193
245 203 72 2147481194
245 224 74 2147481195
245 252 72 2147481196
155 162 72 2147481197
245 224 104 2147481198
245 254 72 2147481199
25 127 72 2147481200
216 340 341 2147481201
245 202 341 2147481202
28 224 72 2147481203
25 104 74 2147481204
25 68 304 2147481205
245 203 341 2147481206
358 162 88 2147481207
130 162 74 2147481208
245 224 104 2147481209
155 104 276 2147481210
245 224 104 2147481211
130 224 304 2147481212
25 104 304 2147481213
245 252 341 2147481214
216 104 104 2147481215
245 159 76 2147481216
25 110 304 2147481217
203 104 72 2147481218
342 224 74 2147481219
245 162 72 2147481220
245 252 341 2147481221
25 142 341 2147481222
25 203 341 2147481223
216 224 72 2147481224
245 68 72 2147481225
292 182 267 2147481226
216 104 309 2147481227
25 340 72 2147481228
308 104 88 2147481229
245 237 72 2147481230
155 203 165 2147481231
245 162 276 2147481232
155 104 72 2147481233
216 252 341 2147481234
245 203 74 2147481235
246 224 177 2147481236
245 224 165 2147481237
25 224 341 2147481238
25 252 165 2147481239
25 100 86 2147481240
245 104 349 2147481241
155 11 72 2147481242
216 35 276 2147481243
25 162 113 2147481244
216 68 228 2147481245
155 14 304 2147481246
245 104 86 2147481247
25 340 72 2147481248
155 224 341 2147481249
25 104 69 2147481250
308 327 72 2147481251
25 321 349 2147481252
130 254 341 2147481253
6 254 177 2147481254
216 252 74 2147481255
155 252 276 2147481256
216 252 121 2147481257
245 224 341 2147481258
130 104 341 2147481259
245 162 165 2147481260
25 252 72 2147481261
124 162 165 2147481262
245 104 304 2147481263
25 203 87 2147481264
231 162 74 2147481265
216 104 74 2147481266
25 68 88 2147481267
272 224 276 2147481268
177 162 72 2147481269
25 343 72 2147481270
201 254 165 2147481271
130 217 72 2147481272
245 224 6 2147481273
308 32 341 2147481274
130 224 276 2147481275
245 350 317 2147481276
25 203 341 2147481277
245 182 341 2147481278
216 104 165 2147481279
350 101 304 2147481280
25 162 72 2147481281
308 254 333 2147481282
216 252 304 2147481283
214 104 354 2147481284
251 224 104 2147481285
155 68 74 2147481286
155 254 165 2147481287
271 203 74 2147481288
245 300 72 2147481289
155 303 341 2147481290
245 104 341 2147481291
245 162 49 2147481292
231 252 74 2147481293
155 104 48 2147481294
155 104 86 2147481295
210 254 341 2147481296
216 68 74 2147481297
21 162 165 2147481298
25 182 341 2147481299
245 254 72 2147481300
93 159 304 2147481301
231 104 86 2147481302
216 68 237 2147481303
25 224 74 2147481304
216 185 72 2147481305
25 68 349 2147481306
245 162 267 2147481307
263 149 341 2147481308
132 104 304 2147481309
231 111 304 2147481310
216 182 72 2147481311
231 254 72 2147481312
272 252 74 2147481313
245 254 74 2147481314
245 104 72 2147481315
25 104 243 2147481316
25 159 72 2147481317
245 252 74 2147481318
245 252 341 2147481319
25 104 204 2147481320
245 224 72 2147481321
245 159 74 2147481322
299 162 165 2147481323
25 252 72 2147481324
130 104 295 2147481325
25 224 74 2147481326
25 68 254 2147481327
245 252 74 2147481328
130 224 341 2147481329
155 68 276 2147481330
272 254 72 2147481331
25 136 72 2147481332
216 254 276 2147481333
130 252 104 2147481334
228 224 341 2147481335
25 60 304 2147481336
25 104 165 2147481337
25 46 304 2147481338
92 252 341 2147481339
245 224 74 2147481340
25 254 153 2147481341
147 224 341 2147481342
216 224 72 2147481343
155 252 72 2147481344
25 224 276 2147481345
245 224 72 2147481346
216 159 74 2147481347
155 162 341 2147481348
25 104 74 2147481349
130 159 341 2147481350
130 162 86 2147481351
155 162 341 2147481352
245 224 304 2147481353
114 252 341 2147481354
155 224 304 2147481355
244 162 341 2147481356
216 254 165 2147481357
231 224 341 2147481358
263 104 341 2147481359
245 104 287 2147481360
146 224 341 2147481361
216 203 74 2147481362
245 254 341 2147481363
25 253 97 2147481364
25 224 304 2147481365
216 252 74 2147481366
130 130 304 2147481367
245 203 304 2147481368
245 254 304 2147481369
155 151 72 2147481370
245 203 312 2147481371
245 224 341 2147481372
216 104 88 2147481373
272 254 86 2147481374
245 162 251 2147481375
25 182 72 2147481376
244 162 276 2147481377
299 224 104 2147481378
153 203 74 2147481379
272 224 49 2147481380
155 159 276 2147481381
25 340 88 2147481382
216 252 304 2147481383
245 252 74 2147481384
216 254 276 2147481385
25 203 72 2147481386
61 327 72 2147481387
245 182 72 2147481388
130 204 341 2147481389
245 224 341 2147481390
25 224 304 2147481391
242 162 88 2147481392
216 104 304 2147481393
263 252 301 2147481394
155 252 116 2147481395
271 162 349 2147481396
238 104 341 2147481397
179 224 117 2147481398
155 254 74 2147481399
245 203 72 2147481400
245 34 341 2147481401
155 280 165 2147481402
216 224 276 2147481403
25 104 49 2147481404
188 104 270 2147481405
308 68 341 2147481406
245 252 341 2147481407
216 162 88 2147481408
130 162 341 2147481409
245 162 304 2147481410
244 104 72 2147481411
138 203 341 2147481412
216 104 72 2147481413
308 68 72 2147481414
245 252 276 2147481415
155 182 341 2147481416
231 182 341 2147481417
25 104 341 2147481418
155 278 267 2147481419
155 224 74 2147481420
151 252 49 2147481421
122 104 341 2147481422
25 252 304 2147481423
25 252 341 2147481424
216 104 72 2147481425
245 68 134 2147481426
216 162 341 2147481427
324 104 276 2147481428
130 224 65 2147481429
263 104 341 2147481430
216 104 165 2147481431
224 224 197 2147481432
245 104 49 2147481433
25 159 104 2147481434
216 104 341 2147481435
245 104 72 2147481436
216 29 104 2147481437
245 162 72 2147481438
245 252 165 2147481439
151 68 86 2147481440
105 104 304 2147481441
245 224 341 2147481442
105 302 72 2147481443
155 254 341 2147481444
25 252 341 2147481445
216 224 72 2147481446
308 224 304 2147481447
25 104 86 2147481448
282 224 74 2147481449
155 203 74 2147481450
245 224 165 2147481451
231 224 74 2147481452
25 104 74 2147481453
155 104 341 2147481454
231 92 165 2147481455
231 162 304 2147481456
245 182 232 2147481457
216 221 188 2147481458
231 224 341 2147481459
244 267 341 2147481460
244 73 88 2147481461
245 203 72 2147481462
25 224 341 2147481463
244 104 341 2147481464
263 104 341 2147481465
216 182 341 2147481466
25 156 104 2147481467
231 203 349 2147481468
130 220 304 2147481469
245 252 123 2147481470
245 340 304 2147481471
272 224 276 2147481472
216 182 276 2147481473
105 340 74 2147481474
231 340 72 2147481475
244 104 72 2147481476
216 188 74 2147481477
231 162 74 2147481478
25 340 86 2147481479
245 24 343 2147481480
263 104 72 2147481481
216 224 74 2147481482
216 104 243 2147481483
69 224 74 2147481484
290 104 74 2147481485
25 104 276 2147481486
130 104 341 2147481487
130 68 243 2147481488
231 162 88 2147481489
155 252 304 2147481490
155 224 39 2147481491
25 162 104 2147481492
245 104 43 2147481493
25 162 72 2147481494
245 254 304 2147481495
308 252 303 2147481496
216 104 72 2147481497
245 224 72 2147481498
245 252 304 2147481499
155 228 341 2147481500
271 254 341 2147481501
25 162 88 2147481502
25 252 341 2147481503
263 224 341 2147481504
167 162 153 2147481505
231 46 341 2147481506
130 162 126 2147481507
130 68 237 2147481508
245 13 341 2147481509
245 40 72 2147481510
245 159 341 2147481511
272 101 341 2147481512
231 159 304 2147481513
155 236 165 2147481514
155 254 341 2147481515
308 61 341 2147481516
25 5 72 2147481517
244 46 167 2147481518
308 104 88 2147481519
231 228 74 2147481520
25 162 72 2147481521
308 104 304 2147481522
245 254 165 2147481523
25 340 304 2147481524
308 159 74 2147481525
216 104 267 2147481526
231 1 165 2147481527
245 195 304 2147481528
231 296 49 2147481529
272 104 72 2147481530
216 159 349 2147481531
231 252 341 2147481532
25 104 341 2147481533
110 56 341 2147481534
245 224 74 2147481535
244 254 279 2147481536
155 68 181 2147481537
130 203 349 2147481538
216 97 72 2147481539
216 104 341 2147481540
245 68 49 2147481541
308 254 341 2147481542
25 221 74 2147481543
130 325 74 2147481544
245 254 72 2147481545
345 340 304 2147481546
105 162 276 2147481547
245 224 49 2147481548
216 224 304 2147481549
228 254 304 2147481550
302 224 74 2147481551
245 162 341 2147481552
216 104 304 2147481553
125 162 72 2147481554
130 104 88 2147481555
105 252 304 2147481556
245 203 72 2147481557
155 162 315 2147481558
308 104 63 2147481559
216 27 304 2147481560
245 104 341 2147481561
216 68 341 2147481562
245 340 341 2147481563
130 104 304 2147481564
231 104 341 2147481565
155 254 341 2147481566
25 254 209 2147481567
216 162 104 2147481568
241 327 329 2147481569
308 224 72 2147481570
130 104 104 2147481571
245 104 195 2147481572
105 203 166 2147481573
25 224 214 2147481574
271 68 165 2147481575
231 104 341 2147481576
25 224 74 2147481577
271 224 72 2147481578
155 224 304 2147481579
256 104 88 2147481580
301 224 74 2147481581
263 252 155 2147481582
216 203 74 2147481583
155 254 341 2147481584
308 162 133 2147481585
245 224 341 2147481586
25 252 288 2147481587
25 224 304 2147481588
206 224 104 2147481589
25 330 72 2147481590
245 252 104 2147481591
245 162 72 2147481592
25 162 304 2147481593
25 233 304 2147481594
216 327 304 2147481595
351 252 304 2147481596
155 252 341 2147481597
272 68 88 2147481598
244 224 341 2147481599
330 108 86 2147481600
245 6 104 2147481601
245 15 65 2147481602
25 104 86 2147481603
130 160 74 2147481604
25 203 104 2147481605
150 224 165 2147481606
25 224 74 2147481607
231 254 72 2147481608
245 254 165 2147481609
245 159 49 2147481610
25 68 341 2147481611
245 182 341 2147481612
130 104 341 2147481613
216 162 74 2147481614
64 104 288 2147481615
192 252 165 2147481616
155 104 104 2147481617
231 224 172 2147481618
130 162 349 2147481619
271 252 304 2147481620
155 162 276 2147481621
228 252 72 2147481622
245 104 341 2147481623
25 252 341 2147481624
245 182 341 2147481625
135 162 276 2147481626
245 104 74 2147481627
57 252 341 2147481628
25 162 276 2147481629
216 104 165 2147481630
245 162 341 2147481631
245 68 74 2147481632
120 340 72 2147481633
245 104 304 2147481634
231 104 221 2147481635
245 254 41 2147481636
299 252 74 2147481637
25 68 267 2147481638
130 104 341 2147481639
245 254 49 2147481640
216 199 72 2147481641
245 315 88 2147481642
72 104 74 2147481643
245 340 74 2147481644
231 252 341 2147481645
220 238 341 2147481646
216 182 74 2147481647
25 162 341 2147481648
308 159 341 2147481649
228 236 341 2147481650
130 104 304 2147481651
25 104 341 2147481652
174 224 86 2147481653
25 104 341 2147481654
272 162 86 2147481655
272 203 72 2147481656
245 254 349 2147481657
25 68 267 2147481658
245 224 74 2147481659
105 221 72 2147481660
228 68 304 2147481661
245 342 72 2147481662
216 203 330 2147481663
216 104 341 2147481664
216 224 104 2147481665
25 68 72 2147481666
231 252 189 2147481667
122 162 341 2147481668
216 224 283 2147481669
216 104 276 2147481670
25 21 341 2147481671
271 203 341 2147481672
228 182 104 2147481673
130 162 74 2147481674
216 104 72 2147481675
271 224 165 2147481676
245 162 276 2147481677
231 162 143 2147481678
216 104 74 2147481679
245 252 341 2147481680
244 162 30 2147481681
245 182 72 2147481682
263 236 276 2147481683
25 104 72 2147481684
308 340 74 2147481685
216 182 74 2147481686
245 182 304 2147481687
216 224 349 2147481688
231 307 110 2147481689
231 104 72 2147481690
245 104 341 2147481691
216 293 86 2147481692
25 316 341 2147481693
265 102 165 2147481694
231 357 341 2147481695
231 57 304 2147481696
245 254 72 2147481697
189 104 74 2147481698
155 104 276 2147481699
245 68 72 2147481700
231 162 179 2147481701
25 104 304 2147481702
245 224 74 2147481703
216 104 341 2147481704
130 104 72 2147481705
130 113 276 2147481706
245 340 288 2147481707
25 194 304 2147481708
245 340 72 2147481709
105 104 74 2147481710
245 162 304 2147481711
216 312 341 2147481712
171 104 72 2147481713
245 182 276 2147481714
228 252 49 2147481715
244 252 304 2147481716
216 252 276 2147481717
272 162 205 2147481718
228 252 304 2147481719
216 162 72 2147481720
348 104 74 2147481721
245 224 304 2147481722
216 224 74 2147481723
216 68 86 2147481724
130 162 304 2147481725
155 104 341 2147481726
155 104 276 2147481727
19 224 304 2147481728
245 101 104 2147481729
25 356 341 2147481730
25 224 276 2147481731
25 68 276 2147481732
216 252 86 2147481733
155 224 341 2147481734
155 224 304 2147481735
245 104 72 2147481736
245 104 304 2147481737
155 252 72 2147481738
216 139 165 2147481739
25 252 276 2147481740
264 104 165 2147481741
231 252 72 2147481742
25 224 55 2147481743
130 340 304 2147481744
291 47 74 2147481745
155 104 86 2147481746
25 224 72 2147481747
231 329 304 2147481748
272 224 267 2147481749
130 182 276 2147481750
245 252 72 2147481751
216 252 341 2147481752
130 162 341 2147481753
308 162 304 2147481754
245 104 74 2147481755
105 68 341 2147481756
245 104 165 2147481757
25 224 153 2147481758
25 252 88 2147481759
245 104 86 2147481760
216 104 304 2147481761
130 224 339 2147481762
151 252 304 2147481763
155 254 341 2147481764
25 224 304 2147481765
25 224 276 2147481766
231 104 341 2147481767
216 33 341 2147481768
105 22 72 2147481769
63 211 341 2147481770
71 68 72 2147481771
25 162 267 2147481772
245 224 304 2147481773
25 252 74 2147481774
143 224 341 2147481775
155 224 341 2147481776
245 252 341 2147481777
130 252 276 2147481778
216 340 74 2147481779
231 224 341 2147481780
272 224 144 2147481781
25 104 304 2147481782
165 254 72 2147481783
245 162 72 2147481784
245 224 304 2147481785
25 252 341 2147481786
216 104 74 2147481787
25 159 72 2147481788
130 104 86 2147481789
25 162 243 2147481790
25 104 111 2147481791
245 69 276 2147481792
245 203 335 2147481793
155 68 304 2147481794
245 254 267 2147481795
25 104 208 2147481796
231 224 72 2147481797
216 104 72 2147481798
245 252 88 2147481799
228 68 72 2147481800
25 104 138 2147481801
216 104 72 2147481802
25 104 276 2147481803
216 254 72 2147481804
155 162 72 2147481805
130 224 88 2147481806
216 104 72 2147481807
231 252 304 2147481808
155 224 313 2147481809
130 68 74 2147481810
216 224 344 2147481811
25 104 341 2147481812
228 340 74 2147481813
261 68 223 2147481814
216 252 72 2147481815
245 224 72 2147481816
245 159 88 2147481817
308 252 72 2147481818
216 112 165 2147481819
245 104 75 2147481820
245 104 74 2147481821
105 203 88 2147481822
130 104 88 2147481823
155 252 341 2147481824
240 50 341 2147481825
216 104 72 2147481826
137 68 88 2147481827
320 281 341 2147481828
344 113 341 2147481829
308 104 185 2147481830
25 103 341 2147481831
216 162 42 2147481832
272 104 72 2147481833
25 252 341 2147481834
245 104 74 2147481835
36 252 74 2147481836
245 224 72 2147481837
245 162 165 2147481838
262 224 72 2147481839
18 224 276 2147481840
25 327 276 2147481841
231 162 74 2147481842
25 224 304 2147481843
25 252 68 2147481844
166 104 88 2147481845
228 162 341 2147481846
271 162 341 2147481847
263 224 341 2147481848
245 327 70 2147481849
228 159 74 2147481850
299 224 74 2147481851
272 68 74 2147481852
130 224 72 2147481853
25 145 182 2147481854
130 77 72 2147481855
155 224 341 2147481856
311 224 341 2147481857
272 221 341 2147481858
105 224 165 2147481859
245 221 72 2147481860
228 340 341 2147481861
245 68 341 2147481862
25 135 341 2147481863
245 119 72 2147481864
245 162 341 2147481865
245 104 165 2147481866
245 224 341 2147481867
231 68 74 2147481868
244 236 341 2147481869
308 203 74 2147481870
245 252 286 2147481871
308 104 104 2147481872
308 68 104 2147481873
216 104 88 2147481874
25 230 276 2147481875
245 182 341 2147481876
145 225 74 2147481877
253 252 104 2147481878
130 229 1 2147481879
25 162 276 2147481880
216 104 104 2147481881
212 82 72 2147481882
155 68 74 2147481883
245 162 341 2147481884
25 159 341 2147481885
308 104 74 2147481886
107 252 304 2147481887
244 252 304 2147481888
140 68 341 2147481889
155 203 276 2147481890
293 162 4 2147481891
25 162 304 2147481892
245 104 104 2147481893
155 104 72 2147481894
130 203 341 2147481895
130 101 276 2147481896
337 162 72 2147481897
245 254 341 2147481898
25 182 341 2147481899
216 162 74 2147481900
25 252 72 2147481901
216 162 349 2147481902
105 104 341 2147481903
228 252 74 2147481904
25 224 297 2147481905
222 104 327 2147481906
155 254 273 2147481907
155 162 88 2147481908
216 252 304 2147481909
231 254 304 2147481910
155 104 271 2147481911
25 141 288 2147481912
308 162 276 2147481913
272 104 72 2147481914
139 104 165 2147481915
308 203 74 2147481916
308 162 341 2147481917
25 104 304 2147481918
308 162 132 2147481919
245 224 341 2147481920
211 224 104 2147481921
216 224 349 2147481922
245 104 74 2147481923
216 104 88 2147481924
25 104 88 2147481925
216 104 341 2147481926
25 104 151 2147481927
24 254 165 2147481928
355 162 15 2147481929
245 162 341 2147481930
308 113 49 2147481931
25 252 8 2147481932
216 252 74 2147481933
155 254 72 2147481934
300 252 72 2147481935
155 171 44 2147481936
25 224 348 2147481937
144 113 74 2147481938
15 104 72 2147481939
284 68 349 2147481940
308 340 212 2147481941
272 182 95 2147481942
308 327 243 2147481943
216 224 104 2147481944
25 104 74 2147481945
118 182 72 2147481946
245 252 88 2147481947
155 105 304 2147481948
25 68 74 2147481949
245 246 304 2147481950
25 104 74 2147481951
25 104 341 2147481952
25 104 74 2147481953
245 252 104 2147481954
245 224 341 2147481955
245 68 74 2147481956
216 162 74 2147481957
245 162 304 2147481958
287 254 72 2147481959
245 104 341 2147481960
155 54 72 2147481961
155 104 341 2147481962
245 104 72 2147481963
245 162 72 2147481964
325 224 239 2147481965
245 104 349 2147481966
216 113 304 2147481967
216 104 74 2147481968
271 252 341 2147481969
155 224 267 2147481970
272 152 341 2147481971
308 320 74 2147481972
308 203 104 2147481973
208 252 74 2147481974
245 104 72 2147481975
25 162 341 2147481976
245 104 341 2147481977
25 340 74 2147481978
25 224 74 2147481979
216 355 304 2147481980
216 224 72 2147481981
29 224 341 2147481982
216 159 104 2147481983
245 159 104 2147481984
245 224 277 2147481985
130 104 341 2147481986
130 221 350 2147481987
308 104 341 2147481988
25 68 72 2147481989
105 162 72 2147481990
216 68 341 2147481991
272 104 74 2147481992
245 254 19 2147481993
231 162 72 2147481994
231 224 276 2147481995
155 104 72 2147481996
308 224 304 2147481997
23 254 304 2147481998
155 104 74 2147481999
245 270 341 2147482000
216 177 74 2147482001
130 104 331 2147482002
299 104 165 2147482003
245 252 341 2147482004
245 340 104 2147482005
216 224 72 2147482006
274 104 88 2147482007
216 203 72 2147482008
130 254 219 2147482009
25 252 276 2147482010
216 51 165 2147482011
155 252 341 2147482012
105 104 165 2147482013
244 224 72 2147482014
25 104 88 2147482015
245 254 341 2147482016
216 104 72 2147482017
216 162 276 2147482018
25 327 349 2147482019
216 358 288 2147482020
25 104 72 2147482021
130 182 341 2147482022
155 159 349 2147482023
228 203 100 2147482024
216 252 231 2147482025
25 104 88 2147482026
96 104 74 2147482027
244 224 304 2147482028
245 252 304 2147482029
130 104 88 2147482030
245 104 341 2147482031
25 224 304 2147482032
216 126 72 2147482033
245 162 104 2147482034
209 104 341 2147482035
155 252 281 2147482036
308 252 86 2147482037
155 64 86 2147482038
216 159 153 2147482039
130 182 341 2147482040
25 104 278 2147482041
98 254 341 2147482042
245 104 74 2147482043
216 104 91 2147482044
245 104 74 2147482045
25 162 165 2147482046
122 162 120 2147482047
245 254 304 2147482048
155 224 304 2147482049
25 224 341 2147482050
245 339 18 2147482051
245 162 341 2147482052
216 252 72 2147482053
245 113 88 2147482054
231 104 192 2147482055
216 252 165 2147482056
245 159 341 2147482057
25 224 304 2147482058
25 162 153 2147482059
272 252 74 2147482060
130 162 72 2147482061
245 308 341 2147482062
245 224 304 2147482063
105 224 74 2147482064
25 104 183 2147482065
130 104 165 2147482066
216 254 304 2147482067
244 224 118 2147482068
271 203 23 2147482069
216 162 304 2147482070
216 184 341 2147482071
245 258 74 2147482072
272 104 88 2147482073
155 104 304 2147482074
216 104 276 2147482075
245 203 304 2147482076
155 104 304 2147482077
272 254 72 2147482078
263 12 267 2147482079
245 254 341 2147482080
234 129 304 2147482081
323 162 165 2147482082
25 159 169 2147482083
245 162 104 2147482084
130 104 74 2147482085
216 104 74 2147482086
151 104 341 2147482087
155 162 74 2147482088
130 104 74 2147482089
130 252 16 2147482090
155 68 74 2147482091
245 104 341 2147482092
25 254 165 2147482093
105 162 220 2147482094
245 252 341 2147482095
25 162 74 2147482096
245 162 104 2147482097
130 58 304 2147482098
231 254 168 2147482099
105 224 88 2147482100
141 254 72 2147482101
245 104 226 2147482102
245 224 89 2147482103
32 281 341 2147482104
155 104 272 2147482105
130 252 341 2147482106
130 182 341 2147482107
122 212 276 2147482108
216 162 304 2147482109
25 252 165 2147482110
25 224 72 2147482111
231 228 341 2147482112
216 254 341 2147482113
245 224 341 2147482114
130 263 88 2147482115
245 224 341 2147482116
155 68 267 2147482117
295 252 49 2147482118
299 162 72 2147482119
245 281 156 2147482120
161 224 145 2147482121
245 252 276 2147482122
155 224 104 2147482123
105 157 341 2147482124
245 55 276 2147482125
245 123 341 2147482126
25 162 345 2147482127
216 254 74 2147482128
245 104 74 2147482129
216 104 72 2147482130
25 224 341 2147482131
245 18 72 2147482132
130 162 341 2147482133
245 51 74 2147482134
245 327 341 2147482135
25 224 72 2147482136
155 104 165 2147482137
155 162 341 2147482138
231 224 129 2147482139
245 162 213 2147482140
155 104 49 2147482141
231 162 341 2147482142
25 125 165 2147482143
245 224 206 2147482144
245 224 304 2147482145
105 340 276 2147482146
13 162 72 2147482147
25 162 72 2147482148
216 104 304 2147482149
135 104 49 2147482150
46 162 72 2147482151
340 104 304 2147482152
240 224 72 2147482153
25 101 304 2147482154
331 254 341 2147482155
25 65 341 2147482156
231 254 341 2147482157
244 182 186 2147482158
245 249 341 2147482159
216 224 71 2147482160
158 162 266 2147482161
25 203 58 2147482162
130 162 74 2147482163
130 203 165 2147482164
25 101 104 2147482165
84 313 102 2147482166
155 203 74 2147482167
245 104 276 2147482168
231 162 304 2147482169
151 254 349 2147482170
308 182 72 2147482171
245 104 243 2147482172
231 16 72 2147482173
130 224 341 2147482174
231 254 341 2147482175
245 68 72 2147482176
25 101 72 2147482177
152 327 49 2147482178
245 210 341 2147482179
244 162 78 2147482180
216 104 72 2147482181
216 104 74 2147482182
155 281 276 2147482183
245 68 88 2147482184
245 115 304 2147482185
245 159 72 2147482186
244 104 341 2147482187
216 162 304 2147482188
25 252 341 2147482189
245 104 86 2147482190
38 34 304 2147482191
231 104 74 2147482192
155 104 165 2147482193
25 104 165 2147482194
53 104 45 2147482195
78 281 72 2147482196
173 104 271 2147482197
354 252 341 2147482198
308 203 341 2147482199
308 224 72 2147482200
244 104 276 2147482201
130 252 276 2147482202
245 104 74 2147482203
41 224 74 2147482204
155 104 104 2147482205
231 262 341 2147482206
25 352 122 2147482207
25 351 74 2147482208
245 277 74 2147482209
216 252 341 2147482210
155 162 112 2147482211
231 104 88 2147482212
308 203 234 2147482213
216 254 341 2147482214
25 104 341 2147482215
347 340 267 2147482216
34 104 104 2147482217
231 36 341 2147482218
155 104 86 2147482219
155 252 72 2147482220
25 252 74 2147482221
142 231 349 2147482222
25 26 304 2147482223
155 162 86 2147482224
245 243 296 2147482225
12 68 341 2147482226
245 221 74 2147482227
105 104 72 2147482228
130 104 72 2147482229
130 254 341 2147482230
231 252 349 2147482231
94 104 49 2147482232
54 162 72 2147482233
216 340 276 2147482234
155 68 341 2147482235
155 187 49 2147482236
155 180 304 2147482237
51 162 74 2147482238
25 104 276 2147482239
130 84 341 2147482240
216 162 72 2147482241
245 221 276 2147482242
272 252 341 2147482243
25 203 304 2147482244
231 104 88 2147482245
244 254 165 2147482246
245 104 224 2147482247
245 162 341 2147482248
245 284 304 2147482249
130 162 341 2147482250
231 104 104 2147482251
227 162 341 2147482252
25 140 288 2147482253
299 254 165 2147482254
216 294 139 2147482255
25 104 304 2147482256
25 104 104 2147482257
245 224 165 2147482258
155 162 104 2147482259
245 252 341 2147482260
308 254 165 2147482261
216 104 88 2147482262
216 340 86 2147482263
25 236 341 2147482264
245 104 74 2147482265
245 203 72 2147482266
155 3 292 2147482267
267 162 74 2147482268
308 252 341 2147482269
155 162 74 2147482270
245 289 341 2147482271
245 67 341 2147482272
25 254 72 2147482273
216 224 72 2147482274
216 162 263 2147482275
245 104 341 2147482276
83 49 253 2147482277
245 104 104 2147482278
25 162 304 2147482279
95 182 341 2147482280
245 51 304 2147482281
199 252 72 2147482282
25 104 276 2147482283
244 224 165 2147482284
245 159 123 2147482285
105 104 165 2147482286
105 128 341 2147482287
283 162 341 2147482288
245 162 288 2147482289
216 162 341 2147482290
231 159 52 2147482291
216 23 341 2147482292
245 162 104 2147482293
356 252 86 2147482294
244 104 341 2147482295
231 162 165 2147482296
155 224 72 2147482297
70 299 276 2147482298
245 252 191 2147482299
245 104 332 2147482300
245 68 304 2147482301
37 224 49 2147482302
231 88 74 2147482303
231 224 86 2147482304
245 224 72 2147482305
244 162 276 2147482306
130 147 276 2147482307
105 104 304 2147482308
257 224 341 2147482309
216 162 72 2147482310
216 68 349 2147482311
216 104 74 2147482312
130 224 86 2147482313
130 78 88 2147482314
25 162 74 2147482315
216 68 149 2147482316
155 159 261 2147482317
244 37 29 2147482318
25 104 311 2147482319
245 348 56 2147482320
25 104 49 2147482321
25 104 67 2147482322
155 254 25 2147482323
216 224 74 2147482324
231 104 74 2147482325
155 224 276 2147482326
245 68 72 2147482327
130 131 341 2147482328
200 252 72 2147482329
245 162 222 2147482330
244 162 74 2147482331
271 252 104 2147482332
155 162 341 2147482333
308 68 72 2147482334
245 68 72 2147482335
130 68 304 2147482336
245 254 304 2147482337
245 104 72 2147482338
308 104 304 2147482339
130 68 74 2147482340
25 162 72 2147482341
130 104 341 2147482342
25 104 276 2147482343
245 224 74 2147482344
245 252 341 2147482345
130 327 72 2147482346
155 162 72 2147482347
104 104 72 2147482348
155 252 72 2147482349
245 104 276 2147482350
216 338 341 2147482351
20 162 341 2147482352
25 252 74 2147482353
25 104 72 2147482354
336 113 299 2147482355
245 252 304 2147482356
244 254 341 2147482357
277 162 346 2147482358
25 68 276 2147482359
168 68 341 2147482360
245 224 88 2147482361
245 146 72 2147482362
245 162 341 2147482363
155 104 72 2147482364
245 221 341 2147482365
25 263 72 2147482366
245 252 323 2147482367
245 340 165 2147482368
228 182 341 2147482369
105 162 269 2147482370
245 252 72 2147482371
244 104 165 2147482372
216 203 318 2147482373
245 252 165 2147482374
245 162 341 2147482375
314 203 304 2147482376
122 252 72 2147482377
25 224 74 2147482378
25 224 276 2147482379
245 68 193 2147482380
25 104 119 2147482381
308 203 304 2147482382
130 224 320 2147482383
231 167 165 2147482384
130 104 341 2147482385
216 240 341 2147482386
245 224 341 2147482387
216 248 341 2147482388
216 104 341 2147482389
245 224 341 2147482390
155 162 341 2147482391
231 252 72 2147482392
155 254 72 2147482393
231 203 49 2147482394
308 252 249 2147482395
25 254 341 2147482396
130 224 267 2147482397
40 162 341 2147482398
105 104 341 2147482399
245 104 341 2147482400
245 162 341 2147482401
216 68 86 2147482402
286 340 341 2147482403
130 224 74 2147482404
155 252 240 2147482405
130 72 165 2147482406
228 224 88 2147482407
155 327 165 2147482408
25 104 104 2147482409
308 254 341 2147482410
25 104 72 2147482411
216 252 74 2147482412
25 162 88 2147482413
245 4 341 2147482414
308 104 341 2147482415
130 254 74 2147482416
263 162 294 2147482417
155 213 285 2147482418
245 203 341 2147482419
254 254 72 2147482420
105 104 304 2147482421
308 104 49 2147482422
245 224 341 2147482423
129 162 304 2147482424
263 104 276 2147482425
308 162 304 2147482426
25 104 88 2147482427
263 203 276 2147482428
231 162 74 2147482429
244 224 165 2147482430
130 104 165 2147482431
155 340 341 2147482432
100 254 72 2147482433
155 104 74 2147482434
305 221 341 2147482435
105 224 304 2147482436
240 104 304 2147482437
245 340 49 2147482438
245 252 74 2147482439
245 162 304 2147482440
245 104 341 2147482441
245 104 341 2147482442
245 203 17 2147482443
155 68 341 2147482444
130 104 247 2147482445
296 224 276 2147482446
216 224 165 2147482447
216 104 40 2147482448
228 68 98 2147482449
155 68 341 2147482450
260 254 94 2147482451
308 224 165 2147482452
245 340 104 2147482453
231 68 72 2147482454
194 224 341 2147482455
299 104 72 2147482456
308 252 154 2147482457
87 224 49 2147482458
245 203 72 2147482459
216 104 165 2147482460
245 104 341 2147482461
245 162 74 2147482462
155 327 72 2147482463
231 104 165 2147482464
155 256 72 2147482465
245 252 84 2147482466
111 254 341 2147482467
346 104 341 2147482468
130 224 72 2147482469
231 285 165 2147482470
25 162 104 2147482471
25 162 72 2147482472
216 104 104 2147482473
245 345 276 2147482474
216 224 341 2147482475
245 182 341 2147482476
130 101 72 2147482477
308 68 304 2147482478
245 182 74 2147482479
25 224 74 2147482480
216 104 341 2147482481
245 104 304 2147482482
245 104 165 2147482483
130 168 72 2147482484
244 257 341 2147482485
245 224 336 2147482486
105 254 298 2147482487
216 344 86 2147482488
231 224 225 2147482489
245 68 72 2147482490
25 104 341 2147482491
245 224 72 2147482492
25 162 165 2147482493
25 91 276 2147482494
130 350 341 2147482495
130 254 304 2147482496
263 68 136 2147482497
216 104 77 2147482498
280 104 72 2147482499
308 182 203 2147482500
245 104 304 2147482501
313 68 341 2147482502
44 224 88 2147482503
91 224 11 2147482504
25 162 36 2147482505
130 90 267 2147482506
244 224 341 2147482507
245 254 341 2147482508
281 340 88 2147482509
216 182 349 2147482510
245 252 276 2147482511
225 162 276 2147482512
245 290 72 2147482513
245 162 38 2147482514
299 252 72 2147482515
25 104 74 2147482516
245 104 72 2147482517
216 162 304 2147482518
216 224 341 2147482519
25 224 341 2147482520
231 68 165 2147482521
359 254 74 2147482522
25 224 341 2147482523
181 104 165 2147482524
245 104 341 2147482525
25 224 341 2147482526
82 252 72 2147482527
263 68 72 2147482528
216 340 341 2147482529
25 104 304 2147482530
25 162 74 2147482531
25 254 60 2147482532
308 224 86 2147482533
244 175 74 2147482534
105 95 165 2147482535
231 104 72 2147482536
25 236 341 2147482537
155 104 72 2147482538
130 162 74 2147482539
130 254 104 2147482540
272 104 341 2147482541
155 182 341 2147482542
155 224 341 2147482543
155 162 276 2147482544
231 162 276 2147482545
231 224 72 2147482546
245 68 304 2147482547
130 252 304 2147482548
130 254 9 2147482549
276 45 26 2147482550
25 224 341 2147482551
25 203 104 2147482552
155 104 49 2147482553
25 159 150 2147482554
245 104 88 2147482555
245 224 341 2147482556
155 224 74 2147482557
66 104 104 2147482558
216 224 319 2147482559
244 224 341 2147482560
308 162 341 2147482561
245 203 243 2147482562
130 104 74 2147482563
216 162 304 2147482564
155 224 74 2147482565
26 162 104 2147482566
25 104 163 2147482567
155 203 341 2147482568
308 162 276 2147482569
216 104 123 2147482570
245 104 304 2147482571
17 68 74 2147482572
25 42 341 2147482573
122 162 74 2147482574
231 162 341 2147482575
215 162 341 2147482576
308 224 74 2147482577
25 51 88 2147482578
272 252 72 2147482579
216 104 74 2147482580
155 254 82 2147482581
25 104 304 2147482582
216 104 72 2147482583
245 224 88 2147482584
244 224 115 2147482585
216 224 341 2147482586
73 252 341 2147482587
155 17 341 2147482588
25 104 341 2147482589
231 224 276 2147482590
155 224 180 2147482591
25 121 218 2147482592
308 99 74 2147482593
245 252 72 2147482594
25 104 341 2147482595
109 104 341 2147482596
25 252 49 2147482597
245 28 341 2147482598
155 68 216 2147482599
216 104 259 2147482600
105 224 304 2147482601
245 224 341 2147482602
231 340 341 2147482603
216 221 341 2147482604
25 68 74 2147482605
245 254 72 2147482606
155 104 341 2147482607
245 203 304 2147482608
245 224 341 2147482609
288 162 243 2147482610
216 224 276 2147482611
245 104 276 2147482612
25 340 341 2147482613
299 104 342 2147482614
105 162 74 2147482615
7 104 341 2147482616
25 327 341 2147482617
130 162 341 2147482618
216 247 341 2147482619
216 224 72 2147482620
25 162 65 2147482621
245 252 72 2147482622
244 254 276 2147482623
245 182 276 2147482624
130 254 72 2147482625
155 254 74 2147482626
62 162 74 2147482627
297 272 88 2147482628
130 162 276 2147482629
25 254 165 2147482630
245 48 341 2147482631
216 162 74 2147482632
122 150 72 2147482633
155 68 74 2147482634
25 224 276 2147482635
130 162 276 2147482636
155 104 72 2147482637
245 104 196 2147482638
25 104 88 2147482639
25 293 304 2147482640
77 335 341 2147482641
245 104 72 2147482642
155 30 341 2147482643
353 254 304 2147482644
233 101 74 2147482645
170 104 341 2147482646
216 224 349 2147482647
216 252 104 2147482648
25 271 341 2147482649
25 224 293 2147482650
245 198 165 2147482651
244 254 304 2147482652
25 340 74 2147482653
169 254 276 2147482654
245 76 165 2147482655
216 224 49 2147482656
245 254 358 2147482657
25 224 349 2147482658
216 68 72 2147482659
322 104 341 2147482660
231 327 72 2147482661
133 327 72 2147482662
245 104 349 2147482663
308 104 304 2147482664
231 252 341 2147482665
216 162 86 2147482666
25 252 72 2147482667
244 104 74 2147482668
25 224 341 2147482669
3 159 341 2147482670
244 252 304 2147482671
155 221 349 2147482672
245 224 341 2147482673
216 221 115 2147482674
245 162 304 2147482675
130 224 341 2147482676
272 89 276 2147482677
308 68 86 2147482678
80 74 276 2147482679
25 254 74 2147482680
236 251 241 2147482681
216 96 72 2147482682
155 104 341 2147482683
130 104 341 2147482684
245 252 316 2147482685
155 327 72 2147482686
245 68 341 2147482687
168 104 72 2147482688
216 224 276 2147482689
229 113 104 2147482690
245 224 74 2147482691
216 68 86 2147482692
245 162 276 2147482693
290 104 72 2147482694
245 236 74 2147482695
216 359 341 2147482696
155 104 86 2147482697
25 250 74 2147482698
216 254 88 2147482699
245 252 86 2147482700
245 113 341 2147482701
245 252 88 2147482702
155 252 74 2147482703
231 182 341 2147482704
155 252 341 2147482705
216 182 74 2147482706
245 224 65 2147482707
25 347 276 2147482708
130 104 341 2147482709
155 252 72 2147482710
25 104 72 2147482711
155 252 171 2147482712
155 101 341 2147482713
216 228 349 2147482714
245 104 104 2147482715
25 162 74 2147482716
245 162 72 2147482717
202 104 72 2147482718
216 174 341 2147482719
245 162 74 2147482720
245 182 72 2147482721
245 224 72 2147482722
245 334 165 2147482723
317 68 88 2147482724
175 104 72 2147482725
216 224 72 2147482726
245 68 74 2147482727
25 268 276 2147482728
245 252 72 2147482729
130 283 288 2147482730
155 286 92 2147482731
25 93 72 2147482732
216 117 72 2147482733
216 203 341 2147482734
25 104 74 2147482735
155 224 276 2147482736
216 101 276 2147482737
116 162 341 2147482738
155 104 276 2147482739
308 252 173 2147482740
245 162 99 2147482741
245 104 276 2147482742
228 68 74 2147482743
25 224 341 2147482744
245 162 72 2147482745
52 162 72 2147482746
308 104 74 2147482747
25 224 341 2147482748
244 53 267 2147482749
25 0 74 2147482750
127 113 72 2147482751
307 68 276 2147482752
231 224 72 2147482753
25 254 341 2147482754
244 182 72 2147482755
244 252 64 2147482756
105 104 74 2147482757
338 94 341 2147482758
155 203 74 2147482759
245 162 304 2147482760
245 104 341 2147482761
328 182 341 2147482762
244 68 276 2147482763
25 104 304 2147482764
105 203 72 2147482765
245 327 74 2147482766
240 68 341 2147482767
25 104 341 2147482768
231 254 341 2147482769
25 303 276 2147482770
25 162 304 2147482771
130 43 72 2147482772
245 252 177 2147482773
155 104 104 2147482774
25 254 341 2147482775
245 224 88 2147482776
130 162 72 2147482777
155 282 74 2147482778
25 162 14 2147482779
245 340 74 2147482780
190 63 276 2147482781
298 252 86 2147482782
245 252 72 2147482783
25 159 72 2147482784
231 182 341 2147482785
231 327 276 2147482786
245 254 257 2147482787
99 224 74 2147482788
245 104 72 2147482789
155 104 252 2147482790
245 104 72 2147482791
25 162 74 2147482792
245 224 276 2147482793
25 224 276 2147482794
216 254 72 2147482795
155 252 276 2147482796
168 104 243 2147482797
130 224 74 2147482798
155 254 74 2147482799
245 224 86 2147482800
25 224 74 2147482801
148 162 104 2147482802
294 104 268 2147482803
271 224 165 2147482804
130 224 35 2147482805
25 224 74 2147482806
308 224 165 2147482807
244 224 74 2147482808
318 68 74 2147482809
25 113 74 2147482810
244 68 161 2147482811
25 252 74 2147482812
308 182 341 2147482813
245 252 81 2147482814
25 254 74 2147482815
235 68 74 2147482816
245 224 276 2147482817
204 104 341 2147482818
128 104 341 2147482819
207 68 276 2147482820
245 254 72 2147482821
25 327 304 2147482822
299 159 276 2147482823
245 224 74 2147482824
245 104 341 2147482825
244 104 165 2147482826
155 236 341 2147482827
245 104 341 2147482828
130 252 153 2147482829
105 224 72 2147482830
155 104 74 2147482831
245 291 74 2147482832
245 254 72 2147482833
299 224 304 2147482834
231 252 341 2147482835
25 104 304 2147482836
272 104 153 2147482837
25 203 341 2147482838
245 162 88 2147482839
245 68 72 2147482840
245 214 341 2147482841
25 224 341 2147482842
245 224 341 2147482843
245 224 88 2147482844
106 104 74 2147482845
89 104 165 2147482846
221 327 275 2147482847
231 252 74 2147482848
216 113 341 2147482849
245 327 74 2147482850
334 224 72 2147482851
244 295 341 2147482852
155 252 72 2147482853
245 104 276 2147482854
216 254 341 2147482855
244 224 74 2147482856
48 104 49 2147482857
244 104 74 2147482858
245 104 49 2147482859
231 254 306 2147482860
245 104 341 2147482861
245 104 73 2147482862
240 254 276 2147482863
216 340 276 2147482864
231 252 341 2147482865
272 259 165 2147482866
245 178 103 2147482867
25 224 88 2147482868
245 224 72 2147482869
25 228 341 2147482870
25 104 267 2147482871
245 104 49 2147482872
130 68 304 2147482873
245 162 341 2147482874
245 327 165 2147482875
155 203 276 2147482876
25 98 74 2147482877
216 228 31 2147482878
299 162 341 2147482879
316 224 304 2147482880
130 162 137 2147482881
308 226 243 2147482882
155 203 341 2147482883
216 104 341 2147482884
228 340 72 2147482885
25 104 74 2147482886
308 252 72 2147482887
130 244 74 2147482888
231 104 108 2147482889
231 104 72 2147482890
25 292 194 2147482891
231 224 217 2147482892
231 252 341 2147482893
216 252 86 2147482894
25 104 74 2147482895
60 224 341 2147482896
25 224 341 2147482897
308 224 165 2147482898
245 224 276 2147482899
25 104 276 2147482900
130 224 104 2147482901
155 254 74 2147482902
155 182 341 2147482903
245 104 304 2147482904
245 216 165 2147482905
130 162 341 2147482906
245 133 304 2147482907
228 224 74 2147482908
25 104 165 2147482909
25 182 104 2147482910
216 340 86 2147482911
155 254 276 2147482912
103 254 341 2147482913
244 224 49 2147482914
105 288 72 2147482915
285 162 22 2147482916
245 221 74 2147482917
155 254 341 2147482918
81 162 51 2147482919
130 203 341 2147482920
245 162 341 2147482921
308 162 233 2147482922
9 222 153 2147482923
25 159 74 2147482924
216 104 341 2147482925
25 254 74 2147482926
25 252 289 2147482927
245 224 131 2147482928
216 68 72 2147482929
308 104 304 2147482930
130 224 341 2147482931
216 327 74 2147482932
231 203 74 2147482933
25 182 135 2147482934
130 221 153 2147482935
2 162 341 2147482936
216 41 72 2147482937
216 104 65 2147482938
245 104 27 2147482939
216 104 86 2147482940
50 182 72 2147482941
263 68 165 2147482942
155 170 341 2147482943
216 68 123 2147482944
272 254 107 2147482945
231 104 341 2147482946
245 162 72 2147482947
25 68 88 2147482948
25 182 304 2147482949
216 182 72 2147482950
245 208 88 2147482951
130 104 74 2147482952
25 104 72 2147482953
155 104 175 2147482954
244 223 276 2147482955
25 224 72 2147482956
25 104 72 2147482957
43 104 74 2147482958
245 254 88 2147482959
47 182 341 2147482960
25 254 341 2147482961
117 224 237 2147482962
45 162 341 2147482963
231 254 341 2147482964
228 252 304 2147482965
130 104 165 2147482966
155 224 72 2147482967
216 203 72 2147482968
245 104 341 2147482969
25 224 276 2147482970
272 182 304 2147482971
245 162 72 2147482972
245 203 341 2147482973
244 104 170 2147482974
155 340 72 2147482975
245 224 74 2147482976
245 224 165 2147482977
216 224 53 2147482978
130 159 13 2147482979
216 311 243 2147482980
245 162 79 2147482981
105 68 276 2147482982
105 182 328 2147482983
130 162 304 2147482984
130 228 72 2147482985
151 182 304 2147482986
172 252 20 2147482987
155 224 72 2147482988
244 68 341 2147482989
308 104 165 2147482990
216 254 341 2147482991
216 221 230 2147482992
25 104 304 2147482993
216 181 74 2147482994
25 68 267 2147482995
90 104 72 2147482996
335 104 341 2147482997
25 182 304 2147482998
25 68 72 2147482999
228 252 276 2147483000
245 254 304 2147483001
155 254 341 2147483002
155 224 72 2147483003
155 203 104 2147483004
130 162 74 2147483005
308 104 74 2147483006
272 104 291 2147483007
244 162 72 2147483008
122 104 22 2147483009
25 46 276 2147483010
25 104 123 2147483011
39 254 341 2147483012
245 182 74 2147483013
244 162 74 2147483014
130 104 341 2147483015
228 203 304 2147483016
25 340 267 2147483017
176 104 104 2147483018
155 162 322 2147483019
25 203 72 2147483020
25 224 72 2147483021
245 104 72 2147483022
130 104 74 2147483023
245 224 72 2147483024
25 182 165 2147483025
321 218 341 2147483026
155 46 165 2147483027
245 340 304 2147483028
25 104 276 2147483029
308 252 341 2147483030
245 224 276 2147483031
299 162 304 2147483032
216 162 104 2147483033
306 201 72 2147483034
115 254 74 2147483035
25 224 165 2147483036
151 224 72 2147483037
245 162 72 2147483038
25 234 62 2147483039
25 254 341 2147483040
25 104 141 2147483041
308 104 276 2147483042
25 215 74 2147483043
244 104 276 2147483044
216 104 74 2147483045
308 162 165 2147483046
245 162 74 2147483047
216 224 88 2147483048
245 261 74 2147483049
245 104 88 2147483050
216 104 341 2147483051
130 227 72 2147483052
299 113 72 2147483053
25 254 72 2147483054
244 162 59 2147483055
245 203 65 2147483056
25 162 267 2147483057
308 162 341 2147483058
279 104 74 2147483059
216 252 72 2147483060
155 162 304 2147483061
25 162 74 2147483062
25 224 276 2147483063
25 224 308 2147483064
308 254 24 2147483065
272 203 341 2147483066
245 304 74 2147483067
244 162 341 2147483068
249 104 325 2147483069
245 224 86 2147483070
130 252 72 2147483071
25 182 88 2147483072
216 68 341 2147483073
245 166 341 2147483074
130 162 72 2147483075
216 224 165 2147483076
245 104 341 2147483077
263 252 47 2147483078
25 104 49 2147483079
130 162 341 2147483080
156 224 341 2147483081
22 254 341 2147483082
272 162 88 2147483083
130 68 246 2147483084
271 224 74 2147483085
155 162 72 2147483086
244 68 242 2147483087
357 159 341 2147483088
25 104 72 2147483089
25 120 74 2147483090
245 104 276 2147483091
231 104 337 2147483092
25 254 341 2147483093
245 224 123 2147483094
245 299 341 2147483095
0 265 341 2147483096
216 162 353 2147483097
30 346 49 2147483098
228 8 341 2147483099
244 301 74 2147483100
269 68 341 2147483101
216 192 104 2147483102
25 209 72 2147483103
245 254 72 2147483104
25 224 276 2147483105
308 254 104 2147483106
245 159 341 2147483107
245 104 72 2147483108
308 203 341 2147483109
155 203 72 2147483110
308 224 152 2147483111
130 68 72 2147483112
25 159 72 2147483113
130 10 74 2147483114
25 252 74 2147483115
216 104 72 2147483116
231 104 341 2147483117
245 239 72 2147483118
245 104 304 2147483119
245 224 165 2147483120
231 104 72 2147483121
74 162 341 2147483122
216 203 128 2147483123
245 9 199 2147483124
216 155 341 2147483125
25 68 74 2147483126
155 162 104 2147483127
245 104 74 2147483128
101 203 349 2147483129
25 193 349 2147483130
245 104 130 2147483131
25 224 74 2147483132
216 254 304 2147483133
130 104 276 2147483134
155 252 341 2147483135
245 224 276 2147483136
4 224 276 2147483137
130 219 88 2147483138
245 182 165 2147483139
130 332 104 2147483140
25 104 341 2147483141
245 104 276 2147483142
216 232 57 2147483143
168 254 72 2147483144
10 68 49 2147483145
155 162 341 2147483146
245 162 74 2147483147
308 340 104 2147483148
216 68 72 2147483149
245 104 177 2147483150
240 104 74 2147483151
25 104 304 2147483152
25 104 74 2147483153
228 252 304 2147483154
25 104 85 2147483155
244 104 341 2147483156
216 68 74 2147483157
216 104 341 2147483158
231 104 165 2147483159
245 203 235 2147483160
25 44 165 2147483161
155 143 74 2147483162
245 224 72 2147483163
155 224 123 2147483164
25 162 282 2147483165
245 224 88 2147483166
183 281 72 2147483167
272 224 72 2147483168
299 173 341 2147483169
245 340 74 2147483170
231 254 88 2147483171
272 242 72 2147483172
230 221 304 2147483173
244 252 72 2147483174
216 68 74 2147483175
155 197 72 2147483176
239 254 341 2147483177
245 159 72 2147483178
247 162 74 2147483179
245 104 74 2147483180
299 327 304 2147483181
25 224 276 2147483182
250 113 341 2147483183
245 327 72 2147483184
245 254 341 2147483185
245 252 72 2147483186
35 162 341 2147483187
245 224 74 2147483188
308 254 74 2147483189
216 221 341 2147483190
231 224 304 2147483191
231 104 72 2147483192
245 224 304 2147483193
130 104 104 2147483194
155 203 86 2147483195
130 162 114 2147483196
245 182 164 2147483197
245 159 72 2147483198
245 104 72 2147483199
245 104 74 2147483200
25 252 356 2147483201
108 104 165 2147483202
25 224 5 2147483203
228 224 72 2147483204
216 104 341 2147483205
245 281 49 2147483206
244 303 104 2147483207
25 252 72 2147483208
245 104 104 2147483209
25 182 243 2147483210
102 224 341 2147483211
105 182 341 2147483212
245 254 74 2147483213
308 104 74 2147483214
105 252 86 2147483215
244 104 153 2147483216
216 104 341 2147483217
245 31 7 2147483218
216 203 74 2147483219
68 221 304 2147483220
216 104 341 2147483221
245 59 341 2147483222
25 104 72 2147483223
339 224 326 2147483224
216 224 341 2147483225
245 101 86 2147483226
25 224 88 2147483227
245 224 341 2147483228
157 104 22 2147483229
25 221 264 2147483230
272 104 276 2147483231
231 104 65 2147483232
299 101 72 2147483233
245 104 304 2147483234
155 162 340 2147483235
245 104 10 2147483236
155 224 341 2147483237
245 104 341 2147483238
245 252 74 2147483239
25 104 72 2147483240
130 113 341 2147483241
245 162 304 2147483242
130 104 72 2147483243
25 224 104 2147483244
248 224 104 2147483245
245 224 341 2147483246
245 104 72 2147483247
245 254 74 2147483248
245 224 61 2147483249
130 254 72 2147483250
155 252 88 2147483251
155 68 49 2147483252
312 254 104 2147483253
25 162 349 2147483254
245 104 341 2147483255
130 162 341 2147483256
245 224 341 2147483257
130 207 74 2147483258
25 281 74 2147483259
245 224 86 2147483260
155 252 104 2147483261
245 224 304 2147483262
245 169 74 2147483263
97 224 72 2147483264
216 104 72 2147483265
245 341 304 2147483266
25 254 349 2147483267
263 314 304 2147483268
25 252 72 2147483269
272 68 341 2147483270
216 162 276 2147483271
58 186 341 2147483272
25 68 104 2147483273
216 104 72 2147483274
25 162 304 2147483275
338 162 72 2147483276
216 104 72 2147483277
228 159 341 2147483278
25 224 165 2147483279
25 252 0 2147483280
49 279 165 2147483281
245 172 88 2147483282
105 340 72 2147483283
155 182 341 2147483284
349 254 341 2147483285
25 104 304 2147483286
216 104 243 2147483287
245 104 276 2147483288
130 68 72 2147483289
135 162 341 2147483290
271 182 3 2147483291
231 254 74 2147483292
155 254 104 2147483293
216 252 276 2147483294
25 104 2 2147483295
25 224 304 2147483296
308 159 341 2147483297
149 104 210 2147483298
25 104 74 2147483299
245 224 74 2147483300
105 252 276 2147483301
155 340 104 2147483302
245 224 74 2147483303
245 104 160 2147483304
25 254 300 2147483305
205 252 104 2147483306
245 104 74 2147483307
25 25 72 2147483308
231 80 304 2147483309
263 68 341 2147483310
231 224 72 2147483311
130 162 276 2147483312
131 81 49 2147483313
25 224 341 2147483314
216 104 72 2147483315
245 252 72 2147483316
25 109 165 2147483317
155 162 74 2147483318
272 104 341 2147483319
42 104 104 2147483320
105 162 72 2147483321
308 252 341 2147483322
105 224 267 2147483323
216 162 341 2147483324
155 104 74 2147483325
309 179 341 2147483326
244 162 267 2147483327
155 104 74 2147483328
155 252 165 2147483329
245 254 88 2147483330
228 104 341 2147483331
216 191 86 2147483332
245 162 304 2147483333
308 254 74 2147483334
216 298 74 2147483335
216 137 355 2147483336
226 224 198 2147483337
186 162 72 2147483338
216 104 74 2147483339
245 224 165 2147483340
25 104 49 2147483341
25 104 267 2147483342
216 252 72 2147483343
244 224 215 2147483344
245 224 341 2147483345
216 252 201 2147483346
155 68 304 2147483347
231 254 341 2147483348
216 86 72 2147483349
155 104 72 2147483350
216 224 276 2147483351
191 162 245 2147483352
216 104 74 2147483353
25 104 104 2147483354
154 104 352 2147483355
216 327 341 2147483356
272 252 304 2147483357
130 252 276 2147483358
155 104 165 2147483359
245 104 74 2147483360
105 224 276 2147483361
155 104 72 2147483362
216 203 187 2147483363
216 104 341 2147483364
308 327 276 2147483365
155 203 72 2147483366
85 162 74 2147483367
231 162 304 2147483368
25 104 72 2147483369
245 182 165 2147483370
130 254 157 2147483371
272 260 341 2147483372
130 144 276 2147483373
155 254 341 2147483374
216 224 341 2147483375
216 104 304 2147483376
216 224 304 2147483377
245 254 165 2147483378
25 224 341 2147483379
263 162 72 2147483380
245 182 80 2147483381
244 252 74 2147483382
25 206 262 2147483383
245 224 341 2147483384
216 224 74 2147483385
25 104 65 2147483386
130 224 341 2147483387
322 252 165 2147483388
105 162 341 2147483389
25 68 72 2147483390
255 254 127 2147483391
244 203 88 2147483392
244 162 341 2147483393
245 224 104 2147483394
216 104 243 2147483395
25 104 276 2147483396
25 224 237 2147483397
16 114 74 2147483398
244 252 276 2147483399
184 104 72 2147483400
25 68 49 2147483401
130 101 341 2147483402
25 83 72 2147483403
308 104 74 2147483404
245 104 341 2147483405
327 254 341 2147483406
231 104 276 2147483407
244 205 341 2147483408
231 104 341 2147483409
105 224 174 2147483410
231 101 72 2147483411
130 162 74 2147483412
308 104 341 2147483413
231 162 276 2147483414
216 104 74 2147483415
105 318 290 2147483416
25 224 341 2147483417
273 203 72 2147483418
341 306 74 2147483419
237 254 304 2147483420
25 104 178 2147483421
25 104 72 2147483422
130 221 72 2147483423
245 203 72 2147483424
25 104 341 2147483425
245 252 153 2147483426
155 224 72 2147483427
245 162 304 2147483428
25 85 341 2147483429
155 162 74 2147483430
275 254 104 2147483431
155 254 276 2147483432
105 252 72 2147483433
25 266 86 2147483434
231 104 304 2147483435
33 162 72 2147483436
105 224 304 2147483437
130 326 86 2147483438
244 162 341 2147483439
216 104 72 2147483440
308 224 341 2147483441
308 104 341 2147483442
136 252 276 2147483443
155 162 341 2147483444
75 162 341 2147483445
245 224 86 2147483446
245 68 276 2147483447
25 107 72 2147483448
245 252 72 2147483449
130 2 101 2147483450
105 224 304 2147483451
25 104 250 2147483452
130 104 341 2147483453
245 340 104 2147483454
151 252 165 2147483455
105 104 86 2147483456
245 252 74 2147483457
231 182 341 2147483458
270 340 104 2147483459
245 162 104 2147483460
25 87 341 2147483461
25 104 46 2147483462
232 104 341 2147483463
130 224 74 2147483464
130 162 86 2147483465
216 224 88 2147483466
155 224 72 2147483467
245 252 72 2147483468
25 252 72 2147483469
245 254 72 2147483470
25 161 72 2147483471
244 104 347 2147483472
245 224 341 2147483473
5 46 304 2147483474
231 224 304 2147483475
130 203 88 2147483476
245 224 165 2147483477
130 190 54 2147483478
245 134 341 2147483479
245 104 74 2147483480
245 104 74 2147483481
245 354 276 2147483482
245 224 88 2147483483
11 104 349 2147483484
112 104 72 2147483485
245 252 142 2147483486
245 252 165 2147483487
231 203 176 2147483488
25 224 341 2147483489
25 203 74 2147483490
244 104 104 2147483491
155 104 227 2147483492
216 162 165 2147483493
216 224 260 2147483494
155 327 72 2147483495
155 68 304 2147483496
130 104 341 2147483497
105 203 304 2147483498
219 254 72 2147483499
216 104 304 2147483500
25 138 72 2147483501
245 336 243 2147483502
155 224 49 2147483503
216 104 74 2147483504
245 162 72 2147483505
231 104 74 2147483506
216 287 304 2147483507
245 162 72 2147483508
130 340 72 2147483509
263 224 341 2147483510
216 276 72 2147483511
25 203 165 2147483512
25 275 341 2147483513
216 224 72 2147483514
245 52 341 2147483515
25 71 72 2147483516
231 340 28 2147483517
25 224 211 2147483518
25 327 140 2147483519
245 68 86 2147483520
162 101 359 2147483521
252 203 304 2147483522
122 162 341 2147483523
123 254 165 2147483524
25 224 302 2147483525
244 79 304 2147483526
228 162 341 2147483527
245 162 304 2147483528
25 252 341 2147483529
244 104 304 2147483530
245 68 93 2147483531
160 162 104 2147483532
315 104 304 2147483533
326 104 32 2147483534
193 323 153 2147483535
216 68 49 2147483536
216 224 72 2147483537
25 104 276 2147483538
25 224 304 2147483539
216 254 104 2147483540
25 224 74 2147483541
164 274 243 2147483542
130 162 304 2147483543
25 104 104 2147483544
310 252 165 2147483545
245 203 255 2147483546
245 337 341 2147483547
231 224 72 2147483548
245 101 304 2147483549
231 159 72 2147483550
245 224 49 2147483551
25 221 341 2147483552
259 224 104 2147483553
155 104 165 2147483554
216 162 74 2147483555
245 252 276 2147483556
65 252 104 2147483557
216 224 276 2147483558
105 224 86 2147483559
245 224 276 2147483560
155 322 72 2147483561
308 224 165 2147483562
155 221 72 2147483563
187 224 74 2147483564
122 162 49 2147483565
231 104 304 2147483566
126 340 341 2147483567
216 224 165 2147483568
245 104 276 2147483569
245 162 72 2147483570
299 104 243 2147483571
231 104 165 2147483572
217 104 341 2147483573
155 162 276 2147483574
14 254 88 2147483575
31 68 165 2147483576
130 252 276 2147483577
308 164 341 2147483578
155 104 341 2147483579
289 162 236 2147483580
216 162 341 2147483581
155 68 72 2147483582
263 327 72 2147483583
25 183 341 2147483584
245 162 72 2147483585
245 252 310 2147483586
245 224 304 2147483587
155 252 88 2147483588
79 70 65 2147483589
180 104 304 2147483590
245 162 72 2147483591
155 224 304 2147483592
25 68 147 2147483593
130 224 72 2147483594
228 68 276 2147483595
25 254 341 2147483596
343 252 341 2147483597
245 327 276 2147483598
130 162 159 2147483599
25 281 276 2147483600
197 104 109 2147483601
228 252 341 2147483602
216 203 49 2147483603
244 104 86 2147483604
25 104 72 2147483605
245 104 88 2147483606
159 224 104 2147483607
185 182 276 2147483608
1 224 341 2147483609
130 104 74 2147483610
155 224 74 2147483611
244 182 72 2147483612
25 162 165 2147483613
278 353 165 2147483614
245 182 316 2147483615
155 224 74 2147483616
245 324 304 2147483617
244 254 341 2147483618
245 182 72 2147483619
216 162 276 2147483620
245 68 341 2147483621
245 236 341 2147483622
245 309 72 2147483623
122 224 74 2147483624
245 224 72 2147483625
244 224 153 2147483626
231 182 72 2147483627
216 252 34 2147483628
216 224 341 2147483629
245 203 341 2147483630
25 203 341 2147483631
130 224 341 2147483632
216 224 341 2147483633
130 159 49 2147483634
245 182 276 2147483635
352 310 258 2147483636
155 104 341 2147483637
308 68 341 2147483638
25 162 74 2147483639
245 104 341 2147483640
88 182 265 2147483641
216 252 341 2147483642
130 104 305 2147483643
245 162 341 2147483644
25 224 307 2147483645
25 327 276 2147483646
25 104 72 2147483647
