100
7 3
1 1 1 0 0 0 0
5 1
1 0 1 0 1
99 8
1 1 0 1 0 0 0 1 1 1 0 1 0 1 1 1 1 1 1 0 1 0 1 0 1 1 1 1 0 0 0 0 1 0 0 0 0 1 0 0 0 0 1 0 1 0 1 1 1 0 1 1 0 0 1 0 0 0 0 1 0 1 1 1 1 1 1 1 1 0 1 0 1 1 0 0 0 1 1 0 1 0 0 0 1 1 1 0 0 1 1 1 1 1 1 0 1 0 1
94 4
1 1 0 0 1 0 0 1 1 1 0 1 0 1 0 0 0 0 1 1 1 1 1 0 1 0 1 0 0 0 1 0 0 1 1 1 1 1 0 0 1 1 1 0 0 0 0 0 0 1 1 0 0 0 0 1 0 1 1 0 0 0 1 1 0 1 0 0 1 1 1 1 1 1 0 0 0 1 0 0 0 0 1 1 0 0 0 1 0 1 0 0 1 0
91 15
1 0 0 1 0 1 0 0 0 1 1 0 0 1 1 0 1 1 0 0 1 0 0 0 1 1 0 1 1 1 1 0 0 1 1 0 0 0 0 1 0 1 0 0 0 0 1 0 1 1 1 0 1 1 1 1 0 0 1 0 1 0 0 0 1 1 1 0 1 0 1 0 1 0 0 1 0 0 1 0 0 1 0 0 0 1 0 1 0 1 1
90 13
1 1 0 1 1 1 1 1 1 1 1 1 1 1 1 1 1 1 1 0 1 1 1 0 1 0 1 1 0 1 1 1 0 0 1 1 1 0 1 1 0 1 1 1 1 1 1 1 1 1 1 1 1 1 0 1 1 1 1 1 0 1 0 1 1 0 1 1 1 0 1 1 1 1 1 1 1 1 1 1 1 1 1 1 1 1 0 0 1 1
96 14
0 1 1 0 1 1 1 0 0 1 1 1 0 0 0 1 0 1 1 0 1 0 0 1 1 0 1 0 0 0 1 0 0 1 0 0 0 1 0 1 1 0 1 0 0 1 1 0 1 1 0 1 0 1 1 1 0 1 1 1 0 0 1 1 0 1 0 0 0 0 1 1 0 0 1 1 0 0 0 0 1 0 0 1 1 0 0 0 0 0 1 1 1 1 1 1
92 14
0 1 1 1 1 1 1 0 0 1 0 0 0 1 1 0 0 0 0 1 1 0 0 0 1 1 0 1 1 0 1 1 1 1 0 1 1 1 0 0 1 0 0 0 1 1 1 0 1 0 0 0 0 0 0 1 0 0 0 1 0 1 1 1 1 1 0 0 1 1 1 1 0 1 0 1 0 1 1 0 1 0 1 0 0 1 1 1 0 0 0 0
97 12
1 1 0 0 0 0 0 1 0 0 1 0 0 1 1 0 0 1 0 1 1 1 0 0 1 0 0 1 0 1 0 0 0 0 0 0 1 0 0 1 0 1 1 0 1 1 1 1 0 0 1 0 0 0 1 0 1 0 0 0 1 1 0 1 1 0 1 0 1 0 0 0 1 1 0 1 1 1 0 1 0 1 0 1 0 1 1 0 1 1 0 1 1 1 1 0 1
97 12
0 1 0 0 0 0 0 0 0 0 1 0 1 0 1 1 1 0 0 1 0 0 1 1 0 0 1 1 0 0 0 1 0 0 1 0 1 1 1 1 0 0 0 1 0 0 0 0 0 0 1 1 0 1 0 1 0 0 1 1 1 1 0 0 1 0 1 0 1 0 0 1 0 0 1 1 0 0 0 1 0 1 0 0 1 1 1 1 0 1 1 1 1 0 0 0 0
90 12
1 1 1 1 1 1 1 1 1 1 0 1 1 1 1 1 1 1 1 1 1 0 0 1 1 1 1 1 1 0 1 1 1 1 1 1 1 1 1 1 1 1 1 1 1 1 1 1 1 1 1 1 1 0 1 1 0 1 0 1 1 1 1 0 1 1 1 1 1 1 1 1 1 1 1 1 1 1 0 1 0 1 0 1 1 1 0 1 1 1
91 1
1 0 1 1 0 1 0 1 1 0 0 0 1 0 0 1 1 1 1 1 0 1 0 0 0 0 0 0 1 1 1 1 1 1 1 0 0 0 0 0 0 1 0 0 0 0 0 0 0 0 0 0 0 1 1 1 1 1 1 1 1 1 0 0 0 0 1 0 1 0 0 0 1 0 1 0 0 1 0 0 1 1 0 0 1 0 0 1 0 1 1
8 5
1 0 1 0 0 0 1 0
60 9
0 1 1 1 1 0 1 1 1 0 0 1 1 1 0 1 1 1 1 0 1 1 0 0 1 1 0 1 1 1 0 0 0 1 1 1 1 0 1 0 0 1 1 1 0 1 0 1 0 1 0 1 0 1 0 1 1 1 1 1
7 6
1 0 1 0 0 0 1
93 15
1 0 1 1 1 1 0 0 1 1 0 1 1 0 1 0 1 1 1 1 1 1 1 1 1 0 0 1 1 1 1 1 1 0 1 1 1 1 0 1 1 0 0 1 1 1 1 0 1 1 1 0 1 1 0 1 1 1 1 1 1 1 1 0 1 1 1 1 1 1 1 1 1 1 1 1 1 0 1 1 1 1 1 1 1 1 1 1 1 1 1 1 1
94 14
0 0 1 0 0 0 0 0 0 1 0 1 0 0 0 0 1 1 1 0 0 0 1 1 0 0 0 0 0 0 1 1 0 0 1 0 1 0 0 1 1 1 1 0 1 0 0 1 1 1 1 0 0 0 1 0 1 0 0 0 1 1 1 1 1 0 0 1 0 0 1 1 1 0 0 1 1 0 0 1 0 0 0 0 1 0 1 0 1 1 0 0 0 0
90 1
0 0 1 1 0 0 1 0 1 1 1 0 0 1 0 1 0 0 1 1 1 0 1 0 1 0 0 0 0 1 0 0 1 1 0 1 1 0 1 0 1 0 1 0 1 1 0 1 1 0 0 0 1 1 1 0 1 0 0 0 1 0 1 0 0 0 1 1 0 0 1 0 0 1 0 0 1 0 0 1 1 0 0 1 0 1 1 1 1 1
3 1
0 0 0
96 3
0 0 0 0 0 1 1 1 0 1 0 0 1 0 1 0 1 0 1 1 0 1 1 1 1 1 1 1 1 0 0 1 1 1 0 0 1 0 0 0 0 1 0 1 1 1 1 1 1 0 1 0 1 1 0 0 1 1 1 1 1 1 1 0 0 0 0 0 0 1 0 1 0 1 0 1 1 1 1 0 1 0 1 0 1 0 0 0 0 0 0 0 1 1 0 1
79 5
1 0 1 0 1 1 0 1 1 1 1 1 0 1 1 1 1 1 0 0 1 1 1 1 1 1 1 1 1 1 0 1 1 1 1 1 1 0 1 1 1 1 1 1 0 1 1 1 0 0 1 1 0 1 1 1 1 1 0 1 1 1 1 0 0 1 1 1 0 0 0 1 1 1 1 1 1 1 1
100 0
1 0 1 1 0 1 1 0 0 1 0 1 1 1 1 0 1 1 0 0 1 0 0 0 1 0 1 1 0 0 0 0 0 1 0 1 0 0 1 1 0 1 1 0 1 0 0 0 1 0 0 0 1 1 0 1 1 1 1 1 1 1 0 0 1 0 0 1 1 0 1 0 1 1 0 0 0 1 0 0 0 1 0 1 0 0 0 0 0 1 0 1 1 0 1 0 1 0 0 0
100 4
1 0 1 0 0 0 1 0 1 0 0 0 0 0 1 1 0 1 1 0 0 0 1 1 0 1 0 1 1 1 0 0 1 0 0 1 0 1 1 0 1 0 0 0 0 1 0 0 1 1 0 1 1 0 1 1 1 1 1 1 1 0 1 1 0 0 0 1 1 0 0 1 0 1 1 0 1 0 0 0 1 0 1 1 1 1 1 0 0 0 0 1 1 1 1 0 0 0 1 0
96 13
1 0 1 1 1 0 0 0 0 0 1 0 1 0 0 0 1 1 0 0 0 1 0 1 0 1 1 0 1 0 1 0 1 0 1 1 0 1 1 0 0 1 1 0 1 1 1 0 0 0 0 0 1 0 1 1 0 1 0 1 1 0 1 0 1 1 0 0 1 1 1 1 0 1 0 1 0 0 0 1 0 1 1 1 0 1 0 0 1 0 1 0 1 0 0 0
98 3
1 1 0 0 1 1 0 0 0 1 1 1 0 1 1 1 0 0 0 0 0 1 0 1 0 0 1 0 0 1 0 0 1 0 0 1 1 0 0 0 1 1 0 1 0 1 0 1 0 0 0 1 1 0 1 1 0 0 0 1 1 0 1 1 0 1 1 0 1 0 1 0 1 0 1 1 0 1 1 0 1 0 0 1 0 0 1 0 0 0 1 1 1 1 1 1 0 0
5 1
0 0 1 0 0
9 4
0 1 0 1 0 1 1 1 0
1 3
0
4 8
1 1 0 1
2 9
1 0
53 6
0 0 1 1 0 1 1 1 0 1 1 1 1 0 1 1 1 1 0 1 0 1 1 1 0 0 1 0 1 1 0 1 1 0 1 1 0 0 0 0 1 1 1 1 1 0 0 0 1 1 1 0 1
7 8
1 1 1 0 1 0 0
63 10
1 0 1 1 1 1 1 1 1 0 1 1 0 1 1 1 1 0 1 1 1 1 1 1 1 1 1 1 1 1 1 1 1 0 1 1 1 1 1 1 1 1 1 1 1 1 1 1 1 1 0 1 1 1 1 1 1 0 1 1 1 1 1
93 1
0 1 1 0 1 1 1 1 1 1 1 0 1 1 1 1 1 1 1 0 0 1 0 1 1 1 1 1 1 1 0 1 1 0 1 1 1 0 1 1 1 1 1 1 1 0 1 1 0 1 1 1 1 1 1 0 1 1 0 1 1 1 1 1 0 1 1 1 1 1 1 1 1 1 1 1 1 1 1 1 1 1 1 1 1 1 1 1 1 1 1 1 1
90 4
1 0 1 0 0 0 1 1 0 0 1 0 1 0 0 0 1 1 1 1 1 1 0 1 1 1 0 1 1 1 1 0 1 1 0 0 0 1 0 1 1 1 0 0 0 0 1 1 0 1 0 0 1 1 0 0 1 1 1 1 1 1 0 1 1 1 1 1 0 0 0 0 0 0 1 1 1 1 1 0 0 0 1 0 1 1 0 0 0 1
88 5
1 1 0 1 1 1 0 1 0 0 1 1 1 0 0 0 0 0 0 1 1 1 0 1 0 1 1 1 0 1 1 1 1 1 1 1 0 1 1 1 1 1 0 0 0 0 1 0 0 0 0 1 0 1 1 1 1 0 0 1 0 1 1 0 0 0 0 1 1 1 1 1 1 0 0 0 0 1 1 0 1 0 0 1 0 1 1 1
92 12
1 0 0 1 0 0 0 0 0 0 0 0 1 1 1 0 1 1 0 0 0 1 1 1 1 0 1 0 0 1 1 0 0 0 1 1 0 1 1 1 0 0 1 1 0 1 1 0 0 0 0 1 0 1 0 1 0 1 0 0 1 0 0 0 0 0 1 1 0 1 0 0 1 0 1 0 0 0 0 1 1 1 0 0 0 1 0 0 1 0 0 0
93 12
1 1 0 1 0 0 0 1 0 0 0 0 0 0 1 1 0 0 1 0 1 0 0 0 1 1 1 1 1 0 0 0 1 0 1 1 0 1 0 1 1 0 0 1 1 0 1 0 1 0 1 1 0 1 1 1 0 1 0 0 0 0 1 0 0 0 1 1 0 1 0 1 1 0 1 0 0 0 1 1 1 0 1 1 0 0 1 0 1 0 0 0 0
60 15
0 0 1 0 1 0 0 0 1 1 0 0 1 0 0 0 1 1 0 1 0 0 1 1 0 1 0 1 0 1 1 0 1 1 0 0 0 0 1 1 0 1 1 0 1 1 0 1 1 1 0 1 1 0 0 0 0 0 1 1
90 15
1 1 1 0 1 0 0 1 1 0 1 0 0 0 0 1 1 1 1 0 0 0 1 1 0 1 1 0 0 0 1 0 1 1 1 0 1 1 1 0 0 0 1 0 0 1 0 0 0 1 1 1 1 0 0 1 1 0 1 0 1 0 0 0 1 0 0 0 0 0 1 1 0 0 0 1 0 1 1 0 0 1 0 1 1 0 1 1 1 0
56 3
1 0 1 1 0 0 1 1 1 0 0 1 0 1 0 1 0 0 1 1 0 1 0 0 0 0 0 1 0 0 0 0 0 1 0 0 1 0 1 1 1 1 1 0 0 0 1 1 1 0 1 0 0 0 1 0
6 0
0 0 1 0 1 0
99 0
1 1 1 1 1 1 1 0 1 1 1 1 1 1 0 1 1 0 1 1 1 1 1 1 1 0 1 1 1 1 1 1 1 1 1 1 1 1 0 1 1 1 1 1 1 1 1 1 1 1 1 1 1 0 1 1 1 1 1 1 1 1 1 0 1 1 1 1 0 1 1 1 1 1 1 1 1 1 1 1 1 1 1 1 1 1 1 1 1 0 1 1 1 1 1 1 1 1 1
100 3
0 0 1 1 0 0 1 0 1 1 1 1 0 0 0 1 1 0 0 1 1 1 1 1 0 1 1 0 1 1 1 1 0 1 1 0 0 1 0 0 0 1 0 1 0 0 0 0 1 1 0 0 0 0 1 0 0 0 1 1 0 1 1 1 1 1 1 1 0 0 1 0 0 1 1 1 0 1 1 1 1 1 0 1 0 0 1 1 0 0 0 1 0 0 0 0 1 0 0 1
96 14
0 1 0 1 0 1 1 0 1 1 0 1 1 0 1 1 1 1 0 1 1 1 0 0 1 1 1 0 1 1 0 1 0 0 0 1 0 1 0 1 0 1 0 0 0 1 1 0 0 0 0 1 1 0 1 1 1 1 0 1 0 1 0 1 0 1 0 0 1 1 1 0 1 1 1 1 1 0 0 0 1 1 0 0 0 1 0 1 1 0 0 1 1 1 0 1
88 3
1 0 1 1 1 1 1 1 1 1 1 1 1 1 1 0 1 1 1 1 1 1 1 0 1 1 1 1 1 1 1 0 1 1 1 1 1 1 1 1 1 1 1 1 1 1 1 1 1 1 1 1 0 1 0 1 0 1 1 1 1 1 1 1 1 1 1 0 1 1 1 1 1 1 0 1 1 1 1 1 1 1 1 0 1 0 1 1
5 3
1 1 1 1 1
63 5
1 1 0 1 1 0 0 0 0 1 1 0 1 0 1 0 0 0 0 0 0 0 1 0 1 1 1 1 0 1 0 1 1 1 0 1 1 1 1 0 1 1 1 1 0 1 1 1 1 0 0 1 0 1 1 0 0 0 0 1 0 1 0
91 4
0 0 0 0 1 1 1 1 0 0 1 1 1 1 0 0 1 1 0 1 0 1 0 1 1 0 0 1 0 0 0 0 1 1 0 0 0 0 0 1 1 1 1 1 1 0 0 1 0 1 1 0 0 1 1 0 1 1 0 1 1 0 1 0 0 1 0 0 0 0 0 1 1 0 1 1 1 1 1 0 1 0 1 0 0 1 0 1 0 1 1
65 6
1 0 1 0 1 1 1 1 0 0 1 1 0 0 0 1 1 1 1 1 1 0 1 0 1 1 1 0 0 0 1 0 0 0 0 0 0 0 1 1 0 0 0 0 0 1 0 0 0 0 1 0 1 1 0 0 1 1 0 1 0 1 0 0 1
4 14
1 0 1 1
97 14
1 1 1 1 1 1 1 1 0 1 1 1 1 1 1 1 0 1 1 1 1 0 1 1 1 1 0 1 0 0 1 0 1 1 1 1 1 1 1 1 1 1 1 1 1 0 1 1 1 1 1 1 1 1 0 1 1 1 0 0 1 1 1 0 1 1 1 1 0 1 1 1 1 1 0 1 0 1 1 0 1 1 1 1 1 1 1 1 1 1 1 0 1 1 1 1 0
98 3
1 1 0 1 1 0 0 1 0 1 0 0 0 1 0 1 1 1 1 0 0 1 1 0 1 0 0 1 0 1 1 1 1 0 1 1 1 1 1 0 0 1 1 1 0 0 0 0 1 1 0 0 0 0 0 0 0 1 0 0 1 0 1 1 0 1 1 1 1 1 1 0 1 0 0 1 0 1 1 0 0 1 0 1 1 0 0 0 1 0 1 1 0 0 0 1 0 1
96 4
1 0 1 0 1 1 1 0 1 0 1 1 1 0 1 0 1 0 0 0 1 1 0 0 1 0 0 1 0 0 1 1 0 0 1 1 1 1 0 0 1 1 0 0 1 1 1 0 0 1 1 0 1 1 1 0 1 0 0 1 0 1 0 0 0 0 1 0 1 1 1 0 1 1 1 1 0 0 0 1 1 0 0 1 1 0 1 1 0 0 1 0 1 0 0 0
97 1
1 1 0 1 1 1 1 0 1 1 1 1 1 1 1 1 1 0 1 1 1 1 0 1 0 1 1 1 0 1 1 1 1 1 1 0 1 1 0 1 1 0 1 0 0 1 0 1 1 1 0 0 1 0 1 1 1 1 1 1 1 1 1 1 1 1 1 1 0 1 0 1 1 1 1 1 1 1 0 1 1 1 0 1 1 1 0 1 1 1 0 1 1 1 1 0 0
94 5
1 1 1 1 1 1 1 1 1 1 1 1 0 1 1 1 1 1 0 1 1 0 1 0 1 1 1 1 1 1 1 1 1 1 1 1 1 0 1 1 1 1 1 0 1 1 0 1 1 1 0 1 0 0 1 1 1 0 1 0 1 1 0 1 1 1 0 1 1 1 0 0 0 1 1 1 1 1 0 0 1 1 1 1 1 1 1 1 1 0 0 1 1 1
93 14
0 1 0 1 0 1 1 1 1 1 1 1 1 1 0 1 0 0 1 1 0 1 0 1 1 0 1 0 0 1 1 0 1 1 0 0 1 1 0 0 0 0 1 0 1 1 0 0 0 0 0 1 0 1 1 1 0 0 0 1 0 1 1 1 1 0 1 1 0 1 1 1 1 1 0 0 1 0 1 0 0 1 1 0 0 1 0 0 1 0 1 0 1
99 13
1 1 1 1 1 0 1 1 1 1 1 1 1 1 0 1 0 1 1 1 1 1 1 0 1 1 1 1 1 1 0 1 1 0 1 1 1 1 1 1 1 1 1 1 1 1 1 1 1 1 0 1 1 0 1 0 1 1 1 1 0 1 1 1 1 1 1 1 1 1 1 1 1 1 1 1 1 0 1 1 1 1 1 1 0 1 0 1 1 1 1 1 0 1 1 1 0 1 0
94 15
1 0 1 1 0 1 0 1 0 1 1 1 1 1 1 0 1 1 1 1 1 1 1 0 1 1 0 1 0 1 1 1 0 0 1 1 0 0 1 1 1 1 0 1 0 1 1 0 0 0 0 0 1 0 0 0 1 0 0 0 1 1 1 0 1 0 1 1 1 0 0 0 1 0 0 0 0 1 0 1 1 0 0 1 0 0 1 1 0 0 1 0 0 0
97 2
0 1 1 0 1 1 1 0 0 1 0 0 1 1 0 0 1 1 0 0 1 1 0 1 0 1 0 1 1 1 0 0 0 1 0 1 1 1 1 1 1 0 1 0 1 0 1 0 0 0 0 0 1 1 0 0 1 0 0 1 0 0 1 1 0 1 1 0 0 0 1 1 1 1 0 1 1 1 0 1 1 1 1 0 1 1 0 1 1 0 0 1 1 0 1 0 1
97 13
1 0 1 0 1 1 1 1 1 1 0 1 0 1 1 0 1 1 1 1 1 1 1 1 1 0 1 1 1 1 1 0 1 0 0 1 1 0 1 1 1 1 1 1 0 0 1 1 1 0 1 1 0 1 1 1 1 1 1 0 1 1 1 1 1 0 1 1 1 1 0 0 0 1 1 1 1 1 1 0 1 0 1 1 1 0 1 1 1 1 1 0 1 1 1 1 1
91 0
0 0 1 1 1 1 0 1 0 1 0 1 1 0 0 0 1 1 0 1 1 1 1 0 0 1 1 1 1 0 1 0 1 0 0 0 0 0 0 1 0 0 1 1 0 0 0 1 1 1 0 1 1 1 1 0 1 0 1 0 1 0 0 1 1 1 0 1 1 0 1 0 0 1 0 0 0 1 1 0 0 1 0 0 1 0 0 0 1 1 0
97 11
0 0 1 0 0 0 0 1 1 0 1 0 0 1 0 1 0 1 1 0 1 0 0 0 0 1 0 0 0 1 1 1 0 0 0 1 0 0 1 1 1 1 0 0 1 1 1 0 1 0 1 1 0 0 1 0 1 1 0 1 0 1 0 1 0 0 0 1 0 0 1 1 1 1 0 1 1 0 0 1 0 0 0 0 1 0 1 0 0 1 1 0 1 1 0 0 1
9 3
1 0 1 0 1 0 0 0 1
9 13
1 1 0 1 0 1 1 1 1
94 4
1 1 1 0 0 1 1 1 0 0 1 0 0 0 1 0 0 0 1 0 1 0 0 0 1 0 1 0 0 0 0 1 0 1 1 1 1 0 0 0 1 1 1 1 0 0 0 1 1 1 0 1 0 0 1 1 1 1 0 1 0 0 1 1 0 0 0 0 0 0 1 0 0 0 0 1 1 1 1 0 1 1 1 0 1 1 0 1 1 0 1 1 1 0
6 7
1 1 1 1 1 1
94 13
0 0 1 1 0 1 1 0 1 1 1 0 0 0 0 0 1 0 0 1 0 0 0 1 0 0 0 0 1 0 0 0 1 0 1 0 0 0 0 1 1 1 1 1 0 1 1 0 0 1 0 0 0 0 1 0 1 1 0 0 0 0 1 1 1 1 0 1 1 1 0 0 1 0 0 1 0 1 1 0 0 1 0 1 1 0 0 1 0 1 0 0 1 1
7 12
1 1 0 1 0 1 1
47 8
0 0 0 0 1 1 0 0 1 0 1 1 0 1 1 0 1 0 0 0 0 0 1 1 1 0 0 0 1 0 0 1 0 1 0 1 0 0 0 1 1 1 0 0 1 1 1
97 4
0 1 0 1 0 1 1 0 1 0 0 0 1 1 1 1 0 0 1 1 1 1 0 0 1 1 1 1 0 1 0 1 1 0 1 1 0 1 0 1 1 0 0 1 1 0 0 1 0 1 0 1 1 1 0 1 1 1 0 1 0 0 0 0 1 0 1 1 0 1 0 1 0 1 0 1 1 1 1 1 0 1 1 1 0 0 0 1 1 0 1 0 0 0 1 1 0
100 12
0 0 1 0 1 1 1 1 0 1 1 0 0 1 0 1 0 0 1 0 1 0 0 0 0 0 1 0 0 1 1 1 1 0 0 1 0 1 0 0 0 0 1 0 0 1 0 1 0 0 0 1 0 1 1 1 1 0 0 0 1 0 1 1 1 1 0 1 1 0 0 1 0 0 1 1 1 0 1 0 1 0 1 0 1 0 1 0 0 0 0 0 1 1 1 0 1 0 1 1
10 11
1 0 1 1 0 1 1 0 1 0
93 13
1 1 1 0 1 0 1 1 1 1 0 0 1 0 1 0 1 1 0 1 0 0 1 1 1 1 1 0 1 1 0 1 1 1 1 0 1 1 0 0 0 0 0 1 0 0 0 0 1 1 0 1 0 0 0 0 1 1 0 0 0 0 0 1 1 1 0 1 0 1 1 1 1 1 0 1 1 1 1 0 0 0 1 0 1 0 0 1 1 1 0 1 1
98 13
1 1 1 1 1 1 1 1 1 1 1 1 1 1 0 1 1 1 1 0 0 1 1 1 1 1 1 1 1 1 0 1 1 0 1 1 1 0 1 1 1 1 1 1 1 1 1 1 1 1 1 0 1 1 1 1 1 1 1 1 1 1 1 0 1 1 1 1 1 1 1 1 1 1 0 1 1 1 1 0 0 1 0 1 1 1 1 1 1 1 1 1 1 1 1 0 1 0
97 1
1 0 1 0 1 1 1 0 0 1 1 1 0 0 1 1 1 1 1 0 0 0 0 1 1 1 0 0 1 1 1 1 1 0 1 1 1 0 0 0 1 0 1 1 0 0 1 0 1 1 1 0 1 1 1 1 0 1 0 0 0 0 1 1 0 0 0 0 0 1 0 0 1 1 0 1 1 1 0 0 0 0 0 0 0 1 1 1 0 0 1 1 1 1 0 1 1
91 12
0 0 1 1 0 0 0 0 1 1 1 0 0 1 1 0 0 1 1 0 1 0 1 1 0 0 1 0 1 1 0 0 0 1 1 0 1 1 1 1 0 0 0 0 1 1 1 0 0 1 1 0 1 0 0 0 0 0 0 1 1 1 1 1 0 0 1 1 0 0 1 1 1 0 0 1 0 0 1 1 1 0 1 1 0 0 1 1 0 1 1
97 13
1 1 1 1 1 1 1 1 0 1 1 0 1 1 1 1 1 1 1 0 1 0 0 1 1 1 1 1 0 1 1 1 1 1 1 1 1 1 1 1 1 1 1 1 1 1 1 1 1 1 0 0 1 1 1 1 1 1 1 1 1 1 1 0 1 0 1 1 1 1 1 0 1 1 1 0 1 1 1 1 1 1 1 0 1 1 0 0 1 1 1 1 1 1 1 1 1
58 3
1 1 0 0 0 0 1 1 1 1 0 1 1 0 1 1 1 1 0 1 0 1 0 0 1 0 0 1 1 1 0 1 0 0 1 0 1 0 0 1 0 1 1 1 1 0 0 0 0 1 0 1 1 1 1 0 0 1
3 8
0 1 1
22 10
0 1 1 0 1 0 1 1 1 1 1 1 1 1 1 1 1 1 1 1 1 1
8 12
1 0 1 1 0 1 0 1
91 13
1 1 1 1 1 1 1 1 1 1 1 1 0 1 1 1 0 0 1 1 0 1 1 1 1 1 1 1 1 1 1 1 1 1 1 1 0 1 1 1 1 1 1 1 1 1 1 1 1 1 1 1 1 1 1 0 1 1 1 1 1 1 1 1 1 1 1 1 0 1 1 1 1 1 0 1 1 1 1 1 0 1 0 0 1 1 1 0 1 1 1
100 14
1 0 0 0 0 1 0 0 0 1 0 0 0 0 0 0 1 1 0 0 0 1 1 0 0 1 0 1 1 1 1 1 1 0 0 1 0 1 0 1 1 1 0 1 0 1 0 1 1 0 1 1 0 1 0 0 1 1 1 0 0 0 1 0 0 0 0 1 1 0 0 0 1 1 0 0 0 0 0 1 0 1 0 0 0 1 0 0 1 0 0 0 0 1 1 0 0 0 1 1
80 8
0 1 1 0 0 0 0 1 1 1 1 1 0 0 1 1 1 1 1 1 0 0 1 1 1 1 0 0 1 0 0 0 1 0 0 1 0 1 0 0 1 0 0 1 0 1 1 0 0 1 1 1 0 0 0 1 0 0 1 0 1 1 1 0 1 0 1 1 0 0 1 1 1 0 1 1 0 0 0 1
96 13
0 1 1 0 0 0 1 1 0 0 1 0 0 1 1 0 1 1 1 0 1 0 0 0 1 0 0 1 0 0 0 1 1 0 1 0 1 0 1 1 1 1 1 0 1 0 1 1 1 1 1 0 0 1 0 0 0 0 1 1 1 0 1 1 1 1 0 0 0 1 0 0 1 0 1 0 0 0 0 1 0 1 1 0 1 1 0 0 1 1 0 1 1 0 0 1
43 11
0 1 0 1 1 1 1 1 1 0 1 1 1 1 0 1 1 1 1 1 1 1 0 0 1 1 1 1 1 1 1 1 1 1 1 1 1 1 1 1 1 1 1
91 3
1 1 1 1 1 0 1 1 1 1 1 1 1 1 0 1 1 1 1 0 1 1 1 1 0 0 1 0 1 1 1 1 1 0 1 1 1 1 0 1 0 1 1 1 1 1 1 1 1 0 0 1 1 1 1 1 1 1 1 1 1 1 1 1 1 1 1 1 1 1 1 1 1 0 1 1 1 0 1 1 1 1 1 1 1 1 1 1 1 1 1
98 13
0 0 0 1 0 0 0 0 0 1 1 0 0 1 0 1 1 0 1 0 0 1 1 1 1 0 1 0 0 1 1 0 0 1 1 0 1 0 1 1 1 1 1 0 1 1 1 1 0 1 0 1 0 0 1 1 0 0 1 0 1 1 0 0 1 0 0 0 1 0 0 1 1 0 0 0 0 0 0 0 0 0 0 1 0 1 0 1 1 1 0 1 1 0 0 0 0 0
4 4
0 0 1 0
92 4
0 0 1 0 1 1 0 0 1 1 1 1 0 0 1 0 1 0 0 0 0 0 0 0 1 0 1 1 0 1 1 1 0 1 0 1 1 0 1 1 1 0 1 0 1 1 1 1 0 1 0 0 1 1 1 1 0 1 1 0 0 1 0 1 0 1 0 1 0 1 1 0 1 1 1 1 1 1 0 0 1 1 0 0 0 1 0 0 0 1 1 1
99 12
0 1 1 0 1 1 0 1 0 1 0 0 0 0 0 0 1 1 0 0 1 1 1 1 1 0 1 1 1 1 0 0 0 0 1 1 0 1 0 1 0 0 0 0 1 1 1 0 1 0 1 1 1 1 0 0 1 1 0 0 0 1 0 0 1 1 0 1 1 0 0 1 1 0 0 0 0 0 1 0 1 1 1 0 0 0 0 0 0 1 1 1 1 0 1 1 1 0 0
90 4
0 0 0 0 1 1 0 0 1 0 1 0 1 0 1 1 0 1 0 1 1 1 0 1 0 1 1 1 1 1 1 1 1 0 1 1 0 1 1 0 0 0 1 1 1 1 0 0 0 1 0 0 0 0 0 1 0 0 1 1 1 0 0 1 1 1 0 0 0 0 0 1 0 1 0 1 1 1 1 1 0 0 0 0 0 0 0 0 0 1
98 14
0 0 0 0 1 1 1 0 0 0 1 1 0 0 1 0 1 1 1 1 0 0 0 0 1 1 1 0 1 0 0 1 1 0 0 0 1 1 0 0 0 1 1 1 1 0 0 1 1 0 0 1 0 0 1 1 0 0 1 0 0 1 0 0 0 1 0 1 0 0 1 1 1 0 1 1 0 1 0 0 0 0 1 0 0 0 0 1 1 0 1 0 1 0 0 1 0 0
100 13
1 1 1 0 0 1 1 0 0 0 1 1 0 0 1 0 1 1 0 0 1 1 0 1 1 0 0 1 0 1 0 0 0 0 1 1 0 1 0 1 1 1 1 1 1 0 1 1 1 0 0 1 0 0 0 1 1 0 0 0 1 0 0 1 1 0 0 0 0 1 0 1 0 1 0 1 0 0 1 1 0 1 0 1 0 0 1 0 0 0 0 0 0 0 1 1 0 1 0 0
100 14
0 0 1 0 0 0 0 0 0 0 0 0 1 1 0 1 1 1 1 0 1 0 1 0 0 1 1 0 0 0 1 1 0 0 0 0 1 0 1 1 1 1 0 1 1 0 1 1 1 0 0 0 1 0 1 1 0 0 0 0 0 1 1 0 0 0 0 0 0 0 1 0 1 0 0 1 0 1 1 1 0 1 0 0 1 0 1 1 1 1 1 0 0 0 1 1 0 0 1 0
28 8
1 1 1 1 0 1 1 1 1 1 0 1 0 1 1 1 1 1 0 1 0 1 1 0 1 1 1 1
9 3
0 0 0 1 0 0 1 1 1
6 2
1 0 1 1 1 1
4 9
0 0 0 1
