100 5
10010
00111
11100
01100
11010
01110
11111
11101
11000
01110
00011
00001
11110
10011
10001
11011
00010
11000
10000
01101
10101
00010
11100
11000
01000
01000
00110
10011
10100
01100
10011
01000
01110
00110
00011
10111
10001
10110
11000
00101
11010
01100
11011
11011
11010
10111
01010
10010
00111
01100
01101
00110
01110
01011
11110
00101
00010
01101
10001
00110
11111
10101
11011
00000
01100
10101
11011
11011
11110
00010
11110
10001
10111
11000
10111
11111
11000
01110
11000
00111
01101
01110
11001
10011
00101
01001
10110
00011
00011
10111
10010
01000
10110
11011
00100
00011
01100
11000
01000
01010
