981 20
11000111000011101101
00101101011110011100
11001101000001011110
10001110100000001011
11010111110010111010
10000011000101000010
01001010001111101100
00111101100111101100
10111111101111111101
10000111000011100101
01110100000110010111
10111000010011000010
00001001110010110110
11101101001011101111
01010001101001100011
10101111000001111101
01111101001010000101
11010110010010110011
01101001001001111101
01000100000000110111
11010011010010011000
00100011111010100001
00110010011110111110
11000100000010111000
10111100011111011001
00100110001101011100
10010111111010010000
11001011000100010011
01010111000000110100
00001110001001110001
01000101000010001001
10110011100011000111
00100100110000010011
10101010100011010000
01111100110011001101
11110000111010100100
11101000010110110010
00001001111101010111
00110011000010111010
00101000000110110000
10001110000001001001
01011111000101100010
10001100010100001010
01000000001011111111
10001101101110111100
00111101111101101000
11101111001010111101
11110110010011111011
11100100010000100111
10110001100111011110
01001001010011010011
01001111001010111111
01001010100010000000
01111011000010010010
10101000101001011000
11110001111100111001
01000010101111000001
01111111001111000100
11000110000110100110
00110100011111110101
01110110100001001101
10100000100101101111
10011111111101001001
01001001001001011110
01011010010110000000
00011100110001100010
01000101110111111001
10001110001011110010
00010011010010001100
01110110001100111111
10100001001100111010
01011100110011000011
00010110101011000010
11101101011010110101
00111100111001000011
10011000110010000001
11001110011000100011
11001100001111111110
00010001101000000110
01011001000100010101
00000011101011011111
01011000000111010100
10110001101110100101
01001000111000111111
00011111000100101110
01000101010000000011
01000101011010011001
11011100011000011111
10000101111111000111
10100000111101111111
11100110001000010101
11110000100001101001
01010000000110101111
10000110001011011100
01000101101000001000
00100110010011101111
10011001111010000001
00100010100000001101
01101011011001100010
10000110010101001101
01001101101100110101
11011010110011000101
11011001101110101110
01011000110000001111
01001000010100001010
11101011001000011100
11001100011010001110
10100001000010101000
01010000100000011101
11011101110110001011
00000100100110111101
11010011011011001101
01101011110010111111
10110101011011000110
10111011101111110101
01110011001110001110
11110010100111000100
11111110001010010010
10010000110001010110
00001111000111100000
10001110111001001000
00000000010110111001
01110001110110111100
01001011110110110010
01000101111110110101
11001111101100101100
11010110110011110011
01100111000001111010
10010011001011011110
00110011101110000001
00011001011101010000
00100100000101111000
00010110110111101111
01001101100011011111
11101100010011110110
11111100000000001100
10100111111000110110
00111101010000100001
00000101110001111100
00111011110110000010
10101000000111011001
01101110111011011100
10010001010010100101
01001111101011010010
10100010001010110101
10011011110100010011
01001110010100101001
01110010111011101000
10010011001000001011
01101111101100111011
11111101011110010100
10010011011110110110
10100001100101011000
10001001010111101110
11010110011111011000
00011110111011110010
00111111101101100010
10001010111110011110
10000010001101010011
10010111101100100001
10100110001010010111
10001100111000000011
11011001111111111110
00111001011000011010
00001110111000001111
00000001111000110111
10011010100100111011
01011101000100011011
10000100110101010100
10101100101001111000
11110011000000101110
11101001010001100110
11111101111011000011
01000011011011111101
00111011011011001000
00011001110000110001
00101100100000101010
11010100011101010100
10000110000100111010
01010100111100001100
01010111001100101010
11010100111001010011
11110101000111010010
01101001101001100111
11100100000011011001
00011110101011001000
00010111001000000110
00010110001110100110
10000010100000111011
10001011010010100111
01110011000011110010
01001110000100111001
10110110010010100110
01010110111011100101
11000111111100110001
10110111100110001010
11000011000000100001
10111001000110100110
01110000101000111110
10011111101001000101
10110110100110011011
01100101111001000111
00011101101110100110
11110100000010011001
01000001011110101111
00001010100001001111
11000110100010110111
10110101001100000100
10001101100101110010
10110001000001111000
00011001100110101110
00111011000010011000
10111100100110010110
00101000100001000010
11001110011011111111
00100110100100100000
00110001011010101010
11011010110111111010
10110011101001010110
01110011111010001100
00110100011100100010
11011001011010011101
00000010000001110011
10011001000001010101
10100000011100000110
11000100000011011010
11100001010111011111
10010011011100100111
10000011000100000011
10101001111111101110
01000011001011100001
01110100010001011001
11011100111001011010
01011110010010110111
10111010010011001100
01111101101000001010
01010011110011111011
00000011110000000100
11010110010010001110
11011110101110110100
10110010001001111100
11000000001101100111
00011010011101100010
01010001101111100101
11101000101100010100
11010011001001100010
11110111011000110101
00100101110001111110
01100100000001100101
00111101001101101000
01001110110111110101
01001010011101010111
11101010110000001011
01001101110110111110
00110111011100101001
00111010100010001100
11001110100100001001
10100100000001101000
11101001001010011001
00010000100100010000
11100111001010111001
10100011011011001100
00100010000011000110
10000110111001010001
01000100100101100110
01000000011011001101
11010100110110010110
01000111001101100001
10110110000100100100
11100101000111101001
11110100100010100011
10001110001011010000
11111111011001111011
01011101011100110110
00010001100000101100
01010011110100100100
10010101101010011000
00110100101001001101
00001111110101010011
10100110010000001100
01111001000001000110
01000010010110101101
00111101101000000000
10001010001111111011
01110100100101010010
00011000111010001100
11100100000100011101
10000101010011011011
01111100111011100010
01111101001110001010
01010101110111000111
10100100001100100111
11000001110010100001
01110111110101100010
11100001110011110110
10100101001111010111
00001111100001011111
01001101011100011011
11100001100101001110
10111010010101111000
10011010111000001110
01101101010111101100
01110011011110010100
00011010011101110010
00001110100100100101
11101010000001111010
01000100010111001110
10011000111110111101
11000001101000001000
01001000011001111100
01111110100001110111
01000100011001001110
10101010000000101111
01011100111001110111
11001110010001001010
11000001100101111100
11001010011111111000
01011001010101010000
10100100001110011000
10001001101011100110
00011010111000111010
01101101100000110010
11011011010110000111
10111101110000100010
10111100101011011101
00000001111010110011
10110101101001111100
00001111110000101001
11100000100000000010
01010000000010111010
10010010110100100000
10111101110111101110
10011011011101100001
01000101100111001010
01110100101000111000
00001100111100100111
00100011110011100011
11100010001001011011
11001101001010101111
11101011100110100000
10101011010111100110
00110100010110011111
00000000101101101101
00010010101110011101
11110101110000011100
11001010110101101011
00101011111110001010
00100111000001111100
01011100111100000100
11000101111011110010
11011001010001010001
10101000010101000000
00000110110111001001
00011011111010100010
10101001100000001011
10110000100001001011
00010011110110011011
00111001010000001000
00011000100011110100
01001000111001111011
01011010011111100001
10001111111110101101
00101101000001001100
00010001110000100101
10000100111101011001
00011110001010011111
11110011111001111110
00101011110000001001
11110010011101111111
10101001101101100010
01010101011111101111
11011110000100011111
01101001010110111111
01001111110110001101
11010100001100001100
10010111101000101011
10101011110001101110
11111111110101000001
01110011011001001000
11110000110011101001
11000101110001001011
10010110100100111001
10100100101110011001
11000000111110100110
10000010100001000111
01011101011110010110
10001000000000011100
01010000101111011101
11101010100001011110
10010100100011100110
00111000001001011001
10001101111110000000
01011000100010111000
00001011001000110011
10011100110001100101
11011100000000011101
00010010100110100011
00010000110100100100
11110000001000010010
00011001111000100011
01111001000111010110
10011101010000000010
11001000000010111101
00101100110010010110
00110101011110001111
01111100001110110111
10111000100110111100
10000001010000010110
01111100000100001110
11010111111111110010
00001001101011111111
10000111110101000010
00101010100100110111
10101101010010011001
00100111010100010101
01101001010101110011
00001110100011000000
10101111010100000111
00000101111001010001
11100011010010111110
01111000001111100010
00111101110100100100
00011110010011111110
00011100101100100110
00110001000010001111
10001101101010100100
11001110101100111000
00101011100101101101
10011101000001010010
11000001100010100110
00110110100011011110
11101010100110101101
00111100001010100101
00000001100000011100
11010001001101111000
00010111010011101001
01111101101110100100
10010101101000111010
10010110101011111111
00111111101001101001
00101001101000110101
01011111010101111111
10111011100010011011
10010111011100011001
11110101101111101001
01000011001110000001
11111110100111100110
11111000111101011001
11101101111001000110
11111000100001001111
01100111100000011000
01101011110001010101
11011011001101101000
01111010001011101001
01110000100011110000
11100110101111100000
11110000010100111101
01000001011111010100
11011100111001111101
10010011010101100000
10100000000010001001
00010101000110011100
00000100001000111101
10000010001001101100
00010100010110001110
00110101000011011011
01010100111010110011
01100111111011101001
10101010011011101100
11001001001100110011
11000111101110110100
10010111110111000111
00000011111101100000
01001011010100111110
10111100101011000110
01000001001100010001
10001010001000100111
00111010001001111111
01011100001011010111
00001110101001101011
11000010011001101000
00001000000110101001
11010010010010110111
10000101010110110101
01111000100100100101
01001101111100101111
10001101001001010110
00000101111000001011
01110111011011001101
01011110111100001110
10100101111010000110
01101001111100110111
01011001110010110100
11100111110111101001
01111101100101111010
01100010001000010000
10001000110010100110
00100101100001101111
11011001010111111100
00100101111110001100
11100001111111000100
10100001011011000100
01001100111010111111
00010010111101010100
11101010100000000101
11110110001100000110
01010011110111001101
10010101101000100001
11010011000011111010
00100000000011111001
10011000110101011010
01110000111010101110
00101000000100101100
10100110101111100010
00001101100011000100
11001100100010011011
11101000101100111100
10000110011010110001
11001011000110010101
10100000001000001111
11011011101001111111
10011110000011010000
11011001110010111011
10101110100111010100
00000110001101000101
10011010101111011100
00111101101111001100
10001110111111100000
01111111011110001100
11101010000111001110
10101000111110011100
10100001011110101010
00111011011101101001
11100010011011101100
10110011101100000001
00101100000011101100
01101101010000011001
00011001100100101100
10111011101011011101
01000001110011101111
00111001100111001011
01101111000001101000
00001001010100110110
10001101100000010000
11011010011110111010
00000010001111110001
00100111010010000111
11001110110101011001
10000101010010111000
11101101110101010001
00011110111101010001
00111110000111011000
00001100001110101001
00101000110000010110
01001111100011100010
00001001000100011100
10110110000000100101
01110101111101011110
10000000000100000010
11010110111110101011
10100000000101110111
11101000111001011110
10001111101111010100
01000111011010100001
01111010101110001101
01111101110100110101
01101000111000111101
10101000000001010010
01101010101010000111
11001111001111101110
11101001110010000010
11001111011100101101
10010111101110110001
11100100011110110101
00100101000010111101
10100010001111010111
00010110010110111100
00010001110001111001
00011101111001100001
10010000101101011010
11111100111100010100
00001100111010001000
01100001101001101110
00001110110101111101
00100010010110011110
00011110111010111101
00000000001011101111
01001101010110111000
01100100111000011100
01000000001111101100
10111000010111001111
11010100111101100100
10011000110001001101
01110000000111111000
10110000011000110101
11101110000000100110
11000100101100010110
00110001000001110101
11000100100110110101
01101000010100000111
11000100001011110111
01101000000101000110
00000000000101110110
11010010010010111001
01011101000111111000
10100010001001011010
11001101001101011011
01000010001110111101
10111111110100000111
00111101100110101100
01000001110101100111
10110100110001001111
01000010111111010101
01001111011010100101
01001110101111010110
01011101011010010110
01001111010100111001
00100100000110010001
00000111101110000101
00101111011000101011
10000010010010111110
10110000010101100001
00001010010100111001
10011000110010101110
10100001010101010111
10111000011100010110
10111100000001111011
10001000110100011001
00000010111001101000
11001010010101111101
10101100111111100001
11101010111100011110
11001010010010110100
00000001100010100100
10001000000100011001
00011001011011100001
11001100011111111111
00101010001001101010
10101001010000010110
11110111111010101100
01101011111100111100
11000011101001011010
01001100111010000111
00010011011001000111
10101100110001100011
00110111101101010010
01011101100011111110
10011010110111110010
10110011110100110111
11110101000111001010
01011001101100110011
10011011000110101101
00111101010001011011
01001111110101010100
10000010101100100011
11100000011001001011
11110100001100010000
11001010000110111010
00010010101100010111
11000001011011100011
00010001111010100111
11111001001110000110
01101011000100101111
00010000100101010000
00001101001001011111
11110110111111011110
11011100111001010000
00100000100100001010
00100000010000100111
01010100111111111100
01011011000110110001
11100011111001111100
00111010011010000100
01000101111111110110
00111111010100100000
10010010001000110110
10111010100011110111
10101010011000101010
01101000000010011010
00110000010101000010
00001111110010000100
11110111000101110000
00010011001100111000
01011011110101010001
10000111001010011100
01010000010110000111
01000111100010111010
10001000100001000010
10111010010011111100
01010100111110100010
00101001111010010000
10100111100100100100
10010011110111100101
01010110000001111111
10110111010011110100
10011110000001000101
10011011111110011110
00010100010110011100
01111110100101001111
01111011100001111010
01001010100110011110
00011010010000000001
10100101100100111001
11110101111101011001
11011111100000001111
01000101001010000101
00011111110011100000
00011010110011111011
11101111010110101111
01110000001000000110
00100110101110000100
11100111011101101000
10111111001101110110
00110100010101111100
01000011010110000101
01101100001000000100
00100101001101111111
11110111010001010111
11001001011011111010
11000001010111001111
00011110000000100001
11101001111000110111
01110111010110001111
10100110110011001101
00001000000101110001
11100011010111010110
10110001101100110111
01110001100010000001
10100101001110010011
00000111011001100110
11100111110010000000
11010010011001100110
11110001011010000000
01000111101010001111
10110111010111100000
11100001010100010000
01011100100100001011
00100111101010111111
10101001011100010110
01111001011001001111
00110011001000101000
01001001110111101011
01010011000010001100
01110001111110101101
00001110101111111110
10000000101010001010
01001100001100101101
00000110000001010110
00101001110100001101
00000000000110011111
11000111010110111010
10110000001100101100
11101001111110100111
10001011101011110010
01001110111111100111
11100101111000101110
10011001000011011101
00000000101100101011
01101100100110101111
01111100101100100001
00000111110011011100
10111000101101101111
10010001110011010111
11110110010100111100
11111111010000010111
01101110011101001111
01101111001010100010
10011100001100011101
11011010001000001111
11010001110001110101
11101011010011010101
11100100100100100000
10111000111110100001
10000101110000111011
10101101000101011101
10110001001110100000
01000101000110110100
11100111001011110110
10110111001111110110
11101100001001111011
11100111001100010110
10001011111010110011
00100010000011001000
01111110001101110010
01000101101100111000
01101101111101011111
10100100001011000011
11011100011111101011
01101101001111110011
11011010101100011101
01011110110100111010
01101001000011010000
00011110010111110101
11000000111111100010
10100000110111100010
11101110101111101001
01011110101101011100
11011111111100110001
00001101100100001010
10101011100011010100
01100001110011011100
11100001001111011111
00111111010111110100
11000101010010000011
10010100000000011011
10001101110001010111
10001100111101100011
11010011000110100000
00011001000110011010
01111000001101101100
01000000101111000111
11111110101001000011
11110111110000100000
01100010101101101111
10111111100010001000
01001001100010000100
10111111001110001111
01000100011000101011
11001101100110000011
01111110110010110001
11100010110110101010
01010010010100110011
01101111101100111100
11010010010110111001
11110010101000101000
01110110110100101011
11010010101010000101
01111000101010100100
01011001100111000000
10001011000100111011
01100101100010000100
01101001001011001100
10101110110110111001
11110011100010011111
11100010000110111000
01100101010100100110
01011001010101111111
11111011000011101110
00100011011011011001
10111001111001000111
01111010011010011100
00101101010111111001
11000111001010011011
11011010000101010010
01100010001100000011
00000111100011010011
10111110011101111000
11001000001110011101
00101001110100110001
11011111100000110101
11011010111011110000
01001111111100010111
01100101100010110101
10110100110110110110
00000110110110111101
11010110100110100001
00011110000011110000
01111110000011000111
10100000110010010001
01010010100111010111
00100100010000100000
11011001111000111101
11111101001010010001
11001111110010111111
01000111111110011011
10100110111110110111
01110001011111011111
10000011000010001010
10010100011010010001
11010100011001111011
11111000111001010001
10111011000010010100
01110000110111101101
01011110111100101011
11000100101110010111
11110111001101000001
11101111101111001111
11101100100111000101
11000001000111110000
11001111111111111001
01001001000011001101
10000110011100010110
10100111111100010001
00011100010000000110
01110001100101101011
10100010110101100010
11000101110110100111
11100000010110100111
11000011110110010100
00010101011101110110
10001010110010001011
00010111101110110100
11000010011011010100
00001000000101011010
11011011100011010100
10100100011010100000
10101110111000010010
10010110000011100100
01100111011001101010
01111001101110001011
00101001011010100000
10100000011100000111
00111110011101011111
11000101100010111101
11111110101110101101
11111001110100100111
01001001011111111100
01101110110110010101
10101000111011110010
10010110110110010010
00010110101011011100
01101110101000011101
01110010110101001011
00000101111011011001
00100000111101110001
11001001011010011000
11000010110010000001
11010000100100101110
11101010010011000010
11010111100000001111
00111010001110100010
11111100000010001110
01110100000111011000
00110110001000000101
01011000010000111001
11001010011100000100
10000111110100010111
00100001010011000011
10011100101011101110
00000001100101011101
00011000100100010011
01111100110000011010
00111111111010101101
11011101010110100001
10111101000001110000
11011001110001011001
10110010100110100011
00101100001111101101
01001110000101000100
01000110000010101000
10111001111010000000
01011011101110111010
00011011101010110011
00110111010000101011
11011110101010011111
10111011001000111010
11111110100110110111
01111101000101011110
00010111101100001011
01101011110100001100
01010101010101010110
10100010010101101000
10101000001110000101
00011011010001100001
10001101011101101101
00001100011110111100
00110100100011100101
11001001010111111001
00101101000010000000
10100110011001111000
11001000001001011010
00100101100101101110
11110000001111110000
00010001001011110010
10000110010100100001
01010101111110010101
10101011101100101000
10101001011000111100
00111000000100110011
00011100011110010100
11001100011110111100
11101111101001010100
00001000001011101111
11111000100001001000
01001110110111000100
10110111000111001010
01111001010111111111
00001100001001111001
01101011011000100100
10101110011000001100
01011011011100010000
