467 20
11000111000011101101
00101101011110011100
11001101000001011110
10001110100000001011
11010111110010111010
10000011000101000010
01001010001111101100
00111101100111101100
10111111101111111101
10000111000011100101
01110100000110010111
10111000010011000010
00001001110010110110
11101101001011101111
10101111000001111101
01111101001010000101
11010110010010110011
01101001001001111101
01000100000000110111
11010011010010011000
00110010011110111110
11000100000010111000
10111100011111011001
00100110001101011100
10010111111010010000
11001011000100010011
01010111000000110100
00001110001001110001
01000101000010001001
10110011100011000111
10101010100011010000
01111100110011001101
11110000111010100100
11101000010110110010
00001001111101010111
00110011000010111010
00101000000110110000
10001110000001001001
01011111000101100010
10001100010100001010
01000000001011111111
10001101101110111100
00111101111101101000
11101111001010111101
11110110010011111011
11100100010000100111
10110001100111011110
01001001010011010011
01001111001010111111
01001010100010000000
10101000101001011000
01000010101111000001
01111111001111000100
11000110000110100110
00110100011111110101
01110110100001001101
10100000100101101111
10011111111101001001
01001001001001011110
01011010010110000000
00011100110001100010
01000101110111111001
10001110001011110010
00010011010010001100
01110110001100111111
10100001001100111010
01011100110011000011
00010110101011000010
11101101011010110101
00111100111001000011
10011000110010000001
11001110011000100011
11001100001111111110
00010001101000000110
01011001000100010101
00000011101011011111
01011000000111010100
10110001101110100101
01001000111000111111
00011111000100101110
01000101010000000011
01000101011010011001
11011100011000011111
10000101111111000111
10100000111101111111
11100110001000010101
11110000100001101001
01010000000110101111
10000110001011011100
01000101101000001000
00100110010011101111
10011001111010000001
00100010100000001101
01101011011001100010
10000110010101001101
01001101101100110101
11011010110011000101
11011001101110101110
01011000110000001111
01001000010100001010
11101011001000011100
11001100011010001110
10100001000010101000
01010000100000011101
11011101110110001011
00000100100110111101
11010011011011001101
01101011110010111111
10110101011011000110
10111011101111110101
01110011001110001110
11110010100111000100
11111110001010010010
10010000110001010110
00001111000111100000
10001110111001001000
00000000010110111001
01110001110110111100
01001011110110110010
01000101111110110101
11001111101100101100
11010110110011110011
01100111000001111010
10010011001011011110
00011001011101010000
00100100000101111000
00010110110111101111
01001101100011011111
11101100010011110110
11111100000000001100
10100111111000110110
00111101010000100001
00000101110001111100
00111011110110000010
10101000000111011001
01101110111011011100
10010001010010100101
01001111101011010010
10100010001010110101
01001110010100101001
01110010111011101000
10010011001000001011
01101111101100111011
11111101011110010100
10010011011110110110
10100001100101011000
10001001010111101110
11010110011111011000
00011110111011110010
00111111101101100010
10001010111110011110
10000010001101010011
10010111101100100001
10100110001010010111
10001100111000000011
11011001111111111110
00001110111000001111
10011010100100111011
01011101000100011011
10000100110101010100
10101100101001111000
11110011000000101110
11101001010001100110
11111101111011000011
01000011011011111101
00111011011011001000
00011001110000110001
00101100100000101010
11010100011101010100
10000110000100111010
01010100111100001100
01010111001100101010
11110101000111010010
01101001101001100111
11100100000011011001
00011110101011001000
00010111001000000110
00010110001110100110
10000010100000111011
10001011010010100111
01110011000011110010
01001110000100111001
10110110010010100110
01010110111011100101
11000111111100110001
10110111100110001010
11000011000000100001
10111001000110100110
01110000101000111110
10011111101001000101
10110110100110011011
00011101101110100110
11110100000010011001
01000001011110101111
00001010100001001111
11000110100010110111
10110101001100000100
10001101100101110010
10110001000001111000
00011001100110101110
00111011000010011000
10111100100110010110
00101000100001000010
11001110011011111111
00100110100100100000
00110001011010101010
11011010110111111010
00110100011100100010
11011001011010011101
00000010000001110011
10011001000001010101
10100000011100000110
11000100000011011010
11100001010111011111
10010011011100100111
10000011000100000011
10101001111111101110
01000011001011100001
01110100010001011001
11011100111001011010
01011110010010110111
10111010010011001100
01111101101000001010
00000011110000000100
11010110010010001110
11011110101110110100
10110010001001111100
11000000001101100111
00011010011101100010
01010001101111100101
11101000101100010100
11010011001001100010
00100101110001111110
01100100000001100101
00111101001101101000
01001110110111110101
01001010011101010111
11101010110000001011
01001101110110111110
00110111011100101001
00111010100010001100
11001110100100001001
10100100000001101000
11101001001010011001
00010000100100010000
11100111001010111001
10100011011011001100
00100010000011000110
10000110111001010001
01000100100101100110
01000000011011001101
11010100110110010110
01000111001101100001
10110110000100100100
11100101000111101001
11110100100010100011
10001110001011010000
11111111011001111011
01011101011100110110
00010001100000101100
01010011110100100100
10010101101010011000
00110100101001001101
00001111110101010011
10100110010000001100
01111001000001000110
01000010010110101101
00111101101000000000
10001010001111111011
01110100100101010010
00011000111010001100
11100100000100011101
10000101010011011011
01111100111011100010
01111101001110001010
01010101110111000111
10100100001100100111
11000001110010100001
01110111110101100010
11100001110011110110
10100101001111010111
00001111100001011111
01001101011100011011
11100001100101001110
10111010010101111000
10011010111000001110
01101101010111101100
00011010011101110010
00001110100100100101
11101010000001111010
01000100010111001110
10011000111110111101
11000001101000001000
01001000011001111100
01111110100001110111
01000100011001001110
10101010000000101111
01011100111001110111
11001110010001001010
11000001100101111100
11001010011111111000
01011001010101010000
10100100001110011000
10001001101011100110
00011010111000111010
01101101100000110010
11011011010110000111
10111101110000100010
10111100101011011101
10110101101001111100
00001111110000101001
11100000100000000010
01010000000010111010
10010010110100100000
10111101110111101110
10011011011101100001
01000101100111001010
01110100101000111000
00001100111100100111
00100011110011100011
11100010001001011011
11001101001010101111
11101011100110100000
10101011010111100110
00110100010110011111
00000000101101101101
00010010101110011101
11110101110000011100
11001010110101101011
00101011111110001010
00100111000001111100
01011100111100000100
11000101111011110010
11011001010001010001
10101000010101000000
00000110110111001001
00011011111010100010
10101001100000001011
10110000100001001011
00111001010000001000
00011000100011110100
01001000111001111011
01011010011111100001
10001111111110101101
00101101000001001100
00010001110000100101
10000100111101011001
00011110001010011111
00101011110000001001
11110010011101111111
10101001101101100010
01010101011111101111
11011110000100011111
01101001010110111111
01001111110110001101
11010100001100001100
10010111101000101011
10101011110001101110
11111111110101000001
11110000110011101001
11000101110001001011
10010110100100111001
10100100101110011001
11000000111110100110
10000010100001000111
01011101011110010110
10001000000000011100
01010000101111011101
11101010100001011110
10010100100011100110
00111000001001011001
10001101111110000000
01011000100010111000
00001011001000110011
10011100110001100101
11011100000000011101
00010010100110100011
00010000110100100100
01111001000111010110
10011101010000000010
11001000000010111101
00101100110010010110
00110101011110001111
01111100001110110111
10111000100110111100
10000001010000010110
01111100000100001110
11010111111111110010
00001001101011111111
10000111110101000010
00101010100100110111
10101101010010011001
00100111010100010101
01101001010101110011
00001110100011000000
10101111010100000111
00000101111001010001
11100011010010111110
01111000001111100010
00111101110100100100
00011110010011111110
00011100101100100110
00110001000010001111
10001101101010100100
11001110101100111000
00101011100101101101
10011101000001010010
11000001100010100110
00110110100011011110
11101010100110101101
00111100001010100101
00000001100000011100
11010001001101111000
00010111010011101001
01111101101110100100
10010101101000111010
10010110101011111111
00111111101001101001
00101001101000110101
01011111010101111111
10111011100010011011
10010111011100011001
11110101101111101001
01000011001110000001
11111110100111100110
11111000111101011001
11101101111001000110
11111000100001001111
01100111100000011000
11011011001101101000
01111010001011101001
01110000100011110000
11100110101111100000
11110000010100111101
01000001011111010100
11011100111001111101
10010011010101100000
10100000000010001001
00010101000110011100
00000100001000111101
10000010001001101100
00010100010110001110
00110101000011011011
01100111111011101001
10101010011011101100
11001001001100110011
11000111101110110100
10010111110111000111
00000011111101100000
01001011010100111110
10111100101011000110
01000001001100010001
10001010001000100111
00111010001001111111
01011100001011010111
00001110101001101011
11000010011001101000
00001000000110101001
11010010010010110111
10000101010110110101
01111000100100100101
01001101111100101111
10001101001001010110
00000101111000001011
01110111011011001101
01011110111100001110
10100101111010000110
