365
197
302
12
105
262
242
246
77
329
92
445
443
443
477
40
21
94
294
165
265
79
123
51
284
6
206
173
415
383
390
449
292
201
331
307
470
32
493
216
110
220
134
32
150
387
232
100
375
72
112
463
5
195
3
86
137
399
112
72
67
87
190
77
175
266
204
455
430
34
479
258
406
364
157
104
101
180
131
111
110
357
332
275
442
355
495
376
185
357
468
3
110
384
109
228
258
336
290
350
308
407
498
278
281
489
361
411
2
351
456
226
401
62
353
427
245
420
237
75
175
334
409
334
272
17
413
141
270
208
480
196
325
376
265
112
20
338
336
249
290
9
392
309
451
213
123
281
367
330
347
308
71
135
461
438
26
409
378
122
90
220
304
377
428
83
5
264
486
483
42
102
241
149
152
443
303
178
309
163
132
172
178
100
323
202
357
449
478
354
448
254
244
242
402
51
213
374
222
465
391
384
402
149
127
211
491
348
30
202
108
429
191
106
130
71
80
39
135
389
29
324
401
93
307
60
369
164
404
40
482
74
173
469
160
242
487
442
132
469
359
142
358
226
455
275
231
286
19
382
314
258
442
253
470
488
448
148
228
480
135
204
153
433
456
1
229
99
288
168
51
44
356
420
112
396
252
243
317
355
72
187
57
431
12
490
394
127
211
498
454
138
152
255
439
97
460
218
445
276
474
12
93
14
88
391
278
221
448
256
266
113
323
108
60
186
224
4
137
448
140
294
398
200
124
407
309
53
265
460
21
484
212
78
174
436
116
39
64
41
21
271
364
120
45
343
137
176
434
91
126
9
358
37
270
160
172
323
31
155
66
214
265
41
39
421
