365
365
171
98
166
402
163
257
378
141
344
274
457
60
294
364
250
242
283
45
19
353
407
85
155
233
405
74
199
241
438
181
140
350
337
259
147
390
297
147
121
202
186
287
8
278
168
248
398
23
383
100
375
61
232
460
101
240
420
500
57
361
285
464
50
336
144
387
295
171
456
202
99
150
440
148
408
437
214
43
251
238
320
234
174
413
24
482
389
83
303
103
317
80
98
293
17
377
162
50
9
263
404
44
351
426
167
249
329
134
294
109
150
118
454
30
458
364
111
378
499
334
462
327
460
419
364
417
361
495
312
25
306
105
409
252
338
184
500
72
400
296
150
55
439
339
189
494
35
140
154
492
404
360
477
23
267
261
397
409
412
68
33
285
99
254
456
31
493
219
467
62
450
439
156
156
361
55
27
319
432
399
337
387
332
257
292
361
392
280
212
220
297
488
180
196
459
104
166
44
255
50
108
339
89
389
8
329
400
135
202
87
396
416
420
214
420
347
417
200
472
421
469
199
166
392
156
271
82
9
179
454
295
177
447
477
99
25
402
498
219
30
96
486
203
119
287
122
422
496
200
84
224
290
12
283
455
344
485
333
222
218
119
100
70
118
324
483
225
325
201
59
431
453
269
475
65
200
98
380
20
426
401
282
293
53
43
270
354
499
361
99
24
50
108
494
77
78
114
459
358
181
84
383
54
402
439
61
397
360
335
127
394
79
293
493
422
364
425
399
138
260
151
172
34
366
147
12
250
399
140
156
8
420
260
70
441
105
385
312
471
364
307
200
365
211
211
259
373
72
268
481
405
196
8
496
173
394
116
424
130
340
37
345
465
152
