365
101
114
283
440
380
265
240
419
143
500
191
197
213
452
345
261
434
103
494
399
261
302
460
123
136
362
264
444
266
250
159
157
308
126
433
169
121
460
236
371
437
233
139
464
415
423
231
286
216
434
472
274
377
484
229
156
246
493
350
424
272
183
113
228
177
328
381
422
384
471
268
447
306
438
482
452
294
175
249
183
228
350
219
362
129
170
463
377
420
148
180
155
306
271
139
305
186
484
332
441
274
252
275
426
239
433
388
196
470
445
377
198
334
453
138
270
191
467
477
131
203
222
275
101
147
430
487
489
175
366
249
306
251
373
342
328
368
289
364
255
386
464
112
410
448
243
292
251
427
283
376
477
152
444
191
151
462
452
315
357
328
247
180
463
145
495
486
103
329
302
340
228
212
299
357
324
460
394
249
449
145
282
313
321
241
472
119
345
238
332
306
403
226
471
209
360
166
456
401
262
111
456
444
372
437
184
135
462
254
150
381
164
403
353
129
213
219
488
180
438
190
471
292
202
417
278
312
251
129
310
407
114
277
175
186
433
297
157
125
226
293
365
388
398
159
494
135
161
492
152
212
153
483
282
303
361
280
282
143
324
491
487
339
206
141
238
177
445
396
352
330
370
149
336
478
476
295
327
308
191
311
240
283
158
132
266
247
435
412
277
429
339
439
483
135
360
423
218
303
461
108
464
248
462
230
190
172
124
320
411
192
150
182
378
235
386
146
219
145
339
170
296
463
274
443
219
207
146
458
254
325
338
247
251
226
406
182
416
231
337
244
155
279
429
437
115
497
314
403
230
460
451
434
361
158
245
397
475
285
446
261
188
323
161
345
