365
323
237
484
457
291
137
119
147
190
296
107
243
201
378
497
311
230
321
486
242
406
189
171
125
434
427
137
160
156
230
375
292
477
303
457
241
477
122
458
137
164
473
257
127
429
296
111
423
235
399
374
137
376
308
197
440
290
347
442
149
300
213
245
203
414
274
324
109
238
433
391
221
158
100
202
253
197
277
406
375
171
295
288
431
242
428
476
361
293
115
395
196
340
246
285
248
335
459
124
172
150
470
140
131
463
458
251
363
447
163
302
111
340
425
278
130
361
123
177
118
275
183
175
351
151
350
245
137
168
358
379
160
271
367
466
149
382
256
377
250
116
337
114
471
253
135
453
113
430
357
429
255
114
481
427
226
304
323
331
237
348
244
390
405
290
304
131
260
184
241
150
266
305
373
282
252
117
248
334
454
452
427
282
449
300
159
500
498
263
491
428
223
255
237
357
272
479
148
453
449
396
344
365
453
289
113
175
415
478
357
479
385
357
449
112
419
232
456
108
286
125
199
235
500
439
265
379
165
486
377
179
256
450
211
169
339
432
419
101
132
275
473
272
380
227
395
253
334
338
444
110
285
189
409
424
389
353
140
245
377
399
233
129
261
330
303
486
484
256
400
204
114
396
281
459
312
477
348
398
349
397
365
323
197
246
455
268
254
267
117
109
267
433
471
481
492
293
389
469
169
361
434
482
414
192
260
452
207
196
179
399
268
341
426
422
170
185
314
434
330
477
168
424
193
227
425
156
204
363
217
485
313
397
161
427
446
423
124
265
393
368
177
272
129
414
355
352
205
425
482
454
295
129
191
304
104
481
467
474
357
495
260
388
449
409
