1
1
1
1
1
1
1
1
1
1
1
1
1
1
1
1
1
1
1
1
1
1
1
1
1
1
1
1
1
1
1
1
1
1
1
1
1
1
1
1
1
1
1
1
1
1
1
1
1
1
1
1
1
1
1
1
1
1
1
1
1
1
1
1
1
1
1
1
1
1
1
1
1
1
1
1
1
1
1
1
1
1
1
1
1
1
1
1
1
1
1
1
1
1
1
1
1
1
1
1
1
1
1
1
1
1
1
1
1
1
1
1
1
1
1
1
1
1
1
1
1
1
1
1
1
1
1
1
1
1
1
1
1
1
1
1
1
1
1
1
1
1
1
1
1
1
1
1
1
1
1
1
1
1
1
1
1
1
1
1
1
1
1
1
1
1
1
1
1
1
1
1
1
1
1
1
2
2
2
2
2
2
2
2
2
2
2
2
2
2
2
2
2
2
2
2
2
2
2
2
2
2
2
2
2
2
2
2
2
2
2
2
2
2
2
2
2
2
2
2
2
2
2
2
2
2
2
2
2
2
2
2
2
2
2
2
2
2
2
2
2
2
2
2
2
2
2
2
2
2
2
2
2
2
2
2
2
2
2
2
2
2
2
2
2
2
2
3
3
3
3
3
3
3
3
3
3
3
3
3
3
3
3
3
3
3
3
3
3
3
3
3
3
3
3
3
3
3
3
3
3
3
3
3
3
3
3
3
3
3
3
3
3
4
4
4
4
4
4
4
4
4
4
4
4
4
4
4
4
4
4
4
4
4
4
4
4
4
4
4
4
4
4
4
4
4
4
4
4
4
4
4
4
4
4
4
4
4
4
4
4
4
4
4
4
4
4
4
4
4
4
4
4
4
4
4
4
4
4
4
4
4
4
4
4
4
4
4
4
4
4
4
4
4
4
4
4
4
4
4
4
4
4
4
4
4
4
4
4
4
4
4
4
4
4
4
4
4
4
4
4
4
4
4
4
4
4
4
4
4
4
4
4
4
4
4
4
4
4
4
4
4
4
4
4
4
4
4
4
4
4
4
4
4
4
4
4
4
4
4
4
4
4
4
4
4
4
4
4
4
4
4
4
4
4
4
4
4
4
4
4
4
4
4
4
4
4
4
4
4
4
4
4
4
4
4
4
4
4
5
12
293
478
505
685
685
1086
1088
1089
1088
1085
1369
1369
1802
1802
2239
2318
2313
2494
2725
2728
2731
2726
2729
2729
2900
3139
3135
3136
3138
3138
3131
3135
3561
3934
4065
4059
4059
4062
4389
4383
4519
4517
4517
4518
4518
4713
4717
4706
5151
5141
5258
5535
5535
5586
5797
6045
6045
6287
6279
6279
6275
6272
6528
6531
6920
6920
7371
7795
8206
8207
8382
8727
8992
9268
9257
9239
9236
9222
9222
9222
9222
9248
9248
9248
9478
9481
9872
9860
9973
10287
10287
10274
10391
10377
10381
10378
10785
11020
11020
11354
11596
12056
12364
12725
13145
13122
13104
13379
13362
13359
13367
13793
14162
14527
14924
15116
15490
15576
15837
15837
15962
15977
15952
15960
15994
15986
16443
16425
16468
16762
17204
17570
17588
18021
18278
18278
18285
18238
18238
18245
18533
18549
18544
18530
18536
18877
18891
18922
18909
19250
19648
19632
20013
20379
20422
20419
20769
20769
20749
20749
20872
20872
21068
21356
21771
21744
21722
21726
21671
21674
21637
21581
21581
21616
21616
21609
21611
21613
21610
21620
21899
21865
21877
21889
22292
22684
22631
22959
23110
23378
23326
23308
23310
23667
23932
24203
24208
24195
24405
24555
24561
24568
24853
25171
25362
25701
25792
26124
26307
26275
26439
26439
26377
26724
26974
27376
27683
28105
28316
28557
28727
28756
28756
28756
28769
29030
29035
29047
29478
29652
29611
29857
29892
29895
29970
29970
29936
29886
29886
30139
30114
30115
30096
30096
30190
30137
30139
30382
30335
30333
30459
30403
30406
30406
30450
30487
30480
30447
30768
30768
30811
30830
31147
31161
31431
31377
31377
31415
31394
31742
31742
31791
31797
31721
31799
32032
32043
32013
32013
32303
32600
32545
32877
32877
32877
32878
32895
33278
33278
33561
33568
33602
33602
33871
34076
34076
33990
34291
34291
34277
34277
34214
34301
34477
34416
34497
34497
34443
34356
34713
34754
34729
34770
34771
34685
34942
35119
35296
35301
35540
35540
35554
35638
35702
35702
35681
35681
35708
35708
35696
35700
35700
35714
35834
36143
36143
36096
36256
36254
36319
36350
36350
36286
36204
36404
36373
36601
36602
36615
36615
36615
36545
36545
36556
36871
36877
36877
36869
36869
36963
36951
36884
36806
36805
36819
36819
36795
36796
36818
37213
37213
37213
37150
37469
37490
37468
37468
37491
37491
37809
37863
37877
37877
37877
37797
37937
38212
38409
38422
38607
38495
38504
38449
38426
38655
38598
38605
38554
38749
38764
38737
38882
38848
39144
39144
39237
39163
39437
39539
39272
39287
39321
39249
39273
39498
39503
39504
39805
39965
40263
40220
40499
40267
40267
40267
40281
40348
40618
40617
40831
41038
41038
41335
41453
41692
41692
41692
41999
42132
42041
42381
42405
42416
42365
42365
42722
42763
42843
42843
42853
42931
43237
43135
43142
43290
43203
43119
43128
43160
43447
43379
43639
44015
44019
44314
44314
44540
44784
44760
45006
45011
45018
44902
44902
44902
44966
44966
45239
45501
45835
45866
45948
45932
45932
45932
45933
46186
46235
46235
46280
46457
46379
46382
46670
46556
46558
46222
46222
46284
46519
46595
46529
46782
46921
46921
46928
46928
46909
46811
46811
46811
46812
46820
46820
46865
46865
47209
47209
47242
47558
47563
47563
47889
47889
47897
47900
47916
47916
47916
47928
48269
48313
48656
48600
48834
48834
48850
48748
48883
48981
48984
48984
48902
48966
49231
49120
49127
49127
49413
49414
49476
49421
49421
49760
50112
50465
50837
50859
50757
50725
50585
50493
50385
50321
50321
50375
50379
50387
50437
50448
50427
50344
50313
50313
50688
50721
50741
50741
51034
51034
51034
51129
51482
51482
51545
51469
51469
51708
51711
51743
51824
51824
52034
52046
52064
51967
51971
51860
51909
52099
52099
52099
52300
52300
52355
52355
52355
52355
52622
52775
52775
52682
52682
52740
53111
53111
53111
53018
53028
53039
53018
52940
52927
52927
52941
53158
53515
53374
53240
53240
53241
53500
53500
53514
53566
53620
53479
53479
53495
53524
53495
53517
53809
53809
53737
53569
53847
53785
53786
53786
53786
53803
53697
53764
53765
53766
53769
54041
54265
54536
54536
54556
54668
54489
54489
54491
54297
54305
54368
54320
54277
54249
54249
54144
54166
54079
54293
54174
53992
53992
54041
54041
54302
54302
54302
54199
54199
54206
54256
54299
54299
54301
54301
54245
54415
54463
54481
54496
54498
54536
54724
54587
54554
54557
54676
54568
54568
54453
54634
54901
54901
54905
54923
54818
54863
54766
54766
54806
54806
54806
54875
54934
54934
54937
54937
54942
54942
54946
54905
54905
55239
55239
55239
55376
55447
55703
55542
55399
55414
55414
55269
55280
55205
55469
55541
55805
56010
55936
55936
55945
55945
55909
56156
56069
56069
56059
56059
56120
56129
56129
56135
56059
56144
56100
56224
56228
56228
55967
55967
55976
56010
56212
56150
56143
56150
56154
56154
56155
56155
56155
56484
56485
56546
56493
56369
56611
56687
56695
56695
56747
56792
56698
56770
56770
56771
56686
56686
56694
56694
56694
56743
56635
56704
56704
56535
56535
56419
56419
56419
56472
56494
56494
56553
56553
56581
56497
56824
56852
56856
56845
56700
56700
56700
56563
56777
56780
56655
56655
56569
56365
56229
56229
56169
56169
56070
55978
56281
56289
56110
56119
55936
55889
55890
55767
55776
55777
55788
55617
55617
55617
55627
55627
55634
55634
55815
55756
55756
55759
55614
55491
55366
55173
55173
55133
55170
55189
55207
55268
55291
55318
55318
55364
55364
55410
55249
55511
55400
55278
55298
55301
55155
55155
55168
55037
54951
54810
54810
54916
54804
54686
54686
54688
54688
54688
54691
54807
54807
54858
54860
55042
55028
54850
54850
54637
54637
54536
54509
54534
54544
54546
54370
54590
54592
54497
54497
54405
54627
54627
54467
54463
54755
54792
54792
54705
54796
54659
54862
54911
54908
54910
54744
54779
54782
54997
54997
54771
54765
54641
54652
54652
54652
54663
54488
54529
54529
54379
54293
54361
54361
54363
54364
54452
54515
54538
54549
54549
54519
54521
54523
54531
54543
54377
54377
54367
54284
54180
54182
54201
54210
54229
54229
54121
54121
54368
54474
54474
54493
54493
54493
54391
54409
54409
54329
54329
54234
54262
54312
54312
54184
54184
54069
54069
54070
54081
54386
54417
54417
54417
54460
54438
54438
54255
54212
54212
54198
54213
54271
54273
54273
54273
54301
54560
54605
54469
54334
54334
54360
54330
54330
54458
54324
54324
54332
54322
54324
54173
53994
54017
54033
54081
54081
53946
53819
53834
53834
53834
53724
53724
53950
53950
53952
54210
54210
54210
54210
54212
54054
54054
54163
54331
54488
54331
54288
54314
54259
54274
54274
54167
54440
54440
54440
54430
54436
54428
54418
54418
54427
54634
54800
54779
54779
54779
54788
54773
54752
54785
54683
54694
54694
54694
54694
54853
54711
54827
54806
54734
54568
54631
54578
54643
54661
54641
54449
54454
54454
54459
54459
54459
54679
54567
54640
54717
54722
54722
54816
54842
54843
54845
54639
54665
54667
54667
54520
54520
54525
54530
54536
54545
54564
54592
54592
54594
54748
54742
54896
55187
55187
55232
55232
55242
55255
55150
55300
55338
55499
55524
55529
55600
55620
55634
55636
55514
55503
55507
55507
55558
55594
55594
55575
55542
55408
55378
55570
55570
55544
55544
55544
55544
55595
55632
55576
55439
55440
55242
55457
55460
55484
55529
55529
55712
55712
55622
55539
55539
55594
55594
55607
55609
55588
55405
55470
55377
55377
55377
55377
55383
55383
55362
55418
55418
55418
55437
55437
55437
55702
55546
55546
55450
55426
55313
55313
55317
55364
55643
55643
55643
55582
55418
55418
55418
55435
55435
55435
55435
55223
55400
55400
55211
55244
55244
55244
55281
55222
55125
55125
55196
55202
55026
55249
55251
55251
55254
55184
55174
55405
55283
55283
55128
55273
55336
55340
55340
55246
55252
55275
55275
55282
55282
55466
55489
55349
55349
55349
55190
55190
55195
55054
55283
55283
55265
55265
55270
55270
55529
55389
55389
55256
55461
55465
55465
55484
55484
55484
55523
55478
55553
55553
55553
55553
55569
55569
55458
55459
55459
55706
55742
55574
55574
55578
55676
55676
55698
55698
55548
55548
55732
55732
55732
55732
55569
55569
55788
55812
55818
55818
55812
55812
55802
55791
55791
55791
55791
55791
55791
55795
55795
55862
55931
55936
55936
55817
55817
55811
55710
55717
55868
55868
55873
55873
55873
55900
55906
56085
56115
56066
56300
56300
56311
56302
56369
56369
56234
56133
56133
56219
56238
56244
56244
56245
56110
56110
56110
56110
55966
55975
55813
55813
55813
55762
55899
55806
55818
55832
55831
55828
55609
55630
55630
55673
55673
55673
55673
55673
55592
55594
55594
55520
55705
55725
55725
55725
55725
55725
55726
55726
55673
55673
55673
55673
55469
55658
55647
55646
55646
55646
55552
55552
55552
55564
55559
55559
55559
55519
55524
55524
55527
55339
55162
55199
55164
55164
55216
55216
55216
55216
55216
55072
54871
54815
54815
54813
55001
54822
54770
54613
54622
54629
54652
54522
54522
54737
54977
54977
54977
54983
54983
54984
54995
54918
54934
54905
54905
54924
54915
54915
54915
54740
54719
54719
54550
54550
54386
54375
54375
54193
54416
54416
54223
54223
54051
53960
53827
53830
53683
53683
53618
53618
53613
53601
53601
53447
53361
53370
53372
53249
53156
53156
53169
53181
53181
53182
53058
53059
53059
53096
53096
53096
53097
53105
52971
52805
52821
52821
52821
52595
52688
52688
52734
52730
52676
52732
52732
52744
52846
52684
52649
52649
52671
52600
52600
52614
52585
52585
52585
52533
52708
52708
52707
52614
52597
52605
52622
52526
52526
52526
52526
52532
52529
52466
52463
52673
52673
52729
52732
52740
52740
52886
52688
52688
52562
52751
52754
52754
52709
52709
52709
52709
52709
52773
52629
52629
52640
52631
52483
52456
52464
52483
52367
52369
52316
52325
52330
52335
52362
52352
52352
52354
52324
52145
52210
52216
52216
52216
52231
52019
52189
52189
52195
52026
52026
52026
52026
51873
51877
51900
51900
51951
51886
51886
51887
51845
51849
51862
51863
51866
51866
51866
51916
52069
51902
51902
51916
51878
51878
51878
51694
51738
51746
51649
51649
51649
51649
51686
51563
51584
51584
51410
51531
51529
51529
51529
51581
51581
51596
51609
51700
51700
51850
51861
51866
51692
51692
51747
51763
51728
51815
51654
51452
51452
51452
51320
51320
51339
51339
51339
51339
51339
51469
51489
51445
51355
51355
51151
50995
50853
50867
50867
51001
51001
50851
50901
50979
50851
50852
50852
50852
50662
50669
50669
50669
50831
50790
50790
50954
50954
50982
50852
50862
50866
50899
50899
50899
50899
50909
50916
50916
50916
51158
51057
51057
51080
51080
51069
51069
51069
51069
51069
51069
50909
50946
50900
50900
50900
50887
50887
50741
50569
50569
50555
50558
50558
50577
50752
50616
50655
50618
50618
50618
50618
50446
50271
50271
50271
50267
50267
50267
50439
50250
50262
50262
50262
50208
50200
50200
50056
50056
50081
50079
49985
49986
49998
50003
49988
49988
49988
49988
49988
50000
50000
50006
50006
50006
49817
49819
49827
49827
50087
50306
50277
50383
50383
50383
50383
50387
50387
50387
50407
50407
50407
50409
50402
50387
50548
50553
50553
50553
50592
50598
50611
50601
50601
50601
50618
50669
50669
50669
50559
50670
50670
50688
50688
50693
50805
50825
50858
50858
50870
50870
50908
51096
51096
51098
51098
50991
50990
50928
50876
50879
50879
50863
50863
50812
50781
50784
50785
50785
50785
50785
50785
50698
50692
50703
50703
50510
50517
50357
50361
50361
50567
50594
50594
50594
50594
50594
50617
50608
50608
50608
50614
50497
50497
50497
50497
50516
50436
50431
50431
50362
50364
50341
50347
50372
50372
50372
50536
50402
50402
50402
50257
50478
50478
50478
50478
50467
50484
50486
50624
50627
50517
50516
50516
50528
50398
50294
50294
50294
50294
50299
50292
50292
50292
50140
50140
50140
50140
50140
50140
50140
50141
50141
50141
50141
50141
50141
50141
50102
50102
50106
50119
50120
50136
50298
50335
50244
50244
50124
50124
50078
50078
50078
50097
50135
50135
50135
50136
50079
50089
50089
50084
49961
49831
49831
49831
49831
49840
49840
49652
49652
49654
49654
49635
49814
49814
49819
49813
49813
49813
49813
49822
49768
49671
49671
49565
49581
49581
49581
49581
49396
49396
49396
49396
49429
49340
49344
49344
49311
49311
49311
49339
49264
49283
49288
49290
49307
49307
49331
49323
49426
49426
49426
49467
49467
49467
49486
49480
49480
49457
49276
49276
49276
49276
49321
49321
49321
49321
49333
49194
49226
49226
49245
49250
49254
49233
49230
49230
49230
49088
49089
49092
49092
48947
48874
48875
48875
48791
48791
48795
48796
48770
48782
48782
48825
48825
48825
48828
48828
48828
48824
48824
48656
48802
48802
48802
48802
48802
48802
48802
48568
48568
48568
48568
48597
48413
48430
48431
48396
48332
48428
48436
48436
48237
48223
48240
48240
48251
48251
48251
48324
48324
48324
48289
48055
48110
48109
48149
48236
48383
48384
48391
48397
48270
48270
48270
48270
48270
48278
48418
48418
48429
48302
48302
48291
48291
48266
48148
48140
48107
48005
47854
47854
47854
47854
47854
47886
47891
47827
47836
47850
47660
47660
47660
47542
47525
47798
47805
47808
47809
47808
47808
47808
47840
47840
47840
47830
47830
47730
47628
47637
47642
47642
47642
47642
47642
47450
47389
47400
47400
47447
47447
47265
47272
47231
47203
47038
46887
46892
46892
46911
46914
46914
46914
46886
46916
46916
46858
46875
46861
46710
46841
46841
46837
46899
46899
46899
46899
46904
46903
46778
46778
46778
46781
46781
46772
46786
46760
46760
46769
46622
46622
46631
46631
46632
46635
46658
46661
46661
46534
46534
46434
46433
46433
46433
46445
46486
46488
46496
46496
46496
46496
46533
46533
46533
46533
46555
46555
46525
46525
46525
46525
46539
46539
46360
46221
46095
46095
46095
46101
46112
46114
46112
45913
45817
45834
45623
45635
45635
45603
45603
45599
45599
45599
45599
45599
45545
45549
45554
45426
45310
45125
45124
45037
45104
44969
44969
44971
44878
44890
44957
44957
44961
44961
44961
44968
44968
44933
44934
44941
44941
44941
44922
44922
44919
44919
44920
44920
44923
44926
44927
44927
44927
44927
44927
44927
44954
44977
44944
44973
44973
44974
44813
44813
44699
44702
44703
44680
44673
44697
44686
44686
44750
44746
44617
44617
44617
44630
44630
44630
44631
44718
44719
44605
44605
44605
44606
44606
44639
44639
44639
44513
44513
44513
44546
44546
44546
44546
44543
44587
44502
44503
44503
44501
44501
44498
44457
44457
44469
44469
44469
44306
44306
44311
44311
44311
44317
44317
44465
44465
44465
44415
44317
44317
44116
44116
44115
44076
44076
44068
44078
44078
44215
44220
44220
44195
44195
43992
43849
43907
43907
43819
43819
43819
43819
43819
43801
43810
43810
43810
43810
43691
43686
43686
43691
43668
43686
43680
43752
43752
43752
43738
43742
43759
43759
43768
43617
43617
43661
43693
43698
43577
43577
43664
43665
43668
43668
43670
43666
43666
43668
43668
43668
43668
43673
43695
43695
43695
43699
43694
43694
43712
43629
43629
43662
43578
43683
43716
43603
43619
43619
43619
43509
43509
43509
43509
43513
43426
43259
43259
43373
43373
43383
43405
43405
43405
43451
43412
43441
43441
43445
43302
43171
43129
43129
43105
43091
43063
43063
43063
42999
43052
43051
43051
43013
43008
43008
43008
43008
43008
42897
42899
42899
42899
42903
42874
42829
42861
42900
42909
42909
42909
42909
42905
42905
42905
42905
42927
42927
42927
42910
42939
42952
42952
42911
42815
42793
42742
42659
42659
42659
42628
42637
42459
42459
42322
42322
42322
42323
42323
42328
42117
42155
42155
42155
42164
42169
41958
41945
41952
41952
41871
41871
41878
41854
41854
41854
41854
41854
41752
41771
41672
41669
41669
41530
41423
41423
41423
41424
41424
41195
41195
41195
41195
41122
41122
41122
41123
41052
41029
41031
41031
41031
41031
41031
41031
41031
41049
41037
41037
41049
41049
41050
41050
41050
41050
41050
41025
40999
40999
40992
40985
40985
40985
40986
40989
40894
40921
40914
40914
40806
40758
40831
40781
40781
40814
40764
40764
40764
40764
40764
40764
40764
40774
40774
40774
40774
40774
40774
40774
40761
40757
40618
40622
40622
40622
40441
40441
40394
40394
40394
40307
40307
40307
40321
40306
40281
40285
40285
40285
40285
40285
40285
40284
40236
40236
40236
40236
40236
40247
40247
40247
40301
40278
40161
40161
40161
40169
40054
40054
40052
40051
40051
40030
40030
40030
40032
40032
39933
39933
39836
39835
39820
39820
39657
39652
39487
39484
39531
39529
39410
39383
39383
39388
39388
39385
39393
39393
39393
39393
39393
39364
39403
39410
39269
39269
39253
39253
39253
39254
39254
39254
39258
39258
39180
39180
39184
39184
39185
39066
39001
39003
39003
39130
39130
39097
39174
39174
39174
39174
39174
39199
39325
39325
39299
39271
39247
39247
39247
39247
39247
39247
39247
39247
39247
39272
39273
39273
39212
39215
39003
39003
39003
39010
39010
38983
38992
38984
38860
38872
38759
38765
38765
38702
38575
38575
38538
38538
38538
38538
38538
38541
38541
38546
38452
38452
38442
38442
38442
38442
38443
38443
38276
38276
38130
38130
38130
38130
38130
38131
38131
38136
38136
38136
38095
38095
37979
37979
37937
37937
37938
37940
37940
37940
37760
37760
37760
37760
37786
37786
37786
37617
37619
37543
37543
37546
37457
37315
37315
37315
37315
37315
37304
37309
37309
37317
37348
37348
37348
37325
37298
37298
37351
37351
37351
37353
37353
37353
37353
37353
37355
37355
37355
37355
37339
37339
37339
37300
37303
37303
37260
37225
37094
37072
37072
37072
37072
36929
36934
36934
36916
36916
36916
36945
36969
36969
37009
37009
37009
36956
36946
36733
36733
36750
36750
36749
36716
36738
36643
36643
36643
36643
36643
36579
36560
36570
36570
36568
36568
36571
36565
36525
36525
36528
36518
36530
36530
36529
36656
36609
36585
36449
36449
36449
36449
36451
36462
36351
36353
36262
36192
36192
36135
36012
36012
36012
36022
36022
36022
35939
35915
35916
35906
35913
35913
35887
35890
35890
35892
35892
35840
35775
35775
35775
35772
35605
35575
35575
35456
35457
35457
35455
35344
35344
35344
35246
35247
35247
35247
35247
35247
35247
35170
35170
35145
35145
35145
35147
35147
35072
35072
35105
35157
35157
35160
35158
35026
35026
34909
34864
34835
34887
34889
34889
34820
34824
34824
34794
34784
34784
34631
34487
34505
34505
34528
34528
34528
34528
34430
34430
34430
34430
34428
34370
34370
34312
34329
34329
34250
34255
34255
34263
34257
34257
34257
34257
34214
34237
34237
34223
34225
34096
34129
34141
34118
34119
34105
34105
34031
34030
34030
34030
34030
34031
34039
34039
34071
33963
33963
33963
33963
33964
33964
33964
33964
33930
33938
33948
33948
33948
33948
33948
33948
33948
33959
33959
33959
33904
33905
33905
33907
33902
33893
33889
33867
33871
33871
33871
33780
33785
33797
33797
33728
33729
33729
33704
33704
33595
33538
33418
33418
33418
33414
33414
33414
33356
33326
33326
33219
33219
33219
33222
33222
33223
33083
33086
33079
33079
33082
33082
33082
33082
33075
33068
32934
32934
32939
32939
32939
32940
32926
32940
32940
32940
32960
32960
32960
32964
32962
32962
32787
32744
32738
32740
32748
32751
32747
32753
32691
32691
32691
32691
32582
32498
32492
32494
32494
32587
32591
32592
32511
32458
32420
32378
32378
32378
32237
32239
32123
32123
32120
32120
31926
31752
31761
31761
31770
31714
31677
31700
31581
31505
31507
31507
31507
31507
31494
31480
31480
31480
31480
31480
31422
31300
31065
31092
31049
31033
31038
31038
30948
30948
30948
30948
30864
30900
30909
30912
30932
30932
30932
30932
30938
30939
30939
30946
30940
30940
30788
30806
30806
30826
30827
30829
30827
30827
30827
30760
30763
30675
30575
30575
30575
30575
30575
30575
30575
30401
30401
30386
30295
30295
30295
30295
30197
30201
30210
30209
30182
30182
30182
30182
30182
30184
30173
30173
30180
30184
30184
30184
30184
30185
30172
30160
30160
30065
30065
30065
30071
30074
30074
30074
30074
30079
30092
30092
30092
30099
30099
30079
30035
30035
30035
30035
30028
30029
30029
30031
30011
29962
29962
29962
29961
29961
29961
29961
29961
29961
29961
29966
29966
29966
29966
29966
29966
29953
29953
29953
29953
29956
29881
29881
29881
29902
29919
29920
29818
29833
29834
29834
29834
29834
29834
29834
29834
29833
29830
29830
29830
29835
29662
29659
29659
29659
29659
29659
29475
29475
29480
29443
29429
29429
29429
29429
29315
29324
29326
29326
29235
29235
29224
29224
29224
29225
29225
29040
29035
28980
29002
29002
28883
28883
28883
28883
28851
28827
28827
28827
28816
28818
28818
28668
28668
28461
28461
28461
28461
28461
28445
28445
28335
28335
28336
28335
28335
28335
28335
28354
28313
28308
28308
28312
28312
28326
28326
28326
28326
28326
28326
28328
28328
28328
28327
28327
28327
28316
28307
28315
28315
28317
28317
28311
28135
28135
28135
28136
28083
28083
28104
28104
28058
28058
28058
28058
28042
27962
27886
27850
27850
27850
27838
27849
27837
27699
27699
27705
27705
27680
27680
27680
27680
27677
27677
27677
27677
27677
27677
27677
27671
27591
27591
27470
27470
27470
27470
27470
27409
27409
27410
27395
27395
27395
27395
27388
27388
27385
27383
27383
27383
27383
27383
27383
27383
27383
27383
27346
27346
27321
27321
27321
27334
27325
27325
27325
27325
27170
27170
27151
27151
27151
27001
26991
26991
26991
26992
26994
26994
26994
26994
26994
26999
26981
26971
26971
26971
26970
26970
26978
26978
26978
26978
26978
26978
26978
26964
26964
26962
26989
26989
26989
26986
26986
26989
26989
26989
26989
26946
26946
26946
26947
26947
26947
26899
26899
26899
26899
26901
26901
26827
26843
26846
26706
26706
26706
26684
26679
26680
26684
26684
26688
26707
26707
26707
26707
26708
26705
26705
26705
26705
26705
26705
26626
26625
26624
26634
26564
26494
26494
26494
26494
26490
26490
26460
26460
26460
26460
26460
26460
26450
26446
26382
26382
26387
26387
26388
26388
26384
26427
26427
26400
26400
26408
26408
26408
26342
26342
26377
26377
26377
26379
26379
26378
26297
26297
26308
26250
26113
26113
26113
26119
26112
26113
26109
26109
25964
25964
25964
25964
25971
25955
25955
25953
25947
25947
25916
25919
25916
25916
25911
25911
25915
25722
25722
25722
25684
25684
25684
25674
25674
25633
25582
25582
25582
25593
25598
25598
25598
25600
25587
25584
25584
25584
25584
25584
25585
25585
25420
25420
25407
25407
25407
25410
25394
25393
25393
25393
25393
25393
25393
25351
25356
25356
25356
25356
25336
25336
25336
25296
25296
25296
25292
25292
25292
25288
25282
25211
25211
25211
25202
25038
25038
25022
25022
25022
25023
25023
25022
25022
25022
25016
24920
24920
24920
24785
24785
24785
24759
24759
24749
24749
24749
24749
24749
24749
24749
24742
24741
24751
24751
24751
24751
24751
24751
24763
24656
24546
24546
24495
24505
24505
24512
24512
24516
24516
24514
24514
24514
24514
24514
24496
24498
24498
24449
24449
24449
24449
24449
24449
24445
24449
24441
24428
24368
24368
24368
24368
24368
24359
24359
24359
24357
24346
24346
24364
24364
24361
24361
24336
24336
24337
24338
24338
24287
24287
24294
24260
24274
24274
24274
24274
24225
24225
24225
24225
24225
24139
24139
24139
24163
24163
24163
24036
24040
24040
24042
24042
24042
24000
24002
24002
24003
24003
24003
24003
24003
24014
23987
23987
23987
23897
23897
23897
23855
23861
23861
23861
23861
23861
23861
23715
23705
23650
23650
23654
23654
23646
23646
23595
23576
23462
23462
23462
23462
23462
23463
23465
23465
23423
23423
23403
23403
23403
23404
23404
23417
23417
23417
23417
23419
23419
23419
23369
23220
23204
23192
23192
23192
23201
23201
23201
23201
23204
23038
23038
23044
23047
23047
23045
22983
22987
22959
22961
22961
22961
22961
22961
22959
22940
22940
22849
22874
22874
22874
22874
22798
22735
22736
22736
22736
22736
22736
22736
22748
22716
22716
22716
22716
22665
22665
22665
22670
22670
22656
22645
22645
22624
22612
22612
22612
22612
22612
22612
22615
22515
22511
22511
22511
22438
22438
22438
22441
22326
22326
22326
22297
22297
22297
22298
22298
22278
22278
22278
22278
22278
22278
22278
22283
22283
22283
22283
22107
22107
22072
22006
22006
22006
21955
21953
21915
21915
21915
21915
21729
21728
21728
21721
21721
21721
21723
21723
21733
21698
21698
21700
21689
21689
21689
21690
21696
21696
21707
21655
21655
21652
21652
21652
21652
21652
21608
21598
21598
21598
21602
21603
21485
21493
21493
21493
21493
21527
21529
21532
21534
21447
21446
21446
21446
21442
21442
21282
21282
21282
21282
21282
21148
21151
21150
21150
21152
21151
21151
21116
21050
21048
21048
21048
20988
20988
20988
20988
20988
20988
20988
20991
20884
20783
20755
20757
20760
20760
20765
20758
20758
20758
20758
20718
20718
20711
20711
20569
20570
20570
20570
20570
20570
20570
20570
20571
20561
20561
20561
20561
20561
20427
20427
20421
20419
20419
20419
20419
20419
20423
20423
20423
20423
20420
20407
20406
20406
20403
20402
20385
20385
20385
20385
20385
20385
20385
20375
20296
20296
20296
20296
20296
20296
20296
20292
20292
20271
20249
20251
20251
20251
20235
20235
20115
20113
20113
20114
20074
20074
20074
20074
20058
20060
20062
20062
20062
20036
20036
20034
19986
19971
19971
19975
19975
19975
19909
19909
19909
19909
19898
19918
19919
19919
19848
19850
19850
19840
19840
19840
19840
19840
19840
19840
19765
19761
19753
19753
19753
19753
19753
19753
19753
19758
19758
19741
19741
19741
19741
19741
19741
19741
19741
19736
19622
19622
19551
19551
19533
19533
19511
19462
19462
19462
19469
19465
19379
19379
19368
19368
19161
19161
19161
19161
19161
19161
19161
19160
19160
19040
19040
19040
19040
19054
19057
19057
19057
19122
19122
19122
19116
19025
19025
19028
19028
19028
19028
19028
19028
19028
19028
19028
19028
19028
19028
19028
19028
19027
18972
18971
18971
18971
18867
18871
18871
18879
18825
18825
18820
18820
18820
18775
18775
18804
18686
18686
18665
18665
18647
18647
18647
18628
18628
18628
18602
18602
18614
18614
18614
18614
18594
18565
18565
18562
18562
18564
18564
18559
18559
18559
18546
18546
18531
18531
18531
18421
18408
18410
18322
18321
18246
18246
18246
18246
18246
18246
18246
18233
18228
18228
18185
18185
18059
18059
18059
18059
18059
18046
18042
18051
18051
18051
18051
18050
18048
18009
17997
17999
17999
17960
17958
17958
17958
17958
17958
17958
17962
17962
17962
17959
17966
17966
17966
17966
17966
17974
17939
17907
17907
17907
17908
17908
17908
17903
17903
17903
17903
17902
17902
17900
17900
17815
17801
17799
17799
17799
17799
17799
17799
17775
17566
17424
17424
17424
17421
17391
17391
17391
17391
17391
17391
17391
17341
17341
17341
17344
17345
17345
17345
17338
17338
17338
17256
17256
17246
17246
17246
17246
17246
17245
17245
17245
17245
17247
17247
17247
17247
17247
17247
17247
17265
17265
17265
17253
17253
17253
17253
17146
17146
17146
17146
17146
17146
17142
17143
17143
17143
17143
17143
17143
17143
17017
17017
16988
16986
16893
16881
16881
16818
16818
16815
16815
16801
16801
16801
16801
16802
16802
16764
16764
16764
16764
16764
16764
16764
16773
16750
16750
16703
16703
16617
16618
16607
16609
16610
16610
16610
16610
16612
16612
16601
16601
16620
16620
16621
16621
16621
16621
16621
16621
16621
16621
16621
16621
16605
16605
16605
16605
16603
16603
16603
16603
16604
16569
16569
16569
16569
16569
16425
16425
16341
16341
16282
16276
16276
16129
16122
16112
16112
16104
16104
16104
16031
16031
16031
16031
16032
16032
16032
16032
16032
16019
15973
15950
15956
15996
15995
15995
15995
15997
15997
15883
15887
15887
15885
15848
15841
15841
15829
15829
15793
15793
15793
15793
15667
15616
15616
15616
15616
15616
15616
15616
15616
15610
15621
15621
15621
15621
15621
15521
15521
15504
15503
15438
15431
15431
15431
15431
15431
15431
15431
15427
15427
15427
15379
15379
15380
15382
15382
15382
15382
15382
15382
15382
15246
15248
15248
15151
15151
15151
15152
15152
15137
15137
15137
15137
15124
15136
15136
15136
15136
15139
15126
15126
15126
15088
15088
15088
15088
15088
15088
15088
15088
15088
15088
14993
14993
14993
14988
14988
14980
14980
14982
14982
14982
14982
14982
14982
14982
14982
14825
14809
14809
14721
14721
14721
14712
14712
14712
14712
14712
14712
14712
14712
14712
14678
14678
14664
14664
14664
14664
14664
14664
14664
14664
14664
14658
14658
14658
14658
14563
14603
14608
14509
14509
14509
14509
14510
14507
14507
14507
14507
14515
14513
14513
14513
14513
14513
14513
14513
14503
14495
14479
14480
14480
14472
14472
14472
14472
14472
14437
14429
14429
14429
14429
14429
14433
14440
14440
14405
14396
14399
14399
14399
14399
14399
14399
14399
14399
14399
14393
14393
14393
14384
14366
14366
14345
14345
14345
14348
14333
14319
14314
14314
14314
14314
14314
14314
14314
14312
14312
14301
14301
14301
14301
14302
14302
14302
14302
14272
14265
14264
14264
14232
14237
14237
14237
14221
14221
14223
14223
14223
14223
14216
14217
14202
14202
14202
14202
14223
14222
14222
14222
14222
14222
14222
14167
14080
14080
14079
14079
14079
14079
14079
14064
14066
14066
14066
14066
14066
14066
14066
14066
14066
14066
14066
14066
14062
14049
14049
14049
14049
14049
14049
14049
13984
13969
13965
13965
13960
13945
13945
13938
13938
13922
13880
13880
13880
13880
13880
13880
13880
13880
13880
13874
13883
13883
13883
13883
13889
13873
13873
13873
13858
13858
13858
13853
13853
13853
13853
13856
13848
13848
13848
13848
13835
13835
13835
13838
13838
13838
13838
13836
13836
13836
13836
13810
13775
13774
13774
13770
13770
13605
13605
13554
13554
13554
13554
13553
13509
13509
13506
13506
13506
13474
13474
13474
13473
13473
13473
13473
13464
13460
13460
13460
13460
13460
13444
13422
13422
13422
13427
13427
13427
13427
13427
13429
13307
13307
13307
13116
13116
13116
13050
13050
13050
13050
13050
13042
13042
13042
13042
13043
13043
13043
13043
13043
13035
13035
13035
12968
12964
12964
12964
12964
12964
12948
12948
12947
12947
12959
12983
12983
12983
12864
12865
12868
12763
12763
12766
12766
12776
12776
12776
12776
12776
12763
12760
12762
12739
12739
12728
12728
12728
12728
12728
12681
12675
12675
12656
12656
12656
12648
12643
12643
12636
12636
12638
12638
12641
12641
12641
12641
12641
12644
12644
12644
12616
12616
12620
12620
12620
12620
12620
12620
12619
12619
12619
12619
12619
12632
12632
12632
12632
12634
12598
12602
12602
12602
12602
12602
12604
12604
12604
12604
12604
12571
12571
12571
12571
12571
12571
12575
12575
12575
12575
12527
12527
12527
12527
12532
12531
12388
12383
12383
12383
12353
12326
12348
12348
12348
12348
12348
12348
12348
12348
12349
12349
12349
12349
12351
12343
12337
12337
12337
12337
12337
12337
12337
12337
12303
12297
12297
12297
12298
12304
12208
12208
12208
12208
12208
12208
12208
12208
12206
12206
12206
12206
12206
12206
12206
12206
12126
12117
12117
12116
12116
12116
12117
12117
12117
12081
12081
11862
11862
11862
11862
11824
11824
11824
11824
11824
11821
11821
11816
11779
11779
11753
11753
11753
11751
11751
11749
11749
11749
11749
11744
11745
11712
11712
11712
11712
11712
11712
11707
11707
11707
11691
11691
11691
11691
11670
11671
11671
11670
11670
11670
11639
11639
11635
11635
11635
11635
11635
11635
11544
11544
11544
11544
11544
11544
11545
11545
11545
11545
11545
11545
11545
11469
11475
11460
11460
11460
11458
11420
11420
11420
11420
11444
11444
11444
11440
11440
11450
11450
11424
11422
11420
11420
11420
11420
11420
11420
11420
11420
11410
11410
11410
11410
11410
11425
11425
11425
11425
11426
11426
11426
11426
11426
11369
11371
11368
11368
11368
11368
11368
11368
11299
11106
11117
11120
11120
11120
11120
11120
11120
11123
11123
11096
11082
11082
11082
11082
11082
11082
11082
11082
11077
11077
11077
11077
11077
11077
11077
11077
11077
11074
11074
11048
11026
11026
11010
11010
11008
11008
11008
11008
11008
11008
11008
11008
11008
11007
11007
11007
10999
10999
10998
10998
10998
11002
10999
10999
10999
10999
10957
10958
10958
10958
10958
10958
10958
10958
10958
10950
10951
10951
10951
10951
10951
10922
10922
10916
10921
10921
10909
10909
10909
10902
10897
10897
10897
10897
10881
10874
10872
10872
10872
10872
10872
10872
10856
10856
10857
10857
10857
10857
10854
10852
10852
10841
10841
10705
10705
10695
10656
10656
10656
10656
10656
10656
10656
10659
10659
10659
10659
10659
10660
10670
10670
10670
10670
10670
10670
10670
10670
10670
10670
10670
10670
10486
10482
10482
10486
10486
10489
10485
10485
10482
10482
10482
10470
10473
10429
10429
10427
10427
10427
10427
10427
10427
10430
10430
10398
10398
10391
10376
10376
10376
10376
10376
10358
10358
10360
10360
10360
10363
10363
10363
10363
10364
10361
10361
10360
10360
10360
10357
10357
10354
10354
10363
10363
10359
10368
10319
10319
10308
10308
10278
10278
10278
10278
10278
10278
10252
10249
10249
10249
10249
10249
10249
10249
10249
10249
10249
10249
10235
10221
10195
10195
10193
10190
10190
10173
10168
10168
10140
10140
10140
10123
10125
10125
10125
10125
10125
10125
10125
10125
10125
10116
10116
10116
10116
10116
10116
10117
10117
10117
10117
10117
10110
10110
10110
10110
10110
10109
10109
10110
10110
10110
10110
10096
10096
9986
9986
9986
9986
9986
9984
9961
9961
9961
9965
9965
9944
9944
9925
9925
9925
9900
9900
9900
9900
9900
9900
9900
9900
9900
9900
9900
9900
9900
9900
9894
9902
9902
9902
9902
9902
9889
9889
9885
9885
9862
9862
9862
9862
9862
9862
9862
9846
9824
9749
9750
9750
9750
9750
9750
9742
9740
9740
9739
9739
9740
9738
9738
9738
9714
9714
9714
9714
9714
9714
9711
9711
9706
9706
9694
9694
9694
9695
9556
9558
9558
9559
9559
9553
9553
9552
9552
9552
9553
9555
9555
9555
9548
9525
9525
9528
9528
9529
9507
9506
9502
9534
9534
9525
9526
9478
9478
9477
9477
9477
9477
9477
9477
9476
9476
9475
9433
9435
9419
9417
9417
9417
9409
9432
9432
9432
9432
9432
9432
9426
9426
9426
9426
9426
9426
9426
9426
9425
9425
9425
9425
9424
9424
9424
9424
9424
9424
9424
9424
9424
9424
9424
9418
9418
9418
9418
9418
9418
9418
9316
9297
9294
9294
9271
9271
9271
9271
9271
9271
9271
9281
9281
9281
9281
9235
9237
9237
9241
9241
9229
9196
9185
9185
9128
9128
9128
9123
9087
9087
9083
9083
9083
9087
9087
9087
9079
9079
9079
9079
9079
9040
9029
9030
9030
9030
9030
8993
8993
8993
8973
8972
8972
8972
8972
8972
8972
8972
8972
8972
8972
8966
8965
8965
8965
8965
8965
8924
8925
8925
8925
8924
8905
8866
8857
8857
8857
8857
8812
8807
8807
8807
8807
8806
8801
8789
8797
8797
8797
8789
8780
8780
8780
8788
8788
8788
8788
8789
8789
8799
8799
8782
8782
8782
8782
8782
8780
8780
8780
8780
8780
8781
8781
8781
8781
8753
8753
8746
8746
8746
8745
8745
8745
8745
8739
8739
8737
8737
8737
8737
8737
8739
8661
8661
8661
8661
8661
8655
8655
8655
8655
8655
8658
8658
8658
8658
8658
8658
8658
8643
8626
8626
8626
8626
8625
8625
8625
8606
8606
8606
8606
8601
8601
8601
8576
8576
8574
8569
8560
8560
8560
8560
8558
8558
8558
8558
8558
8541
8541
8523
8479
8479
8479
8479
8470
8467
8463
8463
8463
8348
8348
8348
8348
8338
8338
8338
8329
8329
8332
8332
8332
8332
8332
8333
8333
8333
8333
8333
8314
8314
8314
8314
8314
8315
8320
8320
8320
8320
8316
8316
8316
8336
8336
8336
8338
8338
8338
8337
8337
8337
8337
8337
8333
8333
8333
8195
8189
8189
8184
8180
8180
8180
8180
8183
8183
8182
8182
8182
8049
8034
8009
8010
8006
8006
7896
7873
7842
7837
7837
7838
7838
7838
7838
7838
7840
7840
7840
7840
7840
7840
7840
7840
7836
7831
7831
7831
7814
7809
7809
7789
7789
7789
7635
7635
7635
7576
7576
7576
7559
7559
7559
7558
7558
7550
7550
7548
7548
7548
7548
7522
7522
7522
7522
7522
7524
7524
7524
7524
7524
7524
7523
7523
7523
7523
7521
7521
7521
7521
7521
7521
7518
7518
7518
7518
7519
7519
7519
7519
7519
7519
7519
7519
7519
7519
7519
7480
7480
7485
7485
7485
7485
7485
7485
7485
7485
7485
7485
7485
7485
7482
7482
7482
7482
7482
7482
7482
7489
7489
7484
7484
7484
7484
7484
7484
7484
7484
7484
7484
7484
7484
7484
7484
7484
7484
7484
7485
7485
7485
7485
7485
7485
7485
7481
7481
7481
7482
7482
7482
7482
7482
7482
7482
7482
7483
7483
7478
7450
7449
7440
7440
7440
7440
7440
7440
7440
7440
7440
7434
7434
7434
7434
7437
7403
7403
7403
7382
7382
7382
7382
7375
7375
7284
7284
7277
7277
7275
7275
7275
7238
7238
7238
7238
7238
7238
7238
7232
7232
7232
7232
7226
7226
7201
7201
7201
7201
7200
7186
7167
7167
7169
7169
7169
7169
7169
7077
7079
7079
7072
7072
7071
7070
7070
7070
7050
7050
7050
7036
7036
7036
6994
6994
6995
6995
6995
6995
6995
6995
6964
6964
6964
6958
6958
6958
6958
6957
6957
6957
6934
6933
6931
6931
6929
6927
6927
6927
6927
6927
6927
6927
6899
6899
6899
6903
6903
6903
6903
6893
6894
6894
6894
6894
6894
6894
6894
6881
6881
6881
6881
6881
6881
6881
6881
6881
6880
6881
6881
6871
6871
6874
6874
6874
6879
6879
6879
6874
6878
6878
6878
6867
6867
6867
6867
6863
6863
6862
6862
6862
6862
6862
6862
6862
6862
6862
6862
6862
6862
6862
6862
6863
6862
6804
6804
6786
6786
6786
6747
6728
6728
6728
6728
6728
6728
6728
6728
6728
6728
6728
6726
6726
6726
6726
6726
6726
6726
6726
6726
6722
6719
6719
6685
6685
6685
6679
6679
6669
6662
6662
6571
6571
6571
6571
6566
6566
6566
6566
6566
6566
6543
6543
6544
6544
6544
6544
6537
6537
6537
6538
6538
6538
6533
6528
6528
6528
6528
6528
6522
6509
6509
6509
6493
6497
6497
6494
6494
6494
6494
6494
6494
6495
6444
6444
6450
6450
6450
6450
6450
6450
6450
6450
6450
6450
6450
6450
6450
6450
6447
6447
6447
6447
6447
6447
6447
6448
6445
6446
6446
6446
6446
6440
6440
6440
6440
6440
6440
6440
6440
6440
6440
6440
6440
6440
6440
6440
6440
6420
6418
6419
6410
6409
6409
6409
6405
6405
6401
6380
6380
6380
6380
6380
6380
6376
6376
6375
6375
6376
6376
6375
6332
6302
6302
6294
6294
6294
6294
6294
6294
6294
6294
6293
6293
6293
6293
6293
6293
6293
6295
6295
6293
6293
6293
6293
6270
6270
6270
6270
6262
6259
6257
6248
6248
6248
6248
6248
6248
6248
6242
6242
6242
6242
6241
6241
6240
6179
6179
6179
6179
6176
6175
6175
6165
6165
6166
6167
6164
6164
6164
6164
6164
6164
6164
6164
6164
6164
6164
6164
6164
6164
6164
6168
6167
6167
6164
6164
6164
6164
6164
6162
6162
6130
6130
6130
6130
6128
6128
6128
6129
6129
6129
6129
6129
6129
6129
6129
6129
6129
6129
6129
6129
6129
6129
6129
6129
6129
6083
6083
6083
6073
6070
6070
6070
6070
6070
6070
6072
6059
6053
6054
6050
6050
6017
6017
6017
6019
6019
6019
6019
6019
6019
6019
6019
6019
6019
6019
6019
6020
6020
6020
6020
6020
6019
6019
6019
6019
6017
6017
6010
6009
6009
6002
6003
5822
5822
5822
5822
5822
5822
5822
5822
5822
5822
5822
5822
5822
5821
5821
5820
5820
5784
5784
5784
5784
5784
5784
5784
5784
5784
5785
5785
5785
5785
5785
5785
5785
5785
5785
5785
5787
5786
5786
5786
5786
5786
5786
5786
5786
5786
5742
5749
5749
5749
5749
5749
5749
5749
5750
5750
5750
5750
5737
5737
5735
5735
5735
5735
5735
5735
5735
5735
5735
5735
5735
5735
5735
5747
5756
5755
5758
5758
5756
5756
5756
5756
5759
5759
5759
5759
5729
5730
5723
5723
5723
5723
5723
5723
5723
5723
5723
5723
5723
5722
5722
5722
5703
5703
5703
5703
5677
5677
5677
5677
5677
5682
5682
5682
5682
5682
5682
5682
5682
5682
5682
5643
5643
5643
5643
5643
5605
5605
5605
5605
5605
5605
5596
5597
5597
5598
5598
5598
5598
5598
5578
5579
5579
5579
5551
5536
5536
5536
5536
5535
5533
5529
5531
5531
5523
5523
5523
5523
5523
5523
5523
5523
5524
5524
5525
5521
5521
5521
5521
5524
5523
5522
5522
5490
5490
5490
5490
5490
5490
5490
5490
5490
5464
5464
5463
5463
5463
5463
5463
5463
5463
5463
5463
5463
5463
5463
5463
5463
5463
5463
5463
5463
5452
5444
5444
5444
5444
5444
5444
5444
5440
5440
5440
5438
5438
5438
5428
5429
5429
5429
5429
5430
5430
5430
5430
5430
5430
5429
5429
5429
5433
5433
5433
5433
5432
5432
5433
5433
5433
5434
5434
5434
5434
5434
5434
5434
5434
5434
5434
5434
5434
5434
5434
5435
5435
5435
5435
5435
5435
5435
5419
5419
5419
5393
5387
5387
5387
5388
5388
5388
5388
5388
5388
5389
5335
5335
5335
5335
5335
5335
5335
5335
5335
5335
5332
5332
5240
5240
5222
5222
5222
5222
5222
5219
5203
5203
5203
5203
5203
5203
5203
5203
5203
5203
5182
5182
5182
5182
5184
5184
5185
5185
5185
5171
5171
5171
5171
5171
5171
5171
5171
5171
5164
5165
5166
5166
5166
5166
5166
5157
5157
5157
5157
5157
5157
5157
5156
5156
5155
5155
5155
5155
5155
5155
5155
5153
5153
5153
5153
5153
5153
5153
5153
5153
5153
5153
5153
5153
5153
5153
5153
5153
5153
5153
5150
5150
5148
5148
5052
5047
5048
5048
5048
5048
5048
5048
5041
5041
5041
5031
5031
5031
5031
5032
5032
5032
5032
5032
5032
5032
5032
5032
5032
5032
5032
5032
5032
5032
5033
5033
5033
5033
5033
5033
5033
5033
5033
5033
5033
5033
5033
5033
5033
5033
5033
5033
5033
5033
5025
5025
5025
5025
5008
4982
4982
4982
4982
4982
4982
4982
4982
4982
4982
4982
4978
4971
4971
4971
4971
4970
4970
4970
4971
4971
4956
4956
4956
4953
4953
4953
4953
4953
4953
4953
4953
4953
4953
4953
4952
4951
4949
4949
4949
4948
4948
4947
4947
4947
4947
4947
4947
4822
4822
4822
4822
4822
4822
4822
4822
4822
4822
4822
4822
4822
4822
4822
4822
4822
4822
4822
4822
4822
4822
4810
4806
4801
4801
4801
4801
4801
4801
4801
4801
4801
4801
4802
4798
4798
4798
4798
4798
4797
4796
4796
4796
4796
4796
4796
4796
4774
4771
4759
4759
4759
4759
4758
4758
4758
4758
4758
4758
4758
4758
4731
4731
4731
4731
4731
4728
4728
4728
4728
4728
4728
4728
4724
4723
4723
4723
4723
4709
4710
4710
4710
4709
4710
4710
4710
4710
4710
4711
4711
4711
4711
4711
4711
4711
4711
4712
4712
4712
4712
4712
4712
4712
4712
4712
4712
4712
4712
4712
4712
4712
4702
4702
4665
4665
4665
4665
4665
4665
4665
4665
4633
4633
4633
4633
4633
4633
4633
4633
4633
4633
4633
4633
4633
4633
4589
4589
4589
4589
4589
4589
4589
4589
4589
4589
4576
4576
4576
4576
4576
4576
4576
4545
4545
4545
4545
4545
4545
4545
4545
4545
4545
4545
4541
4541
4532
4525
4514
4514
4514
4514
4509
4509
4509
4501
4501
4480
4480
4462
4462
4462
4454
4454
4454
4454
4454
4454
4454
4454
4454
4454
4454
4454
4446
4446
4446
4446
4443
4443
4443
4430
4430
4431
4431
4431
4429
4429
4429
4429
4429
4429
4429
4429
4430
4415
4415
4415
4415
4416
4416
4416
4416
4413
4413
4413
4413
4413
4413
4413
4398
4400
4400
4400
4400
4388
4388
4388
4388
4380
4380
4380
4380
4380
4358
4358
4358
4358
4358
4358
4351
4351
4351
4351
4351
4351
4351
4351
4351
4351
4350
4350
4350
4321
4317
4317
4317
4317
4317
4314
4314
4314
4314
4314
4310
4310
4310
4310
4310
4310
4310
4304
4300
4300
4300
4300
4300
4300
4300
4300
4300
4300
4278
4278
4266
4258
4258
4258
4267
4267
4267
4267
4267
4267
4267
4267
4267
4261
4261
4261
4262
4262
4259
4259
4259
4259
4259
4259
4259
4259
4259
4259
4259
4260
4260
4260
4260
4260
4260
4260
4239
4239
4239
4238
4234
4234
4233
4233
4234
4234
4216
4216
4216
4216
4216
4216
4216
4216
4216
4216
4217
4214
4179
4179
4179
4179
4179
4179
4179
4179
4179
4179
4178
4178
4157
4157
4157
4157
4157
4157
4157
4157
4156
4109
4109
4109
4109
4110
4110
4110
4110
4110
4100
4100
4100
4100
4100
4100
4101
4101
4101
4101
4101
4101
4101
4101
4101
4101
4101
4101
4101
4101
4099
4099
4099
4099
4104
4104
4104
4104
4103
4103
4103
4103
4102
4102
4102
4102
4100
4100
4100
4100
4100
4100
4100
4100
4100
4100
4100
4098
4098
4095
4095
4092
4092
4092
4079
4079
4079
4079
4079
4080
4080
4080
4080
4069
4069
4069
4069
4069
4069
4069
4069
4073
4073
4065
4064
4064
4017
4017
4017
4017
4017
4017
4017
4017
4017
4018
4018
4018
4018
4018
4018
4018
4018
4016
4016
4016
4010
4007
4007
4007
4007
4007
4007
4007
4010
4010
4010
4010
4010
4008
4006
4006
4003
4003
4003
3970
3970
3970
3970
3970
3968
3968
3968
3964
3964
3964
3969
3969
3969
3969
3969
3969
3969
3969
3969
3969
3969
3969
3969
3969
3969
3969
3964
3964
3959
3957
3957
3957
3938
3938
3938
3938
3915
3911
3911
3911
3908
3908
3908
3908
3908
3908
3903
3903
3899
3894
3894
3894
3894
3894
3894
3894
3894
3894
3894
3894
3894
3894
3896
3896
3896
3896
3896
3896
3887
3845
3845
3845
3845
3845
3845
3845
3848
3848
3848
3848
3848
3848
3848
3843
3844
3844
3845
3845
3845
3839
3839
3838
3838
3838
3838
3838
3838
3838
3838
3838
3838
3838
3838
3838
3827
3821
3821
3821
3820
3820
3820
3820
3820
3820
3801
3801
3801
3801
3801
3801
3801
3801
3801
3799
3797
3797
3797
3797
3797
3781
3781
3781
3781
3781
3779
3778
3778
3778
3757
3756
3755
3758
3758
3758
3758
3758
3759
3759
3759
3759
3759
3759
3759
3759
3759
3759
3759
3759
3759
3759
3759
3759
3759
3759
3759
3759
3759
3759
3759
3758
3758
3757
3746
3746
3746
3746
3746
3746
3746
3746
3746
3746
3746
3731
3731
3731
3727
3727
3727
3727
3724
3724
3724
3724
3724
3724
3724
3724
3724
3724
3721
3721
3721
3721
3721
3720
3720
3720
3720
3720
3720
3708
3708
3708
3708
3708
3708
3708
3708
3708
3708
3708
3708
3708
3708
3708
3708
3708
3708
3708
3708
3707
3706
3706
3706
3706
3706
3709
3709
3709
3709
3709
3709
3709
3709
3709
3709
3709
3708
3708
3708
3708
3708
3708
3708
3708
3708
3708
3708
3701
3701
3701
3701
3701
3701
3701
3706
3706
3703
3692
3692
3692
3692
3657
3657
3657
3659
3641
3641
3641
3641
3641
3641
3641
3641
3641
3641
3620
3620
3620
3620
3619
3613
3613
3613
3613
3616
3616
3616
3616
3616
3616
3616
3616
3616
3616
3616
3616
3616
3616
3616
3616
3616
3615
3615
3610
3610
3610
3610
3610
3607
3607
3608
3608
3608
3608
3608
3608
3608
3608
3608
3608
3608
3600
3600
3600
3600
3601
3601
3601
3595
3595
3595
3595
3595
3596
3596
3596
3596
3596
3596
3596
3596
3571
3571
3571
3571
3571
3571
3567
3568
3568
3568
3568
3568
3568
3568
3568
3564
3562
3562
3562
3564
3564
3561
3561
3562
3562
3562
3562
3562
3562
3559
3556
3556
3557
3557
3557
3557
3557
3557
3557
3557
3557
3557
3534
3532
3532
3532
3533
3531
3531
3531
3531
3531
3533
3533
3533
3533
3533
3533
3533
3533
3468
3468
3321
3321
3320
3320
3320
3317
3317
3317
3317
3319
3319
3319
3319
3325
3324
3313
3313
3313
3301
3283
3283
3283
3283
3283
3283
3282
3282
3282
3282
3282
3282
3282
3282
3280
3280
3280
3280
3280
3280
3280
3280
3279
3279
3279
3279
3279
3279
3279
3279
3279
3279
3279
3279
3279
3278
3266
3266
3266
3266
3266
3271
3271
3271
3272
3272
3272
3272
3272
3272
3272
3272
3272
3272
3272
3272
3272
3272
3272
3272
3272
3272
3272
3272
3272
3272
3267
3267
3267
3267
3267
3267
3267
3267
3267
3267
3267
3267
3267
3267
3267
3268
3268
3268
3268
3268
3262
3262
3262
3262
3262
3262
3262
3262
3262
3262
3262
3262
3262
3248
3248
3248
3248
3247
3246
3246
3246
3246
3246
3246
3246
3246
3246
3246
3246
3246
3246
3246
3246
3206
3206
3206
3206
3206
3206
3206
3206
3204
3204
3204
3204
3203
3203
3199
3194
3194
3194
3194
3194
3194
3192
3192
3192
3192
3192
3192
3193
3185
3185
3185
3185
3187
3187
3187
3187
3187
3187
3187
3188
3188
3188
3188
3188
3188
3188
3188
3188
3188
3188
3188
3188
3188
3188
3188
3188
3188
3188
3188
3188
3149
3144
3144
3144
3144
3144
3144
3144
3144
3142
3142
3142
3142
3142
3125
3125
3130
3128
3128
3127
3127
3127
3128
3123
3123
3123
3123
3123
3119
3119
3113
3113
3113
3113
3113
3113
3113
3113
3113
3113
3085
3085
3085
3085
3086
3086
3086
3086
3086
3086
3086
3086
3086
3086
3086
3086
3086
3086
3086
3086
3086
3083
3083
3083
3083
3083
3083
3084
3085
3085
3076
3076
3076
3076
3076
3076
3076
3076
3076
3076
3077
3077
3077
3077
3077
3077
3077
3077
3077
3077
3077
3074
3074
3074
3074
3074
3074
3074
3074
3074
3074
3061
3061
3061
3061
3061
3061
3061
3061
3061
3061
3061
3061
3061
3061
3061
3061
3061
3047
3047
3046
3046
3046
3046
3046
3046
3046
3046
3032
3032
3032
3032
3023
3023
3023
3023
3023
3023
3023
3023
3023
3023
3023
3023
3023
3023
3023
3023
3023
3023
3023
3023
3023
3023
3023
3023
3023
3023
3022
3022
3022
3022
3022
3022
3022
3022
3022
3022
3022
3022
3022
3022
3022
3022
3022
3022
3011
3011
3011
3011
3011
3011
2988
2988
2988
2988
2988
2988
2988
2988
2988
2988
2989
2987
2987
2987
2987
2983
2983
2983
2983
2982
2983
2983
2983
2984
2984
2984
2984
2984
2984
2986
2986
2986
2986
2986
2986
2986
2986
2986
2986
2983
2983
2983
2983
2983
2983
2983
2983
2983
2983
2983
2983
2983
2983
2983
2983
2983
2983
2983
2983
2982
2982
2982
2982
2980
2980
2980
2980
2980
2980
2980
2980
2980
2980
2980
2980
2980
2980
2980
2980
2979
2961
2961
2961
2961
2961
2961
2961
2961
2961
2961
2961
2961
2961
2961
2961
2961
2961
2961
2959
2958
2958
2959
2959
2959
2959
2952
2952
2952
2952
2952
2952
2952
2952
2952
2952
2952
2930
2930
2930
2930
2930
2930
2930
2930
2930
2930
2927
2927
2927
2927
2927
2927
2927
2927
2927
2927
2927
2927
2927
2927
2927
2927
2927
2927
2927
2927
2927
2927
2927
2930
2930
2930
2930
2930
2930
2930
2930
2929
2929
2929
2929
2929
2929
2929
2929
2929
2929
2921
2921
2921
2921
2921
2921
2921
2919
2919
2919
2918
2918
2918
2917
2917
2917
2917
2917
2917
2917
2917
2918
2919
2919
2919
2918
2918
2918
2918
2918
2918
2918
2918
2918
2918
2919
2919
2917
2917
2917
2917
2917
2917
2916
2917
2917
2917
2917
2917
2917
2917
2917
2917
2726
2726
2726
2726
2726
2726
2690
2687
2687
2687
2687
2687
2687
2687
2687
2687
2683
2683
2683
2683
2683
2683
2683
2683
2683
2683
2683
2683
2683
2683
2683
2686
2686
2686
2686
2686
2686
2686
2679
2679
2679
2679
2675
2674
2672
2671
2671
2669
2668
2668
2666
2666
2666
2666
2666
2666
2666
2666
2666
2666
2666
2661
2661
2661
2661
2661
2661
2653
2653
2653
2653
2653
2653
2653
2653
2653
2653
2653
2653
2653
2654
2654
2654
2654
2654
2654
2654
2654
2654
2654
2654
2654
2654
2654
2654
2654
2654
2654
2654
2654
2654
2654
2654
2654
2654
2654
2654
2654
2653
2653
2653
2652
2652
2652
2652
2652
2652
2652
2652
2652
2652
2652
2652
2652
2652
2652
2648
2648
2648
2648
2648
2648
2648
2648
2648
2648
2648
2648
2648
2648
2648
2648
2648
2648
2648
2648
2648
2648
2648
2648
2645
2645
2645
2646
2646
2646
2646
2654
2654
2654
2654
2654
2654
2654
2654
2654
2654
2654
2654
2654
2634
2634
2634
2634
2634
2634
2634
2634
2634
2634
2634
2636
2631
2623
2623
2623
2623
2623
2623
2623
2623
2612
2612
2612
2612
2612
2612
2613
2613
2613
2613
2613
2613
2613
2613
2613
2613
2613
2613
2613
2613
2613
2607
2607
2607
2607
2607
2607
2607
2608
2551
2551
2551
2548
2548
2548
2548
2548
2548
2548
2548
2548
2547
2547
2547
2547
2547
2547
2547
2547
2547
2547
2547
2547
2546
2546
2546
2546
2546
2546
2546
2544
2544
2544
2539
2539
2539
2539
2539
2538
2538
2538
2538
2538
2538
2538
2538
2538
2538
2538
2538
2538
2538
2538
2536
2536
2536
2536
2536
2536
2536
2536
2536
2536
2519
2519
2518
2518
2518
2518
2518
2504
2504
2504
2504
2504
2471
2471
2471
2471
2471
2471
2471
2471
2471
2471
2470
2454
2454
2454
2454
2455
2455
2455
2455
2455
2456
2456
2456
2457
2458
2454
2454
2454
2454
2454
2454
2454
2454
2454
2454
2454
2454
2454
2454
2454
2454
2454
2454
2454
2454
2454
2454
2454
2454
2454
2454
2454
2454
2453
2453
2452
2454
2453
2453
2453
2453
2453
2453
2453
2453
2453
2453
2453
2453
2453
2453
2453
2453
2453
2453
2453
2453
2453
2453
2453
2453
2453
2453
2453
2453
2453
2454
2452
2452
2452
2452
2452
2452
2452
2452
2452
2452
2447
2447
2447
2446
2446
2446
2446
2446
2446
2446
2446
2446
2446
2446
2446
2446
2446
2446
2446
2446
2446
2446
2446
2446
2446
2446
2446
2446
2446
2446
2446
2446
2446
2446
2446
2446
2445
2445
2445
2445
2445
2445
2444
2444
2444
2444
2444
2444
2444
2444
2393
2394
2394
2392
2392
2393
2385
2385
2385
2385
2385
2385
2385
2385
2385
2385
2385
2385
2385
2385
2385
2385
2360
2359
2359
2359
2359
2358
2358
2358
2358
2358
2358
2358
2357
2357
2357
2357
2357
2357
2357
2357
2357
2357
2357
2357
2357
2356
2356
2356
2337
2265
2265
2265
2265
2265
2265
2266
2264
2264
2264
2265
2265
2265
2265
2265
2260
2260
2260
2260
2260
2260
2260
2253
2253
2253
2250
2250
2250
2250
2250
2250
2250
2250
2250
2228
2228
2228
2228
2228
2228
2228
2228
2228
2228
2228
2228
2228
2224
2224
2224
2224
2224
2224
2224
2224
2224
2224
2224
2224
2224
2224
2224
2224
2224
2224
2224
2224
2224
2224
2224
2224
2224
2224
2224
2217
2217
2217
2217
2217
2217
2216
2216
2216
2216
2216
2216
2216
2216
2216
2216
2216
2214
2214
2214
2214
2214
2214
2212
2212
2212
2212
2211
2207
2207
2207
2206
2204
2205
2203
2203
2203
2199
2199
2199
2199
2199
2199
2199
2199
2199
2199
2199
2199
2199
2199
2127
2127
2127
2127
2127
2126
2126
2126
2122
2122
2122
2123
2123
2123
2123
2122
2122
2122
2122
2122
2117
2117
2115
2115
2115
2114
2115
2114
2114
2114
2114
2114
2114
2114
2114
2114
2114
2114
2114
2114
2114
2114
2114
2114
2114
2114
2114
2114
2114
2114
2114
2114
2114
2108
2108
2108
2108
2108
2108
2108
2108
2107
2107
2107
2108
2108
2108
2108
2108
2108
2108
2108
2108
2108
2108
2108
2108
2108
2094
2094
2094
2094
2093
2093
2093
2093
2093
2093
2093
2093
2070
2070
2070
2071
2071
2071
2071
2071
2071
2071
2061
2057
2057
2055
2055
2055
2055
2055
2055
2048
2036
2036
2036
2036
2036
2036
2036
2036
2036
2036
2036
2036
2033
2033
2028
2028
2028
2027
2027
2027
2027
2027
2027
2027
2027
2027
2027
2027
2027
2025
2025
2025
2023
2023
2023
2023
2023
2024
2024
2024
2024
2024
2024
2022
2021
2021
2021
2021
2019
2018
2016
2016
2016
2016
2003
2003
2003
2003
2003
2003
2003
2003
1982
1982
1982
1982
1982
1982
1982
1982
1982
1982
1982
1982
1982
1982
1982
1982
1982
1982
1982
1982
1982
1982
1982
1982
1981
1981
1981
1981
1981
1971
1971
1971
1971
1971
1967
1967
1967
1967
1967
1967
1967
1966
1966
1966
1966
1966
1966
1966
1966
1966
1966
1966
1966
1965
1965
1965
1965
1965
1965
1965
1935
1935
1935
1935
1935
1935
1935
1935
1935
1935
1935
1935
1935
1935
1935
1935
1935
1935
1935
1935
1935
1935
1935
1935
1935
1935
1933
1933
1932
1932
1932
1932
1932
1932
1932
1932
1932
1933
1933
1933
1933
1933
1933
1933
1933
1933
1933
1933
1933
1933
1933
1933
1933
1933
1933
1933
1933
1934
1934
1934
1934
1934
1934
1934
1934
1934
1932
1932
1932
1932
1941
1941
1941
1941
1941
1938
1938
1939
1939
1939
1939
1939
1939
1914
1914
1914
1914
1914
1914
1913
1910
1910
1908
1908
1908
1908
1908
1908
1908
1908
1908
1894
1894
1894
1894
1894
1894
1895
1895
1895
1895
1895
1895
1895
1895
1895
1884
1884
1884
1884
1884
1884
1884
1885
1885
1885
1885
1885
1885
1885
1885
1885
1885
1885
1885
1885
1885
1885
1885
1883
1883
1883
1883
1883
1883
1883
1883
1883
1883
1883
1877
1877
1877
1877
1877
1877
1877
1877
1877
1877
1877
1877
1877
1877
1877
1875
1875
1875
1875
1875
1875
1874
1874
1874
1874
1874
1874
1874
1874
1874
1874
1874
1874
1874
1874
1874
1874
1874
1874
1874
1874
1874
1874
1874
1874
1874
1874
1874
1868
1868
1818
1818
1817
1817
1817
1817
1817
1815
1815
1815
1815
1815
1815
1815
1815
1815
1815
1815
1815
1815
1811
1811
1811
1811
1811
1811
1811
1808
1808
1808
1808
1808
1808
1808
1808
1808
1808
1808
1808
1808
1808
1808
1808
1808
1808
1808
1808
1808
1808
1808
1808
1808
1808
1808
1808
1808
1808
1808
1808
1808
1808
1799
1799
1799
1799
1798
1798
1798
1798
1798
1793
1793
1793
1785
1784
1784
1784
1784
1784
1784
1784
1783
1783
1783
1783
1783
1783
1783
1783
1783
1783
1783
1783
1783
1777
1777
1774
1774
1774
1774
1766
1766
1766
1766
1766
1766
1766
1766
1766
1766
1766
1766
1766
1766
1766
1766
1762
1747
1747
1747
1747
1747
1747
1747
1742
1742
1742
1742
1742
1742
1739
1739
1739
1739
