51
3 3 1
1 1
2 2
6 6 3
3 1
2 4
3 3 0
1 1
2 1
3 3 1
1 1
1 2
3 3 2
1 1
2 2
4 4 2
1 1
2 2
4 4 2
1 2
2 2
4 4 2
1 3
2 2
4 4 2
2 3
2 2
4 4 2
3 3
2 2
4 4 2
3 2
2 2
4 4 2
3 1
2 2
4 4 2
2 1
2 2
3 100 10
1 50
2 50
3 100 11
1 50
2 50
100 4 10
50 1
50 2
100 4 11
50 1
50 2
4 4 100000
1 1
2 2
4 4 99999
1 1
2 2
94 75 100000
47 36
51 67
24 82 100000
22 13
4 51
3 30 100000
1 6
1 4
81 5 100000
77 1
6 4
67 13 99999
44 4
16 1
3 28 99999
1 24
2 11
40 95 99999
39 10
15 86
13 60 99999
6 59
1 47
63 37 99998
6 4
10 36
29 98 99998
6 90
17 14
27 29 99998
4 7
18 10
56 45 99998
21 23
47 2
32 92 99997
3 72
24 60
34 98 99997
2 20
5 81
99 19 99997
19 9
91 12
76 19 99997
55 12
10 7
51 66 25749
27 24
16 21
67 30 19170
20 26
35 27
23 57 2141
8 45
17 22
85 42 13122
12 7
63 36
32 25 27454
29 2
27 1
21 6 31447
5 5
10 5
91 37 1806
71 15
84 5
90 29 17019
33 12
84 19
72 47 1615
38 40
1 15
41 95 22185
5 58
5 14
80 58 1877
8 10
16 48
57 95 10675
30 1
7 6
31 54 14094
4 32
22 22
49 35 31582
36 21
22 23
82 6 22477
27 5
71 1
4 95 547
2 85
2 2
