183
3 1
3 -1
3 2
3 -2
3 3
3 -3
4406 3209
3582 1299
610 -274
5083 -2534
8527 1887
2299 1244
2431 1780
3175 -1206
655 -255
2596 280
4705 2471
6120 -4140
3176 -183
7874 -3642
7851 -2867
3188 3025
8391 -5303
5730 -5574
9041 -8328
7845 -4189
9729 -3947
4065 -1370
7404 -7045
2073 -1537
4736 -4272
1439 -127
132 -56
3597 -2546
5291 5212
4295 -2558
370 -75
4262 163
5756 -4067
4179 -3477
7457 4257
1788 1220
1127 -657
4235 -447
7017 -1758
3127 -1366
9250 3426
8619 -1598
2571 -725
6074 -4843
1487 1019
1407 690
1809 1742
2937 -1986
1287 -289
9631 -2468
1000000 123456
1000000 -251873
1000000 1000000
13 1
13 -1
13 2
13 -2
13 3
13 -3
13 4
13 -4
13 5
13 -5
13 6
13 -6
13 7
13 -7
13 8
13 -8
13 9
13 -9
13 10
13 -10
13 11
13 -11
13 12
13 -12
13 13
13 -13
39 1
39 -1
39 2
39 -2
39 3
39 -3
39 4
39 -4
39 5
39 -5
39 6
39 -6
39 7
39 -7
39 8
39 -8
39 9
39 -9
39 10
39 -10
39 11
39 -11
39 12
39 -12
39 13
39 -13
39 14
39 -14
39 15
39 -15
39 16
39 -16
39 17
39 -17
39 18
39 -18
39 19
39 -19
39 20
39 -20
39 21
39 -21
39 22
39 -22
39 23
39 -23
39 24
39 -24
39 25
39 -25
39 26
39 -26
39 27
39 -27
39 28
39 -28
39 29
39 -29
39 30
39 -30
39 31
39 -31
39 32
39 -32
39 33
39 -33
39 34
39 -34
39 35
39 -35
39 36
39 -36
39 37
39 -37
39 38
39 -38
39 39
39 -39
12 9
12 -8
12 5
12 -8
12 -11
12 1
12 -9
12 -9
12 -6
12 4
120 46
120 -102
120 1
120 30
120 -63
120 55
120 -8
120 -73
120 95
120 39
