206 36
-457119 -359801 -935017 -267549 655718 -917411 -890207 -178225 -754906 -345999 -642898 -387077 -407234 -886032 -412867 -276178 -50996 -855285 -396521 -535314 -450792 -440420 -43991 -916548 -864581 -149467 -376089 -214215 -379950 445157 -328494 -275639 -478095 -70753 -139233 -529312
-377422 -631996 -14370 -430088 -118228 -674452 -268687 -930492 -922811 -458261 -444650 -730940 -998797 -307253 -22016 -470655 -899459 976120 -149188 -941145 -793708 -566796 -470946 -118842 -116741 -974396 -893420 -759964 -945036 -753014 -497327 330584 -743005 -484056 -337969 -920530
-425791 -419640 -432693 -620699 -380235 -277487 -723839 -690945 -813912 -869967 -701293 -979698 133795 -552329 -634201 -652890 -320334 -464135 -827856 -972431 -194082 -964011 -434306 -636638 -75532 -766947 -930035 -636574 -364072 -847605 206479 -739887 -920125 891993 -347237 -742082
775384 761319 -899774 430128 -902224 -528594 -606998 -741997 -425205 -298661 -47850 -918698 -427908 -678633 -690880 -588699 -194777 -78020 -513617 -659592 -723710 -383210 -875084 -848909 -909054 -525516 -716944 -193486 -664467 -680858 -213146 -958646 -521377 -741047 -235735 -366645
-385408 -402500 -774421 -43570 -81074 930679 -42709 -552142 -73677 -849507 -146726 727827 -920597 -383799 918681 -526239 -687930 -571008 -945223 -871023 -15316 -671701 -809748 -545095 -499583 -371363 -247134 -525027 -489883 -559466 -735049 -162406 -805792 -327305 -445030 -312400
-928418 573574 -410277 724815 -439170 -78767 -570378 -591355 -862953 -982796 -294761 -502415 290755 -360866 -364459 -764889 919008 -708790 -661813 -271589 -812078 -463656 -368611 -689268 -714128 -879022 -178636 -815744 -459829 -756760 -9093 -787823 -820752 -335610 -570014 -256719
-963380 -898388 -151058 -417186 -650071 -909988 -418106 -237428 -938618 -827813 -345478 -150739 -869027 -100916 -360354 -636283 -910906 -963984 -748032 -499372 -553029 -525603 382859 -898820 -218414 -143944 -285578 -928063 -303957 -181342 -449429 -746067 -351762 -726448 -466770 -57831
-907832 -529178 -407762 598340 -746086 -439503 825891 -107543 -36221 -129249 -721798 67851 295410 990492 -293326 -226958 -224695 -594352 -537341 -23399 -678121 -94388 -282397 -275689 -906786 -368681 -753288 -43745 -448558 -35496 -312281 -472091 -396502 -323278 -86466 -304471
-114094 -77610 -846654 -172964 -406655 -979336 -975904 -780198 -991235 -58584 -630803 -662075 -844205 -115754 -753102 -586076 221010 -554000 -426035 -909778 -817648 -171426 -560252 -627836 -284839 -623880 -682334 -994986 -357721 -909051 -756192 -781475 87874 -168533 -70502 -470443
-402821 -276480 -727766 -516030 -939156 -142299 -108342 -238763 -6921 -978216 -695149 -717975 -694961 -493143 211879 -450506 -135049 -938471 -182389 -253941 -440779 -495027 -164897 -698515 231586 -374695 -270154 -277705 -342750 -483770 -281838 -916023 -131431 -285622 963146 -744385
-92896 -349227 -76162 -50279 -194142 -184020 -30651 -374692 -114279 -535417 -666091 -838331 -345844 870103 -511739 -374104 -683215 -725544 -881437 -243822 -97835 -407577 -430427 -353750 628189 -262935 -321270 -528777 -325806 -624420 110164 374485 -755424 -364707 -992335 235281
-472116 -991516 170547 -130927 -13382 -977610 -547231 -617966 -297086 -616347 -720229 -51316 -829597 -217645 -868840 -465313 -95067 -427608 -578438 -780150 -190654 745896 -238994 -7083 -992901 -240935 -409099 -931870 -899231 575541 -624833 -875253 -25983 -307224 -415937 -593750
-356291 -514357 -516229 -630494 -597425 -369720 -805732 -693346 -700934 -516632 -822688 -379567 -104946 564167 50014 -645046 -561778 -214887 -956216 -978386 -466390 -79455 -959084 418854 -838148 -932940 -862100 -548900 -626728 -688472 -595203 -170614 -615136 -706527 -788811 -618253
-540011 -705574 -717401 -399937 885159 -393357 -44662 -683513 -94309 -190456 -271435 -3369 -368843 -57832 989795 -732449 -223401 -89403 -109369 -379355 -30807 -309181 -962206 -730815 -99399 -456227 -326805 -830573 -273270 -137112 -352025 -470934 -230099 -49538 -982825 -590645
-528217 -684302 -774051 -292532 -616648 -449323 -693143 -116846 -388179 -408102 -193392 -932389 -851373 -912509 -616299 -913249 -180618 -229185 -297145 -128817 -385441 183097 -717775 -438552 -634980 -708852 -58898 -197010 -882585 -605951 -606081 -217852 -559999 -878520 565610 -487311
-509823 -407972 752367 -978911 -132366 -748300 -485869 -724552 -51256 -352311 823902 -645240 -321665 -530988 -207023 -545254 -533549 -750907 -509516 -929264 -683054 -794710 787631 376030 -965463 -715935 -325139 -670651 -320552 -482252 -868356 -866210 -341263 -807444 -562425 -378481
-635297 -480731 681160 -68828 -603710 -218120 -303254 -510312 883118 -134130 -406506 696210 -794651 939268 136555 -411921 -956919 -79923 -438767 -831195 -530128 -906738 -924311 -570410 725704 -617589 300314 -644433 -751456 -342543 622173 -378734 -669725 228078 -889508 -918321
924728 -232539 -897470 -460735 -371681 362058 -122427 -658486 -419752 -819068 -695300 -992753 -640137 -30066 -843732 -477963 -629967 -308877 -976984 -238352 -145346 -280985 -405838 -856402 -887946 -284097 -336104 -40505 -232866 392912 51521 -480934 -773149 -570007 -3407 -646938
-283588 -801715 270504 -205243 -418189 -636592 -597412 -176983 -111680 -806266 -384033 -960144 -276506 -765323 -571254 -847651 -742938 842404 -404399 -741703 -109263 -475913 -207119 -252051 -37823 -601884 320452 -499831 -811085 -69852 -13388 -585829 -620087 -777728 -623323 -567679
-283784 -443194 -22836 -604967 -435545 -53645 -50922 -166229 -449998 -291790 -519702 -386151 392987 -147754 -742703 -869942 -67463 -729079 -375476 -181956 -879597 -362307 -121914 -909089 -628343 -580326 -871284 -708051 -372629 -432026 -282418 -259785 -431784 -837130 -744315 709936
-449842 -286206 476499 385477 -71483 -796837 -168498 -456047 -67901 -789262 -896821 -565606 -909796 -108518 -529472 -469051 -230730 -737896 -206318 -331775 -305812 -326677 -718040 -433716 -324189 -134540 -877369 -524997 -959549 199539 291019 -513704 483196 -211557 -67980 -165340
-636080 -51760 -532800 -686014 -846074 -999457 -971140 568867 -566181 -257127 -96306 -528231 543478 772614 -393291 -218524 -640405 -284382 -389212 -997548 -195189 -651686 -120883 -713871 -321117 -860916 -714474 -327092 -231372 -552736 -78710 -756021 -429725 -47217 -560706 -207771
-339105 -665312 -327315 -938735 -451084 -113133 333910 664104 -351800 527288 -742552 -720403 -8730 -678302 -651371 862243 -887879 -804686 -78236 -194198 -116085 -635966 -194134 -870520 356083 -563721 -202400 -211445 802485 763765 -426774 -944270 -659024 -625560 -711817 -720865
-141471 -67715 -602852 -452214 -868195 -389912 -174535 -515735 -735404 -10040 -283483 -520689 -40869 -134899 611396 -649187 -343000 742502 517698 -502001 -121280 -681212 -932813 -924815 -190433 -787010 -490490 -737008 -963435 333880 -453245 -361431 -143830 -516437 -661945 -758409
-539815 -686766 -129845 -175155 -594055 -47909 -294754 -663564 -846742 -636753 -277602 -248368 -420458 -196291 -344154 -451432 -857711 -196434 -25150 -967717 -606479 -652306 -689721 -302598 938946 -265173 -822714 -243856 -375220 -277221 -264397 -436427 -433765 909797 -372978 -746019
-716820 -645847 -221644 -216020 -62341 -134782 -974694 -368169 42463 -934868 -347847 999867 -21230 -145687 -219502 -626537 -667726 -154894 -846088 -154953 -323668 487506 -749917 -808567 -160509 -208447 -608248 -641684 -215523 -5818 -176257 818283 -63782 -354183 -585962 -938084
-501575 -954152 620357 -606000 -504826 -669725 -521726 307240 -848821 -941315 -705993 -739218 -98245 -48365 -481142 -650114 -45283 -827145 416421 -102802 -778657 -945024 736236 -574836 -995383 -247118 -749908 -40667 -98362 -370811 -526336 -664348 304312 -600103 -684549 -697974
-496870 -682751 -17158 -486066 -549841 -699686 827191 -346495 -774098 -802999 -286579 -462492 -883060 -921562 -714036 838119 771240 -327508 -136220 633064 -93462 -31436 133538 -349868 -331001 -342470 -315252 577627 -310427 -201277 -892125 543384 207663 -499989 -940320 -714502
-304961 120478 -431791 -313368 -643816 -51574 707720 -549542 -327594 -637386 -197504 -270753 -747977 657460 -855858 -781893 -86474 -946361 -121882 -256796 -519631 -784365 -638675 214406 351425 -72841 -932786 422177 -362542 125159 -461143 -275006 -845372 971626 -926769 -834469
331833 -114297 -596638 -610912 -666250 -138641 -466693 4551 -890150 -960476 -361294 -80921 -820942 -753021 -737127 -53487 -558959 -963801 -746187 -725515 -869306 792522 688710 718684 -558583 -649877 -381552 -586692 370187 -587744 246676 -861103 -28868 -338218 -641412 -331913
-472114 -936236 -897712 -848907 -223620 -29920 -404721 -171540 -622498 -186334 -148517 -565142 -894267 -594264 -688904 827788 -52049 -664452 -921577 -119570 -478746 -424858 886661 -536982 401497 -199098 -365452 -222920 -858918 -143610 -282805 -594566 443409 -495057 -704826 -908811
479989 -109122 753597 -689947 -25012 -836067 -707060 -297214 -500526 -513618 -312623 908960 -463949 -771007 -449273 -934243 -711600 -208532 -982128 868722 -878229 -126567 -56013 -750235 -306143 -309941 -35953 -741946 -439576 -361370 -933270 -383208 -500393 -630243 -422910 -616238
-448166 -84718 -668310 -505902 -650899 909452 -324209 -609391 -309838 -117471 -343554 -355485 -12897 -181882 427017 -95258 -273179 -889815 -157206 -758877 -904504 -583197 31721 -827888 -291539 -312299 -375840 -666851 -553302 -966021 -295607 423918 -303724 -489248 483357 604983
-188216 -34500 -679834 -135356 296997 -301786 -422445 -855330 -350743 -77359 867459 -568440 -558235 -143479 -203403 -811610 -410390 -953737 -197246 -86 -415653 240896 -239468 -189289 -3791 -141435 991194 -180105 -156369 -286083 -405128 -932218 -266120 -321254 463825 -617149
-540441 -997526 -245239 -604756 -292862 -819285 -655082 -206661 -423674 -138928 -427227 892547 -698545 -929710 -417346 -526122 -652590 -506163 -725490 -784909 -170591 -384696 -627976 -455175 -168175 -466551 -626253 -730032 -221384 -991973 -521083 418302 750341 -232533 987900 -687578
-155985 -423287 -373084 -872581 -992156 -818288 -861994 -844649 45130 -36985 -3134 -177479 722492 -378726 -533006 -781076 -501601 -110065 -213488 -476453 -241566 -368286 -484328 -165107 -76905 -57280 -772295 -719806 625101 -424567 -367387 769977 -107285 -930584 102409 -364914
-39648 837140 -809171 -806096 -263314 -910870 -457586 -830142 -231692 -297756 -475430 -315215 -146194 250660 -425277 -323524 -571041 -922456 -477024 -385515 -748594 -783750 -151690 -399786 -579093 -649190 -837945 -542660 -636667 -675023 -777434 -922718 -193091 -267178 -239504 -987840
-638308 -854466 -51313 -363405 -320700 -301389 -655226 -933542 -18050 -337297 -278287 -105466 -415919 -855435 -666173 -457331 -967137 -826584 -972195 -339184 -690210 -204269 308589 -391623 914794 -984782 -432639 -903548 -843770 -35195 214637 -967974 -967108 -744127 -165229 -679540
-115917 -521703 -908928 569125 -818327 -266426 -350189 -604635 -539150 -718321 -426145 -853977 -432569 -123128 -605126 -117252 -311398 -801980 -948036 -446796 -872001 -844029 -384828 -574187 -764288 483014 -975263 -384142 -15563 -452260 -625688 259052 -937233 -435589 -361499 -147252
686740 -923328 -662241 -174927 -709624 -958419 -567857 -968646 -768514 -273088 -485583 -227986 -663994 -142369 -54960 -688702 -222687 -578546 -224378 -261779 -790632 823972 -434162 -753903 -967204 -188520 -103489 -929963 -986537 -241834 -8861 -128458 973775 -558544 -930161 237411
-560409 923018 -565434 654917 -860502 -962437 -24479 -457702 -595961 -632648 -958992 236605 -852718 -696069 -300485 -89675 -768149 -715867 -395899 -520769 -437093 358684 -888995 -921999 -955469 -19348 -477869 135306 -366677 728885 -378589 -53324 -561587 -593958 -780858 -443165
-562193 -508110 -560398 -579315 -701829 -290930 -552035 -482120 -147499 784608 -802586 -1546 -111608 -1083 -84339 -313535 484934 -280040 -545329 -793266 -28161 -272983 -288855 -709210 817057 -404997 -649878 -443502 -494764 -78975 -213779 -675569 -283339 -969653 -218094 -276485
-141803 -266254 -452708 -518483 -393760 -181077 -212926 -384984 13820 -576690 -323496 -992637 183203 -994660 248655 -754080 -836449 -861128 -730224 -326734 -837721 -716223 -796655 -946904 -543412 -869438 -79106 -619872 -269051 -129657 -148940 609364 -241571 -109734 -228803 -675742
-277449 -30226 -883556 -240307 377144 -736879 -592138 502735 -785051 -108253 -321475 -95837 -737163 -279634 763688 -943944 -928588 -165862 -289667 -738176 -423931 -955521 -724298 -903705 205881 -873149 -129958 -375239 -815510 -170649 -25317 -670009 -297800 -224127 -522328 -929988
-391804 -239535 -424038 -280526 -945537 -131072 -944425 -372631 -165076 -615780 -675099 -252552 -279142 -420769 -117495 -185746 -561946 -167390 -998006 712635 -43437 -15538 -528367 -982528 -950742 -66621 -977820 -584552 -160583 -361385 -40780 294751 -36948 -497174 -932618 -535278
829657 -737824 -234048 -983592 230373 -114737 899502 610628 -745641 -953098 -89916 784345 -935486 -901002 -540419 -464177 -231846 -943410 -533249 -367488 -46961 -593898 -41 -581539 -179325 -862331 -181504 -922918 -695311 -677487 406793 -124202 -333346 -37725 -594867 -674947
-811615 -922563 -735984 503415 -521394 -565887 -40579 -478642 -445235 -830808 -209628 -825231 -7792 -356634 -621607 -407146 293786 -324426 -964704 -837208 -91889 -47255 -162797 -55863 -516354 -34233 -481546 -343135 -586748 -474888 -677240 -607594 -518705 -308024 -921761 -342253
-593091 549148 -561678 -404950 -867751 -872548 -216679 -33031 -39776 -544257 -242864 -4970 -438393 -909789 -234479 -732356 -587354 -329514 -190059 -479319 -268451 -517482 427203 692197 -164698 -636864 -979228 -693729 -323658 -112089 -578014 574848 795797 -110599 -618713 -20558
993964 -428979 -254891 -810245 -617336 -426707 -972247 -591652 -21352 659977 -676048 -572126 -14202 -43375 -963352 -106156 -325981 332014 -327703 -970866 -63164 -934743 -720106 -111 -145450 -258828 -606188 -48116 -415964 -425564 -95021 -103344 -197060 -421353 -786208 -984618
-498203 -664342 -243001 -114391 -587905 -834805 -153152 -790569 -329640 778248 -55287 -340950 373911 -332921 -20843 -441430 -690787 -211878 -223375 -547960 -844088 -203187 -327985 -966810 -231431 640258 -295940 -767473 -319312 -547123 -853943 -981210 -282867 -853624 344689 -312975
-538707 -214698 -425978 -453836 630849 -941717 -180366 -497454 -560225 -797897 -510385 -861302 527643 -7643 -111279 -125512 -724106 -298608 -162780 -685470 -678512 -966879 -21989 -415683 -751721 270698 -851816 -496956 -423302 283154 -901842 -163956 -997882 -447103 957258 -408269
-519759 -644952 -110291 -872305 -776587 -481478 -692228 -782661 822112 -959501 -510015 -383902 -630374 -722691 639815 471939 -918147 -381642 -976476 -416550 -847781 -500028 -635439 -731517 -519905 -460298 195126 -280875 61595 -401722 -770840 -974844 -637047 -96053 -544379 -713701
-825870 -309239 -57032 -273146 -702099 -983651 -704379 -614382 -249681 -42641 -406002 -130265 -541529 -482371 -928721 -651451 291829 -607131 -119785 -819637 -143624 -557216 -725673 -777146 -316655 -919212 -591177 -784498 -468609 -422238 -43853 -533093 672638 -929964 -117223 -889893
-289242 -706064 -289873 -436276 -209425 -685798 435537 -458057 -236439 -11431 -988038 -563973 -601199 -594620 473116 749419 -515233 -881434 -913459 -835433 -156777 -408237 -873526 794961 746031 -379963 -58399 -506275 -63816 -579728 -29775 -92952 -234746 -689328 -719832 -567532
-456587 -391916 -620337 723952 -352677 -739263 -411255 -862326 -699182 -977251 -838383 -589505 -972613 -283899 -437107 -390988 -18458 -363573 408110 -888995 -975837 -399161 -870507 -803851 -499211 485352 411031 -742484 -390610 -689516 -973855 585220 -28039 -425876 -460457 -192660
-317863 -97272 -626979 -598322 -107871 -398801 -714274 -8808 -860743 -501251 -696966 -377212 792010 -352572 -64635 -812366 -906830 -357167 -751383 -821042 -630619 -278436 -239587 -185651 -469256 -987061 -488789 -739520 -390342 -871380 -711592 -954071 -181307 -644803 -333021 -340886
-1549 -842049 -41519 -738961 -259384 -242044 -1675 -796057 -721950 -182835 -31246 -541808 -550742 -288702 -310835 214987 -220292 -920763 -57685 -180294 -879551 -320720 -162922 942587 -349186 -43818 -292532 -471913 -61914 -645884 -464285 -375046 -952775 -222599 -983460 -368721
-26734 -68187 -10986 -916878 -305649 364227 -207621 -514684 -808334 -917107 -596473 -721446 -423538 -543757 441411 -344277 -269886 -424639 -553018 -516165 -488635 -453623 -804029 -840691 -32152 -273803 -793087 -226211 616153 584692 -529476 640686 -558929 -610488 -57236 -939109
-979307 -687713 -782535 -961140 -675028 -587495 -425375 -425704 -63329 -910194 -451380 -736623 -590029 -250607 -536305 -589867 -857575 -213294 -444943 978684 -435211 -920463 -277378 -722490 -77363 -141412 -411714 -428144 -130330 -930486 -680889 -501790 -407720 -789750 -707577 -977226
-780880 -50488 -737449 -621953 -521409 615972 -82732 -893950 -758373 -559986 -858440 -748575 -661380 -576354 -932981 -160465 -255774 -600847 -57089 -805444 -104836 -333254 -943627 -179480 -939170 -692974 -967311 -476581 -65094 -226011 -488386 -636465 -512867 -346158 -309461 -577416
-479763 -503810 -852457 -604197 -661542 -419961 -777985 -601284 -222004 -235485 -6065 -223355 -435410 -159658 -843792 -332837 -428149 -615297 -422917 -709906 -249820 -42760 -341164 -956877 -384412 -890894 -880425 -145902 -255234 -357931 -240987 -783216 -479273 -719598 4384 -392486
-472109 -484976 639962 -456168 164917 -727902 -165951 -938154 -982445 -744271 -303675 -867286 -10957 -665652 -902778 -834792 -618065 -741027 -877577 -507641 256019 -449867 743475 -170556 -704423 -367650 -36801 -955317 -946860 -865654 834665 -434473 -627776 -332754 -367786 -182224
-3170 -251122 -953910 -595830 -612012 -434575 -55612 -483440 -805387 -842668 -397384 -24910 -417655 -862439 -83298 -924257 108324 -958248 555301 -162634 -706416 -936629 -960354 -922136 -569803 -869279 -873359 -539415 -317837 -835834 -310360 -218628 -522322 -561541 -774122 -849361
-818864 -93178 -67480 -838298 -502306 -872706 -772153 -661520 -281539 -839737 -9992 -213498 -90167 -296610 -298760 -120568 -333389 -77262 563027 -98370 674600 -812344 198526 -169254 -334515 -175846 -646693 -467223 -11580 -777258 -102300 -655871 439857 -119667 -424704 -278550
-969431 -66881 401705 -55595 -31964 -434570 -990033 -855522 -755745 -104495 -611276 -538583 -902900 -23215 -429166 -780135 -127726 391546 -118236 -968422 -457627 527053 -946823 -984677 -350499 -927350 -273029 -201966 -428419 -735879 -77170 -99012 -814167 -957323 77619 618089
-48813 9964 -508076 -804410 -709491 -687935 -868352 -588773 -391561 -641252 -987854 -502117 -811792 -148269 -588602 -980503 -22177 -72770 -506389 -647052 -483919 -59823 -902726 -608091 -321445 -846417 -967164 -729827 -593205 -272634 -28506 -530109 -410933 -268547 -970095 302681
-237563 -237200 -111184 -383441 -161587 -533668 -692832 276930 -516503 -381351 -317830 -189687 -594319 -175135 -572488 -3772 -680087 -90198 -166817 -356568 -766998 -221720 -39461 -114367 -630490 -97389 -891233 -886506 -812490 -901061 -730709 -588348 -112469 -117762 -655465 -743970
-757146 723944 -907126 -137667 -731238 -322965 -945378 -327105 -124762 -792371 -901232 -435714 102796 -617684 -260515 -50984 -209260 -985909 -195342 -782966 -24867 -2799 430642 -594687 -268165 -698891 983940 -879280 -609557 733615 -462565 -716786 -240867 -173552 -542843 -462458
-638226 -647262 -269006 -772775 -137847 -640690 -105604 -18903 -589896 -362845 -871580 -973993 313418 -32390 -45284 -936296 -516279 -419171 -415975 -503823 -118882 751064 628373 -126429 -168468 -585877 -65991 -416156 -152302 -40479 -785430 92348 -621626 -160594 -481798 -958573
-701774 -189577 -812476 -19024 -133669 -343197 -342055 -323164 708742 177289 -332818 -557116 -844989 -6054 -290648 -921020 -86350 -42113 -930120 -889527 159593 -13342 -337240 -237067 -321431 -65306 -159149 -481293 -494748 -224583 -221868 -120799 -642161 -314638 -971853 -492076
-689163 -535096 -325830 -395254 -523781 -993340 -422472 -957163 -527623 861449 -583564 -735088 -420876 -305516 -29710 -989479 -850598 -538781 -395387 -755820 -271225 -832926 -479260 919238 -336536 -614651 -652375 -354976 -798612 -535184 -44932 -519075 -293319 -846704 -252965 -940827
-26114 -588747 -489334 -930059 -251837 -461041 -616708 -54794 -166404 738813 -304800 -818433 -346946 -784295 -496103 -964259 -255524 -79765 -158450 -1206 257995 -197682 -859696 -76961 -859134 -606520 -159576 -61847 -207107 -987777 -155394 -606646 -663150 -639247 -647145 -549102
-48139 -61674 -860193 -30708 -994692 -615609 -156472 937145 793279 -612166 -482650 -891290 390773 -694719 -525036 -275203 -203993 250450 -730486 -734557 -352695 -227458 -819514 -690535 -718094 -85001 -418147 -362939 -784801 -57125 -266731 473897 -534328 -823105 -597551 -230327
-153920 -551417 -269743 -974962 -610428 -48459 -665726 -658320 -432587 -959766 -753447 -146391 -909016 -262573 -594730 -597655 -146255 -991906 -185153 -812874 -27043 -197139 -604276 -591743 -955438 -755509 -112360 -238007 -741053 -939513 -506815 401976 64000 -795713 -989101 -644467
-3714 -216472 -774733 -24610 -835496 -302265 -276182 360243 -473641 -314323 -73476 -825279 -618200 -317947 -600678 -205447 -312551 -92151 -78087 -426933 -67704 -169758 804441 -623268 -862414 -103640 -902544 -657407 -392140 -886472 -836463 749702 -716285 -717064 -743667 -453593
-820355 -903309 -682554 -866045 -35709 -635299 -944503 -299824 -979112 -244086 -623611 404812 -357478 -193374 -467488 -54573 -59846 -324555 -76205 338261 -678297 -185766 -662650 -168234 -125557 154008 -558701 -643585 -335765 -684465 -772896 -583705 -330407 468081 -962466 -429635
-784281 -180477 -250448 -63082 -902985 -23824 -574353 -154033 -916203 -967065 534739 -789232 -626774 -956689 -767801 -767985 -828577 -479522 -51363 -483257 -239195 -98780 -190678 -827997 -144326 -73652 -322023 -619709 -575019 367275 -170342 -50183 -593887 -923369 -198171 227058
-819218 -830554 -85326 825174 -372282 -645736 -540462 -795592 -474342 -114990 -678510 -655113 -414171 -6336 -214443 -218389 -855074 14617 -888881 -771916 -634865 -499254 -460436 -645933 -18572 976388 557384 -774905 -662484 336023 -366794 -290547 -139939 -567366 -873933 -82821
-184369 -979853 -97114 -161529 -145405 -790379 288327 -352051 -739379 -10012 -672573 740789 -129113 -793665 -166161 -824323 -875500 -813045 -937376 -619484 -887665 -784442 -475338 -484354 -155998 -959928 -657260 417684 -780994 -779725 -394695 -797755 518562 -689844 338869 -802134
-467615 -7757 -757497 -341308 -418641 121485 539231 -434018 -441580 -610572 -578245 -165736 -167083 120774 -451499 -3343 -323919 -879600 -691856 -851038 10017 -52533 -972451 -390680 -909959 -957033 -524704 -94567 -583179 -769604 -82243 -102583 -78238 -864066 -335971 -177947
-333966 126341 -525382 -352230 -927540 -561103 376117 -95310 -897072 -309608 -642136 -619478 -796937 -98923 -600110 -180414 -779296 -978854 8685 -762992 -566896 -705832 -687645 -460229 -399824 -170490 -652224 447129 -45626 -539836 -817277 -884901 -611508 -329759 -827866 -182566
-738052 -514859 -461692 -525938 493850 -426589 -982758 992038 -758364 -316718 -524920 -589189 -540284 -220557 -824142 -419096 -26483 -821550 -681050 372938 -392365 -196027 938311 -166780 -674312 -298322 -663075 -721918 -33476 -239198 -703480 -245131 -731425 -956327 477859 -390205
-249726 -391454 -15441 -461501 -15513 -219154 -496157 -527180 -938928 -582659 -776559 -176557 -647022 -338236 -629067 -553449 220787 -930314 -49339 -636718 -985600 -614505 -752808 -991425 -189025 -474438 -333576 -182301 -356580 -898544 -473726 -739927 -269308 -731834 -100189 12211
-772281 -651578 306252 -809447 -96665 -254871 -743317 -169787 -805976 431495 -45807 -66707 -381397 -380082 -844508 -670749 -427868 225329 -578717 870136 -783679 -349459 -32778 -244025 -956732 -771417 -302227 908165 -967916 -233238 -692299 -856681 -425366 -408249 707084 -6921
-239520 -492374 407597 -82653 -372445 962141 -665640 -297850 -169440 -322614 -519391 -867449 -362098 -670680 923925 625840 -726096 941339 -359361 620920 -949331 -86366 -733621 -204109 -450604 -869584 -397531 -451151 -36085 -652175 -101952 -111660 825076 -195338 334242 -260283
-904148 -777428 -900330 -803593 -104334 -450694 -256189 118928 -258594 -823502 -768029 -693388 -737265 -870572 -773476 -507998 -688875 -40613 426218 -216174 -404047 -168553 198487 -725090 -342070 -269986 393298 -847 -764448 -778308 258120 -233691 -693943 -915644 -327538 -167704
-769583 -971904 -965768 -627041 -758078 -93084 658368 -44383 -846397 -735530 -144864 -371665 -407856 289531 -336212 -26139 55978 886742 -548918 -455611 -891100 -668377 -446034 -79921 -802536 -397614 -738315 -536496 422035 -960680 -770809 -368563 860269 -258206 -617804 -475415
-309562 -72332 -28203 -38211 -382759 -189125 -914422 -825677 -417755 -64251 -393679 -938976 945221 -458559 -74342 -457516 -820295 748418 -120867 881689 -593993 -297554 -584609 -242144 -43292 -813880 -714347 -485122 -522295 -89829 -231851 -165934 -880131 -148504 798218 -643273
391229 778006 -222670 -275967 -515470 515248 -384378 591795 783704 -615137 -47351 -618664 -852650 -332224 -230363 -974951 -348386 941489 -202971 -14647 -611918 -847425 -691368 -924705 672783 426523 -520314 -241631 -177778 -921634 -239315 -996330 -282503 -516897 -146728 -385543
-293914 -425041 -684320 -92424 -623344 -985445 -946687 -18057 -865965 -230482 -438130 -419359 858729 -54888 -787972 -719715 -868155 -432837 -462520 893391 -894782 -601325 -573554 -871057 -419783 -279268 -675484 249893 -373834 -141885 -529545 -861155 -50799 -218875 -142025 -565358
-592759 -549551 -650138 -966633 -919345 -375703 -303959 -260470 -692449 -68947 -992223 -903215 -142347 -800056 -558595 -169284 -239564 -509330 -89978 -954750 -988662 -820417 -716760 -851172 -173285 60898 433326 -437234 -805681 -201282 -338137 -848587 -536140 62308 -817932 -978668
-637724 -171299 -487552 -167998 -950687 -887552 952811 -310252 -459260 -766613 -5143 -433481 -345663 -231451 -977158 -320130 -686589 -409979 -417468 -464793 -907633 -213984 -647279 -374355 -272695 -889907 -610509 -123290 -792387 -516406 -169802 790799 -54513 -391795 -56222 233681
406097 -486975 -444485 -199525 -773975 -77762 -808749 -533903 -878305 -607317 -801107 -229443 -974950 -743159 -974476 -540650 -721228 614083 -793789 -836999 -106090 -122984 -650289 -865807 506515 -606380 -624569 -603207 -266794 -208067 -446179 -541425 -608028 -393669 -532789 -510458
-656954 -124808 175384 -765565 -335216 -512937 -123361 -182136 908570 -631604 -473169 -660589 -924211 -829390 -649755 -373023 -333052 -706478 -224791 -314504 -690663 -828001 -354690 -967701 -248282 -812204 -189698 -483016 -222773 -209891 -722184 -449170 -544912 939224 -713037 -552912
-35455 -971789 -199125 -287914 -554283 -206717 -650243 -660805 -339700 -270870 -540267 -531819 -890128 579965 -235080 -456791 -962703 -33147 -606593 -884920 -656138 -62311 -103576 -569334 -767549 -786659 -179987 -431764 -524971 -750000 -69646 -294102 -464554 -461863 -380922 -742697
-342407 -165183 204039 -638767 -814274 -233902 -495324 649561 -418676 -628997 -744174 -898521 -251496 982462 -542981 -468799 -178117 -647775 -547172 -407047 -349208 -720353 -260344 121197 -162425 -6559 -186586 -341636 -755461 -62984 -326561 -101569 -752327 -428630 -621161 -833155
-276682 -804834 -952679 -80106 -795273 -31063 -500609 -927865 59883 -737094 -93557 311251 -491570 -705168 -291378 -550626 -417210 -18769 -75803 -312069 -710065 -703671 -2526 -740996 -96253 -862601 -473857 -538985 -8058 347011 -143475 -537386 -498544 -809153 302739 -805583
-967574 -463391 -399844 -181528 -577862 -79761 -766440 -752178 -256522 -856464 667726 -136143 -181973 -294313 -672622 -984128 -78270 -908420 -163399 -365103 -812370 -545832 -743571 -896760 -991070 -64078 -121500 -511502 -769310 501516 -958410 -29856 703942 -135019 -530663 817377
-317882 -827013 -505875 989550 -726724 -996722 -203147 -389169 -877628 -377103 -113265 46254 -387290 -515205 -76939 -937803 -970348 -617813 -739259 257333 -868672 -135032 -873645 -607478 -697053 -154328 -505387 -258885 -508506 -949465 -977958 -651441 -157778 -577891 -123923 -706854
-211148 945752 -102991 -890042 -616524 -22633 -271893 -950732 927549 -544275 -778850 -57243 -490880 -807939 -315997 -509789 -528690 32154 -199104 -595485 964160 -62996 -643022 -763770 -679609 846460 -732146 -198012 -295928 -668447 -485673 -768003 -690126 -570446 -109829 -363696
-361366 -317855 -329041 -282488 -592725 -671871 -581815 -812024 -179077 -545231 -849538 -73554 -878198 -481047 -774588 -486298 437890 -645410 -702778 -123114 -461852 -925787 -215241 -375349 -154261 -742063 -346581 300680 -321760 -913619 -267946 -314139 -951038 -369179 -368768 -540053
-618122 -894122 -68231 -71465 -135820 640613 -160569 -304605 828531 -266749 -714516 -871938 -202385 -276210 -713042 -646805 -22873 -353816 -413051 -810690 -579373 -670809 -932021 -706394 -764262 -98998 329481 -813159 -822190 -404289 -863982 -105986 -432503 -814415 -154918 -949419
-313625 -827861 -737032 -367301 -968688 -743526 -107055 -615357 -401286 592321 -659726 -559539 -299908 -429417 -585859 -549994 -864737 -959176 -864944 -933681 -321308 -960479 -3992 -276447 -740983 -807200 -818574 36637 -114654 -762551 -238909 -47842 414478 -679477 -72786 -987443
717679 -782475 -936996 -50022 -742419 -130102 -352417 -979092 -61743 -722339 -849243 -674680 -560819 -737192 -718161 -18232 508341 -638152 -735703 -925348 394112 -512396 -417100 -163775 -599765 -889436 -578190 -573195 778225 -993082 111249 -562254 -554419 -475783 837847 -104678
-608954 -917912 -407506 -555993 -910639 521277 -416365 -746413 -481013 -756981 657409 -907854 718584 -825385 -610148 618618 -351470 -759628 -16637 -770922 -830649 -204888 -611846 -918018 -417213 -905192 -750077 -739537 -794875 17105 -84102 -203150 -914145 -801351 -636340 -374314
-60590 -838279 -346334 -53692 753197 -391582 -862938 -680404 304706 -932817 761458 -131750 -341535 -147008 390091 -732491 -29524 -246120 -887997 -174103 -115586 -272179 997139 -95143 -504091 -551755 -235704 -691268 -659225 -598778 -314120 -103212 -834649 749810 -44353 -848697
-207401 -292095 397417 -407060 -885191 -267077 -942092 -858093 -273276 -579713 -142776 -744766 -607374 -299602 -120797 -721664 -671040 176674 -219857 -366547 -836247 -395571 -75519 -547098 -852905 -811808 -663883 -990542 309036 -226613 -140275 -122991 -580290 -614696 -550998 -227242
-183062 -899160 -648744 -851465 -179837 -567435 -32906 -891063 270915 -742832 -875335 -431901 -385237 -545030 732364 -70454 -658552 -732532 -671658 -311299 -440590 -742724 -490176 -76865 767707 -523496 -913864 706677 -462278 -290688 -965437 -728047 -360673 -246002 -608455 -39687
-483828 -121924 -674830 -174613 -137547 -871239 -661268 -788244 -278333 -996687 -83000 -74510 -623778 884877 -979608 -628268 -259106 -612269 -579337 -658725 -703808 -485608 -363344 -398605 -887216 -441712 -624536 -979330 -513400 -363374 -124938 -436809 -460119 -497798 -577354 20802
-852930 -77079 -955677 485389 -589536 -794246 -176560 -980759 -265334 903252 -27955 -951966 -82369 -427941 631934 -275632 -179968 -658551 973138 -523417 -110829 206711 -344587 -256339 259006 -41104 381231 -56285 -654253 -614100 -302677 -873224 -443838 -863745 -31586 -41370
-298865 -898573 -54688 -687246 -779569 593038 801538 -345861 -225938 -316178 -90031 -583436 -793660 -449083 -273508 261771 -999692 -701909 -654417 -255768 41411 -594277 -356111 -470444 -54797 804478 -239552 286932 -613492 -112402 697668 -953397 -272814 -537138 -16818 -312136
-981322 -952313 -753547 -314622 -382849 -913425 -448814 -329188 -322265 -410806 6429 777640 -760702 -862519 -410296 -351487 -619966 -429610 -716489 -39150 -420963 -710897 -771230 507042 -893046 -998052 -378550 -579995 -703263 -355314 -362269 484470 -622925 -209377 -881207 -435505
-686872 726156 -86857 557936 -599924 -314641 -813623 -309690 -483191 -544051 -614740 -369775 -62737 -526531 -871097 -265040 -689984 -572755 -11635 -312382 -178095 -58621 -642263 -227598 -135319 -471613 -537380 -863645 -52771 -18333 -718551 -338162 -27500 -912684 -728040 -217791
-447331 -342344 -323654 -881847 -967447 -806649 -74316 -22296 -727776 -661255 -344349 -501711 591655 -735977 -192568 -223330 -303513 -791466 -88134 -228045 -642450 -353435 -205319 -194757 -465483 -930024 -533426 -275119 -368977 -755608 -611165 -649936 -468750 -778474 -845118 -243334
492043 -523986 -917463 -604831 -480143 -105108 -500051 -529386 530704 -62683 -845909 -754426 -926965 -875738 -236848 -6024 -710340 -826705 -393492 -951816 -352698 -989835 -459776 -748225 933322 -776389 -282579 -645808 -559905 -950882 -537164 -77071 -95769 -862537 -867928 -224510
-973265 -536553 -817570 -576826 132192 -536687 -545521 -312504 -676448 -233750 -716178 -112502 -848225 -218912 -680648 -358761 -79389 -140021 -312148 -83376 -761394 -262196 -159942 -924389 -142198 -402259 -808908 -232620 -11219 -764433 -739328 -660488 -342125 -390233 -709188 -224232
-105258 -285832 -526401 -834360 -329563 -176169 -904589 -896226 -197643 -478780 -273487 -884810 -216775 -624143 -958915 -445285 -772492 -200364 -863718 -498048 -305712 -376173 -408486 -451871 -144901 929813 -85751 -107889 -896992 -480002 -199727 -686762 -176076 -119688 -205043 -585317
295219 -426827 -489837 -147766 -18445 -643568 905411 -419569 -654276 -608662 -412509 -154565 419750 -232105 -300455 -433005 -986229 -691584 -739579 -233368 -616349 -611995 -250066 -105375 557092 -88516 -618842 -97387 -483216 -69755 -877521 -813993 -909803 -945148 -227849 -554323
-120237 -872639 -678376 -236106 -662755 343064 138599 883854 -880817 -813906 -204422 -15682 -478324 -651017 -8172 -786074 -923497 -493384 -208243 -220952 -211655 657751 325930 -288428 -136708 -57705 -109536 -695714 -96973 -779174 980762 -760700 -767026 -85795 -722085 -226137
-146785 -607216 -864542 -84039 -11083 753144 -805239 -45116 -375135 -799800 -352559 -584430 -7275 -51594 -109738 -90295 -684568 -705110 -287849 795750 -237959 760496 -16175 -163565 -252001 -286270 -146932 383783 -536005 813507 -932351 -716599 -621255 -879568 -730389 -882534
-882182 -45974 -358683 843803 -272729 -950929 -100979 -413018 -617159 816831 -172309 -22000 -621559 -386918 -629553 -15964 -20924 -271532 -325715 -558264 -963593 -887719 -675143 -141512 -650230 -23989 -966934 -370787 -743774 -646747 -411159 -77743 218234 -157308 -449156 -213426
-511444 -861184 -363752 -932668 -33022 599974 -844303 -789249 -934360 -64770 -55822 -943536 -726580 47774 -533661 -386257 -493585 -662663 -671228 -741580 -766502 -337875 -31251 -701972 -896994 -127365 -740527 -102083 -240547 -219104 -766479 -900024 -854721 458252 -193813 -542272
-478560 -889657 -945975 -878071 -81944 -308604 -647447 -257071 -767026 -904674 -167679 -739190 -758696 -120682 -547545 -358022 -487440 354942 -974051 -174630 -784654 -405264 978730 -950206 -856799 -554224 -988635 -460069 -383780 -571645 -946872 -577264 -735273 -801158 -334020 -876931
-647056 -646692 -599153 -80163 -598947 -234953 -363993 -993168 -317450 982023 -536431 -510415 -188762 -475586 -256013 -236025 -688725 -808232 -68148 774659 -83023 -232553 -214326 -202294 -383613 -834829 -875237 -780308 -303276 -183442 -552017 -97237 -356062 -580492 -567105 -856185
-834681 -308040 -675768 -105024 -396652 -665410 -847127 -65163 -457876 -302020 -572252 -371835 -458970 -466144 -926985 -20274 -772143 -359149 -820325 -6097 -235041 -592209 -127701 -949600 19093 992842 193597 -921863 321430 -377948 -523365 -241822 -187305 -512759 -699943 -151387
-486634 -695013 -565640 -899995 -793427 -600741 663888 -735493 -196265 -256686 -461820 -524871 -150992 -114285 -966416 -841649 -184894 -81802 -351801 -890376 -915704 -470227 -755906 -132034 -812294 -778709 -111631 -983332 -951655 -926848 -102568 -275534 -750817 -1216 -985760 913669
-189881 -205014 -7925 460563 -789335 -140341 -589550 326019 -900150 -822275 -242532 -667008 -74139 -718134 -160031 -869902 -925386 -777678 -582969 -172876 -603255 -682411 -580828 734140 -855491 -415460 -947165 667642 -719213 -866550 -567432 -912076 -422840 -462637 -946656 -404245
-792769 -406867 -150776 -627894 -124130 -184204 968931 -141884 -698750 -720979 -728918 -501861 -567095 -449712 -656881 -367707 -555317 965143 -254884 -383794 -717787 -737519 -301236 -498032 -400883 -212198 -214993 -630020 -188439 -634346 -785471 -793850 -192487 -448089 418554 -594099
-112325 -893127 -289058 -887475 -851695 -855546 -696233 -305998 -919226 -640669 -121675 -19610 -290306 -459218 -212542 -983413 -743672 -192058 -656034 -485054 -421513 598647 -309276 -739338 -121497 -933458 -524588 -636184 845064 -258881 -502420 -417071 -706468 -579492 -74830 -690105
-348162 -553170 -855947 -75639 -850780 -634969 462303 -553029 -948251 -334420 -370870 -395489 -372921 -632293 -450405 -259276 -823653 -367724 -701885 -356171 -190088 -619092 -696267 -692021 -314762 -203384 -961751 -608465 -389363 -568987 -275165 -168532 -827398 431541 302886 -176927
-794727 687553 -855520 -64706 -118631 -67158 -832994 -332237 -465723 926774 -645564 -37837 -484114 -13011 -965742 -101173 -728927 -437833 -26248 -496567 -840357 -527676 134162 533922 -795590 -529450 -440362 -95959 -284362 548636 -778085 -13232 -735553 -998629 -936937 -209951
-386408 -690272 449884 -237018 -79496 -985590 -768396 124600 -582085 -219722 -228701 -451467 -729088 -650374 -711529 -514714 -567437 613747 -889284 -153042 -583347 87784 -855865 -348374 -969764 -292123 -97487 -374801 -228299 -38835 -535043 -467711 -490867 -535569 -207626 -947318
-678348 -236766 -142886 -431 -84992 -307817 -354341 -506616 -442436 -753208 -978063 -495454 431716 -937529 -802907 -857682 -692010 -464341 -440696 -568003 -657709 -600471 -540589 -151855 -441825 -538446 -73022 885873 -974110 -271392 -415515 -409988 -454668 -617908 -428824 -864348
-801108 -776539 -434716 -779906 264825 -377593 45191 -535924 -155057 -49831 -663464 -168421 417011 -823766 -193263 -344526 -975691 -325648 -709782 838232 -685172 -946303 -822735 -256290 -918332 -53871 -175360 -151112 669319 -942988 -947993 -902964 -186442 -457809 914073 -642278
-199134 -58210 -410822 -69396 -315423 -923967 -133280 -51814 -766440 -229000 -73687 -116721 -50431 -204051 -851158 -456383 -917863 -989971 596885 -652154 -753405 -70515 -308810 -835389 -459042 -389133 -777955 -921277 -82242 -632750 406374 -486882 -341520 -133490 -197987 -357305
-738777 -866317 -140278 -445926 -664404 732963 -822402 -710904 -306060 -379349 -979983 -243793 -878914 -996606 -280063 -664837 -180325 -382017 -184602 -612785 707087 -935415 -362296 -190109 -373604 -992737 -600064 -864694 460165 -491335 -449740 -491242 -163054 -177631 -735574 -687043
-484361 -693488 -830047 -137828 956484 -43447 -132346 -58811 -97996 -253521 -722273 -962261 -761150 -358026 -38227 -953094 -666502 -883373 -766389 -934413 -321360 78176 653896 -150990 -830448 -350855 -240559 -724845 -516362 -851884 -350010 -639844 -326424 -39763 656869 -117754
-490822 -940862 703322 862126 -674103 -965788 -435382 -807276 -616673 -864972 -123813 -198401 -123776 -808861 -171877 -914337 -765786 -985700 -653089 -555569 -619964 -156594 -462176 -77135 -979489 -927758 -906475 -947077 -48177 -695044 -876240 -855852 -92306 -860813 -129894 -392587
-817698 -845428 -622858 -169528 -151367 -261085 -191038 -212862 -640527 -549288 -691752 -517681 910372 -223 -87025 -372798 -132850 -278644 -979403 -979660 -224875 -578103 -907380 -370760 -393112 -969060 -325319 -524443 765398 -936965 -419016 -443145 -249020 -540661 -563628 894901
-788284 -227668 -881563 -661780 -561704 -87038 -928238 -701983 638465 -329177 -899048 -90728 -226138 -113121 -729180 -707654 -164390 -954050 -562553 -603399 -4418 -749706 -915118 865434 -213207 993695 -97454 -534691 -495783 -94223 -538791 -220729 -529913 -936680 854249 -631832
-838322 -407987 -633266 -463714 -514549 -685889 -645941 -579278 -724231 -88634 -318674 -535900 -404949 -560446 -166127 -802256 -181805 -793551 -745883 -298159 -445725 -658803 636148 -772433 -869093 -516140 -827622 -960597 -617877 -584751 179227 -200984 -480381 -279831 -354808 -429312
-958617 -353585 -961856 -349552 -613710 -17082 -616427 -269994 -192385 750878 -597830 -316490 -76280 -671116 -199165 -570548 -383837 -809409 -4634 -612779 -118389 -77939 399048 -779762 -149455 -416614 -993963 -912247 -120487 -82180 -480496 805004 -347677 -664108 -636089 -880050
-234117 -607241 -693992 -698314 -34514 -208970 922248 -982664 -537091 -311672 -489140 -19002 -109446 -653360 -265310 -400135 -79447 -109540 -283396 -101253 -97918 -240127 -812757 -702129 -242226 -272075 -210245 -988306 -949772 44841 -56976 -919317 -204638 -276923 -853196 -595704
-836702 -786899 9807 -815944 -65942 -268771 -577146 -838585 -623746 -94840 -976887 942066 -130479 -818407 -220652 -162657 -517845 -406559 -978763 -51134 -764898 -572065 -604796 -304319 -614332 -961449 -530191 -754628 -412585 -473130 -834967 -550304 -802899 -826373 -808274 -400710
410590 -481746 -835205 410696 -100199 418344 -625847 -45579 -428897 912519 -409764 166694 757334 -676439 -748668 -851842 -820844 -295112 -317187 -736024 -413646 -885529 -284420 -886194 -887542 -487971 -109611 -230723 284495 -296330 -831447 -409123 -257902 -169015 -240423 497990
-745835 406332 -220118 -18118 -550506 -709019 842160 -875033 -264888 -279351 -936449 -348887 -980777 -679581 -426169 -385163 -255902 -25148 -686583 -96563 -771805 -837221 -423551 -244453 979278 -172051 -186390 -38345 -714677 -106689 -646000 -837130 -940618 -309408 -586210 -451054
-73295 646296 -602636 890275 -296526 -42699 -496394 -824827 241288 -196817 -400892 -869366 -433537 -696472 582354 -875446 -77746 -841209 -599380 -459892 -741007 107189 -408917 -53034 -889305 -203364 -67679 163908 -103045 -990688 -550444 -307243 -364709 661848 -278740 -782755
-985941 -194629 -671987 -981296 -102783 -718397 -92801 -284277 -803277 -589560 -175457 -759348 -738800 -95421 878511 -643919 -158405 1717 -355250 -236076 -8232 -656560 -464967 -627845 -79742 801111 -379259 -464304 -454762 -355688 -560793 -175715 806061 -195229 -812530 -993271
-476553 -385222 -148740 -201560 -439615 -742586 -987374 -445315 236148 -324408 -558105 -236586 -590474 -791719 -392469 -859466 -566670 -637923 837766 -970900 -782066 -346334 -181159 -723883 -484898 -612796 -698600 -79174 -745923 -565150 -128578 -109593 -199110 -11877 -250492 -458018
-182297 -790235 -311484 -372138 -731773 -119701 -468008 -243306 -676141 -889886 -596817 -507826 -266221 -220635 -900221 -739573 -359175 -730523 -744752 -13880 -996344 -105441 348906 -388663 730344 -658223 -863026 -78512 -87580 -668877 -622083 -311226 -67237 -469371 -941086 -169856
-223812 -296768 -850153 -404515 -229279 -718128 -631500 -676592 -810179 -415572 -842418 -332434 -864756 -317944 -753837 -656405 -213951 -776465 -644492 -443718 -322668 -722243 -472071 -961978 -732764 -412517 -496883 167718 -107561 -526104 -897074 -450293 -300438 -827495 -294841 -606129
-284801 -286424 -758191 -380742 -483225 -238711 -370856 -909333 -429294 -94452 -413279 -791480 -547461 -623436 -92914 -488349 -386839 -174444 -829656 -112182 -297719 -213576 -767745 863772 -143245 -52252 -450945 959096 -311874 -174036 -454963 -892926 -796945 -48000 502549 -210958
-436044 -780788 -132669 -176143 -218315 -974707 946280 -539180 -477744 314851 -470877 -901666 -114361 -481665 -121420 -730807 -121763 -287123 -508315 -118751 -320766 -703390 951199 -372674 -817628 -741624 -57945 -902399 -309295 -185648 -802152 -4060 -126264 -108846 -466740 -822087
-356977 -565710 -686932 -705439 -546670 -47063 -284496 -829916 -809575 -755009 -817142 -694628 395800 -501704 -58155 -959144 -258422 -642834 -409773 -841537 -120822 -213347 -963319 -825852 -550869 -336566 892009 -712224 -645153 960153 -227734 -182071 -673618 -788306 -563292 -24777
-27352 -506461 -335214 -768839 -749645 898541 -14690 -169334 -117570 -813083 -971084 -616290 97368 867843 -594084 -430356 -890896 -34129 -499040 -590030 -615047 -264726 -756431 -596864 -756168 -86823 -899074 -259379 -674341 -674042 -386892 -119524 -300026 -609395 -833942 -604300
-431284 -18223 -818446 -691210 9202 -944096 -340474 -716902 -588880 -44383 -318991 -121662 -8522 -354636 791828 -424044 -57871 -339288 -812943 -13385 -995784 -734225 -217722 -331934 -420466 -868558 -984781 -175878 567056 -994211 -675846 -694034 -222698 -886510 -333937 -15839
-991755 -713764 -24164 43276 -270760 -897649 446772 -2205 -802211 -108443 -60820 -934051 -3607 -217131 -258633 -594168 -54045 -441201 -249266 -59975 -154484 -335592 -919158 -721694 -25235 -201285 -859670 -699065 -827368 -26939 -869050 -382780 482986 -372487 -822149 -404355
-696296 -217901 -890992 -18239 -148940 -386962 -497739 -279882 -744392 -494911 -516714 508015 -300617 -143412 -237576 -475563 -954621 899986 -199264 -661223 -58751 -852942 -453789 -687923 -75401 -586562 -719694 -805272 -315813 -293348 -158739 -828252 -998452 -341664 -391021 -519628
-496564 -321678 -215508 -529184 -764344 -649024 -507239 -546967 -174329 -217209 -837358 -916839 -815401 -842202 -512662 -608473 -662911 87651 -655310 -493620 -953077 -276804 -762796 928541 -768997 -649746 -814333 -211761 -201070 -766114 -377104 59899 -799148 -875995 -543773 -903039
-851063 -801502 -298731 -885234 -998077 -112271 -873429 -957626 -226096 -948338 -554381 -696687 -466767 -904402 -446701 -919161 -174706 -657326 -616684 399819 -240763 -220934 -774731 594683 -426313 -268751 -38990 781425 -997365 -786552 649556 -862765 -500355 385516 831539 -297204
-70125 -477160 -247695 831651 -793572 901788 458010 -713287 -905287 -802220 -266496 -297685 812189 -820745 -33986 23225 -230613 -12133 -422609 -529440 -276018 -417340 -689396 -341777 -466365 -45165 -403249 -964124 -320352 -937843 -33553 -793067 -417189 -482715 -789139 -428548
-4928 -522851 -454264 -572565 -873860 -35883 786171 -308403 -504637 -889180 -634990 -918343 -664305 -832946 -429846 -866479 -973692 -703232 -44410 -98889 -400608 -130537 -198357 -18119 -878988 -657718 -334666 -21604 -22350 -199016 -111302 -815411 -709732 -432587 -511414 -608491
-610980 -390978 -336050 -245544 -490869 -701527 -373275 -720942 -203659 -503168 -524007 -720769 -992382 -10674 -52026 -172838 496455 -379818 -173438 -651182 -433707 784446 -569559 -154403 -371800 -406626 -433985 -899897 -473999 187637 -813672 -201653 -900491 -40361 -983852 -36410
-404880 -306245 -854267 -428017 -632732 -856176 -320302 -721177 -163610 -382459 -603141 -813063 -845337 -500975 -965180 -503628 -150905 -341123 964407 -31234 -972959 -772654 147845 -325489 -405013 -881602 -589912 -806097 -256883 -703747 -70999 -265711 -505384 -360549 -744088 -661882
-115408 -595472 -690527 -509007 126500 30622 -797029 -502476 -638294 -739714 -207607 -97768 -836376 -759774 -800801 -274683 -295001 -503967 -534917 -360107 -521608 650776 -688728 -925307 -442426 -455741 -229938 -765125 -824524 -531401 -119526 -73661 -228380 642707 -747480 -347871
-397603 -949570 -402604 -504817 -520249 -293500 -870528 -960289 -680164 -699283 -598281 -5256 -496036 -726343 944032 -535551 -81277 -272769 -290898 -194453 -913593 -498632 -620261 -976931 -849787 -526968 -693091 -846897 -914747 -355838 -672280 490734 -350411 237356 -520824 890008
-934823 -145212 -182490 -838140 -838252 -771761 -873180 -92862 -742260 -43575 -264276 -551089 -482618 -818414 -193 -205233 -716438 -972801 950105 -105701 -963179 -73687 -501359 -479899 410787 -143383 -635268 -598463 -596164 -352274 -678111 -453562 -961361 -583555 -530268 -105199
-730714 -16634 -396675 -276267 -605719 600003 -135996 -185030 -11417 928017 -851775 -637421 118714 -327900 39892 -162189 -172965 -743898 -274379 -546488 -634041 -801545 -134350 -443625 -328075 -171216 -632520 -448040 -606763 227689 -34801 -700128 -241119 -6612 -547867 -692036
-867982 -666756 -476701 -179365 -625546 159141 -737926 -703692 -593725 626940 -12177 -165537 -647336 -94806 -452137 -954702 -988092 -731823 -800781 -891877 -187381 -644351 -589622 -860019 -683039 -569940 -495664 -116662 -596400 -938745 -635413 -511092 -811655 -86275 -933655 -508284
-265286 -509059 -464707 -29382 -263321 -794110 124584 -952099 -721941 -100990 -442697 -966864 -855752 -785110 -483337 -180584 -965935 -285472 -784918 -572447 -8958 -950061 -548726 -316671 -10790 -810811 -583515 -916092 -769924 -232706 -410812 -277633 501377 -838048 -28481 -5435
-554559 -464766 -425860 -930577 -889109 -775058 -488309 -993152 -896151 -402136 -132042 521629 -705577 -666062 -955842 -52154 -368503 -79301 -206300 -733691 573015 -119407 -984113 -338216 -732461 -822300 -193954 -536869 -301601 -679294 -809132 -43570 -885501 -963405 -107607 -344469
43016 -446697 -204619 41954 -547587 -510020 -816365 -283301 -235149 -151934 -101524 565925 -945305 -73231 -203290 -7760 -361029 -952800 -137067 -829748 -376199 907765 -33685 -565526 665634 -975578 -195970 -7583 -840205 -846730 -848327 -975071 -605263 -314356 -96604 -130628
-330031 -121811 -17923 -976128 347012 -688628 -594563 -567787 -858678 -218857 -206190 528460 -353700 385164 -135801 -702673 -897597 -845798 -987626 -188972 -247895 -370301 -929509 -637739 -502186 -941023 -666951 -430853 -505644 -771664 146138 -39458 -128292 -140462 -90584 -438705
-224299 369605 -887229 -444511 -539590 -321894 -85082 -656727 -419447 -317945 -752993 -732448 -747206 -19226 -151710 -223515 -587538 -909624 -67663 -438662 -555355 -139347 -955869 -510073 -220647 -222205 -666497 -767243 -42909 854266 -947988 -188219 -374480 -325820 -997447 -733801
-861339 -284590 -663449 -141627 739463 -837889 -415689 -835192 -298736 -682212 -426314 -490040 -106748 -286213 -356360 -650560 -741461 742928 -564110 -538385 -49439 -378037 -734250 -639786 990346 -993840 41974 -719965 -955662 -743486 714613 -64293 -914245 -543665 975941 -347788
-889372 -910751 -457463 -166825 -442069 -866799 -484724 -633057 -688226 -360146 -766551 -883211 215324 -133567 -285622 -887914 -816702 -420485 -257745 -615632 -657499 408535 -921574 -576093 -48601 -122674 -536929 -760229 -262388 -958094 -520074 -784007 -639307 962022 -955826 -274328
-410300 -350996 -105441 -177292 -532055 -11148 -351276 -124521 -891569 -998687 -616 -378615 -417216 -121148 -256034 -803484 -812553 -373358 -120398 -416862 -19849 -883470 -110477 -655013 -880046 166888 -139944 -769153 -82027 -341803 -11052 -892273 -919085 116240 -732099 -997431
-289680 -479144 -2196 -440781 -320145 -291051 -773938 -529501 -491701 -303429 -910530 -140639 367185 -378209 510692 -772916 -991197 -900478 724655 -346113 -451445 -625602 -174272 -918875 -9693 -173987 307532 -843202 -865294 -738328 -218617 -496613 -611980 -974637 -886700 -707329
-924420 -786540 -870720 -465275 -55665 -174568 -809171 -583206 -699716 -221222 -34260 -199357 -50577 -923189 -985159 -833024 638941 -144220 -48959 -590884 -16732 -627049 -878487 -387676 -695961 773886 -822275 513874 -536063 -656897 -630648 561134 -595002 -650471 -779788 -351771
403385 -666412 -22173 -170957 -203304 -248553 -557157 -441814 -884962 -467569 -184152 -506863 -148751 -6 -910060 -903325 -936398 -62372 -383343 -480436 -539421 -415881 -81341 444834 -652707 -141026 -123251 -987421 -92921 -477201 -399341 -618566 -753404 -210788 -554182 -772129
-390348 -850004 -741344 -202942 -10569 -139006 -549006 -39483 -92461 -922308 -211526 -136281 -246748 790834 -527362 -184448 -112476 -520027 -978323 -571797 -469268 -896709 -882772 -330330 -24298 -392826 -869302 -814953 -887323 921707 -803490 -163681 -872583 -561041 -824009 -37989
-613875 390291 -270298 -290974 -970365 -296408 -291915 -433952 -197550 -753711 -898941 -588933 -75467 -258698 -787688 -379331 -159576 -641112 -398108 -795442 -777410 -656911 -42421 627145 -945447 -676092 -418891 -666369 -463943 159927 -908383 -827874 -356909 -73489 -715862 -906632
-545695 -800191 -759065 -462118 -918196 -899843 -970645 741707 -554651 -29122 -385774 -766177 -607998 -841908 -268119 100654 -939631 -227828 -194712 -720365 -284633 -227266 -430709 -504003 -56115 -286429 -890565 -843579 -127518 -570245 -647431 -441779 900429 -367951 -84612 -917539
-539372 -28540 -548572 50236 -991013 -254963 -541560 -969176 -94699 -447008 -155163 -896446 -637480 -491667 -759786 -957103 -707690 -265952 542729 -331678 -674883 -306701 -239142 -576954 -194669 -956856 -365755 -606247 -860227 -39262 -364874 -152500 -649500 -851296 -508418 -810507
-263503 -808437 -840019 -59888 -722185 -415518 -483906 -556322 -977160 -894245 -169203 -754962 -447480 -960642 -861423 -6936 -455545 -34310 -244180 -775884 -709877 -646622 646821 -820422 -488232 -515069 145638 -802684 -12872 -499221 -876748 -133816 -85249 490722 -634683 -309540
-748479 -319229 994670 -606049 -574856 -875095 344596 -777233 -535575 -296246 -459165 637587 -349092 -319525 -512396 -945706 -234312 -472045 -474084 -458043 -509828 -489905 -919519 -512 -103207 -305031 -535766 -844868 345157 -418388 -31334 -801594 414092 -463593 -70669 -102608
-129981 -144693 -336583 -879242 -578269 -507001 -420544 -25466 437306 -590626 842266 -176862 -883215 -25930 -524475 -724621 -858810 -637502 -992211 -311047 -919738 -876833 523218 392880 -176521 -493487 -763129 -199652 -438943 -243733 -756772 -213633 -224012 -414520 -596354 -299329
-69662 -405899 -478319 -852243 -88030 -453774 -611730 -276675 -184626 -694606 -493194 -756757 -647352 -773829 -580566 -975347 -19077 -491654 -758080 -754476 -613372 -259607 -776089 -254896 -729556 -122029 -928214 -747674 -374797 -669074 -397803 -353789 -479444 -431906 -711464 -536287
-19678 -927372 -557141 -20586 -419682 -487459 -124706 -737395 -721959 -829290 -260081 -103383 -905781 -489573 -289965 -384523 -605750 820887 -252634 -343456 -931089 -526172 -274705 -525972 -393756 -30746 -457359 -871357 -674373 -568925 -961962 -275749 -893305 100629 26667 -630065
-825629 -474130 -296764 -239354 -317382 -19002 -292720 -884161 -407082 492662 -306068 -684544 -973574 -406191 -564346 952831 -344552 -564149 -614735 -791161 -310200 -186991 -421447 -621405 -606814 -145725 -347527 -673050 -621261 -655731 -214422 -110110 -792195 -859918 -642335 -682430
-544390 -52745 -134469 -42006 867633 -34302 -610835 -452044 -897111 -508692 -97919 -928897 -992930 -724455 -899115 -834745 -82560 -699247 -862635 -157895 -31359 -311984 -710721 609376 527805 -286357 -335369 -216388 -432780 -332838 -566161 -232689 -522502 689686 -799312 -6392
-562257 -282500 185369 -737835 -36902 -5090 -316314 -707526 -870661 -325897 -980915 -909058 -247445 -399880 -875077 -223952 -308750 -298659 -809397 -909201 -634664 -973056 99064 -621737 -96715 -93090 -444745 -57790 -2657 539698 -919129 -104596 -262219 -553352 -902625 -937001
-295584 -926695 -31758 -61477 -982965 -148317 -598761 -443300 -736209 -905221 -351334 -452542 -500632 -694806 -858882 -346003 -542957 -281772 -379903 -474756 -148567 -744138 -862932 -934386 -633427 35017 -891036 -711881 -634238 -34658 -755292 -365926 -576723 -30835 -713676 -631304
-207783 -76571 -327627 -60894 -237992 -74476 445397 -369184 -926953 -570220 -932554 -437526 -895628 -724674 -151670 -991262 -663454 -392784 -540849 -12511 -8566 -717463 -513000 -524309 -755574 -632376 -127777 926906 -436412 -274602 -260440 -779047 -431033 -21383 488063 417402
-44176 -488207 -775212 -484781 -546520 -658501 -882221 -565462 -286909 -910925 -107820 -493395 -85236 -449184 284525 -641126 -330817 -972398 -268939 -607234 -572870 -6814 -882044 -720428 -803501 -350389 -975548 -239001 -697197 -380504 -516122 -227675 -417285 -175432 -646614 -723253
-976481 -944275 -620438 -643582 -375086 -429649 -748676 -226388 -896927 -707924 -581483 -907195 -171891 -556652 365952 -67433 -895894 727251 -43791 -959106 786637 -353553 -86198 -744691 -189131 -20253 -585962 -855281 455815 -125363 20054 -293983 -764741 -443476 -184775 -132788
-522826 -58105 -623069 -647469 -989778 -281087 -210647 -394837 -227090 -709661 -848578 -961006 -945864 -10128 -47198 -44568 -168358 -134809 -228848 -630958 -924626 -617958 -414304 -17915 -859304 -227114 -59151 -126184 682771 565495 -29782 -92578 -930239 -847788 -814774 -707207
-264568 -994719 6678 -725988 -853943 -211608 -905728 834169 -452503 -7347 347329 -272679 -542416 -859380 736647 -625105 -959871 -102757 -82789 -636905 -331898 -808884 -575165 -153790 -570168 -93600 414280 -812121 -499549 -903734 104995 -756917 -918920 -4035 -694968 -661065
480061 -494645 -226355 -483414 -889358 -810788 -86361 -985937 -452996 -957454 -258046 135641 -96330 -899892 -940982 -240984 -407958 -355730 -186260 651876 -457909 -152797 -587463 -121231 -496620 -979893 -88445 -501756 -784258 -718091 -461549 -333538 -563504 -253676 -484303 -184384
-312742 -574552 -765276 -928631 883389 -85565 -699290 52629 613179 -703325 -732638 -627493 -759829 -774959 -179659 -32455 -972097 -586806 -274090 359080 -314309 400183 -447601 -970250 -459623 827975 -239088 563451 -772357 -830266 768508 -99691 -76112 -275090 -183352 -375115
-371576 -971950 -945251 -940945 -984408 312850 -358100 -737069 -144371 198568 -550944 -876675 -990617 -293925 -663937 -117740 -755134 44665 -505985 -656199 -661209 -875740 -636148 -663518 -345721 -227596 -118259 -541666 -554858 -384617 -878921 211127 -742848 -771901 -977656 -353658
-654462 -831775 -550228 -205449 -571949 563097 -753321 -126000 -421823 -984978 -222767 -749979 -351490 -983228 -706624 -166551 -727627 -780018 -971887 801788 -801228 500617 13099 -733302 -292596 -48009 -890366 -347962 -385709 -686566 -107497 -498187 411731 -755829 -461186 -141736
-503379 120427 -140417 -116274 -299877 -56138 -74699 -858466 -715997 -857650 -262360 -674489 -362639 -607288 -678444 -228884 -96739 -365739 -760063 341951 -444143 -813996 -426300 740403 -818361 -649387 -104817 -299293 771144 -193717 -451191 -696980 -564424 -399288 -955466 -909318
-678524 -496866 -497419 -434680 -194624 -494526 -96553 -826996 -466904 -386676 -682216 -562184 -393205 -501186 -180730 -526284 155144 127705 -435399 -675100 -820555 -450481 -556253 -523377 278669 -887434 28361 -208528 -572309 -230283 -292321 -182530 -896230 234972 -458814 -94389
-522095 -550806 487057 -961355 -24799 -365965 662954 -570728 727824 -89912 -752122 -259848 -392198 -751903 -238676 -426836 -421661 -197217 -795098 -558483 -979337 -3387 -445788 -95462 -832811 -244485 -977014 -715693 -998652 -710783 -702637 -101238 -860918 955834 -7540 -396472
656491 625912 -650928 -440277 332167 -755292 -72884 -359936 -141142 -200990 -151471 -14250 -485189 803179 -642279 -854674 -286737 -797695 -685676 -891671 -397320 265557 -978109 -948723 -75397 -114204 -526251 -993653 -679860 -1692 -619721 -440607 -312555 -159612 -98136 -31350
53 20
